# step v0 Mach sigma R umax_ref urms_ref umax_mean urms_mean umax_lab mean_x mean_y mean_z drop_ux drop_uy x0 y0 x_unwrapped center_dx center_dy axis_ratio mass_R mass_B min_f negative_total negative_color min_rho min_phi max_phi qx qy qz p_in p_out delta_p urms_lab
0 0 0 -5.560112678108922e-15 25.040521385269312 3.4694469519536142e-17 7.6312061100070569e-18 3.4718755679402993e-17 7.6311673229389383e-18 3.4694469519536142e-17 -1.0408340855860842e-21 -2.42861286636753e-20 -1.0408340855860842e-21 5.4343275897785639e-21 -6.5212822134336113e-20 50.000000000000007 50.000000000000007 50.000000000000007 7.1054273576010019e-15 7.1054273576010019e-15 1.0000000000000004 1969.8656512480641 8030.1343487520408 0.018009857548608364 0 0 0.99999999999999967 5.1710809399147485e-26 0.99999999999998512 2.768651885429408e-16 -2.7515383582695179e-16 -2.0073830855185963e-17 0.33333333333333387 0.33333333333333409 -2.2204460492503131e-16 7.6312061100070569e-18
500 0 0 0.79751395081028509 24.857334482302409 0.042116980413967539 0.011333843477374228 0.042116980413967532 0.011333843477374227 0.042116980413967539 3.2432390106863528e-18 -6.4760696805168444e-18 -9.8185348740290744e-20 1.0693841030957158e-17 -5.0473365058961321e-18 50.000000000000014 50.000000000000014 50.000000000000014 1.4210854715202004e-14 1.4210854715202004e-14 1.000000000000002 1969.8656512479549 8030.1343487516106 0.014611965630093787 0 0 0.70318597783003267 5.5257360802904747e-18 0.99999999999999978 3.4708564147778453e-14 -1.9949319973733282e-15 -9.3051524405301198e-16 0.36824993251349558 0.33616628527537001 0.032083647238125568 0.011333843477374228
1000 0 0 0.5231517743835068 24.884428757363164 0.033120084637621151 0.0087294319837000825 0.033120084637621151 0.0087294319837000842 0.033120084637621151 2.1017909634936763e-18 5.8595489571549515e-18 1.9775847626137263e-20 -9.3815590636112453e-18 -2.1473589368804229e-17 50.000000000000014 50.000000000000007 50.000000000000014 1.4210854715202004e-14 7.1054273576010019e-15 1.0000000000000016 1969.8656512478731 8030.1343487511922 0.015311929802927244 0 0 0.72905753613901747 7.4085872645651577e-18 0.99999999999999978 1.9768258210928202e-14 9.0840312702566983e-14 2.5509923478385496e-16 0.35572947216371797 0.33470621382475735 0.021023258338960626 0.0087294319837000825
1500 0 0 0.82670951888138977 24.811376128187007 0.023729560666564516 0.0054865376836136601 0.023729560666564526 0.0054865376836136601 0.023729560666564516 -3.7640029981749844e-18 1.0946799022805523e-17 1.0720591081538117e-19 -4.5850683491201283e-17 -1.7895813769785597e-17 50.000000000000014 50.000000000000007 50.000000000000014 1.4210854715202004e-14 7.1054273576010019e-15 1.0000000000000016 1969.8656512477744 8030.1343487509148 0.015241023147493014 0 0 0.70875052197319743 9.5397307299905757e-18 0.99999999999999978 -3.6446540230272717e-14 1.110637189855046e-13 1.0359071707687625e-15 0.37270002108970529 0.33938024412085732 0.033319776968847969 0.0054865376836136601
2000 0 0 0.41716584690808722 24.921244496338225 0.020038463938673513 0.0060496219298842614 0.020038463938673506 0.0060496219298842614 0.020038463938673513 3.918393387537159e-18 1.2671114157927404e-17 2.1857515797311937e-20 8.602814932947161e-18 1.0158289684031047e-16 50.000000000000014 50.000000000000021 50.000000000000014 1.4210854715202004e-14 2.1316282072803006e-14 1.0000000000000018 1969.8656512476969 8030.1343487503991 0.015616661459266898 0 0 0.72394975877043899 1.0496313091002726e-17 0.99999999999999978 3.8725966877706242e-14 1.221037160270555e-13 2.0343921494410743e-16 0.35472002248640933 0.33798065592029009 0.01673936656611924 0.0060496219298842614
2500 0 0 0.4335909074265617 24.982596299701587 0.022528793498628612 0.0054391514012498325 0.022528793498628602 0.0054391514012498334 0.022528793498628612 2.5330432196219006e-18 1.3423984146501928e-17 3.1398494915187235e-20 1.7135067161138546e-17 6.5907069940950389e-17 50.000000000000014 50.000000000000021 50.000000000000014 1.4210854715202004e-14 2.1316282072803006e-14 1.0000000000000002 1969.865651247597 8030.1343487500608 0.015312687547910226 0 0 0.71382009210128983 9.0890549106462299e-18 0.99999999999999978 2.5025120864441419e-14 1.2396160486982666e-13 3.4862204247432165e-16 0.35615433257996326 0.33879861413400891 0.017355718445954349 0.0054391514012498325
3000 0 0 0.30819985937322975 25.049072559607936 0.025130576915047768 0.004411081132795867 0.025130576915047751 0.0044110811327958653 0.025130576915047768 1.8304802118512359e-18 1.6480566911174642e-17 -1.0842021724858061e-19 1.8965712488120681e-17 1.2843155309513446e-16 50.000000000000014 50.000000000000028 50.000000000000014 1.4210854715202004e-14 2.8421709430404007e-14 1.0000000000000009 1969.8656512475125 8030.1343487496815 0.01537082568490934 0 0 0.72024693577060828 1.1519475434731057e-17 0.99999999999999978 1.8481743913056903e-14 1.6518839247858796e-13 -1.0388262566215399e-15 0.35008877147652873 0.33778492834461943 0.012303843131909298 0.004411081132795867
3500 0 0 0.40905599090006622 25.011120711224574 0.027283557798749067 0.0047687230248666815 0.027283557798749067 0.0047687230248666815 0.027283557798749067 9.387629562599143e-18 2.1308649289515638e-17 -1.3877787807818971e-20 6.9379650588484954e-17 2.112823770111077e-17 50.000000000000014 50.000000000000036 50.000000000000014 1.4210854715202004e-14 3.5527136788005009e-14 1.0000000000000029 1969.8656512474315 8030.1343487492959 0.015211002440784386 0 0 0.71550487786229566 1.1930019359020157e-17 0.99999999999999978 9.3820838684838259e-14 2.3067751051333851e-13 -1.5662258113523858e-16 0.35469726065891583 0.33834229617639711 0.016354964482518719 0.0047687230248666815
4000 0 0 0.45114032995418674 24.960357173741311 0.026012883857588112 0.0047946783243325028 0.026012883857588109 0.0047946783243325002 0.026012883857588112 1.0359074709146971e-17 2.2536833510508706e-17 7.3725747729041848e-20 6.5813236203903024e-17 -6.265270042565067e-17 50.000000000000021 50.00000000000005 50.000000000000021 2.1316282072803006e-14 4.9737991503207013e-14 1.0000000000000036 1969.8656512473462 8030.1343487488948 0.015361920188532635 0 0 0.71901399597100912 1.1727676045720393e-17 0.99999999999999978 1.0400708072566545e-13 1.8797111219978624e-13 8.8895847366661152e-16 0.35601641825340913 0.33794214444338555 0.018074273810023578 0.0047946783243325028
4500 0 0 0.53677069456519599 24.902993226428091 0.025988387914963385 0.0047168638002240311 0.025988387914963405 0.0047168638002240311 0.025988387914963385 7.7059886249873397e-18 2.3268192927981673e-17 3.0531133177204355e-20 1.0113525367613138e-17 -1.0882145150860363e-16 50.000000000000021 50.000000000000057 50.000000000000021 2.1316282072803006e-14 5.6843418860808015e-14 1.0000000000000033 1969.8656512472653 8030.1343487486138 0.01541571015114063 0 0 0.72034093923170273 1.1307982660060029e-17 0.99999999999999978 7.7198772548137118e-14 2.1490361573617278e-13 3.5093253354181359e-16 0.35903168743692804 0.33747722249029855 0.021554464946629492 0.0047168638002240311
5000 0 0 0.56594349270014621 24.87330517081995 0.024586229597478096 0.0044149753019468935 0.024586229597478089 0.0044149753019468944 0.024586229597478096 1.2251658021439466e-17 2.004542365431167e-17 -8.4481033280109578e-20 -5.9730607000053041e-17 -2.4588486230337356e-17 50.000000000000028 50.000000000000071 50.000000000000028 2.8421709430404007e-14 7.1054273576010019e-14 1.0000000000000013 1969.8656512471587 8030.1343487481799 0.015504669551820803 0 0 0.72262349000073067 1.129876330567961e-17 0.99999999999999978 1.2247473001048004e-13 1.9514771743001091e-13 -8.1651541854627415e-16 0.35942883900620615 0.33667579155981847 0.022753047446387675 0.0044149753019468935
5500 0 0 0.57522622197438755 24.865710800635497 0.025044462866363849 0.0041482345394461047 0.025044462866363835 0.0041482345394461056 0.025044462866363849 1.5255158247747762e-17 2.0178650417267626e-17 8.4654505627711019e-20 -1.3858095722034819e-16 1.1896770135017262e-16 50.000000000000043 50.000000000000071 50.000000000000043 4.2632564145606011e-14 7.1054273576010019e-14 1.0000000000000036 1969.865651247083 8030.1343487478553 0.015509966447645329 0 0 0.72352106235293845 1.1377851073094407e-17 0.99999999999999978 1.5201902237027554e-13 2.1460632750047726e-13 9.9700228143567578e-16 0.35936763579277531 0.33623432476111614 0.023133311031659165 0.0041482345394461047
6000 0 0 0.56644465843167169 24.87488444256514 0.025186143145037091 0.004118027978594339 0.025186143145037101 0.0041180279785943408 0.025186143145037091 1.7006188124400337e-17 1.8471335572211149e-17 2.498001805407969e-20 -7.7948563394543752e-17 9.9517337574221161e-17 50.000000000000057 50.000000000000092 50.000000000000057 5.6843418860808015e-14 9.2370555648813024e-14 1.0000000000000002 1969.8656512469845 8030.1343487475133 0.015492851023010236 0 0 0.7229642180184167 1.1784420773211424e-17 0.99999999999999978 1.7014861064144557e-13 1.824113776693892e-13 4.4087087161887476e-16 0.35901509900669798 0.3362433486598948 0.022771750346803177 0.004118027978594339
6500 0 0 0.54332415045953575 24.894573963580264 0.025510723663210305 0.0041857808651626699 0.025510723663210309 0.0041857808651626707 0.025510723663210305 9.9531494157705412e-18 1.1808262700981259e-17 -5.256212132212901e-20 -6.7510619236165274e-17 1.018907062833389e-16 50.000000000000064 50.000000000000099 50.000000000000064 6.3948846218409017e-14 9.9475983006414026e-14 1.0000000000000049 1969.8656512469026 8030.1343487471258 0.015482193582853302 0 0 0.72232299107828013 1.1723361241878221e-17 0.99999999999999978 9.9628638672299985e-14 1.3890798233884283e-13 -6.0943550925003065e-16 0.35834212466653731 0.33651712170587622 0.021825002960661088 0.0041857808651626699
7000 0 0 0.52085203451255624 24.91453276012415 0.025184096717302821 0.0042402944644888861 0.025184096717302831 0.0042402944644888869 0.025184096717302821 6.4049460180057128e-18 1.7068291224842047e-17 -6.2970462177998853e-20 -1.2894471527448336e-17 6.2066933660983063e-17 50.000000000000071 50.000000000000099 50.000000000000071 7.1054273576010019e-14 9.9475983006414026e-14 1.000000000000002 1969.865651246819 8030.1343487467902 0.015463873830958555 0 0 0.72098527399632995 1.0034310934226064e-17 0.99999999999999978 6.40772157556313e-14 1.6453461856857921e-13 -5.8901613466012604e-16 0.35786096744872831 0.33695541647864619 0.020905550970082121 0.0042402944644888861
7500 0 0 0.49136092090203692 24.931962272715371 0.025184210349911786 0.0042750594231162264 0.025184210349911772 0.0042750594231162255 0.025184210349911786 5.1507409448738844e-18 2.1967497265699834e-17 2.7408630920452435e-20 8.9619243793550166e-17 2.5422482321605058e-17 50.000000000000071 50.000000000000107 50.000000000000071 7.1054273576010019e-14 1.0658141036401503e-13 1.0000000000000002 1969.8656512467169 8030.1343487463264 0.015446938750064159 0 0 0.72038517870118912 1.251494485471569e-17 0.99999999999999978 5.1340882771273161e-14 2.1235465642865936e-13 2.6532123926823913e-16 0.3570304756968356 0.33732240316217738 0.019708072534658228 0.0042750594231162264
8000 0 0 0.4763791613030437 24.942246284930466 0.025225025004215036 0.0041968141510753745 0.02522502500421505 0.0041968141510753754 0.025225025004215036 5.2464976807480956e-18 1.9268267537078891e-17 -1.3097162243634479e-19 1.5344197554324973e-16 1.6495749459827576e-17 50.000000000000071 50.000000000000121 50.000000000000071 7.1054273576010019e-14 1.2079226507921703e-13 1.0000000000000016 1969.8656512466391 8030.1343487459799 0.015409185527128132 0 0 0.7194433928561641 1.2650824754160345e-17 0.99999999999999978 5.2118032112247192e-14 1.7057535939279944e-13 -1.3888872037095234e-15 0.35675081360905475 0.33765152496195078 0.019099288647103974 0.0041968141510753745
8500 0 0 0.46631888119252141 24.947778977768692 0.025322867277465574 0.0040876044411727328 0.025322867277465591 0.0040876044411727328 0.025322867277465574 -5.7107096829201112e-19 1.7063780943806795e-17 1.2784912017959059e-19 2.0866338779824349e-16 1.2534957198914907e-17 50.000000000000071 50.000000000000142 50.000000000000071 7.1054273576010019e-14 1.4210854715202004e-13 1.000000000000002 1969.8656512465575 8030.1343487455715 0.015390203554860576 0 0 0.7191810216682657 1.2794605505689166e-17 0.99999999999999978 -5.6933590600240919e-15 1.7019371683995276e-13 1.1534954167456146e-15 0.35651451447172278 0.33782271502905237 0.018691799442670409 0.0040876044411727328
9000 0 0 0.46863779352083917 24.947743511038066 0.02527683192133981 0.0040604907518284458 0.025276831921339827 0.0040604907518284458 0.02527683192133981 -2.0108914533539734e-18 1.7544993236043899e-17 1.734723475978238e-22 1.0336220665715245e-16 -5.0842743722780548e-17 50.000000000000064 50.000000000000156 50.000000000000064 6.3948846218409017e-14 1.5631940186722204e-13 1.0000000000000018 1969.8656512464568 8030.1343487452405 0.01537940848923107 0 0 0.71896051542803041 1.267393132171249e-17 0.99999999999999978 -2.0489679560236479e-14 1.7560215095717945e-13 3.3888870952334955e-18 0.3566572021656596 0.33787242536556578 0.018784776800093828 0.0040604907518284458
9500 0 0 0.47399957701828038 24.944198231539229 0.025222150256584561 0.0041027444796530007 0.025222150256584579 0.0041027444796529989 0.025222150256584561 -4.1321113197803877e-19 2.0282039936443467e-17 -4.8745729674991143e-20 3.9598269557617943e-17 -3.7965560518459246e-17 50.000000000000057 50.000000000000171 50.000000000000057 5.6843418860808015e-14 1.7053025658242404e-13 1.0000000000000002 1969.8656512463699 8030.1343487448603 0.015390597891141857 0 0 0.71937983799353011 1.2291662975559438e-17 0.99999999999999978 -4.1902211680901885e-15 2.0493307571756159e-13 -4.894249005405039e-16 0.3567287468181945 0.33772634904142573 0.019002397776768765 0.0041027444796530007
10000 0 0 0.48705491048135197 24.935910328896444 0.025202776426963617 0.0041402466734769897 0.025202776426963634 0.0041402466734769897 0.025202776426963617 4.8024084708986112e-18 2.1231974511890066e-17 1.8388068845371073e-20 -3.5029976248976943e-17 -2.8452791452159169e-19 50.00000000000005 50.000000000000178 50.00000000000005 4.9737991503207013e-14 1.7763568394002505e-13 1 1969.8656512462921 8030.134348744511 0.015406604008098719 0 0 0.71992846913864894 1.1950333971157215e-17 0.99999999999999978 4.8183679268731794e-14 1.8351163281029106e-13 1.9692275682155808e-16 0.35700133464262335 0.33746906555530076 0.019532269087322585 0.0041402466734769897
10500 0 0 0.50253630608016175 24.924208970558759 0.025258045085548589 0.0041360748030998314 0.025258045085548582 0.0041360748030998323 0.025258045085548589 2.366162821234647e-19 1.6522894163999828e-17 4.683753385141896e-20 -1.661332209426208e-17 -3.1145807708281849e-17 50.000000000000043 50.000000000000185 50.000000000000043 4.2632564145606011e-14 1.8474111129762605e-13 1.0000000000000002 1969.8656512461787 8030.1343487441454 0.015428547004727865 0 0 0.72070199325195716 1.1788027958454715e-17 0.99999999999999978 3.1328563875054893e-15 1.7124150676010169e-13 5.5445278265810632e-16 0.35732871007782635 0.337166132133075 0.020162577944751348 0.0041360748030998314
11000 0 0 0.5198343363791843 24.911197032187189 0.025363693466952789 0.0041005043876003455 0.025363693466952775 0.0041005043876003455 0.025363693466952789 -2.3803875537377653e-18 2.356066730604546e-17 5.2041704279356475e-22 -6.1205171526155373e-17 6.6793137970433021e-17 50.00000000000005 50.000000000000199 50.00000000000005 4.9737991503207013e-14 1.9895196601282805e-13 1.0000000000000013 1969.8656512461116 8030.1343487437243 0.015445173143115779 0 0 0.72127977058055559 1.1756311276018716e-17 0.99999999999999978 -2.4060641716852627e-14 2.4925157424138256e-13 4.484050415825476e-17 0.35780596548809829 0.33693846820534956 0.020867497282748726 0.0041005043876003455
11500 0 0 0.53195750211463844 24.901609509471569 0.025413382081129102 0.0040621932807473693 0.025413382081129123 0.0040621932807473693 0.025413382081129102 -5.1857823590905488e-18 1.7084944570218436e-17 -5.3429483060142132e-20 -6.365287170296388e-17 7.2164114695381519e-17 50.000000000000043 50.000000000000213 50.000000000000043 4.2632564145606011e-14 2.1316282072803006e-13 1.0000000000000047 1969.8656512460141 8030.1343487433669 0.015457673865231163 0 0 0.72162933906538695 1.1831856996972896e-17 0.99999999999999978 -5.1767617970099877e-14 1.7139490781498123e-13 -3.9217093419012813e-16 0.35818940281961631 0.33682702855572372 0.021362374263892592 0.0040621932807473693
12000 0 0 0.53547919907300412 24.898956682420121 0.025364771862561791 0.004049069789720354 0.025364771862561791 0.004049069789720354 0.025364771862561791 -8.6618212602570072e-18 1.8910914501034554e-17 -7.6674777638259981e-20 7.627861127733923e-18 9.4415035775346851e-17 50.000000000000043 50.000000000000227 50.000000000000043 4.2632564145606011e-14 2.2737367544323206e-13 1.0000000000000011 1969.8656512459352 8030.1343487430322 0.015461944345955348 0 0 0.72161152107846904 1.2010825397628597e-17 0.99999999999999978 -8.726179416502838e-14 1.8742619218789502e-13 -7.8028519324022367e-16 0.35835012672231698 0.33684403689281506 0.021506089829501918 0.004049069789720354
12500 0 0 0.5283619660428206 24.904226194805602 0.025246597258810462 0.0040646075372848534 0.025246597258810462 0.0040646075372848525 0.025246597258810462 -1.0509648706869913e-17 1.923253223348167e-17 9.1940344226875965e-21 1.2198092132816844e-17 -9.4591370620684616e-18 50.000000000000028 50.000000000000242 50.000000000000028 2.8421709430404007e-14 2.4158453015843406e-13 1.0000000000000029 1969.8656512458347 8030.134348742612 0.015458660583536656 0 0 0.72132535131769215 1.2195848758206722e-17 0.99999999999999978 -1.0539485950644689e-13 1.9787752165989492e-13 -1.1877031106070935e-17 0.35816955082603574 0.33695379564015393 0.021215755185881813 0.0040646075372848534
13000 0 0 0.51424842459434073 24.914803776374331 0.025162667131344185 0.0040847800615628586 0.025162667131344189 0.0040847800615628604 0.025162667131344185 -1.5500448147261678e-17 2.3986715391750355e-17 1.2975731600322017e-19 3.5214706682239656e-17 -8.5361412703012773e-19 50.000000000000014 50.000000000000249 50.000000000000014 1.4210854715202004e-14 2.4868995751603507e-13 1.0000000000000011 1969.865651245754 8030.1343487423446 0.015447547442772373 0 0 0.72086256665251502 1.2338326278445562e-17 0.99999999999999978 -1.5490041161640017e-13 2.4159385429711744e-13 1.2572988496320161e-15 0.35775757165261113 0.33711729572629695 0.020640275926314178 0.0040847800615628586
13500 0 0 0.49881438161384539 24.926309818003805 0.025153353102638679 0.0040855478253198673 0.025153353102638699 0.0040855478253198647 0.025153353102638679 -1.5858495072704601e-17 1.786695791319306e-17 -1.1431827706701452e-19 -3.9130740996562826e-17 -2.5688494331182121e-17 50.000000000000007 50.000000000000242 50.000000000000007 7.1054273576010019e-15 2.4158453015843406e-13 1.0000000000000018 1969.8656512456671 8030.1343487418444 0.015432732819392558 0 0 0.72038148643221767 1.2415264261500025e-17 0.99999999999999978 -1.5878966164954017e-13 1.8225763102506717e-13 -1.0972099329633498e-15 0.35730142903911116 0.3372898675502316 0.020011561488879559 0.0040855478253198673
14000 0 0 0.48755072299794261 24.934689903899347 0.025203441062549535 0.0040696822866005539 0.025203441062549535 0.004069682286600553 0.025203441062549535 -1.2354700595922722e-17 2.4541133014675479e-17 1.7520707107388302e-20 -8.0328629248609239e-17 -4.2821153877876079e-17 49.999999999999993 50.000000000000263 49.999999999999993 -7.1054273576010019e-15 2.6290081223123707e-13 1.0000000000000002 1969.8656512455664 8030.1343487415234 0.015418989337663272 0 0 0.7200051743457333 1.2420181079349039e-17 0.99999999999999978 -1.2417497585737181e-13 2.4063834014624239e-13 2.1840108003470639e-16 0.35698596186997966 0.33743285233154108 0.019553109538438584 0.0040696822866005539
14500 0 0 0.48308966352290345 24.937943089353055 0.025256499365613857 0.0040548198401921202 0.025256499365613885 0.0040548198401921219 0.025256499365613857 -1.2657930259524487e-17 2.293859546756718e-17 6.7654215563185911e-20 -8.5365913830394273e-17 -2.4605520406535297e-18 49.999999999999993 50.000000000000277 49.999999999999993 -7.1054273576010019e-15 2.7711166694643907e-13 1.0000000000000033 1969.8656512454907 8030.1343487411505 0.015410397817609146 0 0 0.71981491592204594 1.2374708344849101e-17 0.99999999999999978 -1.2635378854319868e-13 2.2722942234418286e-13 7.3650665057475096e-16 0.35688578036852414 0.33751410798191289 0.019371672386611249 0.0040548198401921202
15000 0 0 0.48507678717975361 24.936350045618518 0.025283571320821163 0.0040523176625128351 0.025283571320821187 0.0040523176625128342 0.025283571320821163 -1.0918002613117871e-17 2.4833954337422988e-17 -8.5001450322980659e-20 -2.2998849177082849e-17 1.8596921941911052e-17 50.000000000000014 50.000000000000298 50.000000000000014 1.4210854715202004e-14 2.9842794901924208e-13 1.0000000000000024 1969.8656512454156 8030.1343487407566 0.015408611345471258 0 0 0.71983783838773241 1.2279294105400931e-17 0.99999999999999978 -1.0844884018590406e-13 2.4708891616792572e-13 -8.3868254019895741e-16 0.35696924424681198 0.33751664648120655 0.019452597765605428 0.0040523176625128351
15500 0 0 0.49137837278482555 24.931600676225713 0.025282291555542565 0.0040595549829132958 0.025282291555542572 0.004059554982913295 0.025282291555542565 -1.3983952884564143e-17 2.0630372410431145e-17 1.0217521273517938e-19 1.446207039463704e-17 -8.4115601337182271e-19 50.000000000000014 50.000000000000298 50.000000000000014 1.4210854715202004e-14 2.9842794901924208e-13 1.0000000000000007 1969.8656512453069 8030.1343487404401 0.015412892222028518 0 0 0.72003792260013444 1.2162499937100176e-17 0.99999999999999978 -1.3982131424894462e-13 2.0589259464021126e-13 9.1974190465055975e-16 0.35715501391999849 0.33744595555803802 0.019709058361960463 0.0040595549829132958
16000 0 0 0.49937198384601156 24.925687208472205 0.0252731232006186 0.0040661671934578772 0.025273123200618624 0.0040661671934578789 0.0252731232006186 -1.0176928744180511e-17 2.2887247652681277e-17 -1.2680828609409117e-19 7.133047146252812e-17 3.5155610510097259e-17 50.000000000000014 50.000000000000313 50.000000000000014 1.4210854715202004e-14 3.1263880373444408e-13 1.0000000000000011 1969.8656512452278 8030.1343487400482 0.015421028231900787 0 0 0.72034187932645088 1.2077076827933133e-17 0.99999999999999978 -1.0184821735981231e-13 2.2327040390124342e-13 -1.2211815815294559e-15 0.35736290863787817 0.33732847670148303 0.020034431936395147 0.0040661671934578772
16500 0 0 0.50698543600762092 24.920167197319071 0.025270532966991475 0.0040641361024898945 0.025270532966991485 0.0040641361024898954 0.025270532966991475 -1.6781714906625032e-17 1.5137197051396531e-17 3.2786273696011277e-20 2.5511837397314583e-17 7.067251369318275e-17 50.000000000000014 50.000000000000327 50.000000000000014 1.4210854715202004e-14 3.2684965844964609e-13 1.0000000000000038 1969.8656512451396 8030.1343487397025 0.015430166471744361 0 0 0.72065199676225444 1.2018506750103691e-17 0.99999999999999978 -1.6777204625562092e-13 1.4923674275524323e-13 3.6332007309273583e-16 0.35754723603930144 0.33720285263315147 0.020344383406149968 0.0040641361024898945
17000 0 0 0.51274535605251215 24.916047115950047 0.025276485497772935 0.0040550190753700947 0.025276485497772911 0.0040550190753700956 0.025276485497772935 -2.1485591084092122e-17 1.5755799442931719e-17 3.9898639947529291e-21 4.4467242627538072e-17 1.1861969897264852e-16 50.000000000000014 50.000000000000327 50.000000000000014 1.4210854715202004e-14 3.2684965844964609e-13 1.0000000000000004 1969.8656512450391 8030.1343487393096 0.015438032936736613 0 0 0.72088989202767206 1.1998674633331616e-17 0.99999999999999978 -2.1516686002365226e-13 1.592391583177255e-13 -1.3382517729391184e-17 0.35768359005519795 0.33710466942359113 0.020578920631606823 0.0040550190753700947
17500 0 0 0.51578934804053855 24.913890219934313 0.025281831448831886 0.0040471077232243228 0.025281831448831862 0.0040471077232243219 0.025281831448831886 -2.2895227380673993e-17 9.6908592262124526e-18 -1.3947176746876007e-19 1.1686625925028966e-17 1.0788989496419386e-16 50.000000000000007 50.000000000000327 50.000000000000007 7.1054273576010019e-15 3.2684965844964609e-13 1.0000000000000004 1969.8656512449518 8030.1343487389222 0.015443019703181484 0 0 0.72100496294653715 1.2024918328207458e-17 0.99999999999999978 -2.2897850980487921e-13 9.7606114576669848e-14 -1.4217904350505294e-15 0.35775948515733191 0.33705660240850127 0.020702882748830642 0.0040471077232243228
18000 0 0 0.51570194261281732 24.913937945545293 0.025278473996532002 0.0040462705350086834 0.025278473996532016 0.0040462705350086834 0.025278473996532002 -2.0626902963483967e-17 9.9299041212028754e-18 -2.029626466896224e-19 4.7509414226665093e-17 1.0470899715220321e-16 49.999999999999993 50.000000000000341 49.999999999999993 -7.1054273576010019e-15 3.4106051316484809e-13 1.0000000000000029 1969.8656512448731 8030.1343487385848 0.015444375560190437 0 0 0.72098741735971839 1.2082785272334811e-17 0.99999999999999978 -2.0666281186354496e-13 9.9682279574783705e-14 -2.0617931407839863e-15 0.35776294147682675 0.33706360668117968 0.020699334795647062 0.0040462705350086834
18500 0 0 0.51270918443619873 24.916050484614111 0.025265507724676558 0.0040508128084424415 0.025265507724676534 0.0040508128084424397 0.025265507724676558 -1.9861542965882586e-17 8.2371609533422611e-18 3.2612801348419363e-20 1.6357999805820029e-17 -8.0737394901809455e-18 49.999999999999993 50.000000000000348 49.999999999999993 -7.1054273576010019e-15 3.4816594052244909e-13 1.000000000000002 1969.8656512447658 8030.1343487381855 0.015442057779226089 0 0 0.72085707544536559 1.2157734715286611e-17 0.99999999999999978 -1.9917400722962129e-13 8.188453340135949e-14 2.364145775198221e-16 0.35769328965482666 0.33711582354506736 0.020577466109759301 0.0040508128084424415
19000 0 0 0.50769377304486685 24.919642404404343 0.025249030644812587 0.0040548698852295936 0.025249030644812605 0.0040548698852295928 0.025249030644812587 -2.0879131756893368e-17 4.4911990793118082e-18 -2.498001805410971e-20 -7.5109518835469704e-17 -9.7557092412856441e-17 49.999999999999986 50.000000000000362 49.999999999999986 -1.4210854715202004e-14 3.6237679523765109e-13 1.0000000000000011 1969.8656512447021 8030.1343487378317 0.015436962899452716 0 0 0.72065994960202484 1.2225334731236703e-17 0.99999999999999978 -2.0861784522097082e-13 4.4153103482408307e-14 -1.6688848779222355e-16 0.35756683067794104 0.33719359398353582 0.020373236694405217 0.0040548698852295936
19500 0 0 0.5020936137837545 24.923725473758829 0.025236877682893052 0.0040547099072689215 0.025236877682893046 0.0040547099072689207 0.025236877682893052 -1.3634926521202235e-17 3.3133218391216628e-19 -1.3582884816922836e-19 -3.186451023069183e-17 -1.6545668821753985e-16 49.999999999999986 50.000000000000362 49.999999999999986 -1.4210854715202004e-14 3.6237679523765109e-13 1.0000000000000022 1969.8656512446166 8030.1343487374661 0.015430677940465144 0 0 0.72045264087481375 1.2286354341636404e-17 0.99999999999999978 -1.3684019195547847e-13 3.1736223891909443e-15 -1.3703105259661084e-15 0.35741927679718943 0.33727406960044076 0.020145207196748671 0.0040547099072689215
20000 0 0 0.4974653018221093 24.927163854202643 0.025233694497788759 0.0040513351232480035 0.025233694497788759 0.0040513351232480035 0.025233694497788759 -1.0809408923526563e-17 -7.5391082266090711e-19 -2.8449465006071964e-20 -3.7215032550602325e-17 -1.6549906034862546e-16 49.999999999999993 50.000000000000377 49.999999999999993 -7.1054273576010019e-15 3.765876499528531e-13 1.0000000000000044 1969.865651244523 8030.1343487370341 0.015425048558254169 0 0 0.72028992916963164 1.2288602168510561e-17 0.99999999999999978 -1.0835429775646332e-13 -3.8388871481621553e-15 -3.0668817848006471e-16 0.35729337906558639 0.33733662406803627 0.019956754997550119 0.0040513351232480035
20500 0 0 0.49501399999284729 24.92903322074249 0.025239560972514393 0.0040483595946100657 0.025239560972514407 0.0040483595946100657 0.025239560972514393 -1.263641968842923e-17 5.9327542878518436e-20 1.9862583799971815e-19 -1.6885808984401397e-17 -4.469214442384409e-18 50.000000000000007 50.000000000000391 50.000000000000007 7.1054273576010019e-15 3.907985046680551e-13 1.0000000000000011 1969.86565124444 8030.1343487367067 0.015421524746157298 0 0 0.7202092890963625 1.2222651389268023e-17 0.99999999999999978 -1.2647955599520699e-13 1.0456316801993326e-15 2.0047301500067831e-15 0.35722445022432736 0.33736752293759387 0.019856927286733494 0.0040483595946100657
21000 0 0 0.49521335181399129 24.92893275605277 0.025251061880415242 0.004048175816989223 0.025251061880415253 0.0040481758169892213 0.025251061880415242 -1.0702203012712028e-17 -6.6387867425760905e-18 1.1449174941469088e-19 -8.0814766134644633e-19 8.8438616998838137e-17 50.000000000000007 50.000000000000391 50.000000000000007 7.1054273576010019e-15 3.907985046680551e-13 1.0000000000000009 1969.8656512443486 8030.1343487363529 0.015420790253042677 0 0 0.72022308373456589 1.2199105048241748e-17 0.99999999999999978 -1.0724667681705213e-13 -6.57900383477239e-14 1.1353267624746979e-15 0.35722753198166896 0.33736252786536747 0.019865004116301488 0.004048175816989223
21500 0 0 0.4977191571820978 24.927092584559901 0.025263532407954103 0.004050021422094173 0.025263532407954099 0.004050021422094173 0.025263532407954103 -3.2855662635065833e-18 -6.8497291172555943e-18 -2.1996293675429502e-19 1.286811159371882e-17 1.8829277526335401e-16 50.000000000000014 50.000000000000398 50.000000000000014 1.4210854715202004e-14 3.979039320256561e-13 1.0000000000000016 1969.8656512442674 8030.1343487359327 0.015422662676045411 0 0 0.72031670047706331 1.2149157744158749e-17 0.99999999999999978 -3.3570368707103171e-14 -6.5134853280825016e-14 -2.134040500009362e-15 0.3572942196534728 0.33732722368337759 0.019966995970095214 0.004050021422094173
22000 0 0 0.50155256986541419 24.92424500132471 0.025272737834146991 0.0040513243275991373 0.025272737834146991 0.0040513243275991364 0.025272737834146991 2.4175106361261594e-18 -7.8763384703409985e-18 1.8231943732553054e-19 1.2452897295687004e-16 1.0335875977874979e-16 50.000000000000021 50.000000000000405 50.000000000000021 2.1316282072803006e-14 4.0500935938325711e-13 1.0000000000000044 1969.8656512441703 8030.1343487355398 0.015426295648663369 0 0 0.72045547599848048 1.2112863146770253e-17 0.99999999999999978 2.3899932461704174e-14 -7.8811740120143803e-14 1.7232272662116662e-15 0.35739763669267083 0.33727455694286268 0.020123079749808148 0.0040513243275991373
22500 0 0 0.50547762902641935 24.921329403934909 0.025276241569508796 0.0040505070684591048 0.025276241569508796 0.0040505070684591048 0.025276241569508796 3.6203678943711071e-18 -1.1400602684143227e-17 -9.7838404045294887e-20 1.4711262045747896e-16 1.3120753897150203e-16 50.000000000000036 50.000000000000405 50.000000000000036 3.5527136788005009e-14 4.0500935938325711e-13 1.000000000000004 1969.8656512440875 8030.1343487351905 0.015430506306877062 0 0 0.72059654996244382 1.2086631547825117e-17 0.99999999999999978 3.6401435725831426e-14 -1.1369800500399263e-13 -9.4623504967138113e-16 0.357503438412202 0.33722050643720841 0.02028293197499359 0.0040505070684591048
23000 0 0 0.50840612176772182 24.919167969717016 0.02527389342254352 0.0040482684308563496 0.025273893422543513 0.0040482684308563487 0.02527389342254352 1.0286216323173856e-17 -7.657763312368233e-18 -1.1709383462868243e-19 1.5305336266600193e-16 3.5845317437125165e-17 50.000000000000036 50.000000000000405 50.000000000000036 3.5527136788005009e-14 4.0500935938325711e-13 1.0000000000000029 1969.8656512439918 8030.1343487348568 0.015434134499241017 0 0 0.72070208300104155 1.2080806512150729e-17 0.99999999999999978 1.0240918186979042e-13 -7.4752595606575323e-14 -1.2543741232624646e-15 0.35758154032124401 0.33717932936518152 0.020402210956062483 0.0040482684308563496
23500 0 0 0.50969341285677783 24.918234717449923 0.025267631593492632 0.0040464840090826135 0.025267631593492646 0.0040464840090826152 0.025267631593492632 1.1447093273300543e-17 -5.5400128928915281e-18 -3.1398494915248202e-20 9.9644725605117232e-17 -3.8307311721721422e-18 50.00000000000005 50.000000000000405 50.00000000000005 4.9737991503207013e-14 4.0500935938325711e-13 1.0000000000000018 1969.8656512439084 8030.1343487345039 0.015436327482158079 0 0 0.72074913751398739 1.2099887545210248e-17 0.99999999999999978 1.1440848268762238e-13 -5.4585730043416351e-14 -4.4479338496864461e-16 0.35761462525048682 0.3371599895735925 0.020454635676894317 0.0040464840090826135
24000 0 0 0.50924702240025665 24.918581122005641 0.025260386793066462 0.0040463055564830758 0.025260386793066452 0.0040463055564830741 0.025260386793066462 1.8864770856594192e-17 -5.2034765385515076e-18 -1.0946105133437797e-19 6.5734231971967041e-17 -1.219517580181424e-16 50.000000000000057 50.000000000000398 50.000000000000057 5.6843418860808015e-14 3.979039320256561e-13 1.0000000000000051 1969.865651243821 8030.1343487341182 0.015436705720517242 0 0 0.72073360647668538 1.2128423289115276e-17 0.99999999999999978 1.8882811980702741e-13 -5.3244736703960023e-14 -9.8718179464504067e-16 0.3576010450600115 0.33716460769197293 0.020436437368038574 0.0040463055564830758
24500 0 0 0.50745168425385045 24.919907589382014 0.025254684073483559 0.0040473449330044459 0.025254684073483542 0.0040473449330044476 0.025254684073483559 2.4452315172728892e-17 -4.6327525149540839e-18 2.6194324487308722e-20 -1.3641017372679525e-17 -1.5734711900479686e-16 50.000000000000078 50.000000000000412 50.000000000000078 7.815970093361102e-14 4.1211478674085811e-13 1.0000000000000009 1969.8656512437526 8030.1343487336981 0.015435396872022462 0 0 0.72066821933803027 1.215432876498922e-17 0.99999999999999978 2.4453702951454659e-13 -4.5863567087742804e-14 1.9737611085549571e-16 0.35755222942351184 0.33718892420523455 0.020363305218277283 0.0040473449330044459
25000 0 0 0.50497583842810556 24.921718800215807 0.025251607695367217 0.0040483690862002904 0.025251607695367217 0.0040483690862002895 0.025251607695367217 2.8584773437211792e-17 -1.9140938833972262e-18 4.5796699765893392e-20 -3.7692467016683204e-17 -1.6266678553365176e-16 50.000000000000099 50.000000000000419 50.000000000000099 9.9475983006414026e-14 4.1922021409845911e-13 1.0000000000000013 1969.8656512436432 8030.1343487334252 0.015432946737020481 0 0 0.72057645129454306 1.2182504748747622e-17 0.99999999999999978 2.8558579112658578e-13 -1.8299639452693753e-14 4.8071840314748573e-16 0.35748672516806729 0.33722424477992757 0.020262480388139714 0.0040483690862002904
25500 0 0 0.50254404223735349 24.923490735903059 0.025250856040415295 0.0040485436350231841 0.025250856040415288 0.0040485436350231833 0.025250856040415295 2.5030325034927966e-17 2.1763840729655989e-18 1.7347234759808695e-22 -4.1224978486564546e-17 -1.4493964376899299e-16 50.000000000000114 50.000000000000405 50.000000000000114 1.1368683772161603e-13 4.0500935938325711e-13 1.0000000000000009 1969.8656512435425 8030.1343487330323 0.015430135095753899 0 0 0.72048506565512671 1.2199498923489086e-17 0.99999999999999978 2.5048713019011409e-13 2.1191212575943225e-14 -1.6338894716180766e-16 0.35742362006690581 0.33726015068926268 0.020163469377643128 0.0040485436350231841
26000 0 0 0.50074971969966386 24.924799107216216 0.025251622952754717 0.0040480200995905904 0.025251622952754717 0.0040480200995905904 0.025251622952754717 2.2647508868321698e-17 2.694719447588808e-18 1.5855372570465885e-19 -7.7235461848532332e-18 -2.0881515851241414e-17 50.000000000000135 50.000000000000398 50.000000000000135 1.3500311979441904e-13 3.979039320256561e-13 1.0000000000000009 1969.8656512434632 8030.1343487326112 0.015427741537364969 0 0 0.72041715106718573 1.2202414992488491e-17 0.99999999999999978 2.2607610058913551e-13 2.57625672300788e-14 1.7292158687571426e-15 0.35737772367102183 0.33728730217772734 0.020090421493294486 0.0040480200995905904
26500 0 0 0.49994275339966004 24.92539277038895 0.025253419059866965 0.0040475090936922435 0.025253419059866989 0.0040475090936922453 0.025253419059866965 2.2808838151589075e-17 -4.0724368322130838e-18 6.2796989830513558e-20 1.348174200326072e-17 6.3762179812774663e-17 50.000000000000149 50.000000000000412 50.000000000000149 1.4921397450962104e-13 4.1211478674085811e-13 1.0000000000000024 1969.8656512433836 8030.1343487322383 0.015426335200154566 0 0 0.72038704520871943 1.2191928218679262e-17 0.99999999999999978 2.2842838710486772e-13 -4.0406752354393079e-14 6.0026570915521849e-16 0.35735726581083488 0.33729969809244026 0.02005756771839462 0.0040475090936922435
27000 0 0 0.50019345476427379 24.92521788677967 0.025256144354994344 0.0040474683924860214 0.02525614435499432 0.0040474683924860196 0.025256144354994344 2.682715161135282e-17 -7.1116723621321979e-18 5.2735593669826037e-20 8.6044074144021978e-17 1.6863196066633839e-16 50.000000000000163 50.000000000000405 50.000000000000163 1.6342482922482304e-13 4.0500935938325711e-13 1.0000000000000029 1969.8656512432922 8030.1343487318836 0.015426149753218415 0 0 0.72039782221008264 1.2171050108643168e-17 0.99999999999999978 2.6816830006604064e-13 -7.1878267227099002e-14 5.5782484281675909e-16 0.35736365832268679 0.33729589173238644 0.020067766590300351 0.0040474683924860214
27500 0 0 0.50131544478001144 24.924404515955331 0.02525959442968892 0.0040477413496865216 0.025259594429688947 0.0040477413496865242 0.02525959442968892 3.103038659365661e-17 -5.4456439358002013e-18 4.4755865680315108e-20 1.607635106868379e-16 1.8363019673658277e-16 50.000000000000178 50.000000000000405 50.000000000000178 1.7763568394002505e-13 4.0500935938325711e-13 1.0000000000000009 1969.865651243209 8030.1343487314743 0.015427071074899934 0 0 0.72044177342665716 1.2149816291753417e-17 0.99999999999999978 3.1007661885449223e-13 -5.3379608913118378e-14 4.7928986220078059e-16 0.35739232171844637 0.33727888452643262 0.02011343719201375 0.0040477413496865216
28000 0 0 0.50293335840583198 24.923222301055294 0.025263049478950604 0.0040478637766889697 0.02526304947895059 0.0040478637766889706 0.025263049478950604 2.3007984406634924e-17 -7.4433514907404799e-18 9.506284648377419e-20 1.5458461415180359e-16 9.2555684333757656e-17 50.000000000000192 50.000000000000398 50.000000000000192 1.9184653865522705e-13 3.979039320256561e-13 1 1969.8656512431203 8030.1343487311105 0.01542871839205778 0 0 0.72050353481106577 1.2136474387217513e-17 0.99999999999999978 2.2986387099299677e-13 -7.4256952583423574e-14 8.8791521364913044e-16 0.35743411405434466 0.33725480688728798 0.020179307167056681 0.0040478637766889697
28500 0 0 0.50458408360043439 24.92200941799992 0.025265395361956079 0.0040475868601528931 0.025265395361956103 0.0040475868601528939 0.025265395361956079 1.7233783844484229e-17 -1.8394313849915746e-17 2.7755575615701455e-20 7.6128946874858051e-17 2.2794478946360529e-18 50.000000000000206 50.000000000000391 50.000000000000206 2.0605739337042905e-13 3.907985046680551e-13 1.0000000000000022 1969.8656512430373 8030.1343487307331 0.015430578769803898 0 0 0.72056491717898463 1.2127007700014153e-17 0.99999999999999978 1.7213791156378555e-13 -1.841478900789506e-13 1.4676686804910013e-16 0.35747739490814268 0.3372308700337881 0.020246524874354577 0.0040475868601528931
29000 0 0 0.50583641411741065 24.921084643846427 0.025265706474542651 0.0040470819851269151 0.025265706474542633 0.0040470819851269151 0.025265706474542651 1.5065032554813176e-17 -1.5578510703703681e-17 2.9837243786880683e-20 -2.2789655516411839e-17 -1.0498609358917348e-16 50.00000000000022 50.000000000000391 50.00000000000022 2.2026824808563106e-13 3.907985046680551e-13 1.0000000000000004 1969.8656512429422 8030.1343487304366 0.015432151188309515 0 0 0.72060998712814728 1.2123797137473634e-17 0.99999999999999978 1.5082726649524652e-13 -1.5586056750782618e-13 1.967313906506712e-16 0.35751081332564649 0.33721328529480643 0.020297528030840062 0.0040470819851269151
29500 0 0 0.50640203428188824 24.920663402452739 0.02526383943019642 0.0040467154866435477 0.025263839430196437 0.0040467154866435477 0.02526383943019642 1.5738105263494629e-17 -1.207575706100247e-17 -9.5236318831384756e-20 -9.8698098504035035e-17 -1.0003808645915772e-16 50.000000000000242 50.000000000000377 50.000000000000242 2.4158453015843406e-13 3.765876499528531e-13 1.0000000000000011 1969.8656512428495 8030.1343487299791 0.01543306785076314 0 0 0.72062900991878753 1.2125933369229421e-17 0.99999999999999978 1.5765123221601321e-13 -1.2055298165974948e-13 -9.6946750368369822e-16 0.35752633103469789 0.33720576307453487 0.020320567960163016 0.0040467154866435477
29999 0 0 0.50617652531852997 24.920825110151732 0.025260406767251005 0.0040467055148020389 0.025260406767250991 0.0040467055148020389 0.025260406767251005 9.638470577248942e-18 -9.3251795174866661e-18 2.2898349882957063e-20 -9.7632637419657354e-17 -1.0630033306782396e-16 50.000000000000256 50.000000000000369 50.000000000000256 2.5579538487363607e-13 3.694822225952521e-13 1.0000000000000029 1969.8656512427699 8030.1343487296672 0.015433160835587888 0 0 0.7206191692251529 1.2140327593708115e-17 0.99999999999999978 9.5922400271809642e-14 -9.4007376303889101e-14 2.2877732140517474e-16 0.35752070840879285 0.3372093213226432 0.020311387086149657 0.0040467055148020389
