# step v0 Mach sigma R umax_ref urms_ref umax_mean urms_mean umax_lab mean_x mean_y mean_z drop_ux drop_uy x0 y0 x_unwrapped center_dx center_dy axis_ratio mass_R mass_B min_f negative_total negative_color min_rho min_phi max_phi qx qy qz p_in p_out delta_p urms_lab
0 0 0 -5.560112678108922e-15 25.040521385269312 3.1986720415755633e-17 7.3729217094336045e-18 3.1986362966861687e-17 7.3729214849503811e-18 3.1986720415755633e-17 -1.5612511283791262e-21 -8.6736173798840338e-22 -3.4694469519536134e-22 -1.5673776851625073e-20 -2.5287696305946438e-21 50.000000000000007 50.000000000000007 50.000000000000007 7.1054273576010019e-15 7.1054273576010019e-15 1.0000000000000007 1969.8656512480638 8030.1343487520408 0.010195521365272823 0 0 0.99999999999999956 5.1710809399147485e-26 0.99999999999998512 3.6564459532956393e-17 2.2303818039845337e-17 8.6102115634975701e-19 0.33333333333333387 0.33333333333333409 -2.2204460492503131e-16 7.3729217094336045e-18
500 0 0 0.025217601223804141 24.994125197271526 0.01356029960513027 0.00246507364151891 0.013560299605130268 0.0024650736415189095 0.01356029960513027 -3.4004049576098951e-18 -4.1407849371568304e-18 -7.667477763817843e-20 -4.6987880630254313e-17 5.2245390230498828e-18 50.000000000000007 49.999999999999986 50.000000000000007 7.1054273576010019e-15 -1.4210854715202004e-14 1.0000000000000022 1969.8656512479631 8030.1343487515605 0.017057174862606109 0 0 0.99430552429481156 4.1811508261547616e-18 1 -3.4177515147431475e-14 -4.5031517306292485e-14 -7.50647319025994e-16 0.33430226341855551 0.33329332227639635 0.0010089411421591588 0.00246507364151891
1000 0 0 0.076543765954731321 24.947880887365564 0.01344427987081658 0.0028348706279662426 0.013444279870816573 0.0028348706279662417 0.01344427987081658 -2.1545265571634036e-18 -4.3694214912908064e-18 -1.0304257447303235e-19 -9.4441716848201149e-17 -9.6321330439458078e-17 49.999999999999993 49.999999999999979 49.999999999999993 -7.1054273576010019e-15 -2.1316282072803006e-14 1.0000000000000022 1969.8656512478719 8030.1343487511431 0.017130533704730357 0 0 0.99589171531320797 5.7651415349739595e-18 1 -2.1309505809224971e-14 -3.903217267627046e-14 -1.0271500970785129e-15 0.33581182961285683 0.3327436826107002 0.0030681470021566293 0.0028348706279662426
1500 0 0 0.13561598979560024 24.903347995804165 0.013786485435329492 0.0026816389718585789 0.013786485435329485 0.0026816389718585789 0.013786485435329492 -5.1007809087628752e-18 -4.9838605464820228e-18 4.2674197509035076e-20 -9.166327136554247e-17 -8.8867142382500573e-18 50.000000000000007 49.999999999999972 50.000000000000007 7.1054273576010019e-15 -2.8421709430404007e-14 1.0000000000000011 1969.8656512477767 8030.1343487508457 0.01718897539946912 0 0 0.99396483590793117 5.7615706587012935e-18 1 -5.0646959499564548e-14 -5.6899797373777261e-14 4.4651054501667438e-16 0.33756572439664723 0.3321200313188149 0.0054456930778323254 0.0026816389718585789
2000 0 0 0.16290755263379489 24.878423599814482 0.013954406616225896 0.0022705918042250548 0.013954406616225899 0.0022705918042250544 0.013954406616225896 -1.8596235662474664e-19 -9.4837332431668832e-18 6.4531713306348642e-20 -7.1596430680126792e-17 9.5504468500198278e-17 50.000000000000007 49.999999999999972 50.000000000000007 7.1054273576010019e-15 -2.8421709430404007e-14 1.0000000000000031 1969.8656512476825 8030.1343487504155 0.01724730927865524 0 0 0.99357411925146522 5.2484916803913868e-18 1 -1.6930765600262077e-15 -8.8678210282723546e-14 5.8439484012130889e-16 0.33828081026454493 0.3317326641579319 0.0065481461066130286 0.0022705918042250548
2500 0 0 0.16670064485197028 24.876700799389685 0.014061453383887888 0.0022019225996179376 0.014061453383887892 0.0022019225996179376 0.014061453383887888 6.0125515677369811e-19 -2.5382473900498416e-18 -6.1409211049592948e-20 -5.0904081697032046e-17 1.1017112515688854e-16 50.000000000000014 49.999999999999964 50.000000000000014 1.4210854715202004e-14 -3.5527136788005009e-14 1.000000000000002 1969.8656512475939 8030.1343487501272 0.017246814407540643 0 0 0.99502949713533617 5.395833628223745e-18 1 6.2424092045661184e-15 -2.5342141579676181e-14 -5.8941751291318984e-16 0.33854217929666541 0.33184110401356115 0.006701075283104263 0.0022019225996179376
3000 0 0 0.14206540381002611 24.896520981390566 0.014509483887503689 0.002404372725301964 0.014509483887503689 0.0024043727253019636 0.014509483887503689 1.03216046820649e-18 -4.875960746276979e-18 -3.4694469519545886e-22 -6.7776130266971739e-17 7.2688952091009796e-17 50.000000000000014 49.999999999999964 50.000000000000014 1.4210854715202004e-14 -3.5527136788005009e-14 1.0000000000000042 1969.8656512474959 8030.1343487497752 0.017176813176662805 0 0 0.99596891427591849 5.5181011565967554e-18 1 1.0342394258719412e-14 -4.683840121311178e-14 1.911516163918375e-17 0.33797371829213207 0.33226748311508802 0.00570623517704405 0.002404372725301964
3500 0 0 0.10091452674895228 24.927246373632713 0.014712443749671272 0.0024395395585421766 0.014712443749671272 0.0024395395585421766 0.014712443749671272 -2.0539125955571957e-19 -4.864164626640521e-19 6.8001160258312563e-20 4.9261590805512577e-17 3.2978726876704583e-17 50.000000000000007 49.999999999999972 50.000000000000007 7.1054273576010019e-15 -2.8421709430404007e-14 1.0000000000000031 1969.8656512473981 8030.1343487493341 0.017113104029979034 0 0 0.99612982746013756 6.0388197190897209e-18 1 -2.5951463200613034e-15 3.4885289101893591e-15 7.75112241627981e-16 0.33678932729491745 0.3327409649031654 0.0040483623917520473 0.0024395395585421766
4000 0 0 0.068111189895526933 24.952845769744815 0.014595682665104812 0.0022544918026641898 0.014595682665104814 0.0022544918026641898 0.014595682665104812 2.3675506000140562e-18 -1.9418494590091843e-18 -1.4953316362925823e-19 1.4107462198432444e-16 -5.5009341058209111e-17 49.999999999999993 49.999999999999972 49.999999999999993 -7.1054273576010019e-15 -2.8421709430404007e-14 1.0000000000000002 1969.8656512473169 8030.1343487489321 0.017067367302055547 0 0 0.99594949533604937 5.9681004087237801e-18 1 2.4487356586888609e-14 -1.3690003991539967e-14 -1.4479069105841506e-15 0.33580811573322694 0.33307851965733121 0.0027295960758957349 0.0022544918026641898
4500 0 0 0.056253478645886146 24.962685722134051 0.014389031447877558 0.0021461252620550114 0.014389031447877555 0.0021461252620550114 0.014389031447877558 3.2220753842806368e-18 -4.8225312632174925e-19 -1.2490009027038109e-19 1.6701463220166558e-16 -1.4076944568442952e-16 49.999999999999986 49.999999999999979 49.999999999999986 -1.4210854715202004e-14 -2.1316282072803006e-14 1.0000000000000029 1969.865651247231 8030.1343487485337 0.017046768143788544 0 0 0.99562723986583757 5.3871498597239117e-18 1 3.2083710688191047e-14 -5.0418585864457632e-15 -1.2854084518930901e-15 0.33540929425277366 0.33315579159396291 0.0022535026588107465 0.0021461252620550114
5000 0 0 0.067877217127484402 24.955187800681639 0.014325235048510417 0.0022375771289002058 0.014325235048510418 0.0022375771289002066 0.014325235048510417 -1.3565537582145027e-19 4.3597070398269667e-18 1.0408340855865749e-20 1.0368408864424568e-16 -1.2622476091175152e-16 49.999999999999979 49.999999999999979 49.999999999999979 -2.1316282072803006e-14 -2.1316282072803006e-14 1.0000000000000022 1969.8656512471152 8030.1343487481454 0.017048271955465516 0 0 0.99575842372435019 5.1750194833887798e-18 1 -1.3149085363291582e-15 3.8308657461516571e-14 1.0856872054028106e-16 0.33569423520971653 0.33297427102152355 0.0027199641881929804 0.0022375771289002058
5500 0 0 0.09049395745833444 24.93811657863699 0.014298109423229767 0.0023092706298477946 0.014298109423229765 0.0023092706298477946 0.014298109423229767 1.7527646001278568e-18 2.4841240176000501e-19 2.1753432388760218e-19 -4.6088128502251661e-17 -8.7179005900127456e-17 49.999999999999972 49.999999999999979 49.999999999999972 -2.8421709430404007e-14 -2.1316282072803006e-14 1.000000000000002 1969.8656512470529 8030.1343487477398 0.017080080849301741 0 0 0.99655515881860324 5.0054554581534375e-18 1 1.7645607197636082e-14 1.8411921293148836e-15 2.1662784480435154e-15 0.33623061972410395 0.3326018790702947 0.0036287406538092482 0.0023092706298477946
6000 0 0 0.11387407620845459 24.920413954086921 0.014238870452550722 0.0022274074211697855 0.014238870452550723 0.0022274074211697855 0.014238870452550722 3.8514330613658367e-18 1.8512968935634722e-18 -7.3205330686261742e-20 -1.7888858751849765e-16 -3.1063903898528826e-17 49.999999999999964 49.999999999999986 49.999999999999964 -3.5527136788005009e-14 -1.4210854715202004e-14 1.0000000000000004 1969.8656512469508 8030.1343487474269 0.017124097338489842 0 0 0.99486291980380992 4.9562356541574018e-18 1 3.8438002780694092e-14 3.2625161253130308e-14 -7.5377794720334597e-16 0.33681715268784856 0.33224764287078634 0.0045695098170622228 0.0022274074211697855
6500 0 0 0.12715946011709542 24.909928879808074 0.014208677724752747 0.0021188092257133887 0.014208677724752752 0.0021188092257133887 0.014208677724752747 3.0333374700948998e-18 7.8652362400836529e-19 -1.259409243559932e-19 -2.3926093315506467e-16 4.9587368270943694e-17 49.999999999999957 49.999999999999979 49.999999999999957 -4.2632564145606011e-14 -2.1316282072803006e-14 1.0000000000000002 1969.8656512468478 8030.1343487470249 0.017157388546409198 0 0 0.99405993424324068 4.9493866285098531e-18 1 3.0109591984397652e-14 7.8543942183539883e-15 -1.2349556741566858e-15 0.33718452075136091 0.33207975065223105 0.0051047700991298517 0.0021188092257133887
7000 0 0 0.12633749554890961 24.91040955752398 0.01427252405880754 0.0021371137747321356 0.014272524058807547 0.002137113774732136 0.01427252405880754 6.6318478486636375e-18 1.1345091532895683e-19 1.2108369862325971e-19 -1.5209059471830045e-16 7.938427117785977e-17 49.999999999999957 49.999999999999972 49.999999999999957 -4.2632564145606011e-14 -2.8421709430404007e-14 1.0000000000000024 1969.8656512467712 8030.1343487467384 0.01716399766689574 0 0 0.99485320122088317 5.0679444278530855e-18 1 6.6289853855173823e-14 3.8857805861880479e-16 1.3343526257510575e-15 0.33722312161816775 0.33215144685275827 0.005071674765409484 0.0021371137747321356
7500 0 0 0.11261114623505585 24.920497418236156 0.014385702917021466 0.0022139188931256035 0.014385702917021461 0.0022139188931256035 0.014385702917021466 3.7792685647656971e-18 4.2084391527226578e-18 1.0789980020583235e-19 2.9136019549012367e-17 6.2653130833703256e-17 49.99999999999995 49.999999999999972 49.99999999999995 -4.9737991503207013e-14 -2.8421709430404007e-14 1.0000000000000016 1969.8656512466757 8030.1343487462964 0.01714749786574565 0 0 0.99660581453534947 5.1781376800846923e-18 1 3.7359018331163674e-14 5.6453099302449655e-14 1.2515858208429188e-15 0.33690357578843083 0.33238475963700642 0.0045188161514244096 0.0022139188931256035
8000 0 0 0.094196293678737247 24.933997877472848 0.014406119187473454 0.002211253607488319 0.01440611918747345 0.002211253607488319 0.014406119187473454 6.5270705507153101e-18 6.8001160258342677e-19 3.7470027081127599e-20 9.894487691346261e-17 -6.9194552609912089e-18 49.999999999999943 49.999999999999972 49.999999999999943 -5.6843418860808015e-14 -2.8421709430404007e-14 1.0000000000000011 1969.8656512465911 8030.1343487459817 0.01712324580291243 0 0 0.99665357080383865 5.244343464239078e-18 1 6.5220412078827172e-14 1.3722963737583527e-14 3.5574593933244732e-16 0.33643526933369061 0.3326574438064076 0.0037778255272830075 0.002211253607488319
8500 0 0 0.081162948587429215 24.943673801999207 0.014334974643566371 0.002138773505279034 0.01433497464356636 0.002138773505279034 0.014334974643566371 8.6968626744690146e-18 4.1276010387424842e-18 -5.2041704279345438e-20 1.9334332526330865e-16 -7.0897503335008378e-17 49.999999999999936 49.999999999999964 49.999999999999936 -6.3948846218409017e-14 -3.5527136788005009e-14 1.0000000000000022 1969.8656512465011 8030.1343487455597 0.017101078303368621 0 0 0.99629283847190397 5.2504152796860015e-18 1 8.661951195101502e-14 4.5360635346079932e-14 -5.3740003925495224e-16 0.33610751752963991 0.33285366850837328 0.0032538490212666304 0.002138773505279034
9000 0 0 0.079111953347037189 24.94526570457592 0.014272022465715991 0.0021068188043276569 0.014272022465715987 0.0021068188043276582 0.014272022465715991 6.8001160258348284e-18 3.1048080773059122e-18 1.2836953722239217e-20 1.086152358325618e-16 -6.4637934953401891e-17 49.999999999999922 49.999999999999957 49.999999999999922 -7.815970093361102e-14 -4.2632564145606011e-14 1.0000000000000089 1969.8656512464045 8030.1343487450895 0.017087986790802985 0 0 0.99615426237631599 5.2026774830672743e-18 1 6.8099168746551739e-14 3.1079793686578094e-14 4.6811549485448041e-17 0.33606929707270361 0.33289787551785022 0.0031714215548533931 0.0021068188043276569
9500 0 0 0.087351115572909296 24.93913256852629 0.014262568835294372 0.0021430163124004052 0.014262568835294375 0.0021430163124004043 0.014262568835294372 5.2510079617864807e-18 -4.0627223807413076e-19 -3.7123082385936802e-20 2.0212947783764915e-17 -2.1998000034949274e-17 49.999999999999922 49.999999999999957 49.999999999999922 -7.815970093361102e-14 -4.2632564145606011e-14 1.0000000000000036 1969.8656512463185 8030.1343487447875 0.017089044084842034 0 0 0.99636165170363067 5.1303121369963087e-18 1 5.2695701806011047e-14 -1.0171334260955511e-14 -3.3571767209240344e-16 0.33628535314506569 0.33278278081890755 0.0035025723261581376 0.0021430163124004052
10000 0 0 0.10062598953754877 24.92914907354346 0.014272672211470725 0.0021686716646839074 0.014272672211470735 0.0021686716646839078 0.014272672211470725 9.0222967985637932e-18 -3.2369940061757425e-18 -5.0653925498570037e-20 -7.592089949104242e-17 -2.5120569312974456e-18 49.999999999999922 49.999999999999957 49.999999999999922 -7.815970093361102e-14 -4.2632564145606011e-14 1.0000000000000029 1969.8656512462142 8030.1343487444583 0.017103557467006862 0 0 0.99681599900713369 5.0698135195274938e-18 1 8.9761531540943906e-14 -2.156803381725414e-14 -4.0986118878016121e-16 0.3366115327235582 0.33257505361066542 0.0040364791128927879 0.0021686716646839074
10500 0 0 0.11257188484904972 24.920224360425266 0.014281181308947382 0.0021417776128421408 0.014281181308947384 0.0021417776128421408 0.014281181308947382 1.3011466903924434e-17 -4.1463360522838413e-18 5.4123372450529601e-20 -1.6596164257346347e-16 2.5392282366243697e-17 49.999999999999922 49.99999999999995 49.999999999999922 -7.815970093361102e-14 -4.9737991503207013e-14 1.0000000000000007 1969.8656512461241 8030.1343487440372 0.017122387904647193 0 0 0.99665960396077713 5.0454233627199141e-18 1 1.3026905265221475e-13 -4.3888344700019136e-14 5.3160829392842208e-16 0.33690208003248312 0.33238478984998299 0.0045172901825001333 0.0021417776128421408
11000 0 0 0.11795651005354213 24.916305737148747 0.014303350060832965 0.0021087151395707349 0.01430335006083298 0.0021087151395707349 0.014303350060832965 1.7329193635635781e-17 -6.998568391488047e-18 -1.6896206656031524e-19 -1.9556005614257086e-16 2.2659571640694211e-17 49.999999999999922 49.999999999999957 49.999999999999922 -7.815970093361102e-14 -4.2632564145606011e-14 1.0000000000000047 1969.8656512460309 8030.1343487436461 0.017134739107074984 0 0 0.99603557951572463 5.0650674291264288e-18 1 1.7305297862087979e-13 -6.9458870079197599e-14 -1.8353106312204776e-15 0.33703239304375016 0.33229828393070954 0.0047341091130406188 0.0021087151395707349
11500 0 0 0.11485128657115673 24.918818422310331 0.014348109509252945 0.0021155107062530332 0.014348109509252952 0.0021155107062530336 0.014348109509252945 1.4259773917239834e-17 -1.5428630595354262e-18 -2.5326962749288533e-20 -1.8158665536535671e-16 4.6603024102408294e-17 49.999999999999929 49.999999999999957 49.999999999999929 -7.1054273576010019e-14 -4.2632564145606011e-14 1 1969.8656512459456 8030.1343487432714 0.017135102488808771 0 0 0.99622573911936696 5.1120104607985585e-18 1 1.4247544116718913e-13 -1.461569919453988e-14 -2.0517731942439167e-16 0.33694725550293436 0.33233823734546314 0.004609018157471223 0.0021155107062530332
12000 0 0 0.10527425176637875 24.926107049872599 0.014383005232242561 0.0021385892963887466 0.01438300523224257 0.0021385892963887475 0.014383005232242561 1.1375969610773514e-17 -3.9229036685783682e-18 -6.6266436782388645e-20 -1.3832778510997032e-16 7.7404091496755063e-17 49.999999999999929 49.999999999999957 49.999999999999929 -7.1054273576010019e-14 -4.2632564145606011e-14 1.0000000000000036 1969.8656512458538 8030.1343487428639 0.017125964663692192 0 0 0.99696320162444252 5.1570471163583676e-18 1 1.1375970288387063e-13 -4.9100263785351039e-14 -6.1425379467651159e-16 0.33669034931173936 0.33246689590380268 0.0042234534079366726 0.0021385892963887466
12500 0 0 0.0943292533344086 24.93433925321013 0.014370672200341758 0.0021361602421765772 0.014370672200341762 0.0021361602421765772 0.014370672200341758 1.010511119227192e-17 1.7243151351229637e-19 -1.2836953722243391e-20 -4.461871188069935e-17 4.4948905321507641e-17 49.999999999999929 49.999999999999964 49.999999999999929 -7.1054273576010019e-14 -3.5527136788005009e-14 1.0000000000000016 1969.8656512457615 8030.1343487424883 0.017113564602798306 0 0 0.99667499671387438 5.1956084559875627e-18 1 1.0096350161080056e-13 -5.6812193838240432e-17 -1.5746319507610365e-16 0.33639980359196686 0.33261669739546862 0.0037831061964982426 0.0021361602421765772
13000 0 0 0.087304478626172313 24.939607335449622 0.014322718186160613 0.0021142487205303858 0.014322718186160615 0.0021142487205303867 0.014322718186160613 7.9821566023693682e-18 4.3610948186109867e-19 4.3368086899472818e-20 1.1306947353364883e-16 -2.516556816250977e-17 49.999999999999929 49.999999999999972 49.999999999999929 -7.1054273576010019e-14 -2.8421709430404007e-14 1.0000000000000029 1969.8656512456716 8030.13434874219 0.017103312591968307 0 0 0.99646602789377825 5.1909738338146181e-18 1 7.9560498610791765e-14 2.1380466841414147e-16 3.6579957310430105e-16 0.33622135000410114 0.33272071435046452 0.003500635653636619 0.0021142487205303858
13500 0 0 0.086912687469867661 24.939859606455261 0.014278225235673701 0.0021065715950701362 0.014278225235673687 0.0021065715950701366 0.014278225235673701 1.575094221719405e-17 -2.9698465908760335e-18 -8.2919782151795804e-20 1.818219695406887e-16 -7.4674425886446481e-17 49.999999999999936 49.999999999999972 49.999999999999936 -6.3948846218409017e-14 -2.8421709430404007e-14 1.0000000000000004 1969.8656512455743 8030.1343487417789 0.01709913061663269 0 0 0.99642435286872577 5.1583870477571728e-18 1 1.5771758560072756e-13 -2.9755278102561178e-14 -9.2419601765732513e-16 0.3362228266272051 0.3327379358202267 0.0034848908069783913 0.0021065715950701362
14000 0 0 0.092449651437698413 24.935595945616075 0.014257030682486073 0.0021182011776791185 0.014257030682486059 0.0021182011776791185 0.014257030682486073 1.325987930568895e-17 -3.4718755648245459e-18 1.2420620088010268e-19 1.8659028354900784e-16 -3.5740703903205344e-18 49.999999999999943 49.999999999999986 49.999999999999943 -5.6843418860808015e-14 -1.4210854715202004e-14 1.000000000000004 1969.8656512454813 8030.1343487412978 0.017102774707103467 0 0 0.99657649366182999 5.1192604790471181e-18 1 1.324999138185845e-13 -2.9813391339006401e-14 1.239644944650047e-15 0.33637674434212245 0.33266920706732345 0.0037075372747989999 0.0021182011776791185
14500 0 0 0.10076004243484651 24.929222015310479 0.014255313421530975 0.0021245695246085807 0.014255313421530984 0.0021245695246085799 0.014255313421530975 1.0217868218212453e-17 1.339206523455912e-19 -1.2941037130804538e-19 7.729792623580574e-17 3.5124162871693503e-17 49.99999999999995 49.999999999999993 49.99999999999995 -4.9737991503207013e-14 -7.1054273576010019e-15 1.0000000000000049 1969.8656512453902 8030.1343487409695 0.017112323259992721 0 0 0.99683641654916511 5.0857606582349084e-18 1 1.0216132817096255e-13 -7.204523436166177e-17 -1.3138406016708576e-15 0.3365975242023031 0.33255567956018134 0.0040418446421217613 0.0021245695246085807
15000 0 0 0.10794847534945577 24.923734511948087 0.014268035084265673 0.0021151490347661585 0.014268035084265673 0.0021151490347661585 0.014268035084265673 1.1243783681907074e-17 -4.8086534754144674e-19 4.2327252813893577e-20 -3.1398292736913735e-17 4.8770993921224406e-17 49.99999999999995 50.000000000000007 49.99999999999995 -4.9737991503207013e-14 7.1054273576010019e-15 1.0000000000000022 1969.8656512453003 8030.134348740623 0.017122618470223266 0 0 0.99705710151708815 5.0785362725921713e-18 1 1.1205619934826373e-13 -5.4604758215059945e-15 4.6478275255772049e-16 0.33678701752376505 0.33245586581382741 0.0043311517099376418 0.0021151490347661585
15500 0 0 0.11101781759610023 24.921422663474463 0.014294803453794346 0.0021058128537868107 0.014294803453794346 0.0021058128537868094 0.014294803453794346 1.3224144002085533e-17 5.2680082518539913e-18 2.0816681711751811e-19 -1.2659053212988671e-16 1.9628828074323378e-17 49.999999999999957 50.000000000000021 49.999999999999957 -4.2632564145606011e-14 2.1316282072803006e-14 1.0000000000000011 1969.8656512452123 8030.1343487402401 0.01712838564926606 0 0 0.99687867085172432 5.0931020742304377e-18 1 1.320332746858544e-13 5.3109481212393036e-14 2.0030301179991562e-15 0.33686856206723242 0.33241384778004163 0.0044547142871907974 0.0021058128537868107
16000 0 0 0.10904279457415897 24.922963353516973 0.014328029144308327 0.0021091884956136405 0.014328029144308333 0.0021091884956136397 0.014328029144308327 1.1625769791318817e-17 3.6692870963916501e-18 -1.5230872119099228e-19 -1.144188940683918e-16 -2.1845323154112888e-17 49.999999999999964 50.000000000000036 49.999999999999964 -3.5527136788005009e-14 3.5527136788005009e-14 1.0000000000000024 1969.8656512451248 8030.1343487398854 0.017127373571152925 0 0 0.99702423505049098 5.122802931418215e-18 1 1.1589860337722288e-13 3.5119043090281465e-14 -1.487215647006331e-15 0.33681546924988592 0.3324402754566177 0.0043751937932682283 0.0021091884956136405
16500 0 0 0.10344557545610461 24.927240889618623 0.014349176136041511 0.0021163506556597499 0.014349176136041508 0.0021163506556597499 0.014349176136041511 1.2195106036135811e-17 7.7576833845802767e-18 1.1345091532905861e-19 -3.9980579546989148e-17 -9.66222178101499e-18 49.999999999999964 50.000000000000043 49.999999999999964 -3.5527136788005009e-14 4.2632564145606011e-14 1.0000000000000004 1969.8656512450359 8030.1343487394915 0.01712111266447093 0 0 0.99690763546365924 5.1513214599287002e-18 1 1.2178625824281995e-13 7.4219274863863809e-14 1.2184519337708464e-15 0.3366637350606409 0.33251383431895126 0.0041499007416896383 0.0021163506556597499
17000 0 0 0.097183426148336416 24.93201410688717 0.014345497486575284 0.002114863271918462 0.014345497486575272 0.002114863271918462 0.014345497486575284 1.4190384978208079e-17 7.1175704219441759e-18 -1.7312540290276109e-19 7.5058424082522122e-17 8.2522551559983603e-18 49.999999999999964 50.000000000000057 49.999999999999964 -3.5527136788005009e-14 5.6843418860808015e-14 1.0000000000000011 1969.8656512449345 8030.1343487391296 0.017113128095050653 0 0 0.99673649201541181 5.1658453240745688e-18 1 1.4206431170338263e-13 7.1801937700090128e-14 -1.8727752221397206e-15 0.33649407385281066 0.33259613661710652 0.0038979372357041409 0.002114863271918462
17500 0 0 0.093165583872343763 24.935089070061782 0.014323450215938354 0.0021078882275222771 0.014323450215938347 0.0021078882275222771 0.014323450215938354 1.3282430710880934e-17 1.4939091630441495e-17 1.3218592886964884e-19 8.181045516407387e-17 8.3299598619530483e-17 49.999999999999964 50.000000000000078 49.999999999999964 -3.5527136788005009e-14 7.815970093361102e-14 1.0000000000000011 1969.8656512448429 8030.1343487388167 0.017106905892486847 0 0 0.9966198810948268 5.1605442028990528e-18 1 1.3292340403419029e-13 1.4996196474138584e-13 1.310992187639118e-15 0.33638621301020982 0.33264988852343658 0.0037363244867732459 0.0021078882275222771
18000 0 0 0.092872283213185469 24.935331816307613 0.014299193651210034 0.0021059012332514883 0.014299193651210015 0.0021059012332514892 0.014299193651210034 1.1259743137889168e-17 1.5604184611132778e-17 1.3183898417445873e-20 5.718145004590846e-17 1.375408169255376e-16 49.999999999999964 50.000000000000092 49.999999999999964 -3.5527136788005009e-14 9.2370555648813024e-14 1.0000000000000009 1969.8656512447421 8030.1343487383929 0.017104836751957037 0 0 0.99660523941133428 5.1414163740528397e-18 1 1.1284029372413053e-13 1.5528247112121514e-13 8.863132938779237e-17 0.3363787163673494 0.3326541907064377 0.0037245256609116928 0.0021059012332514883
18500 0 0 0.09590962485153566 24.93302552185116 0.014283210516923111 0.0021095802478072229 0.014283210516923101 0.0021095802478072224 0.014283210516923111 1.8804055534925999e-17 1.4301060335977597e-17 7.4940054162328011e-20 3.2474097219513445e-17 1.1070475828264078e-16 49.999999999999972 50.000000000000114 49.999999999999972 -2.8421709430404007e-14 1.1368683772161603e-13 1.0000000000000016 1969.8656512446494 8030.1343487379581 0.017107510828480641 0 0 0.99669429081539307 5.1173038315172304e-18 1 1.8783325589355471e-13 1.4118490007468659e-13 8.0206643398466865e-16 0.33645911550672264 0.33261242530991997 0.0038466901968026712 0.0021095802478072229
19000 0 0 0.1004947881826796 24.929527176401479 0.014277977408178018 0.0021111900452628553 0.01427797740817803 0.002111190045262857 0.014277977408178018 1.7397194795907108e-17 6.4555999435115577e-18 -3.8163916471557553e-20 6.4404833863520857e-17 9.1849088985662527e-17 49.999999999999972 50.000000000000135 49.999999999999972 -2.8421709430404007e-14 1.3500311979441904e-13 1.0000000000000002 1969.8656512445709 8030.1343487376607 0.01711335944513551 0 0 0.99683463687117035 5.0997172718891618e-18 1 1.7402919383346926e-13 6.6579176593033369e-14 -4.3235420586569699e-16 0.33658011609491262 0.33254896109259036 0.004031155002322262 0.0021111900452628553
19500 0 0 0.1044191950039543 24.926529041967665 0.014283329329675824 0.002108116491550082 0.01428332932967582 0.0021081164915500825 0.014283329329675824 1.4294815331465436e-17 2.5379004453587119e-18 6.1409211049691327e-20 -2.9562563785250047e-17 2.7004232671709951e-17 49.999999999999972 50.000000000000142 49.999999999999972 -2.8421709430404007e-14 1.4210854715202004e-13 1.000000000000004 1969.8656512444672 8030.1343487372242 0.017119366351450685 0 0 0.9969512157019409 5.0961936109515676e-18 1 1.4271223430979176e-13 2.6558507149954721e-14 6.1193720133174971e-16 0.33668463745564026 0.33249555863009866 0.0041890788255415923 0.002108116491550082
20000 0 0 0.10603121855500623 24.925293881338838 0.014297500383182895 0.0021055537560118825 0.014297500383182907 0.0021055537560118816 0.014297500383182895 1.4311121732140313e-17 8.1462614432023696e-19 -7.2858385991162583e-20 -9.8544456195474372e-17 2.6753385854702898e-17 49.999999999999972 50.000000000000135 49.999999999999972 -2.8421709430404007e-14 1.3500311979441904e-13 1.0000000000000024 1969.8656512443679 8030.1343487368304 0.017122714724477121 0 0 0.99699267904214162 5.1063405933908635e-18 1 1.4327948549830438e-13 7.602642685661091e-15 -7.2372007516081219e-16 0.33672916057874408 0.3324751999610765 0.0042539606176675848 0.0021055537560118825
20500 0 0 0.10488945842788823 24.926153119871316 0.014314283980140313 0.0021069210618716626 0.014314283980140322 0.0021069210618716631 0.014314283980140313 1.0622405732816757e-17 2.0383000842766584e-18 -5.4470317145776232e-20 -1.4084521380465128e-16 -5.9150880570597737e-18 49.999999999999972 50.000000000000149 49.999999999999972 -2.8421709430404007e-14 1.4921397450962104e-13 1.0000000000000009 1969.8656512442906 8030.1343487364702 0.017122245208171547 0 0 0.99695387296656957 5.123680687629149e-18 1 1.0635031097688385e-13 2.0886288338228202e-14 -4.0490990341720722e-16 0.33670064436080538 0.33249263609240276 0.0042080082684026188 0.0021069210618716626
21000 0 0 0.10184611957673362 24.928455546259144 0.014324516993494118 0.0021090754335300198 0.014324516993494131 0.0021090754335300198 0.014324516993494118 1.3216164274102855e-17 2.250630237736729e-18 -1.1206313654832178e-19 -1.3230020899825252e-16 7.0889494947270512e-17 49.999999999999979 50.000000000000171 49.999999999999979 -2.1316282072803006e-14 1.7053025658242404e-13 1.0000000000000002 1969.8656512441971 8030.1343487361573 0.01711875547465393 0 0 0.99686530340885704 5.1396929442741593e-18 1 1.320902971556218e-13 2.039373444423509e-14 -1.1948591377454405e-15 0.33662070557636303 0.33253516889368567 0.0040855366826773598 0.0021090754335300198
21500 0 0 0.098525659219482378 24.930973003068218 0.014323144117732034 0.0021083982106245968 0.014323144117732022 0.0021083982106245964 0.014323144117732034 1.3830603329295737e-17 -3.2286673334945349e-18 3.4694469519606003e-21 -8.5060618713060585e-17 8.2891168482404639e-17 49.999999999999979 50.000000000000178 49.999999999999979 -2.1316282072803006e-14 1.7763568394002505e-13 1.0000000000000016 1969.8656512440969 8030.1343487357472 0.017114206206610701 0 0 0.99677076991599811 5.1476045233426727e-18 1 1.387902379829109e-13 -3.2248616991593145e-14 1.1517187958853827e-17 0.33653277135208759 0.33258083336686106 0.0039519379852265279 0.0021083982106245968
22000 0 0 0.096472660907660546 24.932537444246307 0.014313114983959874 0.0021062207284295587 0.014313114983959862 0.0021062207284295591 0.014313114983959874 1.4109199919538741e-17 -6.1790850214420781e-19 -3.6776137690783843e-20 2.8487040653419205e-17 6.4137264969912061e-17 49.999999999999979 50.000000000000178 49.999999999999979 -2.1316282072803006e-14 1.7763568394002505e-13 1.0000000000000002 1969.8656512440016 8030.1343487353042 0.01711066664759054 0 0 0.99671068300244681 5.1450716962040651e-18 1 1.4094758261868961e-13 -6.2581775699122044e-15 -4.0250078364006887e-16 0.33647833651209147 0.33260898863190114 0.0038693478801903325 0.0021062207284295587
22500 0 0 0.096443959316351191 24.932569540218555 0.014301443798681287 0.0021057179051250335 0.01430144379868129 0.0021057179051250335 0.014301443798681287 1.2619072453672296e-17 -1.3298390166866246e-18 3.1571967262844468e-20 9.1545851831374376e-17 1.1593810163776821e-17 49.999999999999979 50.000000000000192 49.999999999999979 -2.1316282072803006e-14 1.9184653865522705e-13 1.0000000000000002 1969.8656512439177 8030.1343487349532 0.017109529009893792 0 0 0.99670874327116099 5.1343546849481566e-18 1 1.2622281692076243e-13 -1.3338397227002918e-14 1.5356981939686045e-16 0.33647724514222183 0.33260905341169128 0.0038681917305305458 0.0021057179051250335
23000 0 0 0.09818181416463552 24.931257775703017 0.014293486887010796 0.0021068330964018173 0.014293486887010785 0.002106833096401816 0.014293486887010796 1.1514053599473291e-17 4.1598668954013546e-19 1.7347234759805482e-20 1.3846512493456192e-16 -5.6783568192768661e-18 49.999999999999979 50.000000000000206 49.999999999999979 -2.1316282072803006e-14 2.0605739337042905e-13 1.0000000000000018 1969.8656512438215 8030.1343487345903 0.017111032988951752 0 0 0.99676092577623765 5.1211998517280548e-18 1 1.1507461480833158e-13 2.4238152717542816e-15 5.7676550437544561e-17 0.3365223282179195 0.3325842270981148 0.0039381011198046934 0.0021068330964018173
23500 0 0 0.10067949498867376 24.929364973274623 0.01429137460205107 0.0021071853907927785 0.01429137460205108 0.0021071853907927785 0.01429137460205107 1.201400090525139e-17 1.8058471384958266e-18 -4.9613091413045763e-20 2.3091647795008946e-17 -3.7068490526679555e-17 49.999999999999986 50.000000000000206 49.999999999999986 -1.4210854715202004e-14 2.0605739337042905e-13 1.0000000000000018 1969.8656512437192 8030.1343487342565 0.017114210580297558 0 0 0.99683688784050017 5.111867850017751e-18 1 1.2007669418647544e-13 1.606158782363476e-14 -5.5858042352403811e-16 0.33658730506016588 0.3325487146228801 0.0040385904372857717 0.0021071853907927785
24000 0 0 0.10272428264046247 24.927814376243845 0.014295129111196434 0.0021061951821285388 0.014295129111196424 0.0021061951821285388 0.014295129111196434 1.3604742332726319e-17 5.6767091027992766e-18 -3.1225022567652786e-20 -3.7607431981190258e-17 6.9359601331712565e-18 49.999999999999986 50.00000000000022 49.999999999999986 -1.4210854715202004e-14 2.2026824808563106e-13 1.0000000000000031 1969.8656512436496 8030.1343487339245 0.017117403048468031 0 0 0.99689761848815084 5.1100532114572896e-18 1 1.3595895242968226e-13 5.6863042920130002e-14 -2.7115792292884715e-16 0.33664080521057799 0.33251993520208023 0.0041208700084977568 0.0021061951821285388
24500 0 0 0.10345163761538108 24.927263282196133 0.014302977585401958 0.0021055322490537722 0.014302977585401973 0.0021055322490537705 0.014302977585401958 1.9936483020056843e-17 3.9850067690230743e-18 9.0205620751001153e-21 2.2589323920022726e-18 2.8618559326739503e-17 49.999999999999979 50.000000000000234 49.999999999999979 -2.1316282072803006e-14 2.3447910280083306e-13 1.0000000000000002 1969.865651243555 8030.1343487334634 0.017119136514510837 0 0 0.99691714647397256 5.1154318990635611e-18 1 1.9953353195227016e-13 4.0144157370607228e-14 7.630392241789702e-17 0.33666015329412541 0.3325100130864248 0.0041501402077006033 0.0021055322490537722
25000 0 0 0.10268856222234375 24.927841263434576 0.014311137207622804 0.002106077723775599 0.014311137207622801 0.0021060777237756003 0.014311137207622804 2.0243529075306364e-17 4.4672598953459371e-18 6.3143934525703681e-20 5.652578524697339e-18 1.3522746301085736e-17 49.999999999999979 50.000000000000242 49.999999999999979 -2.1316282072803006e-14 2.4158453015843406e-13 1.0000000000000044 1969.8656512434718 8030.134348733196 0.017118825448802909 0 0 0.9968930352637646 5.1250597784927621e-18 1 2.0253460282455621e-13 4.3858363121818122e-14 6.5975676665592631e-16 0.33664038733762397 0.33252095472662718 0.0041194326109967871 0.002106077723775599
25500 0 0 0.10095855985950802 24.929150466926654 0.014315348945508011 0.0021067350043705853 0.014315348945508026 0.0021067350043705857 0.014315348945508011 1.6988493944976562e-17 4.4683007294317103e-18 5.0653925498643505e-20 -3.4802171930628792e-17 3.4907410835737455e-17 49.999999999999986 50.000000000000249 49.999999999999986 -1.4210854715202004e-14 2.4868995751603507e-13 1.0000000000000011 1969.8656512433727 8030.1343487327831 0.017116907796227047 0 0 0.99684227450626584 5.1341204794538854e-18 1 1.6982292223806155e-13 4.3568663454297048e-14 6.2727319363977784e-16 0.33659502829027543 0.33254520878305038 0.0040498195072250498 0.0021067350043705853
26000 0 0 0.09916549358896401 24.930507484096548 0.014313744729807967 0.0021064593052768123 0.014313744729807969 0.0021064593052768114 0.014313744729807967 1.6059029106546756e-17 5.8102828104508504e-18 1.7347234759810265e-21 -5.105433140629313e-17 -7.0379955802714648e-18 49.999999999999993 50.000000000000249 49.999999999999993 -7.1054273576010019e-15 2.4868995751603507e-13 1.0000000000000002 1969.8656512432692 8030.1343487323875 0.017114459401762355 0 0 0.99679021367176457 5.1383239988715665e-18 1 1.6044544165483288e-13 5.7529881466317212e-14 1.4302066447708583e-16 0.33654799485436243 0.33257031836092471 0.0039776764934377207 0.0021064593052768123
26500 0 0 0.098130849658002006 24.931291067565066 0.01430798834531853 0.0021057696409546552 0.014307988345318519 0.0021057696409546556 0.01430798834531853 1.3073223059688897e-17 4.363870376178099e-18 6.5572547392086242e-20 1.4801528276612902e-18 8.3908990912183507e-17 50.000000000000014 50.000000000000263 50.000000000000014 1.4210854715202004e-14 2.6290081223123707e-13 1.0000000000000002 1969.865651243183 8030.1343487319909 0.017112625967263411 0 0 0.99675966250579495 5.1363815609456237e-18 1 1.3094214568968449e-13 4.3994755755116799e-14 6.8420851421223482e-16 0.33652103228504598 0.33258498062241598 0.0039360516626300024 0.0021057696409546552
27000 0 0 0.098227047655213576 24.931217929658533 0.014301558980422617 0.002105628234630598 0.014301558980422633 0.0021056282346305975 0.014301558980422617 1.7714302247329465e-17 3.8087588638642892e-18 8.1878948066311909e-20 -3.3773435702745991e-17 8.8857854643785416e-17 50.000000000000021 50.000000000000263 50.000000000000021 2.1316282072803006e-14 2.6290081223123707e-13 1.0000000000000013 1969.8656512431055 8030.1343487316826 0.01711214481466691 0 0 0.99676213401098313 5.1300401387578369e-18 1 1.7727572924227633e-13 3.8558240801622734e-14 7.9499521070635214e-16 0.33652379575898728 0.33258387401379402 0.0039399217451932533 0.002105628234630598
27500 0 0 0.099269641461821836 24.930426584310844 0.014297369882502778 0.0021059483074922169 0.014297369882502797 0.0021059483074922177 0.014297369882502778 1.9969789710801079e-17 2.0480145357434768e-18 -1.4467593789683718e-19 -1.2092444338096531e-16 1.0100503576409338e-16 50.000000000000028 50.000000000000277 50.000000000000028 2.8421709430404007e-14 2.7711166694643907e-13 1.0000000000000027 1969.8656512430005 8030.1343487312361 0.017113078881427091 0 0 0.99679319291209834 5.1231603276504712e-18 1 1.9966320263797854e-13 1.9909637750703838e-14 -1.3350247540723933e-15 0.33655125035753841 0.33256938341570702 0.0039818669418313912 0.0021059483074922169
28000 0 0 0.10067496988354524 24.929359994058629 0.014296756569407614 0.0021060096299371695 0.014296756569407635 0.0021060096299371687 0.014296756569407614 2.4769422624147308e-17 -8.0595252694093532e-19 2.3071822230551957e-19 -5.1525774127968478e-17 7.8101497095779011e-17 50.000000000000043 50.000000000000284 50.000000000000043 4.2632564145606011e-14 2.8421709430404007e-13 1.0000000000000007 1969.8656512429172 8030.1343487308641 0.017114842789932867 0 0 0.99683528537697663 5.1182705461589815e-18 1 2.4764912343044898e-13 -9.327255764621234e-15 2.3535859103150983e-15 0.3365880897621244 0.33254968003529872 0.0040384097268256758 0.0021060096299371695
28500 0 0 0.10176988857774998 24.928529845520668 0.014299563042404092 0.0021057027911567409 0.014299563042404094 0.0021057027911567418 0.014299563042404092 2.6631474803266907e-17 -4.7722242824249127e-18 1.1449174941477435e-20 2.2872516033894149e-17 4.8894540424111338e-17 50.00000000000005 50.000000000000313 50.00000000000005 4.9737991503207013e-14 3.1263880373444408e-13 1.0000000000000002 1969.8656512428197 8030.134348730493 0.017116528395036527 0 0 0.99686757023385941 5.1174843731832784e-18 1 2.658134133709186e-13 -4.8927930061792705e-14 1.134525805929756e-16 0.33661677481456881 0.33253430829093478 0.0040824665236340318 0.0021057027911567409
29000 0 0 0.10210019502319927 24.928280739782778 0.014304358084180242 0.0021055518153581415 0.01430435808418027 0.0021055518153581423 0.014304358084180242 2.8980290389747049e-17 2.997602166496043e-19 -2.393918396854479e-20 7.4555683561210226e-17 -1.8374915080174472e-18 50.000000000000064 50.000000000000306 50.000000000000064 6.3948846218409017e-14 3.0553337637684308e-13 1.0000000000000022 1969.8656512427344 8030.1343487301556 0.017117370743241031 0 0 0.99687663831575657 5.1212332065324342e-18 1 2.898484404342519e-13 3.0269298352536556e-15 -2.776737831817964e-16 0.33662540024655352 0.33252964265745277 0.0040957575891007458 0.0021055518153581415
29500 0 0 0.10160788678951199 24.9286556359699 0.014308837189450925 0.0021057668239462491 0.014308837189450956 0.00210576682394625 0.014308837189450925 3.5222172401025282e-17 -2.5118795932213339e-19 5.1000870193858575e-20 5.4437216490709885e-17 -2.0930935991565256e-19 50.000000000000071 50.000000000000327 50.000000000000071 7.1054273576010019e-14 3.2684965844964609e-13 1.0000000000000013 1969.8656512426485 8030.1343487298382 0.017117094826927002 0 0 0.99686166485648009 5.126575116714403e-18 1 3.5243593525351169e-13 -1.7487098957601069e-15 5.2303329804439502e-16 0.336612362707429 0.33253641540111295 0.0040759473063160523 0.0021057668239462491
30000 0 0 0.10061291520935597 24.929411160865843 0.014310869556416221 0.0021059701204966322 0.014310869556416209 0.0021059701204966304 0.014310869556416221 3.9615880020993283e-17 1.8839096949160881e-19 1.1414480471959356e-19 3.9788998051767845e-17 1.2207434587184637e-17 50.000000000000092 50.000000000000334 50.000000000000092 9.2370555648813024e-14 3.3395508580724709e-13 1.0000000000000022 1969.8656512425441 8030.1343487294052 0.017115972032678825 0 0 0.99683250952850933 5.131067771473325e-18 1 3.962026011295589e-13 2.6381349362003537e-15 1.1089383738609998e-15 0.3365860640190052 0.332550151796285 0.004035912222720206 0.0021059701204966322
30500 0 0 0.099624581648049423 24.930161254544156 0.014309719427925967 0.0021058631703000223 0.014309719427926004 0.0021058631703000218 0.014309719427925967 4.1238540360428394e-17 3.6023267702236882e-18 -6.2450045135342754e-20 -4.5048811611943686e-17 3.2987783616194195e-17 50.000000000000107 50.000000000000355 50.000000000000107 1.0658141036401503e-13 3.5527136788005009e-13 1.0000000000000011 1969.8656512424511 8030.1343487289723 0.017114612782813867 0 0 0.99680373484887219 5.1327742288839554e-18 1 4.1255238344316747e-13 3.6853766566258273e-14 -6.9144219426290242e-16 0.33655999020310107 0.3325638435022894 0.0039961467008116647 0.0021058631703000223
31000 0 0 0.099086761761825223 24.930569480566792 0.014306363560970915 0.0021056389162713149 0.014306363560970949 0.0021056389162713149 0.014306363560970915 3.9685962849426817e-17 5.9001414865094151e-18 -1.6896206656063066e-19 -8.4532341582717408e-17 7.1283946125523482e-17 50.000000000000128 50.000000000000362 50.000000000000128 1.2789769243681803e-13 3.6237679523765109e-13 1.0000000000000047 1969.8656512423536 8030.1343487286103 0.01711365052958732 0 0 0.99678798774762933 5.1313997435703653e-18 1 3.964359227076272e-13 5.8657018044833142e-14 -1.5459682406430781e-15 0.33654587315201379 0.33257136459379322 0.0039745085582205686 0.0021056389162713149
31500 0 0 0.09918474660065342 24.930494977570948 0.014302670275434757 0.0021055898554854266 0.014302670275434793 0.0021055898554854257 0.014302670275434757 4.046415980075414e-17 -1.2077144839786088e-18 1.2108369862353763e-19 -5.3011394864016421e-17 3.1562205398620412e-17 50.000000000000142 50.000000000000377 50.000000000000142 1.4210854715202004e-13 3.765876499528531e-13 1.0000000000000011 1969.865651242259 8030.1343487283129 0.017113467685262531 0 0 0.99679087609721151 5.1279873662422286e-18 1 4.0423003496755364e-13 -1.2116880849372125e-14 1.2952922624775683e-15 0.3365485365589182 0.33257008580252984 0.0039784507563883631 0.0021055898554854266
32000 0 0 0.099795415650593605 24.930030903130874 0.01430028996270454 0.0021056731443247268 0.014300289962704571 0.0021056731443247281 0.01430028996270454 3.2817151773932143e-17 -2.8692326292742161e-18 2.0608514894666074e-19 -4.9764517755440693e-17 3.4119335706399007e-18 50.000000000000163 50.000000000000377 50.000000000000163 1.6342482922482304e-13 3.765876499528531e-13 1.0000000000000031 1969.8656512421744 8030.1343487278682 0.017114057416773621 0 0 0.99680902051348352 5.1242834688883375e-18 1 3.2830422408425264e-13 -2.891681056422775e-14 2.0531540503471953e-15 0.33656467006885898 0.33256164993469378 0.0040030201341652027 0.0021056731443247268
32500 0 0 0.10058221406630991 24.929432955135823 0.014300030856374817 0.002105676184021361 0.014300030856374796 0.0021056761840213619 0.014300030856374817 3.5284622446170631e-17 -6.0937366264298376e-18 -5.7245874707408524e-20 1.5612185772292186e-17 -3.842373342002067e-17 50.000000000000171 50.000000000000369 50.000000000000171 1.7053025658242404e-13 3.694822225952521e-13 1.0000000000000009 1969.865651242086 8030.1343487275217 0.017115064622357831 0 0 0.99683235282680427 5.1218600871977116e-18 1 3.5311337229945142e-13 -6.1910817396437627e-14 -5.4010915228673724e-16 0.33658541290101329 0.33255073572855925 0.0040346771724540376 0.002105676184021361
33000 0 0 0.10117170733574866 24.928985049503577 0.014301748832937366 0.0021055865616155579 0.014301748832937331 0.002105586561615557 0.014301748832937366 3.3921823683440844e-17 -4.8981652067832409e-18 -5.6205040621822145e-20 1.1942372840688958e-16 -2.6097476703736587e-17 50.000000000000185 50.000000000000384 50.000000000000185 1.8474111129762605e-13 3.836930773104541e-13 1.0000000000000056 1969.8656512419959 8030.1343487271406 0.017115983026726372 0 0 0.99684959121100902 5.1216480032375724e-18 1 3.388999146520025e-13 -4.9327024669726383e-14 -7.1338360940608468e-16 0.33660096564573466 0.33254256907905361 0.0040583965666810551 0.0021055865616155579
33500 0 0 0.1013240783085428 24.928869323457189 0.01430450435682405 0.0021055641572034533 0.014304504356824066 0.002105564157203455 0.01430450435682405 3.0431213105070908e-17 -2.8831104170824882e-18 -6.2450045135360761e-20 1.1152972689721761e-16 2.0807321220530244e-17 50.000000000000199 50.000000000000384 50.000000000000199 1.9895196601282805e-13 3.836930773104541e-13 1.000000000000002 1969.8656512419061 8030.134348726785 0.017116407067268909 0 0 0.99685374011072181 5.1236587629425617e-18 1 3.0440016827939612e-13 -2.9113647177474918e-14 -5.0774158675213852e-16 0.33660500924390319 0.33254048160753741 0.0040645276363657779 0.0021055641572034533
34000 0 0 0.10102435187003285 24.929096911161306 0.014306958565031646 0.0021056506501471368 0.01430695856503166 0.0021056506501471377 0.014306958565031646 3.4231992240949261e-17 -1.6642937028574254e-18 -3.4694469519646142e-22 1.4648858021054715e-16 8.1122831297429002e-19 50.000000000000213 50.000000000000391 50.000000000000213 2.1316282072803006e-13 3.907985046680551e-13 1.0000000000000016 1969.8656512418088 8030.1343487264066 0.017116207592450396 0 0 0.99684468568285145 5.126600733460472e-18 1 3.421256336967352e-13 -1.7348102015626941e-14 2.6611746966235051e-17 0.33659711702904621 0.33254464965607844 0.0040524673729677718 0.0021056506501471368
34500 0 0 0.10046265454030223 24.929523375116965 0.01430800401665658 0.0021057158590164879 0.014308004016656592 0.0021057158590164883 0.01430800401665658 3.4995270570383545e-17 -1.267735916247945e-18 5.8286708793008962e-20 4.5112553388738921e-17 -3.0924270114108428e-17 50.000000000000227 50.000000000000391 50.000000000000227 2.2737367544323206e-13 3.907985046680551e-13 1.0000000000000022 1969.8656512417276 8030.1343487259937 0.017115553300099923 0 0 0.99682817166897675 5.1288160593380502e-18 1 3.5016694405198834e-13 -1.240690471875376e-14 4.9555794212162502e-16 0.33658229163478698 0.33255242499720106 0.0040298666375859216 0.0021057158590164879
35000 0 0 0.099923878405484154 24.929932569461958 0.014307321315208446 0.0021056749483301324 0.014307321315208413 0.002105674948330132 0.014307321315208446 3.7067918179488924e-17 -2.156261280646228e-18 -3.6776137690828669e-20 9.9668559245512588e-18 -1.5195089003486375e-17 50.000000000000249 50.000000000000391 50.000000000000249 2.4868995751603507e-13 3.907985046680551e-13 1.0000000000000036 1969.8656512416237 8030.1343487256372 0.017114793226955926 0 0 0.99681244555628412 5.1297508129201922e-18 1 3.7084831775610031e-13 -2.1112289434049858e-14 -3.3537052266461621e-16 0.33656806626632074 0.33255987739027515 0.004008188876045593 0.0021056749483301324
35500 0 0 0.099647219479921986 24.930142949024372 0.014305462927817923 0.0021055979960855988 0.014305462927817912 0.0021055979960855975 0.014305462927817923 3.5190600433782306e-17 3.821942762284786e-18 -8.2919782151966586e-20 2.7305413779397336e-17 3.3903713571308314e-18 50.000000000000263 50.000000000000405 50.000000000000263 2.6290081223123707e-13 4.0500935938325711e-13 1.0000000000000009 1969.8656512415328 8030.1343487252079 0.017114278626878164 0 0 0.99680440740570098 5.1291494329477602e-18 1 3.5220914557001614e-13 3.819047947765521e-14 -8.1870177069244608e-16 0.33656076157360404 0.33256370388790707 0.0039970576856969697 0.0021055979960855988
36000 0 0 0.099723995064587428 24.930084998125292 0.01430343889642134 0.0021055755833706614 0.014303438896421376 0.0021055755833706623 0.01430343889642134 4.1246173143744288e-17 4.6296300127024983e-18 1.1449174941485494e-19 4.6912709712309762e-17 -7.6932378710037422e-18 50.000000000000284 50.000000000000419 50.000000000000284 2.8421709430404007e-13 4.1922021409845911e-13 1.0000000000000007 1969.8656512414379 8030.1343487247959 0.017114209294161332 0 0 0.99680676319527506 5.1271349427100646e-18 1 4.1261048392117892e-13 4.6411877084307607e-14 1.1041074495035663e-15 0.33656277438513788 0.33256262777223677 0.004000146612901101 0.0021055755833706614
36500 0 0 0.10007551250477457 24.929818268866747 0.014302161751538813 0.0021055924419205283 0.014302161751538858 0.0021055924419205283 0.014302161751538813 4.9274473390594459e-17 1.4120649094499482e-18 -7.008282842970259e-20 3.7065676127989194e-17 2.3249605814739446e-17 50.000000000000306 50.000000000000419 50.000000000000306 3.0553337637684308e-13 4.1922021409845911e-13 1.0000000000000031 1969.8656512413452 8030.1343487244994 0.017114563134316901 0 0 0.99681722869358202 5.1250485842387131e-18 1 4.9333107033326114e-13 1.3997700568091354e-14 -6.5716527678868496e-16 0.33657202087986371 0.33255773118767801 0.0040142896921857019 0.0021055924419205283
37000 0 0 0.10050996274761387 24.929488391224851 0.014302081607006106 0.0021055880798582765 0.014302081607006153 0.0021055880798582761 0.014302081607006106 5.0436391174809879e-17 -3.327546571630231e-18 5.4817261841056874e-20 1.0837698197942414e-16 2.6505827008349591e-17 50.000000000000327 50.000000000000426 50.000000000000327 3.2684965844964609e-13 4.2632564145606011e-13 1.0000000000000011 1969.8656512412661 8030.1343487241056 0.017115130309892475 0 0 0.99683007956432024 5.1237555073844374e-18 1 5.0420518370126793e-13 -3.3698846664542703e-14 6.1482132488752496e-16 0.33658345646057131 0.33255168648718536 0.0040317699733859458 0.0021055880798582765
37500 0 0 0.10082226091100761 24.929251179843085 0.014303086011776369 0.0021055649422166136 0.014303086011776338 0.0021055649422166128 0.014303086011776369 5.2404608430662013e-17 -1.1554299184131568e-17 7.2858385991280944e-21 1.9387399902861532e-16 -1.2090034719570725e-17 50.000000000000362 50.000000000000426 50.000000000000362 3.6237679523765109e-13 4.2632564145606011e-13 1.0000000000000038 1969.8656512411731 8030.1343487237609 0.017115629168280806 0 0 0.99683919668429322 5.1237607448906141e-18 1 5.2365186839486988e-13 -1.1565130321442604e-13 4.4677316784920721e-17 0.33659169085222607 0.33254735513657774 0.0040443357156483284 0.0021055649422166136
37999 0 0 0.10088515260506309 24.929203302386078 0.014304688737283459 0.0021055710273662634 0.014304688737283468 0.0021055710273662639 0.014304688737283459 5.2477813761350837e-17 -1.2483417077868557e-17 5.620504062184782e-20 2.1307596385268399e-16 -8.2922907804390195e-17 50.000000000000391 50.000000000000441 50.000000000000391 3.907985046680551e-13 4.4053649617126212e-13 1.0000000000000029 1969.8656512410707 8030.1343487233953 0.01711584720396446 0 0 0.99684087789965736 5.124924178469286e-18 1 5.2459208779093037e-13 -1.2499100062249302e-13 5.5898998477100427e-16 0.33659336662917538 0.33254650033419808 0.0040468662949773027 0.0021055710273662634
