# step v0 Mach sigma R umax_ref urms_ref umax_mean urms_mean umax_lab mean_x mean_y mean_z drop_ux drop_uy x0 y0 x_unwrapped center_dx center_dy axis_ratio mass_R mass_B min_f negative_total negative_color min_rho min_phi max_phi qx qy qz p_in p_out delta_p urms_lab
0 0 0 -5.560112678108922e-15 25.040521385269312 2.5018537765542012e-17 7.4204000640148154e-18 2.5024888685069101e-17 7.4203971441292378e-18 2.5018537765542012e-17 -6.2450045135165054e-21 2.0816681711721683e-21 0 -2.5973886358319358e-20 -3.6305651840621253e-21 50.000000000000007 50.000000000000007 50.000000000000007 7.1054273576010019e-15 7.1054273576010019e-15 1.0000000000000007 1969.8656512480636 8030.1343487520408 0.027704518376059011 0 0 0.99999999999999956 5.1710809399147485e-26 0.99999999999998512 8.3615118886560119e-18 -1.3824231651441297e-16 7.1620334397579474e-18 0.33333333333333387 0.33333333333333409 -2.2204460492503131e-16 7.4204000640148154e-18
500 0 0 0.00035096327297202046 25.039956851060289 1.7984662124313442e-05 1.1609417845308208e-05 1.7984662124309248e-05 1.1609417845308193e-05 1.7984662124313442e-05 -4.1935205308264964e-18 2.0716067750115838e-18 7.2858385991028737e-21 -1.1888683300390815e-17 -1.4501287508950176e-17 50.000000000000007 49.999999999999993 50.000000000000007 7.1054273576010019e-15 -7.1054273576010019e-15 1.0000000000000022 1969.8656512479861 8030.1343487516551 0.027720970923016015 0 0 0.99996226559817603 3.9106580808878559e-18 0.99999999999999978 -4.2039288663882384e-14 2.0692367821190414e-14 5.0727034717687123e-17 0.33334595484145224 0.333331938712149 1.4016129303240366e-05 1.1609417845308208e-05
1000 0 0 0.00086136444468961162 25.039530859841296 2.0701050882991509e-05 1.4069709617456581e-05 2.070105088299612e-05 1.4069709617456564e-05 2.0701050882991509e-05 -8.4356133189805969e-18 2.2058743720522594e-18 6.9388939039077055e-22 4.9367259013690058e-18 -7.9032929599031405e-18 49.999999999999993 49.999999999999993 49.999999999999993 -7.1054273576010019e-15 -7.1054273576010019e-15 1.0000000000000011 1969.8656512478938 8030.1343487513868 0.027721574752855534 0 0 0.99997179789773327 4.7472867987930947e-18 0.99999999999999978 -8.4343013919996627e-14 2.2154526206196595e-14 1.519245595659348e-17 0.33336093022067637 0.33332653003764134 3.440018303502157e-05 1.4069709617456581e-05
1500 0 0 0.0012469863542659005 25.039229926146866 1.5573576997187047e-05 1.0083285753108402e-05 1.5573576997191029e-05 1.0083285753108389e-05 1.5573576997187047e-05 -1.1853365511350734e-17 6.6592564795804481e-18 5.2041704279309533e-21 -6.5473422727757297e-18 8.217568176384165e-18 49.999999999999986 50.000000000000007 49.999999999999986 -1.4210854715202004e-14 7.1054273576010019e-15 1.0000000000000051 1969.8656512478331 8030.1343487510767 0.027721939535612573 0 0 0.99995579793290135 4.8116199680629941e-18 0.99999999999999978 -1.1842545173668118e-13 6.6628400853971869e-14 -9.0699963238070645e-18 0.33337200640494263 0.33332220509883442 4.9801306108210319e-05 1.0083285753108402e-05
2000 0 0 0.001381751650853159 25.03911963910744 5.8875491830701913e-06 3.6589615452045769e-06 5.8875491830552682e-06 3.6589615452045786e-06 5.8875491830701913e-06 -1.4922785229745017e-17 5.7624044425005807e-18 -1.075528555105774e-20 1.3321875118393764e-17 -8.3639291728652645e-18 49.999999999999979 50.000000000000007 49.999999999999979 -2.1316282072803006e-14 7.1054273576010019e-15 1.0000000000000007 1969.8656512477564 8030.1343487508475 0.027722101797955062 0 0 0.99995091450449147 5.5529563425117042e-18 0.99999999999999978 -1.4857863193066542e-13 5.745061109385503e-14 -1.2601531180172254e-16 0.33337584302186013 0.33332065930650717 5.5183715352957741e-05 3.6589615452045769e-06
2500 0 0 0.0013137667217918672 25.039171025922482 6.888544029569986e-06 3.220506893214408e-06 6.8885440295645624e-06 3.2205068932144e-06 6.888544029569986e-06 -1.0076661727255859e-17 5.4234394752948485e-18 5.551115123126764e-21 -2.0912636376248243e-17 -3.7154261209100145e-17 49.999999999999972 50.000000000000014 49.999999999999972 -2.8421709430404007e-14 1.4210854715202004e-14 1.0000000000000011 1969.8656512477028 8030.1343487505874 0.027722028471760488 0 0 0.99995866444955417 5.5728389027647756e-18 0.99999999999999978 -1.0070882934968685e-13 5.4440515985488495e-14 6.6036873459364e-17 0.33337424418619988 0.33332177572706312 5.2468459136756351e-05 3.220506893214408e-06
3000 0 0 0.0011383418018539218 25.039305712966918 8.2787263458908832e-06 5.4974120200437629e-06 8.2787263458950354e-06 5.4974120200437815e-06 8.2787263458908832e-06 -7.8714812445940398e-18 4.1529280014893623e-18 -1.3877787807817418e-20 -6.5187284259073588e-17 -2.4293239743426188e-17 49.999999999999964 50.000000000000014 49.999999999999964 -3.5527136788005009e-14 1.4210854715202004e-14 1.0000000000000018 1969.8656512476309 8030.13434875026 0.027721828789746557 0 0 0.9999720901920317 5.578703857646535e-18 0.99999999999999978 -7.8514153675911285e-14 4.1942930248742294e-14 -1.5645477960223941e-16 0.33336959407427552 0.33332413187916105 4.5462195114476245e-05 5.4974120200437629e-06
3500 0 0 0.00096782418474474451 25.039436953230261 7.2108420522442175e-06 4.8811441128141237e-06 7.2108420522323862e-06 4.8811441128141288e-06 7.2108420522442175e-06 -1.1831161050859914e-17 4.9103082711011512e-18 -2.7755575615635704e-21 -5.154622334840363e-17 -2.5217825672929426e-17 49.999999999999964 50.000000000000021 49.999999999999964 -3.5527136788005009e-14 2.1316282072803006e-14 1.000000000000002 1969.865651247552 8030.1343487499826 0.027721643821093656 0 0 0.99997384113686949 5.5785031034859091e-18 0.99999999999999978 -1.1809986587722334e-13 4.8904023192131163e-14 -4.2500138458653527e-17 0.33336495558886758 0.33332630359415411 3.865199471347891e-05 4.8811441128141237e-06
4000 0 0 0.00087432742419719814 25.03950954986195 4.7822853010043867e-06 2.5792293073288414e-06 4.7822853009913254e-06 2.5792293073288422e-06 4.7822853010043867e-06 -1.4695883399089289e-17 6.8701988542604965e-18 -1.8041124150163912e-20 -2.9203871002230158e-17 -1.268192026455117e-17 49.999999999999957 50.000000000000021 49.999999999999957 -4.2632564145606011e-14 2.1316282072803006e-14 1.0000000000000029 1969.8656512474709 8030.1343487497188 0.027721548438295589 0 0 0.99997205759397756 5.5770178752925326e-18 0.99999999999999978 -1.4697730600595557e-13 6.8866833012582417e-14 -1.775569119390336e-16 0.33336234452405183 0.33332742661072545 3.4917913326382166e-05 2.5792293073288414e-06
4500 0 0 0.00087135306547251148 25.039512898309077 4.8688235627301318e-06 1.3446207748839758e-06 4.8688235627212846e-06 1.3446207748839778e-06 4.8688235627301318e-06 -1.8321455463882526e-17 5.8092419763529955e-18 -9.7144514654732372e-21 -3.8873739247976165e-17 1.251064084652709e-17 49.99999999999995 50.000000000000028 49.99999999999995 -4.9737991503207013e-14 2.8421709430404007e-14 1.0000000000000022 1969.8656512474054 8030.1343487493923 0.027721544397325083 0 0 0.99997247390350008 5.5731112780530158e-18 0.99999999999999978 -1.8339317017041987e-13 5.7916822203631529e-14 -6.9466968455255263e-17 0.33336215560791588 0.33332735648586381 3.4799122052064924e-05 1.3446207748839758e-06
5000 0 0 0.00092881716106300285 25.039469835787557 6.8447271033262733e-06 2.389676820287081e-06 6.8447271033313716e-06 2.3896768202870903e-06 6.8447271033262733e-06 -1.5183340695839873e-17 7.9734829849825649e-18 -1.3530843112623794e-20 -1.0040357641314554e-17 4.8761597758902631e-17 49.999999999999943 50.000000000000043 49.999999999999943 -5.6843418860808015e-14 4.2632564145606011e-14 1.0000000000000036 1969.8656512473453 8030.1343487490949 0.027721608106544417 0 0 0.99997438692734608 5.5708653187329435e-18 0.99999999999999978 -1.5174818189132508e-13 7.9885386568040624e-14 -1.5190087662038548e-16 0.33336360026396578 0.33332650614148018 3.7094122485592518e-05 2.389676820287081e-06
5500 0 0 0.0010008644936447466 25.039415269456065 7.0830263114485565e-06 2.5845748091048307e-06 7.0830263114527222e-06 2.5845748091048252e-06 7.0830263114485565e-06 -1.5630205463252143e-17 9.7387375941374818e-18 7.9797279894963338e-21 1.1813859637795393e-17 6.7327564497090433e-17 49.999999999999936 50.00000000000005 49.999999999999936 -6.3948846218409017e-14 4.9737991503207013e-14 1.0000000000000022 1969.865651247273 8030.1343487488257 0.027721692417511816 0 0 0.99997607932628652 5.5693780016786426e-18 0.99999999999999978 -1.5608242918010438e-13 9.7377314936930023e-14 6.3139734236357721e-17 0.33336546385517557 0.33332549229502234 3.9971560153229113e-05 2.5845748091048307e-06
6000 0 0 0.0010510416605613527 25.039377082408432 6.0638505096758082e-06 1.942077308172889e-06 6.0638505096739447e-06 1.9420773081728899e-06 6.0638505096758082e-06 -1.5345710813192603e-17 1.2709971963792313e-17 2.42861286636857e-21 6.0192224846241327e-18 3.0312802070661017e-17 49.999999999999929 50.000000000000057 49.999999999999929 -7.1054273576010019e-14 5.6843418860808015e-14 1.0000000000000027 1969.865651247201 8030.1343487485783 0.027721754230162883 0 0 0.9999719771329052 5.5683353950978834e-18 0.99999999999999978 -1.534244092719645e-13 1.2717029781116572e-13 4.3726892414169606e-17 0.33336677979432311 0.33332480424289057 4.1975551432538172e-05 1.942077308172889e-06
6500 0 0 0.001064645431663845 25.039366586412573 4.6431200836487194e-06 1.3759771811121655e-06 4.6431200836509937e-06 1.3759771811121683e-06 4.6431200836487194e-06 -1.5736370539983176e-17 1.2519152381435124e-17 1.7347234759775971e-21 3.4683365748455661e-17 3.9160011755145068e-17 49.999999999999929 50.000000000000064 49.999999999999929 -7.1054273576010019e-14 6.3948846218409017e-14 1.0000000000000027 1969.8656512471132 8030.1343487482991 0.027721774283220639 0 0 0.99997106930784896 5.5676621864604977e-18 0.99999999999999978 -1.5788419191910713e-13 1.2480545424043998e-13 1.3786629860145338e-17 0.33336715099579822 0.3333246321314336 4.2518864364626818e-05 1.3759771811121655e-06
7000 0 0 0.0010477916877954163 25.039379224682492 4.395200295949705e-06 1.509829979068879e-06 4.395200295959788e-06 1.5098299790688754e-06 4.395200295949705e-06 -1.5072318393379465e-17 1.0083253676467725e-17 3.4694469519553122e-21 7.8049092761038274e-17 2.4806919312683785e-17 49.999999999999915 50.000000000000071 49.999999999999915 -8.5265128291212022e-14 7.1054273576010019e-14 1.0000000000000018 1969.8656512470513 8030.1343487479362 0.027721757580503475 0 0 0.99997271292564882 5.5672221458392993e-18 0.99999999999999978 -1.5035917320546933e-13 1.0060269638609368e-13 6.7420441637509074e-17 0.33336672786810995 0.3333248821147311 4.1845753378844108e-05 1.509829979068879e-06
7500 0 0 0.001017841498981492 25.039401853547776 4.7407885719881543e-06 1.6846019142989737e-06 4.7407885719786226e-06 1.6846019142989727e-06 4.7407885719881543e-06 -9.5319585558024327e-18 1.0585976539806503e-17 1.595945597899512e-20 8.9608185821343051e-17 4.9572340337010994e-17 49.999999999999908 50.000000000000078 49.999999999999908 -9.2370555648813024e-14 7.815970093361102e-14 1.0000000000000016 1969.8656512469879 8030.1343487477607 0.027721723344182322 0 0 0.99997538999462543 5.5668362683143203e-18 0.99999999999999978 -9.4932559276949051e-14 1.0570115381333665e-13 1.8371290503006965e-16 0.33336595861086432 0.33332530901767776 4.0649593186559141e-05 1.6846019142989737e-06
8000 0 0 0.00099214818517490101 25.039421303341548 4.5539003666545062e-06 1.5903989505821719e-06 4.5539003666421395e-06 1.5903989505821679e-06 4.5539003666545062e-06 -8.0446066474993911e-18 1.2366843660245647e-17 -9.71445146547561e-21 1.366573991316811e-17 3.8736114869531415e-17 49.999999999999901 50.000000000000085 49.999999999999901 -9.9475983006414026e-14 8.5265128291212022e-14 1.0000000000000013 1969.8656512469229 8030.1343487474078 0.027721692080443824 0 0 0.99997595883741852 5.566490041636231e-18 0.99999999999999978 -7.96935691941062e-14 1.235770509522437e-13 -9.4500699771865449e-17 0.33336529488482552 0.33332567143773562 3.9623447089909281e-05 1.5903989505821719e-06
8500 0 0 0.00098052384811263336 25.039430112788356 4.0981148010848867e-06 1.4342633833480196e-06 4.0981148010961666e-06 1.4342633833480217e-06 4.0981148010848867e-06 -1.1280212874893555e-17 7.3645950449163558e-18 -7.6327832943025318e-21 -2.1350381443427742e-17 -1.0713753122012282e-17 49.999999999999901 50.000000000000099 49.999999999999901 -9.9475983006414026e-14 9.9475983006414026e-14 1.0000000000000004 1969.8656512468608 8030.1343487471131 0.027721676321600924 0 0 0.99997564125802629 5.5661186231483435e-18 0.99999999999999978 -1.1308407552051399e-13 7.3910162468432364e-14 -9.7793986363008643e-17 0.3333649936116696 0.33332583441979918 3.9159191870419274e-05 1.4342633833480196e-06
9000 0 0 0.00098345686318579493 25.039427894040109 4.6608865316471121e-06 1.4149946215037892e-06 4.6608865316625408e-06 1.414994621503789e-06 4.6608865316471121e-06 -1.2785258962652407e-17 9.0333990288073796e-18 -1.3183898417432133e-20 -9.9041752859932698e-17 -6.7508798804423741e-17 49.999999999999893 50.000000000000099 49.999999999999893 -1.0658141036401503e-13 9.9475983006414026e-14 1.0000000000000009 1969.8656512467762 8030.1343487468521 0.027721677820631126 0 0 0.9999757226514574 5.5659388642050162e-18 0.99999999999999978 -1.2803079519414957e-13 9.0041692982204186e-14 -1.0600367302387306e-16 0.33336506922798359 0.33332579289677716 3.927633120642815e-05 1.4149946215037892e-06
9500 0 0 0.00099495454381432836 25.039419181885187 4.9732863472844057e-06 1.4629964441343373e-06 4.9732863472906517e-06 1.4629964441343405e-06 4.9732863472844057e-06 -1.3902420881182684e-17 8.8096197004065464e-18 -7.2858385991074929e-21 -7.9180644676955303e-17 -3.0609070743516626e-17 49.999999999999893 50.000000000000099 49.999999999999893 -1.0658141036401503e-13 9.9475983006414026e-14 1.0000000000000011 1969.8656512467069 8030.1343487465401 0.027721690311590309 0 0 0.99997603632795573 5.5656651716467735e-18 0.99999999999999978 -1.3890937909617285e-13 8.7653853317302163e-14 -3.3926675667354939e-17 0.33336536707587516 0.33332563154780293 3.9735528072237791e-05 1.4629964441343373e-06
10000 0 0 0.0010072597529857525 25.039409855924863 4.9822219028748609e-06 1.4666191244292485e-06 4.9822219028555901e-06 1.4666191244292445e-06 4.9822219028748609e-06 -1.5033113642825784e-17 1.4528656056011366e-17 -1.3877787807824403e-20 -2.8881419669548963e-18 -1.2661836453771417e-18 49.999999999999886 50.000000000000099 49.999999999999886 -1.1368683772161603e-13 9.9475983006414026e-14 1.0000000000000002 1969.8656512466459 8030.1343487462182 0.027721704828948472 0 0 0.9999763246468254 5.5654649176230762e-18 0.99999999999999978 -1.4982475048943705e-13 1.4494841208690446e-13 -1.2924233908176115e-16 0.33336568602790656 0.33332545905136113 4.0226976545432169e-05 1.4666191244292485e-06
10500 0 0 0.0010147871676941269 25.039404152128061 4.7876046331944753e-06 1.4368535611665584e-06 4.7876046331989976e-06 1.436853561166559e-06 4.7876046331944753e-06 -1.7231355231585536e-17 1.0835776720349525e-17 6.9388939039123492e-22 1.8778672916822561e-17 2.3328701257251719e-17 49.999999999999879 50.000000000000114 49.999999999999879 -1.2079226507921703e-13 1.1368683772161603e-13 1.000000000000004 1969.8656512465702 8030.1343487460099 0.027721714456064458 0 0 0.99997567518089392 5.5653450700955896e-18 0.99999999999999978 -1.7232585462225412e-13 1.0829245884229088e-13 -3.4288203101036678e-18 0.33336588102438508 0.33332535341591929 4.0527608465790177e-05 1.4368535611665584e-06
11000 0 0 0.0010158334926874321 25.039403362992836 4.5432329046060172e-06 1.423748120390863e-06 4.5432329046088811e-06 1.4237481203908617e-06 4.5432329046060172e-06 -1.7285825548731855e-17 1.3236287066408466e-17 -6.2450045135213337e-21 1.1215488878932424e-17 7.0730074672666103e-17 49.999999999999872 50.000000000000114 49.999999999999872 -1.2789769243681803e-13 1.1368683772161603e-13 1.0000000000000022 1969.8656512464995 8030.1343487457207 0.027721716640653375 0 0 0.99997557963521311 5.5652764485150699e-18 0.99999999999999978 -1.7246655695991221e-13 1.3227834503338362e-13 -8.6301523365289067e-17 0.33336590775567154 0.33332533835879091 4.0569396880629771e-05 1.423748120390863e-06
11500 0 0 0.0010120504650559475 25.039406235940746 4.3732474590860715e-06 1.4316610679117188e-06 4.3732474590913324e-06 1.4316610679117182e-06 4.3732474590860715e-06 -2.088294814852111e-17 1.3442372215355294e-17 9.7144514654780806e-21 -7.9089737795836107e-18 4.1523064566399483e-17 49.999999999999865 50.000000000000121 49.999999999999865 -1.3500311979441904e-13 1.2079226507921703e-13 1.0000000000000018 1969.8656512464288 8030.1343487454315 0.027721712872243523 0 0 0.99997589688859179 5.5652273915520904e-18 0.99999999999999978 -2.0845675310693021e-13 1.342914658996629e-13 9.9352279351905368e-17 0.3333658091080472 0.33332539079878221 4.0418309264989016e-05 1.4316610679117188e-06
12000 0 0 0.0010066390300850099 25.039410342863114 4.328561924603366e-06 1.4373184355769074e-06 4.3285619246137278e-06 1.4373184355769072e-06 4.328561924603366e-06 -2.3513482827495229e-17 8.8609675152970674e-18 1.8388068845369794e-20 -1.6886377985306826e-17 -1.7769162122755879e-18 49.999999999999858 50.000000000000142 49.999999999999858 -1.4210854715202004e-13 1.4210854715202004e-13 1.0000000000000036 1969.8656512463597 8030.1343487450958 0.027721706721435032 0 0 0.99997635333567092 5.5651872271077657e-18 0.99999999999999978 -2.3530977107485513e-13 8.8353163182542277e-14 1.1291173014998418e-16 0.33336566826814668 0.33332546608222052 4.0202185926152545e-05 1.4373184355769074e-06
12500 0 0 0.001002462349371065 25.039413511786101 4.3890030727198518e-06 1.4339180544955103e-06 4.3890030727328639e-06 1.433918054495506e-06 4.3890030727198518e-06 -2.741001869923845e-17 9.007378176669899e-18 0 -3.9383861723531532e-17 7.3987140286678785e-18 49.999999999999851 50.000000000000149 49.999999999999851 -1.4921397450962104e-13 1.4921397450962104e-13 1.0000000000000029 1969.8656512462865 8030.1343487448248 0.027721701621062959 0 0 0.99997624957434772 5.5651440920621398e-18 0.99999999999999978 -2.7434921129050431e-13 9.0381965600528387e-14 -2.3080072609526351e-17 0.33336555965554659 0.33332552427896323 4.003537658336942e-05 1.4339180544955103e-06
13000 0 0 0.0010009194104249448 25.039414681620269 4.4953404452803527e-06 1.4302742913755144e-06 4.4953404453018521e-06 1.4302742913755135e-06 4.4953404452803527e-06 -2.452898995033444e-17 5.8758553578340043e-18 7.6327832943049181e-21 -3.5343784912151748e-17 2.2868900591390085e-17 49.999999999999844 50.000000000000163 49.999999999999844 -1.5631940186722204e-13 1.6342482922482304e-13 1.0000000000000029 1969.8656512462169 8030.1343487445438 0.027721699430526547 0 0 0.9999762076853439 5.5650969724256803e-18 0.99999999999999978 -2.4508610168111806e-13 5.873587734244529e-14 7.8354546945908982e-17 0.33336551961518807 0.33332554586088303 3.9973754305033804e-05 1.4302742913755144e-06
13500 0 0 0.0010018178173492453 25.039413998753677 4.5876586820432893e-06 1.4310179813551372e-06 4.5876586820558e-06 1.4310179813551392e-06 4.5876586820432893e-06 -2.2284604717114687e-17 4.5921599856102191e-18 -5.8980598183268155e-21 -5.2610314856838175e-17 3.830021112425794e-18 49.999999999999837 50.000000000000163 49.999999999999837 -1.6342482922482304e-13 1.6342482922482304e-13 1.0000000000000036 1969.8656512461528 8030.13434874424 0.02772170014710082 0 0 0.99997623111396983 5.5650512845431637e-18 0.99999999999999978 -2.2285760409177365e-13 4.5959039135843151e-14 -1.9840688328956704e-17 0.33336554310144861 0.33332553346634297 4.0009635105642261e-05 1.4310179813551372e-06
14000 0 0 0.0010039749937000629 25.039412360862972 4.6314709538155864e-06 1.4328995444020485e-06 4.631470953836077e-06 1.4328995444020488e-06 4.6314709538155864e-06 -2.4515459107223822e-17 -4.4627496143023736e-18 -7.6327832943055441e-21 -1.0932668364587418e-17 -5.1140620322038887e-18 49.999999999999829 50.000000000000171 49.999999999999829 -1.7053025658242404e-13 1.7053025658242404e-13 1.0000000000000004 1969.8656512460832 8030.1343487439754 0.027721702514631071 0 0 0.99997628630526514 5.5650135439078073e-18 0.99999999999999978 -2.4503920660113865e-13 -4.4342335513264364e-14 -3.8099097876616132e-17 0.33336559931802401 0.33332550352906415 4.0095788959859657e-05 1.4328995444020485e-06
14500 0 0 0.0010060508410336638 25.039410785041635 4.6243259677067353e-06 1.4330973729388427e-06 4.6243259677272436e-06 1.433097372938844e-06 4.6243259677067353e-06 -2.3091251133446087e-17 -5.9112437167446129e-18 7.6327832943057562e-21 -9.2248979645667951e-18 -3.1206676506604749e-17 49.999999999999822 50.000000000000171 49.999999999999822 -1.7763568394002505e-13 1.7053025658242404e-13 1.0000000000000038 1969.8656512460245 8030.1343487437598 0.027721704974323427 0 0 0.99997633649303397 5.5649896100503747e-18 0.99999999999999978 -2.3085892633508836e-13 -5.9657699592345821e-14 9.0543869980259945e-17 0.33336565338288249 0.33332547468819712 4.0178694685366612e-05 1.4330973729388427e-06
15000 0 0 0.0010071770558706414 25.039409930230118 4.5864339831248425e-06 1.4324820513563993e-06 4.5864339831427293e-06 1.4324820513563978e-06 4.5864339831248425e-06 -2.5681887172473563e-17 -3.864963904480438e-19 1.7000290064590798e-20 -4.796384377297763e-18 1.5790663909325547e-17 49.999999999999815 50.000000000000171 49.999999999999815 -1.8474111129762605e-13 1.7053025658242404e-13 1.0000000000000004 1969.86565124596 8030.1343487434551 0.027721706435910369 0 0 0.99997631509471352 5.5649756384621723e-18 0.99999999999999978 -2.5664696470119585e-13 -4.0120388942028906e-15 1.3218342773706368e-16 0.33336568270227518 0.33332545902852739 4.0223673747785682e-05 1.4324820513563993e-06
15500 0 0 0.001007177838670678 25.039409929749052 4.5445739442916377e-06 1.4324753363210136e-06 4.5445739442991966e-06 1.4324753363210068e-06 4.5445739442916377e-06 -2.5552823745861661e-17 9.7977181923277796e-19 -7.9797279895020875e-21 4.4495178431829821e-19 5.9104322400667756e-17 49.999999999999808 50.000000000000171 49.999999999999808 -1.9184653865522705e-13 1.7053025658242404e-13 1.0000000000000011 1969.8656512458779 8030.134348743205 0.027721706595144481 0 0 0.99997631486364524 5.5649695845326293e-18 0.99999999999999978 -2.5596908084093035e-13 1.0008263479035788e-14 -3.9215654805693001e-17 0.33336568271093547 0.3333254590059242 4.0223705011277477e-05 1.4324753363210136e-06
16000 0 0 0.0010064199629549759 25.039410505125307 4.5184162193596361e-06 1.4329458284130934e-06 4.5184162193793542e-06 1.4329458284130913e-06 4.5184162193596361e-06 -2.8371402449632623e-17 4.8676340735964012e-19 1.3877787807830083e-21 -2.7222158267988479e-17 2.74346718213875e-17 49.999999999999801 50.000000000000171 49.999999999999801 -1.9895196601282805e-13 1.7053025658242404e-13 1.0000000000000051 1969.8656512457992 8030.134348742894 0.027721705808665401 0 0 0.9999763455135775 5.5649251328669406e-18 0.99999999999999978 -2.8357444871144478e-13 4.8830180971168047e-15 2.3678017812498296e-17 0.33336566296617959 0.33332546952940723 4.0193436772362201e-05 1.4329458284130934e-06
16500 0 0 0.001005477705336253 25.039411220423698 4.5143722555973049e-06 1.4332147723592615e-06 4.5143722556148673e-06 1.4332147723592628e-06 4.5143722555973049e-06 -2.3759466616396389e-17 -1.0779571679732422e-18 8.6736173798941287e-21 -1.7794998110470111e-17 6.3448994001692398e-18 49.999999999999787 50.000000000000171 49.999999999999787 -2.1316282072803006e-13 1.7053025658242404e-13 1.0000000000000002 1969.8656512457292 8030.1343487425647 0.027721704724605997 0 0 0.99997632270818371 5.5649199014809833e-18 0.99999999999999978 -2.373164175331327e-13 -1.0403538814531416e-14 7.0677157417356433e-17 0.33336563842396738 0.33332548261932465 4.0155804642727499e-05 1.4332147723592615e-06
17000 0 0 0.0010048174945096629 25.039411721572531 4.5271682390049239e-06 1.4332061218823381e-06 4.5271682390227845e-06 1.4332061218823379e-06 4.5271682390049239e-06 -2.5490026756033718e-17 2.3106516700038729e-19 -6.9388939039155352e-22 2.0565930956414268e-17 -1.4017798602265932e-17 49.99999999999978 50.000000000000163 49.99999999999978 -2.2026824808563106e-13 1.6342482922482304e-13 1.000000000000002 1969.8656512456719 8030.1343487422319 0.027721703907955548 0 0 0.99997630672141413 5.5649138130498806e-18 0.99999999999999978 -2.5468514660283145e-13 2.3261219876968295e-15 -2.4653706321105755e-17 0.33336562123024444 0.33332549179327192 4.0129436972513588e-05 1.4332061218823381e-06
17500 0 0 0.0010046320832431434 25.039411862348526 4.5459438884546787e-06 1.4332127470217927e-06 4.5459438884763967e-06 1.433212747021797e-06 4.5459438884546787e-06 -2.7143912118033279e-17 -3.5693670241743216e-18 1.0408340855873798e-21 -1.0397310603110839e-17 -2.0547672187890787e-17 49.999999999999766 50.000000000000171 49.999999999999766 -2.3447910280083306e-13 1.7053025658242404e-13 1.0000000000000011 1969.8656512455948 8030.1343487419863 0.027721703623990006 0 0 0.9999763022261593 5.5649070524483502e-18 0.99999999999999978 -2.71421614703739e-13 -3.5368552420935561e-14 -4.9862627809444094e-17 0.33336561640025592 0.33332549436828623 4.0122031969680449e-05 1.4332127470217927e-06
18000 0 0 0.0010048464427078027 25.03941169963753 4.560769236145047e-06 1.4333278092331326e-06 4.5607692361473492e-06 1.4333278092331317e-06 4.560769236145047e-06 -3.0150534846600848e-17 -7.7986228586112541e-18 4.5102810375454354e-21 -3.0618359916991462e-17 8.2817142310024414e-18 49.999999999999758 50.000000000000171 49.999999999999758 -2.4158453015843406e-13 1.7053025658242404e-13 1.0000000000000036 1969.8656512455302 8030.1343487416771 0.027721703821626247 0 0 0.99997630741261945 5.5649006931673215e-18 0.99999999999999978 -3.017874205964929e-13 -7.8037087197333759e-14 1.3269464028736768e-17 0.3333656219818214 0.33332549138870837 4.0130593113030244e-05 1.4333278092331326e-06
18500 0 0 0.0010052376988279486 25.039411402646472 4.5666320812815489e-06 1.433438559729442e-06 4.5666320813027273e-06 1.4334385597294433e-06 4.5666320812815489e-06 -2.5546925686048478e-17 -4.4023812373396685e-18 -1.7000290064594827e-20 -4.0771907328892147e-17 -2.0839438562191884e-17 49.999999999999744 50.000000000000171 49.999999999999744 -2.5579538487363607e-13 1.7053025658242404e-13 1.0000000000000011 1969.865651245467 8030.1343487414724 0.027721704258665096 0 0 0.99997631688379784 5.5648961066880263e-18 0.99999999999999978 -2.5542364921793367e-13 -4.3732284173443451e-14 -1.6871406268268341e-16 0.33336563216999915 0.33332548595079842 4.0146219200731803e-05 1.433438559729442e-06
19000 0 0 0.0010055793756640573 25.039411143287502 4.5640015517066407e-06 1.4334829316989391e-06 4.5640015517310175e-06 1.4334829316989423e-06 4.5640015517066407e-06 -2.7248689415985164e-17 -7.2261641115387135e-18 -5.8980598183290822e-21 -1.0718481795495278e-17 -4.3548703760464085e-17 49.99999999999973 50.000000000000163 49.99999999999973 -2.7000623958883807e-13 1.6342482922482304e-13 1.0000000000000016 1969.8656512453933 8030.1343487411377 0.027721704668615621 0 0 0.99997632515425283 5.5648931251339685e-18 0.99999999999999978 -2.7241059004336105e-13 -7.2254533026554755e-14 -3.5550112696828929e-17 0.33336564106733546 0.33332548120215694 4.015986517852399e-05 1.4334829316989391e-06
19500 0 0 0.0010057402714903948 25.039411021151817 4.5568420124286136e-06 1.4335023698395161e-06 4.5568420124533783e-06 1.4335023698395155e-06 4.5568420124286136e-06 -2.5127469549558504e-17 -9.8952096516804711e-18 -6.9388939039167427e-22 9.8723254287986751e-18 -4.9236256103910882e-17 49.999999999999716 50.000000000000156 49.999999999999716 -2.8421709430404007e-13 1.5631940186722204e-13 1.0000000000000044 1969.8656512453181 8030.1343487408985 0.027721704883576878 0 0 0.99997632904570255 5.5648916806694341e-18 0.99999999999999978 -2.51470820898597e-13 -9.9033620261365307e-14 -1.6994372859522854e-17 0.33336564525739976 0.33332547896632203 4.0166291077725624e-05 1.4335023698395161e-06
20000 0 0 0.0010057099653948249 25.0394110441501 4.5497661205571096e-06 1.4335355101042898e-06 4.549766120585398e-06 1.4335355101042884e-06 4.5497661205571096e-06 -2.609336358098474e-17 -1.3912135332658421e-17 -6.9388939039170147e-21 2.4164224895769902e-17 -3.1070465547016854e-17 49.999999999999709 50.000000000000156 49.999999999999709 -2.9132252166164108e-13 1.5631940186722204e-13 1.000000000000002 1969.8656512452567 8030.1343487405738 0.027721704874506724 0 0 0.99997632830578076 5.5648915088987792e-18 0.99999999999999978 -2.6094162502423787e-13 -1.3849919195631337e-13 -6.7956068484326282e-17 0.33336564446879169 0.33332547938808665 4.0165080705034661e-05 1.4335355101042898e-06
20500 0 0 0.0010055639090250574 25.039411155010917 4.5458361554966261e-06 1.4335731991786318e-06 4.5458361555284102e-06 1.433573199178635e-06 4.5458361554966261e-06 -2.9282826163921366e-17 -1.5666981600959661e-17 1.3530843112638721e-20 1.1454344512937524e-17 -1.7223988790529081e-18 49.999999999999694 50.000000000000142 49.999999999999694 -3.0553337637684308e-13 1.4210854715202004e-13 1.0000000000000018 1969.8656512451889 8030.1343487403065 0.027721704718457002 0 0 0.99997632476264375 5.564890969760394e-18 0.99999999999999978 -2.9252678228345002e-13 -1.5677737246580392e-13 1.2704737682871984e-16 0.33336564066610785 0.33332548141863994 4.0159247467919101e-05 1.4335731991786318e-06
21000 0 0 0.0010054028669168381 25.039411277248409 4.5457507750031827e-06 1.4335978668035793e-06 4.545750775035049e-06 1.4335978668035785e-06 4.5457507750031827e-06 -2.9925714684120047e-17 -1.5140319553652712e-17 -2.775557561566986e-21 4.2738005708322361e-17 3.8522478339610983e-17 49.99999999999968 50.000000000000142 49.99999999999968 -3.1974423109204508e-13 1.4210854715202004e-13 1.0000000000000027 1969.8656512451125 8030.1343487399963 0.027721704530732048 0 0 0.99997632085773702 5.5648905721006999e-18 0.99999999999999978 -2.9906229199346667e-13 -1.5113681468584646e-13 -4.70398710580019e-17 0.33336563647305983 0.33332548365733328 4.0152815726557378e-05 1.4335978668035793e-06
21500 0 0 0.0010053011948019759 25.039411354422633 4.5483162124967976e-06 1.4336116612003345e-06 4.5483162125279464e-06 1.4336116612003339e-06 4.5483162124967976e-06 -2.7819066494891893e-17 -1.6231460620044428e-17 -8.6736173798972012e-21 -3.203497523144399e-18 -5.9184416709033053e-18 49.999999999999666 50.000000000000135 49.999999999999666 -3.3395508580724709e-13 1.3500311979441904e-13 1.0000000000000011 1969.865651245047 8030.1343487397626 0.027721704402676704 0 0 0.99997631839254486 5.5648898210216954e-18 0.99999999999999978 -2.780166674421648e-13 -1.6252967930038592e-13 -3.9155640891315818e-17 0.33336563382574586 0.33332548507062648 4.0148755119373547e-05 1.4336116612003345e-06
22000 0 0 0.0010052833821409435 25.039411367944155 4.5515797676659794e-06 1.4336241340750579e-06 4.5515797677002461e-06 1.433624134075055e-06 4.5515797676659794e-06 -2.6754293225336646e-17 -2.1705900965541103e-17 1.4224732503031907e-20 -3.8674104450062046e-17 9.6487670090715766e-18 49.999999999999652 50.000000000000121 49.999999999999652 -3.4816594052244909e-13 1.2079226507921703e-13 1.0000000000000011 1969.8656512449875 8030.1343487394815 0.027721704370092356 0 0 0.99997631796016428 5.5648888962891111e-18 0.99999999999999978 -2.6754083500105381e-13 -2.1680912350068916e-13 8.3853822842364153e-17 0.33336563336185898 0.33332548531814626 4.014804371271774e-05 1.4336241340750579e-06
22500 0 0 0.0010053297558747371 25.039411332745235 4.5539206820222448e-06 1.4336371154571731e-06 4.5539206820541762e-06 1.4336371154571786e-06 4.5539206820222448e-06 -2.7324670304239532e-17 -1.7833651222460201e-17 -1.3877787807836427e-21 -4.6119206482858975e-17 -7.5344656988195014e-18 49.999999999999645 50.000000000000114 49.999999999999645 -3.5527136788005009e-13 1.1368683772161603e-13 1.0000000000000016 1969.865651244919 8030.1343487392041 0.027721704415914164 0 0 0.99997631908355555 5.5648880049097232e-18 0.99999999999999978 -2.7322982676000319e-13 -1.7869583757573555e-13 3.8042722622535497e-18 0.33336563456920987 0.333325484673411 4.0149895798868851e-05 1.4336371154571731e-06
23000 0 0 0.0010053993735384911 25.039411279902815 4.5546417828348574e-06 1.4336473974212655e-06 4.5546417828642274e-06 1.4336473974212646e-06 4.5546417828348574e-06 -2.365746487601971e-17 -1.7878407088141195e-17 1.2143064331857364e-20 -4.9437398471525681e-17 -3.7396549981378797e-17 49.999999999999631 50.000000000000107 49.999999999999631 -3.694822225952521e-13 1.0658141036401503e-13 1.0000000000000024 1969.8656512448415 8030.1343487389286 0.027721704494818537 0 0 0.99997632077032217 5.5648873510937045e-18 0.99999999999999978 -2.367551209806041e-13 -1.7916925276217246e-13 1.3888473289891763e-16 0.33336563638178868 0.33332548370558157 4.0152676207105831e-05 1.4336473974212655e-06
23500 0 0 0.0010054546222213693 25.039411237966778 4.5539695820468595e-06 1.4336541682260959e-06 4.5539695820740331e-06 1.4336541682260948e-06 4.5539695820468595e-06 -2.3347990207905701e-17 -1.5082032844862529e-17 -7.9797279895065262e-21 -5.6097391212094411e-17 -4.0029957633567459e-17 49.999999999999616 50.000000000000092 49.999999999999616 -3.836930773104541e-13 9.2370555648813024e-14 1.000000000000002 1969.8656512447772 8030.1343487386612 0.027721704561992536 0 0 0.99997632210884635 5.5648869970023214e-18 0.99999999999999978 -2.3316339297216298e-13 -1.5115315966812175e-13 -9.9895578230765011e-17 0.33336563782026668 0.3333254829375234 4.0154882743281828e-05 1.4336541682260959e-06
24000 0 0 0.0010054763568785637 25.039411221469177 4.5526557777795401e-06 1.4336592734199698e-06 4.5526557778088915e-06 1.4336592734199681e-06 4.5526557777795401e-06 -2.7488428200374886e-17 -1.4020729022258614e-17 2.0816681711756824e-21 -5.1417295655311351e-17 -3.2768201216311748e-17 49.999999999999602 50.000000000000099 49.999999999999602 -3.979039320256561e-13 9.9475983006414026e-14 1.0000000000000011 1969.865651244708 8030.1343487383174 0.027721704592298328 0 0 0.99997632263513914 5.564886897471127e-18 0.99999999999999978 -2.7460476452006349e-13 -1.4008253963370451e-13 2.7553652105926329e-17 0.3333656383861599 0.33332548263537226 4.0155750787640443e-05 1.4336592734199698e-06
24500 0 0 0.0010054661343656731 25.039411229228357 4.5514820990248163e-06 1.4336639008120645e-06 4.5514820990526769e-06 1.4336639008120664e-06 4.5514820990248163e-06 -2.5553864579963398e-17 -1.3847603619356437e-17 -5.8980598183313565e-21 -2.8488517650393273e-18 1.1834679799438635e-17 49.999999999999588 50.000000000000078 49.999999999999588 -4.1211478674085811e-13 7.815970093361102e-14 1.0000000000000038 1969.8656512446328 8030.1343487380518 0.027721704584698789 0 0 0.99997632238695466 5.5648868876200662e-18 0.99999999999999978 -2.5543798101558216e-13 -1.3860798571550525e-13 -7.136059751209842e-17 0.33336563811999409 0.33332548277747581 4.0155342518277681e-05 1.4336639008120645e-06
25000 0 0 0.001005438788544228 25.039411249984827 4.5509136313216861e-06 1.4336678163571286e-06 4.5509136313534498e-06 1.4336678163571291e-06 4.5509136313216861e-06 -3.0467989242720183e-17 -1.4451981278388365e-17 -1.4224732503034998e-20 3.1456100724011174e-17 3.8702945166877853e-17 49.999999999999574 50.000000000000085 49.999999999999574 -4.2632564145606011e-13 8.5265128291212022e-14 1.0000000000000022 1969.8656512445746 8030.1343487377708 0.02772170455484374 0 0 0.99997632172382633 5.5648869186334594e-18 0.99999999999999978 -3.0477643724158341e-13 -1.4453988449842131e-13 -1.1432517882366339e-16 0.3333656374079923 0.33332548315761851 4.0154250373791722e-05 1.4336678163571286e-06
25500 0 0 0.0010054117007705055 25.039411270545525 4.5510017444236754e-06 1.4336707264150993e-06 4.5510017444595532e-06 1.4336707264150993e-06 4.5510017444236754e-06 -2.9944102752974898e-17 -2.0794824195961631e-17 -1.2143064331859404e-20 3.6955131635996089e-17 7.7513435770294502e-18 49.999999999999559 50.000000000000071 49.999999999999559 -4.4053649617126212e-13 7.1054273576010019e-14 1.0000000000000007 1969.8656512445041 8030.1343487375243 0.027721704522876318 0 0 0.99997632106701939 5.5648868835526269e-18 0.99999999999999978 -2.9929089601962239e-13 -2.0806650067572612e-13 -8.9025499255816095e-17 0.33336563670270875 0.33332548353417346 4.0153168535284056e-05 1.4336707264150993e-06
26000 0 0 0.0010053964712211044 25.039411282105373 4.5514970883082912e-06 1.4336729034522055e-06 4.551497088339268e-06 1.4336729034521993e-06 4.5514970883082912e-06 -2.864236625660064e-17 -1.5165646516407375e-17 6.9388939039199186e-21 4.1901263383171508e-17 -2.1710404260319246e-18 49.999999999999545 50.000000000000064 49.999999999999545 -4.5474735088646412e-13 6.3948846218409017e-14 1.0000000000000038 1969.8656512444372 8030.1343487371805 0.027721704503278873 0 0 0.99997632069767184 5.5648867647072387e-18 0.99999999999999978 -2.8650771194847213e-13 -1.5170581626997376e-13 4.4003608074805894e-17 0.33336563630617183 0.33332548374587823 4.0152560293604811e-05 1.4336729034522055e-06
26500 0 0 0.0010053958009524002 25.039411282614015 4.5520554025525914e-06 1.4336747052477713e-06 4.5520554025895474e-06 1.4336747052477736e-06 4.5520554025525914e-06 -3.8392899970390336e-17 -1.3871542803326824e-17 1.7347234759800439e-20 -1.9910366488993899e-17 -1.8368056087344051e-17 49.999999999999524 50.000000000000064 49.999999999999524 -4.7606363295926712e-13 6.3948846218409017e-14 1.000000000000002 1969.8656512443681 8030.1343487369513 0.027721704500472798 0 0 0.9999763206812402 5.564886615142942e-18 0.99999999999999978 -3.8403754528255246e-13 -1.3847159795264602e-13 2.2362273454627657e-16 0.33336563628871296 0.33332548375518872 4.0152533524240308e-05 1.4336747052477713e-06
27000 0 0 0.001005405229794991 25.039411275457123 4.5524170940157482e-06 1.4336762115106761e-06 4.5524170940493915e-06 1.4336762115106731e-06 4.5524170940157482e-06 -3.898999179082384e-17 -8.5893098189678491e-18 -7.6327832943124232e-21 -3.1630415200032256e-17 8.6693015531518537e-18 49.999999999999503 50.000000000000057 49.999999999999503 -4.9737991503207013e-13 5.6843418860808015e-14 1.0000000000000029 1969.8656512443054 8030.134348736633 0.027721704510193474 0 0 0.99997632090961497 5.5648864852645621e-18 0.99999999999999978 -3.8979888720971492e-13 -8.5806586479964796e-14 -9.2948002962910804e-17 0.33336563653420104 0.33332548362410525 4.0152910095792027e-05 1.4336762115106761e-06
27500 0 0 0.0010054173962753389 25.039411266222331 4.5524916928575997e-06 1.4336773829326945e-06 4.5524916928921798e-06 1.4336773829326939e-06 4.5524916928575997e-06 -3.8425165827046424e-17 -1.0478076739615443e-17 6.9388939039206933e-22 -5.9104716464851262e-17 -1.5395284784444047e-17 49.999999999999481 50.000000000000057 49.999999999999481 -5.1869619710487314e-13 5.6843418860808015e-14 1.0000000000000049 1969.865651244228 8030.1343487363647 0.027721704524163449 0 0 0.99997632120436697 5.5648863963080782e-18 0.99999999999999978 -3.8361916860730494e-13 -1.044332060602273e-13 -4.7185007584253421e-17 0.33336563685096604 0.33332548345496221 4.0153396003828057e-05 1.4336773829326945e-06
28000 0 0 0.0010054261592219195 25.039411259570851 4.5523417855267104e-06 1.4336782648619766e-06 4.5523417855597963e-06 1.433678264861974e-06 4.5523417855267104e-06 -3.8752681619313077e-17 -8.036973864216474e-18 -4.1633363423525873e-21 -5.7665493911448994e-17 -2.453773296016077e-17 49.999999999999467 50.00000000000005 49.999999999999467 -5.3290705182007514e-13 4.9737991503207013e-14 1.0000000000000029 1969.8656512441623 8030.1343487360564 0.027721704534971962 0 0 0.99997632141665183 5.5648863576707996e-18 0.99999999999999978 -3.8795609588105824e-13 -8.0554013621064787e-14 -2.112849728011215e-17 0.33336563707911487 0.33332548333313422 4.0153745980653355e-05 1.4336782648619766e-06
28500 0 0 0.0010054288490796437 25.039411257529149 4.5521061499493556e-06 1.4336789588017155e-06 4.5521061499786163e-06 1.4336789588017131e-06 4.5521061499493556e-06 -3.5152436517264793e-17 -6.2286981128548648e-18 9.3675067702936194e-21 -3.9185817086491658e-17 2.5300915218881908e-17 49.999999999999446 50.000000000000043 49.999999999999446 -5.5422333389287814e-13 4.2632564145606011e-14 1.0000000000000033 1969.8656512440994 8030.1343487358117 0.02772170453898903 0 0 0.99997632148175797 5.564886356043066e-18 0.99999999999999978 -3.5162805217032025e-13 -6.2012214227832191e-14 9.2664846856291376e-17 0.33336563714913697 0.33332548329572809 4.0153853408886331e-05 1.4336789588017155e-06
29000 0 0 0.0010054262864972747 25.039411259474193 4.5519150887660736e-06 1.4336795257266771e-06 4.5519150887933405e-06 1.4336795257266771e-06 4.5519150887660736e-06 -3.9072217683591057e-17 5.1174342541420385e-19 3.1225022567646335e-21 3.6449561908388491e-18 4.3128543359124938e-17 49.999999999999424 50.000000000000043 49.999999999999424 -5.7553961596568115e-13 4.2632564145606011e-14 1.0000000000000031 1969.8656512440327 8030.1343487355243 0.027721704536697971 0 0 0.9999763214195756 5.5648863688293126e-18 0.99999999999999978 -3.9083901317008316e-13 4.8228260308750387e-15 3.0761914742235206e-17 0.33336563708240424 0.33332548333134043 4.0153751063809473e-05 1.4336795257266771e-06
29500 0 0 0.001005421290254959 25.039411263266558 4.5518370270199933e-06 1.433679980647319e-06 4.5518370270526642e-06 1.4336799806473169e-06 4.5518370270199933e-06 -4.0700429138147765e-17 -5.5039306445906706e-18 -1.144917494147076e-20 -9.6223608229738515e-18 7.5499162751409105e-17 49.99999999999941 50.000000000000036 49.99999999999941 -5.8975047068088315e-13 3.5527136788005009e-14 1.0000000000000038 1969.8656512439634 8030.1343487352451 0.027721704531145218 0 0 0.99997632129841685 5.5648863780143899e-18 0.99999999999999978 -4.0710170355728288e-13 -5.5023319122429184e-14 -9.9616040072910028e-17 0.33336563695230581 0.33332548340078322 4.015355152259259e-05 1.433679980647319e-06
29999 0 0 0.0010054166124734635 25.039411266817275 4.5518712662101643e-06 1.4336803358091842e-06 4.5518712661814541e-06 1.4336803358091855e-06 4.5518712662101643e-06 -4.3183512321667672e-17 -2.5809215875637579e-18 1.4224732503039933e-20 -6.1042296652020978e-17 2.6968548786875713e-17 49.999999999999396 50.000000000000043 49.999999999999396 -6.0396132539608516e-13 4.2632564145606011e-14 1.0000000000000029 1969.8656512438915 8030.1343487349204 0.027721704525552393 0 0 0.9999763211849807 5.5648863758547029e-18 0.99999999999999978 -4.3188531161151372e-13 -2.5648992182071497e-14 1.4884926496148872e-16 0.33336563683049869 0.33332548346579854 4.0153364700146188e-05 1.4336803358091842e-06
