# 1:passo  2:R0  3:|a2|/R0  4:|a4|/R0  5:|a8|/R0  6:rmin  7:rmax
0 24.99530979 1.096091932e-16 9.52226216e-05 8.27724819e-05 24.98429581 25.00965244
500 24.9950719 3.862804108e-16 4.041972175e-05 5.982816775e-05 24.98688529 25.00816515
1000 24.99465539 2.880464675e-16 0.0001003515028 5.72129002e-05 24.98504665 25.00853815
1500 24.99436446 4.577696087e-16 0.0001485479872 5.550628132e-05 24.98360175 25.00888494
2000 24.99426403 6.254322433e-16 0.0001871873692 5.425498707e-05 24.98257078 25.00929368
2500 24.99432388 9.10610473e-16 0.0002178008392 5.327552877e-05 24.98189035 25.00975359
3000 24.99446465 1.079029625e-15 0.0002419171289 5.24964622e-05 24.98144629 25.01020707
3500 24.99459947 1.240795898e-15 0.0002610064742 5.189512422e-05 24.98111738 25.01058895
4000 24.99467384 1.226086143e-15 0.000276276801 5.145503024e-05 24.9808205 25.01086214
4500 24.99467812 1.089144026e-15 0.0002885789559 5.114884568e-05 24.98052566 25.01102844
5000 24.99463596 1.412157992e-15 0.0002984751625 5.093936403e-05 24.9802429 25.01111809
5500 24.99458263 1.262840462e-15 0.0003063609653 5.078857928e-05 24.97999784 25.01117045
6000 24.99454599 1.473375243e-15 0.0003125585516 5.066741903e-05 24.97981046 25.01121669
6500 24.99453705 1.447016935e-15 0.0003173694003 5.056017109e-05 24.97968442 25.01127147
7000 24.99455097 1.105351645e-15 0.0003210857923 5.046302705e-05 24.9796078 25.01133394
7500 24.99457443 9.131580741e-16 0.0003239754532 5.037889499e-05 24.97956082 25.01139476
8000 24.99459429 9.570584023e-16 0.0003262588371 5.031173629e-05 24.97952502 25.0114441
8500 24.99460323 1.080054697e-15 0.0003280960268 5.026282729e-05 24.9794892 25.01147699
9000 24.99460104 9.09096335e-16 0.0003295897659 5.022979686e-05 24.97945065 25.01149457
9500 24.99459239 9.887956918e-16 0.0003308011376 5.020785027e-05 24.97941253 25.01150218
10000 24.99458321 8.766949325e-16 0.0003317693782 5.019186291e-05 24.97937981 25.01150607
10500 24.99457772 8.313176816e-16 0.0003325278175 5.017809934e-05 24.97935587 25.01151076
11000 24.99457716 6.843404704e-16 0.00033311181 5.016489751e-05 24.97934108 25.01151791
11500 24.99458021 6.190300156e-16 0.000333558986 5.015233281e-05 24.97933323 25.01152676
12000 24.99458442 7.412227985e-16 0.0003339050921 5.014131958e-05 24.979329 25.0115354
12500 24.99458763 6.298441481e-16 0.0003341793426 5.013270508e-05 24.97932552 25.01154213
13000 24.9945888 8.346397542e-16 0.0003344019913 5.012673713e-05 24.97932127 25.0115462
13500 24.99458811 7.645684186e-16 0.0003345848839 5.012300313e-05 24.97931613 25.01154794
14000 24.99458648 9.856849758e-16 0.0003347341247 5.012070545e-05 24.97931086 25.01154833
14500 24.99458492 7.555782919e-16 0.0003348532962 5.011903793e-05 24.97930641 25.01154839
15000 24.9945841 5.240356801e-16 0.0003349458816 5.011746298e-05 24.97930333 25.01154882
15500 24.99458413 4.732619008e-16 0.000335016281 5.011579788e-05 24.97930165 25.01154978
16000 24.99458473 2.600188779e-16 0.0003350695807 5.011413203e-05 24.97930095 25.01155106
16500 24.99458546 1.816699961e-16 0.0003351106905 5.01126634e-05 24.97930068 25.01155231
17000 24.99458596 1.31228052e-16 0.0003351435138 5.011154911e-05 24.97930038 25.01155323
17500 24.9945861 6.688573171e-17 0.0003351705659 5.011082823e-05 24.97929986 25.01155372
18000 24.99458593 4.480234068e-17 0.0003351931122 5.011042553e-05 24.97929915 25.01155386
18500 24.99458564 2.468140992e-16 0.00033521164 5.011020694e-05 24.9792984 25.01155381
19000 24.99458538 2.257338246e-16 0.0003352263844 5.011004533e-05 24.97929778 25.01155376
19500 24.99458526 2.829368618e-16 0.0003352376906 5.01098642e-05 24.97929739 25.0115538
20000 24.99458529 3.436436611e-16 0.0003352461316 5.010964707e-05 24.97929721 25.01155393
20500 24.99458541 5.844465471e-16 0.000335252425 5.010941947e-05 24.97929717 25.01155413
21000 24.99458553 8.000436631e-16 0.0003352572654 5.01092198e-05 24.97929718 25.01155431
21500 24.99458561 6.493470862e-16 0.0003352611818 5.010907509e-05 24.97929716 25.01155444
22000 24.99458562 5.964123726e-16 0.0003352644814 5.010899027e-05 24.97929709 25.01155449
22500 24.99458558 5.424744469e-16 0.0003352672834 5.010895112e-05 24.97929699 25.0115545
23000 24.99458553 7.548627116e-16 0.0003352696023 5.010893487e-05 24.97929688 25.01155447
23500 24.99458549 8.179758104e-16 0.0003352714348 5.010892147e-05 24.97929679 25.01155446
24000 24.99458547 6.44686957e-16 0.000335272813 5.01089003e-05 24.97929675 25.01155446
24500 24.99458548 1.286851338e-16 0.000335273816 5.010887075e-05 24.97929673 25.01155448
25000 24.9945855 1.047473004e-16 0.000335274549 5.010883862e-05 24.97929673 25.01155451
25500 24.99458552 2.673449548e-16 0.0003352751126 5.010881094e-05 24.97929674 25.01155454
26000 24.99458554 5.334231658e-16 0.000335275579 5.010879213e-05 24.97929674 25.01155456
26500 24.99458554 7.618130709e-16 0.0003352759845 5.010878261e-05 24.97929673 25.01155456
27000 24.99458553 1.080196994e-15 0.0003352763368 5.010877966e-05 24.97929671 25.01155456
27500 24.99458552 9.951042523e-16 0.0003352766299 5.01087794e-05 24.9792967 25.01155456
28000 24.99458551 1.398154909e-15 0.0003352768587 5.01087787e-05 24.97929669 25.01155455
28500 24.99458551 1.478686353e-15 0.000335277026 5.010877612e-05 24.97929668 25.01155455
29000 24.99458551 1.711755448e-15 0.0003352771434 5.010877189e-05 24.97929668 25.01155456
29500 24.99458552 1.73329429e-15 0.000335277227 5.010876721e-05 24.97929668 25.01155456
29999 24.99458552 1.616237338e-15 0.0003352772909 5.010876322e-05 24.97929668 25.01155457
