# step v0 Mach sigma R umax_ref urms_ref umax_mean urms_mean umax_lab mean_x mean_y mean_z drop_ux drop_uy x0 y0 x_unwrapped center_dx center_dy axis_ratio mass_R mass_B min_f negative_total negative_color min_rho min_phi max_phi qx qy qz p_in p_out delta_p urms_lab
0 0 0 -5.560112678108922e-15 25.040521385269312 0.00016987059170458845 3.3036911880961461e-05 0.00016987059170458845 3.3036911880961461e-05 0.00016987059170458845 -1.1364192981651375e-21 7.2341917163201834e-21 2.7756318477460227e-21 1.8343889368628476e-21 1.2014354611221071e-20 50.000000000000007 50.000000000000007 50.000000000000007 7.1054273576010019e-15 7.1054273576010019e-15 1.0000000000000004 1969.8656512480636 8030.1343487520408 0.027738018561045741 0 0 0.99999999999999944 5.1710809399147485e-26 0.99999999999998512 3.6546987017209338e-16 -1.2093816251599461e-16 2.631549666621561e-17 0.33333333333333387 0.33333333333333409 -2.2204460492503131e-16 3.3036911880961461e-05
500 0 0 0.013195845857794573 25.021101115360466 0.00043638136169415743 0.00029277746837545515 0.00043638136169415646 0.00029277746837545521 0.00043638136169415743 1.3988810110277454e-18 9.5184277126850673e-19 -2.7744561047572191e-21 1.2293580251145594e-17 -6.4751546899153424e-18 50.000000000000007 50.000000000000014 50.000000000000007 7.1054273576010019e-15 1.4210854715202004e-14 1.0000000000000011 1969.8656512479859 8030.1343487517679 0.027709129231503812 0 0 0.99894617577000555 3.8048302363826124e-18 0.99999999999999978 1.3990551610016527e-14 8.0673315250301414e-15 -7.6680913543675351e-18 0.3337980124084256 0.33327062371370131 0.00052738869472429561 0.00029277746837545515
1000 0 0 0.027082988767361135 25.009818004917999 0.0004569105209260615 0.00031405434972616976 0.00045691052092605917 0.00031405434972617003 0.0004569105209260615 4.3841666408364679e-18 -2.1010970741032444e-18 1.0406455950573064e-21 -1.2258410918655446e-17 7.3408684846812857e-18 50.000000000000007 50.000000000000014 50.000000000000007 7.1054273576010019e-15 1.4210854715202004e-14 1.0000000000000036 1969.8656512479408 8030.1343487515196 0.027704395355530272 0 0 0.99922106107530073 4.5132424526135808e-18 0.99999999999999978 4.3871153319321662e-14 -1.9341082554968914e-14 3.9318615475906663e-17 0.33420609305590615 0.3331231987796649 0.001082894276241253 0.00031405434972616976
1500 0 0 0.034899254803928761 25.003690403847859 0.00028922842675172347 0.00019625027291639638 0.00028922842675171886 0.00019625027291639621 0.00028922842675172347 7.0041195066045023e-18 -4.2004594247305685e-18 -3.4608820479179604e-22 -3.8457519528127412e-19 1.4165642819650558e-17 50.000000000000007 50.000000000000007 50.000000000000007 7.1054273576010019e-15 7.1054273576010019e-15 1.0000000000000016 1969.8656512478783 8030.134348751274 0.027719376107290444 0 0 0.99889501792737989 5.2623253692355236e-18 0.99999999999999978 7.0321342743014451e-14 -4.2680374073280833e-14 -2.8359584801168294e-17 0.33442854416650952 0.33303278001168868 0.0013957641548208444 0.00019625027291639638
2000 0 0 0.036633164814037333 25.00230563022285 8.5495199171680742e-05 5.6442831941839257e-05 8.549519917168409e-05 5.6442831941839277e-05 8.5495199171680742e-05 3.3506183938495638e-18 -5.7055055124883334e-19 6.9700112665259093e-22 5.2501825394763269e-18 -8.3654101230440125e-18 50.000000000000014 49.999999999999993 50.000000000000014 1.4210854715202004e-14 -7.1054273576010019e-15 1.0000000000000029 1969.8656512478199 8030.1343487510831 0.027739540956379625 0 0 0.99882234534313752 5.3082786718600922e-18 0.99999999999999978 3.3508351495804053e-14 -4.4592168092815257e-15 -1.7045163742073442e-17 0.33447852400556277 0.33301333254059023 0.0014651914649725373 5.6442831941839257e-05
2500 0 0 0.034748394626581088 25.003744556343463 5.8908670797573228e-05 4.2672205341722291e-05 5.8908670797569135e-05 4.2672205341722312e-05 5.8908670797573228e-05 5.5259616327248898e-18 3.2643159009198124e-19 -6.9270983689786364e-22 1.4788432294155998e-17 -1.0344415133142451e-17 50.000000000000007 49.999999999999993 50.000000000000007 7.1054273576010019e-15 -7.1054273576010019e-15 1.000000000000002 1969.8656512477528 8030.1343487508257 0.027747540778953209 0 0 0.99897758346393417 5.3421982579619882e-18 0.99999999999999978 5.5330737448657397e-14 3.8955384057404174e-15 3.0338951325844435e-17 0.33442910704627254 0.33303937941774558 0.00138972762852696 4.2672205341722291e-05
3000 0 0 0.031850941355186999 25.005964057669264 0.00010065874543855963 7.2137230677051995e-05 0.00010065874543855863 7.213723067705209e-05 0.00010065874543855963 6.0896600262437771e-18 4.6747328230630637e-18 4.1610097572856013e-21 -7.8931052963302888e-18 4.2263742887829991e-19 50.000000000000014 49.999999999999993 50.000000000000014 1.4210854715202004e-14 -7.1054273576010019e-15 1.0000000000000031 1969.8656512477103 8030.1343487505937 0.027745791169222763 0 0 0.99919508468427232 5.3584104144002774e-18 0.99999999999999978 6.1059228894234756e-14 4.5765041062351131e-14 5.7955351710258487e-17 0.33435147355584044 0.33307773976650396 0.0012737337893364842 7.2137230677051995e-05
3500 0 0 0.029676713067013121 25.007630340403136 7.965522288635039e-05 5.716099108934744e-05 7.9655222886352613e-05 5.716099108934721e-05 7.965522288635039e-05 6.4821845807707046e-18 3.331883380309306e-18 1.0060969701405525e-20 -1.6320730615197978e-17 1.8491490522719554e-18 50.000000000000014 49.999999999999993 50.000000000000014 1.4210854715202004e-14 -7.1054273576010019e-15 1.0000000000000013 1969.8656512476555 8030.1343487504173 0.027748805087446201 0 0 0.9992748291988337 5.3628151966399688e-18 0.99999999999999978 6.4979486685991369e-14 3.3639757646142243e-14 1.0270419433860852e-16 0.33429298888966774 0.33310628256591557 0.0011867063237521736 5.716099108934744e-05
4000 0 0 0.028791622008340321 25.008311485703722 3.4604982351969724e-05 2.5205893863792124e-05 3.4604982351974908e-05 2.520589386379209e-05 3.4604982351969724e-05 9.9916819609768368e-18 4.7237387612596726e-18 2.0837890172342458e-21 -4.8667764589505089e-18 2.2586543148532782e-18 50.000000000000014 50.000000000000007 50.000000000000014 1.4210854715202004e-14 7.1054273576010019e-15 1.0000000000000011 1969.86565124761 8030.1343487501154 0.027753701174465777 0 0 0.99925581600157287 5.3641926993736153e-18 0.99999999999999978 1.0009647148621101e-13 4.6579277105645981e-14 1.3288457496279818e-17 0.33426892026357063 0.33311763813783418 0.0011512821257364525 2.5205893863792124e-05
4500 0 0 0.028935792169017621 25.008206163901018 7.856451636767746e-06 2.8038507449848617e-06 7.8564516367705056e-06 2.8038507449848583e-06 7.856451636767746e-06 1.2477886630308178e-17 8.1119708389788105e-18 3.4682371889385926e-21 7.2724842441373853e-18 1.594552407215906e-17 50.000000000000021 50.000000000000007 50.000000000000021 2.1316282072803006e-14 7.1054273576010019e-15 1.000000000000002 1969.8656512475343 8030.1343487498698 0.02775700613394019 0 0 0.99926170859826247 5.3593501369897675e-18 0.99999999999999978 1.2434249016860105e-13 8.1152881588114276e-14 8.5764834571290322e-18 0.33427228968711248 0.33311523779864932 0.0011570518884631564 2.8038507449848617e-06
5000 0 0 0.029541922632071355 25.007747244680573 2.3578065170018301e-05 1.5394751485310329e-05 2.3578065170009583e-05 1.5394751485310254e-05 2.3578065170018301e-05 9.5980569412456328e-18 8.9273423722915996e-18 -2.7731204204989042e-21 7.5083673758311601e-18 1.4246330265219195e-17 50.000000000000021 50.000000000000014 50.000000000000021 2.1316282072803006e-14 1.4210854715202004e-14 1.0000000000000022 1969.8656512474863 8030.1343487497115 0.027755163262504143 0 0 0.99927840907823917 5.355952853438512e-18 0.99999999999999978 9.614395867982295e-14 8.9043979544017806e-14 -4.3038346653820739e-17 0.3342880112419731 0.33310670041285173 0.0011813108291213736 1.5394751485310329e-05
5500 0 0 0.030125167991012749 25.007304431451118 2.389633822701222e-05 1.5717176358144097e-05 2.3896338227028378e-05 1.5717176358144084e-05 2.389633822701222e-05 8.1818232744471065e-18 1.4665243845695154e-17 1.3913601652413772e-21 9.1839697881563873e-18 1.6085595104601555e-17 50.000000000000028 50.000000000000014 50.000000000000028 2.8421709430404007e-14 1.4210854715202004e-14 1.000000000000002 1969.8656512474279 8030.1343487494187 0.027755354276624355 0 0 0.99929339536287409 5.3545226745276515e-18 0.99999999999999978 8.2129019297189076e-14 1.4654620019653036e-13 9.408281704645974e-18 0.33430325247550008 0.33309859772858041 0.0012046547469196645 1.5717176358144097e-05
6000 0 0 0.030447389018994797 25.00705946730266 1.5543989145403843e-05 9.2979544038743409e-06 1.5543989145397514e-05 9.2979544038743392e-06 1.5543989145403843e-05 7.164424218819129e-18 1.6521755751708154e-17 -3.4668131415265508e-22 2.9491300292231708e-18 7.6485211846163807e-18 50.000000000000036 50.000000000000028 50.000000000000036 3.5527136788005009e-14 2.8421709430404007e-14 1.0000000000000036 1969.8656512473749 8030.1343487492404 0.02775642779850326 0 0 0.99927014712159046 5.3547440796556041e-18 0.99999999999999978 7.1350830186997353e-14 1.6507600137088269e-13 3.5049125788887589e-18 0.33431170626065665 0.33309415451056762 0.0012175517500890298 9.2979544038743409e-06
6500 0 0 0.03049743918544965 25.007021171810749 6.6723969153964019e-06 2.4405969958568545e-06 6.6723969154143132e-06 2.4405969958568541e-06 6.6723969153964019e-06 8.1824439801912718e-18 1.7288267714118171e-17 7.9832181700520334e-21 1.3811514424649982e-17 3.3619938646316803e-17 50.000000000000036 50.000000000000036 50.000000000000036 3.5527136788005009e-14 3.5527136788005009e-14 1.0000000000000002 1969.8656512473165 8030.1343487490039 0.027757328287608674 0 0 0.99926636766177812 5.3558683542879169e-18 0.99999999999999978 8.2060863638121206e-14 1.732442949880608e-13 2.202760756890765e-17 0.33431304537425266 0.3330934903150588 0.0012195550591938553 2.4405969958568545e-06
7000 0 0 0.030385506988575537 25.007105954423576 7.0651735486381096e-06 3.0241698648772358e-06 7.06517354862005e-06 3.0241698648772353e-06 7.0651735486381096e-06 1.5063211095129116e-17 1.8059883558255306e-17 -1.388910089960539e-21 2.3826755382794806e-17 2.7944118867840253e-17 50.000000000000043 50.000000000000043 50.000000000000043 4.2632564145606011e-14 4.2632564145606011e-14 1.0000000000000033 1969.865651247263 8030.1343487487957 0.027757521800739024 0 0 0.99927607752947423 5.3568746190155916e-18 0.99999999999999978 1.5062530752966017e-13 1.8018196154122746e-13 7.2096729976128564e-18 0.33431013980818419 0.33309506489931812 0.0012150749088660762 3.0241698648772358e-06
7500 0 0 0.030237468785571625 25.007218241569525 8.274574781821723e-06 4.1557052077404599e-06 8.2745747818053668e-06 4.1557052077404616e-06 8.274574781821723e-06 1.6356620918818428e-17 1.6548215705729282e-17 -4.5112107211604583e-21 3.6100885402344606e-17 1.7345249615935207e-17 50.000000000000043 50.000000000000064 50.000000000000043 4.2632564145606011e-14 6.3948846218409017e-14 1.0000000000000007 1969.8656512471982 8030.134348748511 0.027757578523280441 0 0 0.99928868753495914 5.357485316212078e-18 0.99999999999999978 1.6380064112049819e-13 1.6563447221586407e-13 -5.5487355124497336e-17 0.33430628047923605 0.33309713084517928 0.001209149634056772 4.1557052077404599e-06
8000 0 0 0.030133747573519443 25.007296948964623 7.2658902615435625e-06 3.2391456629184767e-06 7.2658902615209112e-06 3.2391456629184682e-06 7.2658902615435625e-06 2.2651098932721508e-17 2.4417444520312372e-17 -2.7753190253377037e-21 1.2958910682584613e-17 2.2016544604335773e-17 50.00000000000005 50.000000000000057 50.00000000000005 4.9737991503207013e-14 5.6843418860808015e-14 1.0000000000000029 1969.8656512471537 8030.1343487483418 0.027757613532165788 0 0 0.99929305821694381 5.3576300174953987e-18 0.99999999999999978 2.2673669314083945e-13 2.4417525411947775e-13 -2.7440120381621107e-17 0.33430357310814268 0.33309857491761385 0.0012049981905288276 3.2391456629184767e-06
8500 0 0 0.030097076833483481 25.007324785258163 5.5352885509527506e-06 1.869645760783399e-06 5.5352885509229859e-06 1.8696457607833988e-06 5.5352885509527506e-06 2.6806805202279535e-17 2.9764515505084985e-17 1.2146212294935203e-20 2.5236922360347751e-17 2.5799563993290983e-17 50.000000000000064 50.000000000000078 50.000000000000064 6.3948846218409017e-14 7.815970093361102e-14 1.0000000000000036 1969.8656512470868 8030.1343487481499 0.027757766032787984 0 0 0.999292204614186 5.3574417214416935e-18 0.99999999999999978 2.6782664763269973e-13 2.9758264698381549e-13 1.128470721032347e-16 0.33430261507422737 0.33309908462497173 0.0012035304492556409 1.869645760783399e-06
9000 0 0 0.030110714177696323 25.007314441386285 4.6347695399092041e-06 1.5041089709177124e-06 4.6347695399040863e-06 1.5041089709177113e-06 4.6347695399092041e-06 2.8105432918330675e-17 3.4461002505927927e-17 -1.7376419683713423e-21 1.0669176516951478e-17 4.4345634465211421e-17 50.000000000000078 50.000000000000085 50.000000000000078 7.815970093361102e-14 8.5265128291212022e-14 1.0000000000000024 1969.8656512470318 8030.1343487479407 0.027757892711150027 0 0 0.99929253844893362 5.3571561411652502e-18 0.99999999999999978 2.807505107535821e-13 3.446633457798289e-13 -2.2912824804317921e-17 0.33430297064772913 0.33309889436643664 0.0012040762812924877 1.5041089709177124e-06
9500 0 0 0.030144615039038657 25.007288715646428 5.3843027357123578e-06 1.7151600656454304e-06 5.3843027356935435e-06 1.7151600656454336e-06 5.3843027357123578e-06 3.0105661582131995e-17 3.9025389636449841e-17 -6.9603011455903435e-22 3.4876268349110398e-18 5.1164886007400611e-17 50.000000000000085 50.000000000000114 50.000000000000085 8.5265128291212022e-14 1.1368683772161603e-13 1.0000000000000011 1969.8656512469829 8030.1343487476806 0.027757804271224019 0 0 0.99929330354163148 5.3569615639153868e-18 0.99999999999999978 3.0117731292732663e-13 3.9031723705795024e-13 -5.322977753994833e-18 0.33430385561802417 0.33309842245884375 0.0012054331591804246 1.7151600656454304e-06
10000 0 0 0.030174615530045957 25.007265946856013 5.327607114178927e-06 1.6922119643162875e-06 5.3276071141611495e-06 1.6922119643162879e-06 5.327607114178927e-06 3.2623286430423096e-17 4.1405661993706546e-17 1.7353424469887754e-21 2.3966981667453588e-17 5.557602242984561e-17 50.000000000000099 50.000000000000121 50.000000000000099 9.9475983006414026e-14 1.2079226507921703e-13 1.0000000000000018 1969.8656512469281 8030.1343487474824 0.027757823056853141 0 0 0.99929394341145261 5.3568686062302054e-18 0.99999999999999978 3.2624717915423971e-13 4.1413484766467763e-13 2.9501370005537543e-17 0.33430463897109003 0.33309800504340792 0.0012066339276821103 1.6922119643162875e-06
10500 0 0 0.030189862165917066 25.007254375381059 4.8777678012442687e-06 1.5491988330436874e-06 4.8777678012981502e-06 1.5491988330436872e-06 4.8777678012442687e-06 3.2211300362197446e-17 4.3830133207777408e-17 4.5092476398340572e-21 1.0341097688004328e-17 3.735241465413892e-17 50.000000000000114 50.000000000000142 50.000000000000114 1.1368683772161603e-13 1.4210854715202004e-13 1.0000000000000018 1969.8656512468715 8030.1343487472323 0.027757889371639553 0 0 0.99929271138556197 5.3568842032686642e-18 0.99999999999999978 3.2182912647198118e-13 4.3845658051125782e-13 1.7465322292529478e-17 0.33430503709901965 0.33309779292447972 0.0012072441745399343 1.5491988330436874e-06
11000 0 0 0.030190997011579502 25.007253514345589 4.4153162830022927e-06 1.4854820740086145e-06 4.4153162829716055e-06 1.4854820740086166e-06 4.4153162830022927e-06 3.7688269016333924e-17 4.5877817739482311e-17 1.0402098610385008e-21 3.493243084918698e-17 3.2953815445554033e-17 50.000000000000128 50.000000000000156 50.000000000000128 1.2789769243681803e-13 1.5631940186722204e-13 1.0000000000000002 1969.8656512468244 8030.1343487470649 0.027757952149680316 0 0 0.99929261494696897 5.3569384709018402e-18 0.99999999999999978 3.7696466942799781e-13 4.5838726989109148e-13 -1.2568558212250079e-17 0.3343050667005551 0.3330977771037883 0.0012072895967668029 1.4854820740086145e-06
11500 0 0 0.0301843428154565 25.00725856513116 4.5646289445674259e-06 1.4923071521216676e-06 4.5646289445187232e-06 1.4923071521216659e-06 4.5646289445674259e-06 4.2753716962145009e-17 4.8702412410056814e-17 -3.4686921698492458e-21 6.3448088848715896e-17 5.5408837951112145e-17 50.000000000000149 50.000000000000178 50.000000000000149 1.4921397450962104e-13 1.7763568394002505e-13 1.0000000000000002 1969.865651246766 8030.1343487468521 0.027757931563389598 0 0 0.9992931768061567 5.3569865144059049e-18 0.99999999999999978 4.2748085378864573e-13 4.8702304963896335e-13 -3.0148134444222074e-17 0.33430489287581905 0.33309786961347937 0.0012070232623396793 1.4923071521216676e-06
12000 0 0 0.030176479338534977 25.007264533732823 4.6119459124751816e-06 1.4980921014843745e-06 4.6119459124212612e-06 1.4980921014843734e-06 4.6119459124751816e-06 4.7489729569627191e-17 5.3920083696138691e-17 -3.4644936588740041e-22 5.7249223740985154e-17 5.3254832200231021e-17 50.000000000000171 50.000000000000199 50.000000000000171 1.7053025658242404e-13 1.9895196601282805e-13 1.000000000000006 1969.8656512466966 8030.1343487466011 0.027757920706222256 0 0 0.99929384092831197 5.3570166539613732e-18 0.99999999999999978 4.7501840785322811e-13 5.3902378563287203e-13 8.5385036769013549e-19 0.33430468747252484 0.33309797894597531 0.001206708526549527 1.4980921014843745e-06
12500 0 0 0.030171326637473187 25.007268444772791 4.5495176117622939e-06 1.4907286979040535e-06 4.5495176117011839e-06 1.490728697904055e-06 4.5495176117622939e-06 5.2502202211445128e-17 6.1110414587060216e-17 3.4396942119372616e-22 7.2780862287767218e-17 7.6185528315000825e-17 50.000000000000185 50.000000000000227 50.000000000000185 1.8474111129762605e-13 2.2737367544323206e-13 1.0000000000000002 1969.8656512466544 8030.1343487463591 0.027757923013377907 0 0 0.99929388010196984 5.3570231848885555e-18 0.99999999999999978 5.2479535778815678e-13 6.107085392909792e-13 -2.0638824528717421e-17 0.3343045528809101 0.33309805059122161 0.0012065022896884936 1.4907286979040535e-06
13000 0 0 0.030169763953588585 25.007269630878568 4.4567819101508168e-06 1.4847063315102003e-06 4.4567819101122099e-06 1.4847063315102041e-06 4.4567819101508168e-06 6.125498227414789e-17 6.4459844847798503e-17 -1.075470518972177e-20 9.6984262338954154e-17 6.1741478897889182e-17 50.000000000000206 50.000000000000256 50.000000000000206 2.0605739337042905e-13 2.5579538487363607e-13 1.0000000000000004 1969.8656512465977 8030.1343487461072 0.027757931155437905 0 0 0.99929384947495825 5.3570170203352782e-18 0.99999999999999978 6.1286895087548202e-13 6.4470313306936382e-13 -6.3006004645108185e-17 0.33430451206619605 0.33309807232291694 0.0012064397432791085 1.4847063315102003e-06
13500 0 0 0.030170723032060236 25.007268902880913 4.3877151672682968e-06 1.4840757393261349e-06 4.387715167199627e-06 1.4840757393261372e-06 4.3877151672682968e-06 6.5519369985917852e-17 6.8669426055046087e-17 5.5538526319979154e-21 6.1225238485390679e-17 5.5326876921797896e-17 50.000000000000234 50.000000000000291 50.000000000000234 2.3447910280083306e-13 2.9132252166164108e-13 1.0000000000000009 1969.8656512465404 8030.1343487459035 0.02775793886253013 0 0 0.99929386822643962 5.3570015531173005e-18 0.99999999999999978 6.5477151493532485e-13 6.8685541269744246e-13 4.5701334926063964e-17 0.33430453712316044 0.33309805899277234 0.0012064781303881 1.4840757393261349e-06
14000 0 0 0.030172580685783181 25.007267492833186 4.3945361992424316e-06 1.4847500539413788e-06 4.3945361992396397e-06 1.4847500539413758e-06 4.3945361992424316e-06 7.4677897465081069e-17 7.3844908493498178e-17 4.5131302184752838e-21 8.223004073632182e-17 5.6937647230295456e-17 50.00000000000027 50.00000000000032 50.00000000000027 2.7000623958883807e-13 3.1974423109204508e-13 1.0000000000000011 1969.865651246485 8030.134348745697 0.027757942910710116 0 0 0.99929390457812473 5.3569946532158264e-18 0.99999999999999978 7.4638240739132696e-13 7.3801302887914884e-13 9.8669130488702405e-18 0.33430458565115967 0.33309803316818926 0.0012065524829704133 1.4847500539413788e-06
14500 0 0 0.030174115251218509 25.007266328025011 4.3876163295968723e-06 1.4845784541559584e-06 4.3876163296617068e-06 1.4845784541559603e-06 4.3876163295968723e-06 8.110262000834219e-17 8.2188313297628915e-17 -2.4304667812530942e-21 7.8673109553162558e-17 6.9290653903368297e-17 50.000000000000306 50.000000000000355 50.000000000000306 3.0553337637684308e-13 3.5527136788005009e-13 1.0000000000000047 1969.8656512464156 8030.1343487454997 0.027757943483196705 0 0 0.99929393461243321 5.3569883593468744e-18 0.99999999999999978 8.1119529665816138e-13 8.2196170576393187e-13 -2.269353407894522e-17 0.33430462573823655 0.33309801183428484 0.0012066139039517143 1.4845784541559584e-06
15000 0 0 0.030174831363201936 25.007265784459907 4.3863490957306995e-06 1.4841179776860251e-06 4.3863490956410775e-06 1.4841179776860245e-06 4.3863490957306995e-06 8.7186162762648076e-17 8.9622291691171826e-17 -5.5492237311966434e-21 7.4296530164702537e-17 9.0381118616059908e-17 50.000000000000341 50.000000000000398 50.000000000000341 3.4106051316484809e-13 3.979039320256561e-13 1.0000000000000027 1969.8656512463735 8030.1343487452141 0.027757942078462956 0 0 0.99929394862989596 5.3569897466730424e-18 0.99999999999999978 8.7148260749062666e-13 8.9608689326618547e-13 -5.50650016410774e-17 0.3343046444447908 0.33309800187845501 0.0012066425663357916 1.4841179776860251e-06
15500 0 0 0.030174819880205324 25.007265793173435 4.4057673272953172e-06 1.4839441205640435e-06 4.405767327200275e-06 1.4839441205640418e-06 4.4057673272953172e-06 9.6718292419111136e-17 9.5042035222910512e-17 -1.7355960977018247e-21 9.5772517493119152e-17 9.6264398091828073e-17 50.000000000000384 50.000000000000441 50.000000000000384 3.836930773104541e-13 4.4053649617126212e-13 1.0000000000000004 1969.865651246306 8030.1343487449658 0.027757940212390801 0 0 0.99929394840684638 5.3569930584965048e-18 0.99999999999999978 9.6735733843814652e-13 9.5023807825576017e-13 -3.7369671320613579e-17 0.33430464414457278 0.33309800203784384 0.001206642106728939 1.4839441205640435e-06
16000 0 0 0.030174436596452789 25.007266084102387 4.4164094423863088e-06 1.4839574722898269e-06 4.4164094423389368e-06 1.4839574722898259e-06 4.4164094423863088e-06 1.038110081838749e-16 1.0343988654256245e-16 8.331288639246399e-21 9.3233905910707289e-17 9.6408457060867393e-17 50.000000000000433 50.000000000000497 50.000000000000433 4.3343106881366111e-13 4.9737991503207013e-13 1.0000000000000002 1969.8656512462489 8030.1343487447721 0.027757938842502661 0 0 0.99929394090627222 5.3569959270323189e-18 0.99999999999999978 1.0379943873007963e-12 1.0343824394449784e-12 6.4860026243452384e-17 0.33430463413197875 0.33309800736618306 0.0012066267657956931 1.4839574722898269e-06
16500 0 0 0.030174023481234519 25.007266397676272 4.4179920165184754e-06 1.4839644480625937e-06 4.4179920164124091e-06 1.4839644480625897e-06 4.4179920165184754e-06 1.1228978494660468e-16 1.0606604028243219e-16 3.1213327716767024e-21 8.8361340605395192e-17 9.3413926414881772e-17 50.000000000000483 50.00000000000054 50.000000000000483 4.8316906031686813e-13 5.4001247917767614e-13 1.0000000000000027 1969.8656512461876 8030.1343487445492 0.027757938363174649 0 0 0.99929393282122181 5.3569973450012141e-18 0.99999999999999978 1.1227881620932001e-12 1.0606191073197789e-12 5.3495081083250066e-18 0.33430462334018696 0.33309801310932868 0.0012066102308582738 1.4839644480625937e-06
17000 0 0 0.030173770230249305 25.007266589906653 4.4142129090239441e-06 1.4839446958752583e-06 4.4142129089113692e-06 1.483944695875259e-06 4.4142129090239441e-06 1.1965003234081645e-16 1.1257489564373215e-16 -5.5510671043655429e-21 8.9646574746060239e-17 1.008161133945757e-16 50.00000000000054 50.00000000000059 50.00000000000054 5.4001247917767614e-13 5.8975047068088315e-13 1.0000000000000044 1969.86565124614 8030.1343487443201 0.027757938548295179 0 0 0.99929392786464366 5.3569975115709753e-18 0.99999999999999978 1.196515298949527e-12 1.1255111334078704e-12 -7.5392895617236598e-17 0.33430461672454387 0.33309801663005661 0.0012066000944872535 1.4839446958752583e-06
17500 0 0 0.030173707208763029 25.007266637744127 4.4092617926037352e-06 1.4839350145215401e-06 4.4092617924857232e-06 1.4839350145215428e-06 4.4092617926037352e-06 1.2656683765834781e-16 1.1801237155611273e-16 6.9459769086788841e-22 1.1732609219828954e-16 1.4935031113763871e-16 50.000000000000597 50.000000000000639 50.000000000000597 5.9685589803848416e-13 6.3948846218409017e-13 1.000000000000004 1969.8656512460875 8030.1343487441263 0.027757938998839729 0 0 0.99929392663107175 5.3569968915755175e-18 0.99999999999999978 1.2656782868656536e-12 1.1798822106905009e-12 1.694190691540439e-19 0.33430461507824566 0.3330980175061935 0.0012065975720521593 1.4839350145215401e-06
18000 0 0 0.030173769411711491 25.007266590529913 4.4058049975880743e-06 1.4839388115527927e-06 4.4058049974635494e-06 1.4839388115528025e-06 4.4058049975880743e-06 1.3221953744284527e-16 1.2452444725197258e-16 3.1253295434136423e-21 1.4702583528482026e-16 1.2599339030608926e-16 50.000000000000654 50.000000000000696 50.000000000000654 6.5369931689929217e-13 6.9633188104489818e-13 1.0000000000000013 1969.8656512460327 8030.1343487439435 0.027757939395599483 0 0 0.99929392784836735 5.3569961449772451e-18 0.99999999999999978 1.3223679658609364e-12 1.2453036434867835e-12 7.9830258427457269e-17 0.33430461670315959 0.3330980166414344 0.0012066000617251826 1.4839388115527927e-06
18500 0 0 0.030173870046213344 25.007266514143932 4.4045887372693745e-06 1.4839425047528004e-06 4.4045887372065992e-06 1.4839425047528047e-06 4.4045887372693745e-06 1.3765553875557048e-16 1.2920277276528998e-16 1.3879131556663864e-21 1.3976228262450156e-16 1.2051144380784645e-16 50.000000000000718 50.000000000000767 50.000000000000718 7.1764816311770119e-13 7.673861546209082e-13 1.0000000000000013 1969.8656512459715 8030.1343487436825 0.027757939596145607 0 0 0.99929392981788812 5.3569956468269208e-18 0.99999999999999978 1.3767720179214596e-12 1.2918190158742158e-12 3.7511082124340524e-17 0.33430461933200994 0.33309801524238875 0.0012066040896211994 1.4839425047528004e-06
19000 0 0 0.030173947871526031 25.007266455070777 4.4050485272527213e-06 1.4839415659261842e-06 4.4050485271170741e-06 1.4839415659261865e-06 4.4050485272527213e-06 1.4514631833152588e-16 1.3564733163433316e-16 5.5471753974644282e-21 1.5825222455131495e-16 1.4302294178226804e-16 50.000000000000782 50.000000000000824 50.000000000000782 7.815970093361102e-13 8.2422957348171622e-13 1.0000000000000022 1969.865651245917 8030.1343487434433 0.027757939610008622 0 0 0.99929393134103539 5.3569955149095704e-18 0.99999999999999978 1.4511027064253569e-12 1.3564521325774094e-12 4.6408120763614871e-17 0.33430462136501549 0.33309801416043605 0.0012066072045794352 1.4839415659261842e-06
19500 0 0 0.030173980862733093 25.007266430028611 4.406180886621013e-06 1.4839390827429269e-06 4.4061808864779042e-06 1.4839390827429233e-06 4.406180886621013e-06 1.5248977854916378e-16 1.4310901689910039e-16 -5.8984045777067602e-21 1.5361139484416895e-16 1.3991991934461772e-16 50.00000000000086 50.000000000000902 50.00000000000086 8.5975671026972122e-13 9.0238927441532724e-13 1.0000000000000009 1969.8656512458672 8030.1343487432723 0.027757939521343297 0 0 0.99929393198672178 5.3569956226580015e-18 0.99999999999999978 1.5245469308880318e-12 1.4308661229513355e-12 -5.0963218606309941e-17 0.33430462222682944 0.33309801370177688 0.0012066085250525549 1.4839390827429269e-06
20000 0 0 0.030173976643576149 25.007266433230892 4.4071809059014476e-06 1.4839374597401792e-06 4.4071809057757928e-06 1.4839374597401788e-06 4.4071809059014476e-06 1.6070252394720528e-16 1.5049482241135141e-16 9.7164495857814178e-21 1.6580406103752617e-16 1.2942958488650559e-16 50.000000000000931 50.000000000000959 50.000000000000931 9.3081098384573124e-13 9.5923269327613525e-13 1.0000000000000004 1969.8656512458076 8030.1343487430368 0.027757939417225052 0 0 0.9992939319041354 5.3569958047419805e-18 0.99999999999999978 1.6072746567919252e-12 1.5046610987896413e-12 8.5899061091296393e-17 0.33430462211660139 0.33309801376042059 0.001206608356180805 1.4839374597401792e-06
20500 0 0 0.030173954951137779 25.007266449696363 4.4076880460959267e-06 1.4839368039477844e-06 4.4076880460305612e-06 1.4839368039477887e-06 4.4076880460959267e-06 1.6720255652862719e-16 1.5714955133043557e-16 4.5052399996330265e-21 1.7043025892556422e-16 1.4676029205259398e-16 50.000000000001009 50.000000000001037 50.000000000001009 1.0089706847793423e-12 1.0373923942097463e-12 1.0000000000000027 1969.8656512457535 8030.1343487428239 0.02775793934929004 0 0 0.99929393147955814 5.3569959518311675e-18 0.99999999999999978 1.6722673288146357e-12 1.5717329386489635e-12 5.2853062401240126e-17 0.3343046215499248 0.33309801406198386 0.0012066074879409361 1.4839368039477844e-06
21000 0 0 0.030173933418285791 25.007266466040701 4.4077248158181805e-06 1.483936664660728e-06 4.4077248156995282e-06 1.4839366646607282e-06 4.4077248158181805e-06 1.7079821545548697e-16 1.6376834657079475e-16 6.9614843425824875e-22 1.7518171134883126e-16 1.4950159998853366e-16 50.000000000001094 50.000000000001116 50.000000000001094 1.0942358130705543e-12 1.1155520951433573e-12 1.0000000000000002 1969.8656512456939 8030.1343487426275 0.027757939328915439 0 0 0.99929393105809594 5.3569960248248269e-18 0.99999999999999978 1.7072187271449271e-12 1.6371217827007773e-12 1.8479807813067762e-17 0.33430462098741787 0.33309801436132935 0.0012066066260885133 1.483936664660728e-06
21500 0 0 0.030173921105689609 25.007266475386608 4.4075024731041602e-06 1.4839368165759524e-06 4.4075024729279036e-06 1.4839368165759534e-06 4.4075024731041602e-06 1.7625695553709115e-16 1.6906925383643558e-16 -4.8586928843179667e-21 1.7088875563126748e-16 1.6938102759012242e-16 50.00000000000118 50.000000000001201 50.00000000000118 1.1795009413617663e-12 1.2008172234345693e-12 1.0000000000000011 1969.8656512456346 8030.1343487423874 0.027757939341808466 0 0 0.99929393081708451 5.3569960190451735e-18 0.99999999999999978 1.7631288851044827e-12 1.6907998614590081e-12 -5.3258480635170627e-17 0.33430462066576949 0.33309801453249266 0.001206606133276833 1.4839368165759524e-06
22000 0 0 0.030173918791391439 25.007266477143386 4.4072403420841527e-06 1.4839370998493433e-06 4.4072403419125938e-06 1.4839370998493421e-06 4.4072403420841527e-06 1.7883948140505732e-16 1.7155865436108158e-16 9.3655798412126068e-21 1.4427812767553158e-16 1.291520101684322e-16 50.000000000001265 50.000000000001272 50.000000000001265 1.2647660696529783e-12 1.2718714970105793e-12 1.0000000000000007 1969.8656512455811 8030.1343487421182 0.027757939366452371 0 0 0.99929393077175599 5.3569959818407406e-18 0.99999999999999978 1.7882248077563019e-12 1.7154145190528719e-12 7.2717807295433282e-17 0.33430462060530403 0.33309801456465699 0.0012066060406470402 1.4839370998493433e-06
22500 0 0 0.03017392263517071 25.007266474225812 4.4070688504397405e-06 1.4839373373519127e-06 4.4070688502549374e-06 1.4839373373519137e-06 4.4070688504397405e-06 1.8480330892717272e-16 1.7586331239086031e-16 -5.5522325335578473e-21 1.8933601492383377e-16 1.6786562415618083e-16 50.000000000001357 50.000000000001371 50.000000000001357 1.3571366253017914e-12 1.3713474800169934e-12 1.0000000000000036 1969.8656512455248 8030.134348741889 0.027757939386721511 0 0 0.99929393084695517 5.3569959382581755e-18 0.99999999999999978 1.8479922148483409e-12 1.7593593722839055e-12 -6.534513865190912e-17 0.33430462070570571 0.3330980145112114 0.0012066061944943085 1.4839373373519127e-06
23000 0 0 0.030173928035886099 25.007266470126361 4.4070170561636649e-06 1.4839374341061626e-06 4.407017055988568e-06 1.4839374341061692e-06 4.4070170561636649e-06 1.8766937466966407e-16 1.7509712839961227e-16 1.5251292720740642e-24 1.9987750939388209e-16 1.9172764193688078e-16 50.000000000001442 50.000000000001457 50.000000000001442 1.4424017535930034e-12 1.4566126083082054e-12 1.0000000000000013 1969.8656512454709 8030.1343487416761 0.027757939396124101 0 0 0.9992939309526272 5.3569959154005656e-18 0.99999999999999978 1.8771386219532509e-12 1.7512418736445297e-12 1.1703679915812509e-17 0.3343046208467777 0.33309801443611975 0.001206606410657951 1.4839374341061626e-06
23500 0 0 0.030173931950709876 25.007266467154817 4.4070492082144519e-06 1.4839374098296465e-06 4.4070492080200655e-06 1.4839374098296476e-06 4.4070492082144519e-06 1.9438674912908892e-16 1.7451174325214385e-16 2.0863838439165899e-21 1.9832351281926029e-16 1.8030478518777038e-16 50.000000000001528 50.000000000001528 50.000000000001528 1.5276668818842154e-12 1.5276668818842154e-12 1.0000000000000011 1969.8656512454086 8030.1343487414679 0.027757939395910768 0 0 0.99929393102922037 5.3569959094881995e-18 0.99999999999999978 1.9442623170619994e-12 1.7452168121420149e-12 5.5157850888419596e-18 0.33430462094903579 0.33309801438168701 0.001206606567348778 1.4839374098296465e-06
24000 0 0 0.030173933435017605 25.007266466028092 4.4071111749942936e-06 1.483937335062837e-06 4.407111174801287e-06 1.4839373350628404e-06 4.4071111749942936e-06 1.930064110245339e-16 1.7783904791116303e-16 5.5525988671832736e-21 1.7734399794432419e-16 2.0423926388200271e-16 50.00000000000162 50.000000000001627 50.00000000000162 1.6200374375330284e-12 1.6271428648906294e-12 1.000000000000002 1969.8656512453638 8030.1343487412623 0.027757939390809457 0 0 0.99929393105824615 5.3569959155270591e-18 0.99999999999999978 1.9304060743854591e-12 1.7790341997970152e-12 6.4667678455355273e-17 0.33430462098780156 0.33309801436104336 0.0012066066267581999 1.483937335062837e-06
24500 0 0 0.030173933031241842 25.007266466334631 4.4071622801970998e-06 1.4839372672877647e-06 4.4071622800159864e-06 1.4839372672877687e-06 4.4071622801970998e-06 1.959407222115859e-16 1.8327834248798909e-16 3.1222814836305924e-21 2.0384039285671349e-16 1.9985534925417531e-16 50.000000000001712 50.000000000001698 50.000000000001712 1.7124079931818414e-12 1.6981971384666394e-12 1.0000000000000007 1969.8656512453106 8030.134348740974 0.027757939385342184 0 0 0.99929393105031583 5.3569959253718229e-18 0.99999999999999978 1.9593989381350789e-12 1.8327510587962177e-12 2.9092550618068013e-17 0.33430462097724334 0.33309801436664627 0.0012066066105970719 1.4839372672877647e-06
25000 0 0 0.030173931821258188 25.00726646725299 4.4071860758080808e-06 1.4839372313078558e-06 4.407186075634334e-06 1.4839372313078564e-06 4.4071860758080808e-06 1.9534529498030734e-16 1.8577458348131363e-16 1.7317250228903891e-21 2.0444267004021565e-16 1.8020487072107306e-16 50.000000000001805 50.000000000001798 50.000000000001805 1.8047785488306545e-12 1.7976731214730535e-12 1.0000000000000002 1969.8656512452581 8030.1343487408594 0.027757939382005194 0 0 0.99929393102660857 5.3569959331987591e-18 0.99999999999999978 1.9537482830840136e-12 1.8579878547819124e-12 1.6368993867616977e-17 0.33430462094562668 0.33309801438345921 0.0012066065621674782 1.4839372313078558e-06
25500 0 0 0.030173930707477852 25.007266468098472 4.4071856353233366e-06 1.4839372263080212e-06 4.4071856351314777e-06 1.4839372263080172e-06 4.4071856353233366e-06 1.9979776534157945e-16 1.9185860057407282e-16 8.6736339869531073e-21 1.9987275204479514e-16 1.5285814066172372e-16 50.000000000001904 50.00000000000189 50.000000000001904 1.9042545318370685e-12 1.8900436771218665e-12 1.0000000000000004 1969.8656512452058 8030.134348740592 0.027757939381186821 0 0 0.99929393100478114 5.3569959364060518e-18 0.99999999999999978 1.9984382224987467e-12 1.918700147027558e-12 8.1516924856778299e-17 0.33430462091652197 0.33309801439893355 0.0012066065175884155 1.4839372263080212e-06
26000 0 0 0.030173930116063948 25.007266468547392 4.4071728348848498e-06 1.4839372395297729e-06 4.4071728346811147e-06 1.4839372395297725e-06 4.4071728348848498e-06 2.0373531861439601e-16 1.9444358893622849e-16 -5.5532554129368647e-21 1.81514349540993e-16 1.3521262382203868e-16 50.000000000002004 50.000000000001975 50.000000000002004 2.0037305148434825e-12 1.9753088054130785e-12 1.0000000000000002 1969.865651245148 8030.1343487403701 0.027757939382019269 0 0 0.99929393099317898 5.3569959358475537e-18 0.99999999999999978 2.0371949468365234e-12 1.9443260997019127e-12 -4.4581270575132079e-17 0.33430462090106311 0.33309801440714604 0.0012066064939170729 1.4839372395297729e-06
26500 0 0 0.030173930046084541 25.007266468600516 4.4071590675257912e-06 1.4839372565898572e-06 4.4071590673194006e-06 1.4839372565898603e-06 4.4071590675257912e-06 2.0639095630061417e-16 1.9603694430738156e-16 3.8132432778130932e-21 1.7197704688355648e-16 1.676287294615962e-16 50.000000000002103 50.000000000002068 50.000000000002103 2.1032064978498966e-12 2.0676793610618915e-12 1.0000000000000002 1969.8656512451057 8030.1343487401646 0.027757939383352772 0 0 0.99929393099178199 5.3569959336364228e-18 0.99999999999999978 2.0640423947133186e-12 1.9603764368106323e-12 7.7583176681907918e-17 0.3343046208992268 0.33309801440811065 0.0012066064911161467 1.4839372565898572e-06
27000 0 0 0.030173930275740495 25.007266468426181 4.4071506422113561e-06 1.4839372684525324e-06 4.4071506420188908e-06 1.4839372684525282e-06 4.4071506422113561e-06 2.0671654560115048e-16 2.039100630360857e-16 -1.2839088186782118e-20 1.5535001569116839e-16 2.1213154985716409e-16 50.000000000002203 50.000000000002174 50.000000000002203 2.2026824808563106e-12 2.1742607714259066e-12 1.0000000000000002 1969.8656512450439 8030.1343487399326 0.027757939384379437 0 0 0.99929393099624897 5.3569959316627267e-18 0.99999999999999978 2.0677164848218909e-12 2.0390187508591539e-12 -1.0801186823470276e-16 0.33430462090521651 0.33309801440490838 0.0012066065003081272 1.4839372684525324e-06
27500 0 0 0.030173930563025413 25.007266468208105 4.407148557748614e-06 1.4839372725478321e-06 4.4071485575392665e-06 1.4839372725478298e-06 4.407148557748614e-06 2.0934759392090997e-16 2.0716895792615258e-16 3.8232461271894777e-21 1.8554515072248387e-16 1.9304445212394144e-16 50.000000000002309 50.000000000002267 50.000000000002309 2.3092638912203256e-12 2.2666313270747196e-12 1.0000000000000018 1969.8656512449961 8030.1343487397171 0.027757939384811293 0 0 0.99929393100184538 5.3569959306685008e-18 0.99999999999999978 2.0938230194272085e-12 2.071576360812465e-12 3.1246940591534966e-17 0.33430462091271318 0.33309801440090647 0.0012066065118067071 1.4839372725478321e-06
28000 0 0 0.030173930758330445 25.007266468059939 4.4071506402109015e-06 1.4839372708605482e-06 4.4071506400031023e-06 1.4839372708605473e-06 4.4071506402109015e-06 2.0779945689543679e-16 2.134321899110831e-16 4.509666155146677e-21 1.87606902068591e-16 1.9260482390221457e-16 50.000000000002416 50.000000000002373 50.000000000002416 2.4158453015843406e-12 2.3732127374387346e-12 1.0000000000000011 1969.8656512449418 8030.1343487394915 0.027757939384751601 0 0 0.99929393100563868 5.356995930471452e-18 0.99999999999999978 2.0784909675301581e-12 2.1344635274628016e-12 5.2290739067565631e-17 0.33430462091780427 0.33309801439818049 0.0012066065196237874 1.4839372708605482e-06
28500 0 0 0.030173930823027099 25.007266468010819 4.4071539965251658e-06 1.4839372668999051e-06 4.4071539963134068e-06 1.4839372668999092e-06 4.4071539965251658e-06 2.1175915431999755e-16 2.1640702078263957e-16 6.5932212914356238e-21 2.3373805999857131e-16 2.0863280876594178e-16 50.000000000002515 50.000000000002494 50.000000000002515 2.5153212845907547e-12 2.4940050025179517e-12 1.0000000000000004 1969.8656512448954 8030.1343487393196 0.027757939384462468 0 0 0.99929393100687791 5.3569959308313844e-18 0.99999999999999978 2.1173886008794607e-12 2.1640365744733026e-12 4.4322119155164137e-17 0.33430462091948582 0.33309801439727255 0.0012066065222132716 1.4839372668999051e-06
29000 0 0 0.030173930792752244 25.007266468033837 4.4071565877766031e-06 1.4839372634509742e-06 4.4071565876154949e-06 1.4839372634509746e-06 4.4071565877766031e-06 2.1661446406422102e-16 2.2086915409577971e-16 -3.812653544046738e-21 2.2002671462071871e-16 2.116246004760253e-16 50.000000000002622 50.000000000002593 50.000000000002622 2.6219026949547697e-12 2.5934809855243657e-12 1.0000000000000009 1969.8656512448454 8030.1343487390131 0.02775793938417695 0 0 0.99929393100625818 5.3569959313323265e-18 0.99999999999999978 2.1661132055510372e-12 2.2092599320375329e-12 -5.1712902296340891e-18 0.33430462091868568 0.33309801439768416 0.0012066065210015187 1.4839372634509742e-06
29500 0 0 0.030173930726080628 25.007266468084456 4.4071576834482615e-06 1.4839372617225979e-06 4.4071576832253911e-06 1.483937261722603e-06 4.4071576834482615e-06 2.191999565803873e-16 2.2287067567068011e-16 2.0824814511240743e-21 2.3339551690500065e-16 2.1007599662703832e-16 50.000000000002728 50.000000000002707 50.000000000002728 2.7284841053187847e-12 2.7071678232459817e-12 1.0000000000000018 1969.8656512447908 8030.1343487388067 0.027757939384014094 0 0 0.99929393100492669 5.3569959317069653e-18 0.99999999999999978 2.19206290014864e-12 2.2291963056414555e-12 1.884023248418214e-17 0.33430462091693541 0.33309801439860243 0.0012066065183329866 1.4839372617225979e-06
29999 0 0 0.030173930666579325 25.007266468129615 4.4071575375319303e-06 1.4839372616048726e-06 4.4071575373585994e-06 1.4839372616048737e-06 4.4071575375319303e-06 2.2282674125755927e-16 2.2605229811666379e-16 -2.429194068893127e-21 2.2384417413918871e-16 2.2502088185854391e-16 50.000000000002835 50.000000000002821 50.000000000002835 2.8350655156827997e-12 2.8208546609675977e-12 1.0000000000000002 1969.8656512447365 8030.1343487385293 0.027757939383982015 0 0 0.99929393100373554 5.356995931858613e-18 0.99999999999999978 2.2286054464803428e-12 2.2609064001554908e-12 -3.4443535785668351e-17 0.33430462091537183 0.33309801439942038 0.0012066065159514472 1.4839372616048726e-06
