# step v0 Mach sigma R umax_ref urms_ref umax_mean urms_mean umax_lab mean_x mean_y mean_z drop_ux drop_uy x0 y0 x_unwrapped center_dx center_dy axis_ratio mass_R mass_B min_f negative_total negative_color min_rho min_phi max_phi qx qy qz p_in p_out delta_p urms_lab
0 0.10000000000000001 0.17320508075688776 -5.560112678108922e-15 25.040521385269312 0.00056623530568188953 0.00011012303960320878 0.00056623530568636338 0.00011012303960320882 0.10056623530568189 0.10000000000000454 -1.3168751448141157e-22 3.4777571884475802e-21 0.099999999999998437 -1.4289348283100886e-20 50.000000000000007 50.000000000000007 50.000000000000007 7.1054273576010019e-15 7.1054273576010019e-15 1.0000000000000007 1969.8656512480629 8030.1343487520362 0.02017796998570548 0 1812 0.99999999999999889 5.1710809399147485e-26 0.99999999999998512 1000.0000000000307 -1.3108394638192989e-16 6.3848357550215942e-18 0.33333333333333387 0.33333333333333409 -2.2204460492503131e-16 0.10000006063540473
500 0.10000000000000001 0.17320508075688776 0.043633124142590234 24.976222735258382 0.0014805065593139211 0.00097913429356225588 0.0014856746805971821 0.00097912071209595337 0.10148050655931393 0.099994831878716744 -1.6803919367092649e-17 1.3890136140367576e-21 0.099986409524784797 -2.2789573647663561e-18 99.982229133842239 49.999999999999979 99.982229133842239 -0.017770866157761134 -2.1316282072803006e-14 1.0000285849740458 1969.8656512479922 8030.1343487516742 0.020108362380500136 0 1226 0.99640381207755802 2.6640616606885511e-18 0.99999999999999978 999.94831878713148 -1.6183208202333321e-13 6.2085423979019275e-18 0.33488176432857741 0.33313477782044565 0.0017469865081317648 0.099999636378971274
1000 0.10000000000000001 0.17320508075688776 0.089645596016002763 24.938695556952467 0.0015556213076643633 0.001061225974610588 0.0015517823039657994 0.0010611750383106699 0.10148651703178885 0.099989573884408406 -1.7107842920084289e-17 -6.9961821539815386e-22 0.099975843772311834 -2.1194790394270301e-17 49.95956136755165 49.999999999999964 149.95956136755166 -0.04043863244834256 -3.5527136788005009e-14 1.0000187014191304 1969.8656512479379 8030.1343487515041 0.020094389689234909 0 1220 0.99737146416807954 2.7611530317621222e-18 0.99999999999999978 999.89573884402455 -1.7394594065914953e-13 -1.5241115376021581e-17 0.33623856913828021 0.33264393060511077 0.0035946385331694364 0.099995233386022744
1500 0.10000000000000001 0.17320508075688776 0.11613090448298925 24.917922342637489 0.001009185418440322 0.00067638600865345389 0.0010006802969251766 0.00067620506301114788 0.10093192725834073 0.099984316548592786 -1.819933093116952e-17 -4.8484564569921841e-21 0.099969122765675655 -4.1778905775549264e-17 99.93263462856514 49.999999999999957 199.93263462856515 -0.067365371434860322 -4.2632564145606011e-14 1.0000269120079204 1969.8656512478847 8030.1343487512659 0.020131688549618429 0 1224 0.99632518160853234 2.7879268152802071e-18 0.99999999999999978 999.84316548583479 -1.7677518994517298e-13 -1.9210518753854258e-17 0.33699631097475607 0.33233577375635903 0.0046605372183970428 0.099986642206493975
2000 0.10000000000000001 0.17320508075688776 0.12251897043913064 24.912823166712268 0.00032203393454245666 0.00020754561762097089 0.00033102764226841663 0.00020649052455776708 0.10031008723232875 0.099979059590060329 -1.785706998935964e-17 -1.0363891781052089e-21 0.09996496944692683 -4.9253462776177816e-17 49.901934570472022 49.99999999999995 249.90193457047201 -0.09806542952799191 -4.9737991503207013e-14 1.0000522596552306 1969.8656512478249 8030.1343487510112 0.020183261676537001 0 1225 0.99605458167427396 2.808186767993454e-18 0.99999999999999978 999.79059590048985 -1.8041113308137069e-13 4.5057392733450554e-18 0.33718186919206461 0.33226396126893382 0.0049179079231307932 0.099979312321648403
2500 0.10000000000000001 0.17320508075688776 0.11659499405677266 24.91735691074124 0.000224073486902589 0.00013944255253177631 0.00020201297461617008 0.00013696620774515902 0.10014117454136769 0.099973802895095748 -2.4740799686732303e-17 3.4702349683398163e-21 0.099961332689333368 -7.0299983784456058e-17 99.867809265789447 49.999999999999936 299.86780926578945 -0.13219073421055327 -6.3948846218409017e-14 1.0000527943532127 1969.8656512477703 8030.134348750812 0.020205031641922257 0 1225 0.99655606734963165 2.7886306882088681e-18 0.99999999999999978 999.73802895081963 -2.4827676637403494e-13 -3.6314999273180073e-18 0.33702621251812881 0.33234694438891116 0.0046792681292176508 0.099973931167011532
3000 0.10000000000000001 0.17320508075688776 0.10684023588096184 24.924829784581327 0.00037582474238903422 0.00024839128800074151 0.00035217284429899502 0.00024639570608893721 0.10024392166673417 0.099968546497744198 -2.6814314657568477e-17 6.9091134489081863e-22 0.099956306687664115 -5.7653175085292682e-17 49.8305142431647 49.999999999999915 349.83051424316471 -0.16948575683528588 -8.5265128291212022e-14 1.0000329370308956 1969.8656512477091 8030.1343487505519 0.020200167362062676 0 1227 0.99728374387274077 2.8376973818250322e-18 0.99999999999999978 999.68546497726879 -2.6381230099764563e-13 5.8091871527028238e-18 0.33676225749371719 0.33247575937901175 0.0042864981147054393 0.099968880903878302
3500 0.10000000000000001 0.17320508075688776 0.099229213624271215 24.930663024588533 0.00031782942702143367 0.00020626437648267037 0.000290059030542561 0.00020297717043080783 0.10020575224076744 0.099963290435922239 -3.1043050074958883e-17 -2.8430233366372905e-25 0.099949474228087379 -6.061290180736512e-17 99.790228822965688 49.999999999999901 399.79022882296567 -0.20977117703432668 -9.9475983006414026e-14 1.0000147870478766 1969.8656512476662 8030.1343487503518 0.020207682372741717 0 1231 0.99759062967733625 2.8177325916511233e-18 0.99999999999999978 999.63290435901661 -3.1752271100501765e-13 -8.4301596783707912e-18 0.33655542694116475 0.33257521937402529 0.0039802075671394599 0.099963528256511489
4000 0.10000000000000001 0.17320508075688776 0.095905365613434101 24.933220913031814 0.00017114910554158599 0.00010502818171382186 0.00013818124068303107 9.629586895832939e-05 0.10008802088199426 0.099958034721304545 -3.3008578509415447e-17 -3.109428754577142e-21 0.099941701879252304 -4.1877907994689044e-17 49.747074869003519 49.999999999999893 449.74707486900354 -0.2529251309964593 -1.0658141036401503e-13 1.0000054976993744 1969.8656512476052 8030.1343487501035 0.020220504698437971 0 1231 0.99750783368833063 2.9351629339358805e-18 0.99999999999999978 999.58034721282274 -3.2891194650698508e-13 -6.2729403747782383e-17 0.33646442653905473 0.33261793731297534 0.0038464892260793859 0.099958117564399429
4500 0.10000000000000001 0.17320508075688776 0.096173768666482126 24.933034504691655 7.8162941019338517e-05 4.9851050091286737e-05 3.1484830276924726e-05 1.6102637189201765e-05 0.09997916041859263 0.099952779362344479 -3.8661370112279413e-17 -1.0065694055649569e-20 0.099934211667750683 -5.1043276759487333e-17 99.701131471088814 49.999999999999872 499.70113147108884 -0.29886852891115723 -1.2789769243681803e-13 1.0000044379589026 1969.8656512475532 8030.1343487498916 0.020229630586352011 0 1219 0.99752162564640856 2.7826953233272899e-18 0.99999999999999978 999.52779362319484 -3.8667626699958625e-13 -1.0534999415930901e-16 0.33647004199677444 0.33261275905560717 0.0038572829411672727 0.099952822551590798
5000 0.10000000000000001 0.17320508075688776 0.098176936527238801 24.931517343993523 0.00013463015332091882 7.5058905570007719e-05 8.7890317766508243e-05 5.3711468452422565e-05 0.10001876440501181 0.099947524356789982 -4.4204093510592732e-17 4.1621992663483737e-21 0.099927786889022596 -7.1096436282661701e-17 49.652446407828819 49.999999999999851 549.65244640782885 -0.34755359217115256 -1.4921397450962104e-13 1.0000100149931137 1969.8656512475043 8030.134348749657 0.020226918574142421 0 1212 0.99758412446974409 2.8656860177198882e-18 0.99999999999999978 999.47524356762517 -4.4137236183613981e-13 2.5795366591078068e-17 0.33652234363715727 0.33258447915933032 0.0039378644778269578 0.099947584292620226
5500 0.10000000000000001 0.17320508075688776 0.10024052829972767 24.929950734299055 0.00014489540074789499 8.2100855652942844e-05 9.2962790227645834e-05 5.8421937709411762e-05 0.10002122935039748 0.09994226968859507 -4.402394247761353e-17 -8.3068322093343795e-21 0.099922505996083003 -2.8928782930112899e-17 99.601048716881365 49.999999999999837 599.60104871688134 -0.39895128311866301 -1.6342482922482304e-13 1.0000180622133472 1969.8656512474374 8030.1343487494287 0.020227045662963222 0 1212 0.99764617771134501 2.8596338704590004e-18 0.99999999999999978 999.42269688564852 -4.4016787039723236e-13 -3.1239350619399417e-17 0.33657666886509341 0.3325557813243164 0.0040208875407770073 0.09994233319686105
6000 0.10000000000000001 0.17320508075688776 0.10146751438542907 24.929017982469549 0.0001256725570557982 7.3912976734737544e-05 6.6708418621650215e-05 3.8752726697315466e-05 0.099994844950964792 0.099937015341041074 -4.5550759344996601e-17 -5.2176098860038621e-21 0.099917928678455226 -1.7122102984869345e-17 49.546958833527896 49.999999999999815 649.54695883352792 -0.45304116647207593 -1.8474111129762605e-13 1.0000238851674721 1969.8656512473929 8030.1343487492213 0.020229215066321998 0 1206 0.99757614688473595 2.9396841491145593e-18 0.99999999999999978 999.37015341007043 -4.5486798150716381e-13 -2.5063898212467678e-17 0.33660910934726485 0.33253885216919299 0.0040702571780718566 0.099937068206631383
6500 0.10000000000000001 0.17320508075688776 0.10174151293234603 24.928809016953732 0.00010257016334235905 7.0690777024992501e-05 3.5243589307156175e-05 1.8617622078424825e-05 0.099963111279318256 0.099931761304435568 -4.7368847126018052e-17 -7.0742428675669242e-22 0.099913471078338867 -1.769874897268544e-17 99.490193979276967 49.999999999999801 699.49019397927691 -0.50980602072309011 -1.9895196601282805e-13 1.0000256680949962 1969.8656512473342 8030.1343487490003 0.020231489807136013 0 1205 0.99755481912482191 2.9303836753026724e-18 0.99999999999999978 999.3176130439806 -4.732702420189723e-13 -3.5217055879655682e-18 0.33661645929774625 0.33253517675981381 0.0040812825379324402 0.09993180663175312
7000 0.10000000000000001 0.17320508075688776 0.10140020470514934 24.929067340844874 0.00011008726584210704 7.5594594456078134e-05 3.659484089160725e-05 1.7877925923832383e-05 0.099957960533522836 0.099926507575049506 -5.7856388950584367e-17 -7.0508127768590605e-22 0.099908718297022234 -5.0453304785737072e-17 49.430769398225628 49.99999999999978 749.43076939822561 -0.56923060177439311 -2.2026824808563106e-13 1.000024315120392 1969.8656512472764 8030.1343487487848 0.020232388067322353 0 1212 0.99758474548632292 3.0110333590991088e-18 0.99999999999999978 999.26507575009498 -5.783836543940241e-13 -6.1869701026247061e-17 0.3366075379948727 0.3325399889237925 0.0040675490710802009 0.099926551451119047
7500 0.10000000000000001 0.17320508075688776 0.10087840792262164 24.929462647899726 0.00012115712085297714 8.15118439644561e-05 4.2411273703898966e-05 2.1210071369150856e-05 0.099958730397254933 0.099921254152850927 -5.8243167233598093e-17 -3.1307639790666105e-21 0.099903546989599162 -4.2404995403537386e-17 99.368697612931413 49.999999999999751 799.36869761293144 -0.63130238706855835 -2.4868995751603507e-13 1.0000216433096234 1969.865651247223 8030.1343487485101 0.020232751568910044 0 1216 0.99762925138072034 2.8937129078786825e-18 0.99999999999999978 999.21254152808467 -5.8181702933618814e-13 1.2288196006901229e-17 0.33659382813304439 0.33254727448897214 0.0040465536440722483 0.099921298278311407
8000 0.10000000000000001 0.17320508075688776 0.10048098679279352 24.929764250826285 0.00012391531065748806 8.6207737959805456e-05 3.9916350485127983e-05 1.9571557433610114e-05 0.099950849121577798 0.099916001039827645 -6.1709350737015995e-17 -7.2899364524732984e-21 0.099898069463311437 -6.660954415689726e-17 49.303987606559566 49.999999999999723 849.30398760655953 -0.69601239344046917 -2.7711166694643907e-13 1.0000192585552434 1969.8656512471707 8030.1343487483282 0.020233479100249738 0 1218 0.99765102402338501 2.9217132835306326e-18 0.99999999999999978 999.16001039782441 -6.1707785748326874e-13 -5.4689766258017501e-17 0.33658337283596029 0.33255280977961438 0.0040305630563459149 0.09991604520174123
8500 0.10000000000000001 0.17320508075688776 0.10031502231433288 24.929890286196091 0.00012340454564056802 9.0786594489462765e-05 3.4152783655747032e-05 1.6852136863778754e-05 0.099939788542949187 0.099910748238015185 -6.3293668266617204e-17 3.3781404703521391e-22 0.099892492272341218 -8.4437360258954456e-17 99.236644809455839 49.999999999999687 899.23664480945581 -0.7633551905441891 -3.1263880373444408e-13 1.0000180522061228 1969.8656512471102 8030.1343487481081 0.020234221778938733 0 1220 0.99764589976159679 2.7275580219536286e-18 0.99999999999999978 999.10748237967312 -6.3338387572207505e-13 -6.6779633334869053e-18 0.33657900558652493 0.33255512015571426 0.0040238854308106697 0.099910792604030241
9000 0.10000000000000001 0.17320508075688776 0.10034018341861571 24.929871234666727 0.00012380708760693915 9.5817901481392472e-05 2.9302835886882428e-05 1.6070100577709437e-05 0.09993111438105462 0.099905495748279949 -6.9332687919893619e-17 9.7189789877763048e-21 0.099886987358116339 -1.1440918446290765e-16 49.166671901133 49.999999999999666 949.16667190113299 -0.83332809886701398 -3.3395508580724709e-13 1.0000180686124684 1969.8656512470573 8030.1343487478725 0.020234736316808465 0 1224 0.99764656294470866 2.6973642145606724e-18 0.99999999999999978 999.054957482291 -6.9373893869794819e-13 -8.6573580917408998e-18 0.33657966231067893 0.33255476452945471 0.0040248977812242237 0.09990554059158456
9500 0.10000000000000001 0.17320508075688776 0.10045536614209964 24.929783803302804 0.0001296209946668736 0.00010104342715658642 2.9864565044154801e-05 1.6345542913926357e-05 0.099926090381771512 0.099900243570377287 -6.976559087383115e-17 3.4627162788909829e-21 0.099881629479114317 -7.0713555397386581e-17 99.094069985267609 49.999999999999623 999.09406998526765 -0.90593001473234835 -3.765876499528531e-13 1.00001879587475 1969.8656512470041 8030.1343487476297 0.020235095913209784 0 1230 0.99765003046703782 2.7126413254517052e-18 0.99999999999999978 999.00243570323926 -6.9761449453105425e-13 -1.7724708284607889e-17 0.33658269318431655 0.33255316100165916 0.0040295321826573915 0.099900288753644234
10000 0.10000000000000001 0.17320508075688776 0.10056981743165731 24.929696915212737 0.0001348873203851908 0.00010623598908221336 2.9879023893938927e-05 1.6387463877991572e-05 0.099920997370749109 0.099894991703508754 -7.5208730302604122e-17 1.0403891378865951e-21 0.099876401713680354 -6.8772039659244256e-17 49.018839633442489 49.999999999999595 1049.0188396334424 -0.98116036655756034 -4.0500935938325711e-13 1.0000196292313939 1969.8656512469477 8030.1343487474278 0.020235456780748427 0 1222 0.99765337783002894 2.771945591564163e-18 0.99999999999999978 998.94991703451376 -7.520368755808467e-13 -8.4853479113519964e-18 0.33658570572753332 0.33255156853871387 0.0040341371888194533 0.099895036881944135
10500 0.10000000000000001 0.17320508075688776 0.10063619181095437 24.929646602956328 0.00013976518147755523 0.0001114003585913224 2.9505328289172739e-05 1.6199702862667307e-05 0.09991541569089657 0.099889740146811623 -7.9368851985511332e-17 5.5520794969224491e-21 0.099871239227007205 -4.9564929413103662e-17 98.940981494843555 49.999999999999559 1098.9409814948435 -1.0590185051564731 -4.4053649617126212e-13 1.0000201759249085 1969.865651246896 8030.1343487471604 0.020235843501601278 0 1224 0.99764972678115926 2.8604795404517568e-18 0.99999999999999978 998.89740146753206 -7.9359978114606751e-13 2.9441891298519293e-17 0.33658745346310454 0.33255064566499398 0.0040368077981105532 0.099889785110485699
11000 0.10000000000000001 0.17320508075688776 0.10064936856703738 24.929636550866771 0.00014470480000071395 0.00011658340242775708 2.9193699684321173e-05 1.6090759905429506e-05 0.099910236743161476 0.099884488899683613 -8.3805409985832724e-17 6.9978824310777746e-22 0.099866076435224174 -7.153662833741669e-17 48.860496449849897 49.999999999999524 1148.86049644985 -1.1395035501500388 -4.7606363295926712e-13 1.0000203276328505 1969.865651246836 8030.1343487469539 0.020236193886601719 0 1225 0.99764860527778165 2.7981874137589908e-18 0.99999999999999978 998.84488899621454 -8.378546354571902e-13 -9.8134635887619021e-19 0.33658779968023589 0.33255046169652036 0.0040373379837155277 0.099884533642333059
11500 0.10000000000000001 0.17320508075688776 0.10062918956629331 24.929651886650049 0.00015054188848157013 0.0001217863306367272 2.9779850356875803e-05 1.6090481293094954e-05 0.099905298877197304 0.099879237961875311 -8.6957989027299687e-17 7.0133292162703324e-22 0.09986087539320429 -1.1916438635353715e-16 98.777385478076738 49.999999999999481 1198.7773854780767 -1.2226145219233331 -5.1869619710487314e-13 1.0000201860239997 1969.8656512467855 8030.1343487467302 0.020236516823360667 0 1229 0.99765031091369105 2.8306233028848722e-18 0.99999999999999978 998.79237961810622 -8.6959823801192185e-13 -7.4525958649091681e-18 0.33658726871224875 0.332550742649878 0.0040365260623707599 0.099879282579138126
12000 0.10000000000000001 0.17320508075688776 0.10059984671161699 24.929674183553495 0.00015609973210724271 0.00012699442880107859 3.0087065519573963e-05 1.6102936228378426e-05 0.099900179295407968 0.099873987333412337 -8.9053696600169785e-17 7.0906470066396735e-22 0.09985563061267555 -1.2564959482595564e-16 48.691649453640061 49.999999999999439 1248.6916494536401 -1.3083505463598613 -5.6132876125047915e-13 1.0000199336902635 1969.8656512467319 8030.1343487464992 0.020236851622738208 0 1217 0.99765276650658741 2.782996701509136e-18 0.99999999999999978 998.7398733334494 -8.9031547535571836e-13 2.3953718226520675e-17 0.33658649680988217 0.33255115138294578 0.0040353454269363986 0.099874031927800283
12500 0.10000000000000001 0.17320508075688776 0.10057790176511736 24.929690837367243 0.00016120751939419087 0.00013220312125952012 2.9944533835438158e-05 1.6095713270816963e-05 0.09989483696518163 0.099868737014441253 -9.6620865334249595e-17 2.0888586558445436e-21 0.099850357883495736 -7.5313914104984679e-17 98.603289012870718 49.999999999999389 1298.6032890128706 -1.3967109871293815 -6.1106675275368616e-13 1.0000197225870531 1969.8656512466728 8030.1343487462755 0.02023720222807307 0 1210 0.99765326365125728 2.8669105312608425e-18 0.99999999999999978 998.6873701437097 -9.6631491706611873e-13 2.3282743837859573e-17 0.33658591875990979 0.33255145630222216 0.0040344624576876265 0.099868781652321006
13000 0.10000000000000001 0.17320508075688776 0.10056893774435303 24.929697569645324 0.00016614595158921663 0.00013741433799146927 2.9632956688813161e-05 1.6085821174484801e-05 0.09988942675339893 0.099863487005099602 -1.0325231338336563e-16 -6.9535956520723116e-21 0.099845078575803409 -9.437371142328771e-17 48.512304539404731 49.999999999999339 1348.5123045394048 -1.4876954605952051 -6.6080474425689317e-13 1.0000196220744848 1969.8656512466141 8030.1343487460363 0.020237558987457171 0 1204 0.99765320505034705 2.9334452958352595e-18 0.99999999999999978 998.63487005025752 -1.0325728038482323e-12 -5.7553932736312159e-17 0.33658568108107478 0.33255157928487783 0.0040341017961969539 0.099863531707240716
13500 0.10000000000000001 0.17320508075688776 0.10057061878112619 24.929696269513634 0.00017112572842696572 0.00014262891759363641 2.93630338803752e-05 1.6083143722418852e-05 0.099884061576846914 0.099858237305453415 -1.0780248560696857e-16 -4.1549866204303537e-21 0.099839808112268044 -8.9929054661942594e-17 98.418696236299155 49.999999999999289 1398.4186962362992 -1.5813037637008165 -7.1054273576010019e-13 1.0000196252083546 1969.8656512465634 8030.1343487458134 0.020237915279225208 0 1210 0.99765325251302583 2.8594152516401711e-18 0.99999999999999978 998.58237305377531 -1.078805518677515e-12 9.2154561558390203e-18 0.33658572524371727 0.3325515558060369 0.0040341694376803683 0.099858282056842246
14000 0.10000000000000001 0.17320508075688776 0.10057720725163606 24.929691283753492 0.00017623429056197459 0.00014784603797169611 2.922220605010295e-05 1.6083550876606841e-05 0.0998787643686882 0.099852987915488134 -1.1440590093128973e-16 -4.8477517245006593e-21 0.099834551849461328 -9.0096530109895025e-17 48.322464226031393 49.999999999999247 1448.3224642260313 -1.6775357739686569 -7.531752999057062e-13 1.000019684749722 1969.8656512465091 8030.1343487455961 0.020238269307824682 0 1214 0.99765332963355535 2.9216814965183811e-18 0.99999999999999978 998.52987915409278 -1.1433938919632229e-12 4.8165224610978787e-18 0.33658589865363797 0.33255146412707881 0.0040344345265591608 0.099853032685638055
14500 0.10000000000000001 0.17320508075688776 0.10058360078067143 24.929686438716114 0.00018146983487025981 0.00015306497900786315 2.9208669990010705e-05 1.6082978086852913e-05 0.099873517551515772 0.099847738835119756 -1.2090789998439513e-16 -2.7690702717575474e-21 0.099829307025390543 -1.2024058080446492e-16 98.223608629381289 49.999999999999176 1498.2236086293813 -1.7763913706187395 -8.2422957348171622e-13 1.0000197503408577 1969.8656512464536 8030.134348745386 0.020238620293373259 0 1218 0.997653384741782 2.7200129575385857e-18 0.99999999999999978 998.4773883503907 -1.2091721935974365e-12 -2.8091545596486323e-17 0.33658606709907329 0.33255137532595641 0.004034691773116883 0.099847783597537501
15000 0.10000000000000001 0.17320508075688776 0.10058723892758031 24.92968369006093 0.00018677805611945486 0.00015828553544269301 2.9268120359832173e-05 1.6081589578915447e-05 0.099868295514826788 0.099842490064240383 -1.2493442017697474e-16 -3.1220325207068187e-21 0.09982406736752987 -1.5170444247385907e-16 48.122129602206485 49.999999999999119 1548.1221296022065 -1.8778703977934583 -8.8107299234252423e-13 1.000019790945742 1969.8656512464011 8030.134348745175 0.020238968952920731 0 1230 0.99765339944308729 2.781945728416002e-18 0.99999999999999978 998.42490064155845 -1.2491799477005111e-12 3.037452572902668e-17 0.33658616343600201 0.33255132528169029 0.0040348381543117151 0.099842534806318661
15500 0.10000000000000001 0.17320508075688776 0.10058790988509851 24.929683192586079 0.00019209903616863866 0.00016350761436726696 2.9340638909053363e-05 1.6080437295467932e-05 0.099863074265085769 0.09983724160274042 -1.3188085402937463e-16 3.3328042853595239e-22 0.099818827248756209 -1.73438409322146e-16 98.018027335000085 49.999999999999048 1598.0180273350002 -1.9819726649998302 -9.5212726591853425e-13 1.0000197995124982 1969.865651246351 8030.1343487449503 0.020239316665052375 0 1222 0.99765339436605271 2.7685580711757634e-18 0.99999999999999978 998.37241602652273 -1.3192824961091599e-12 1.215463813465294e-17 0.33658618141055696 0.33255131626172857 0.0040348651488283926 0.09983728632525736
16000 0.10000000000000001 0.17320508075688776 0.10058678110566145 24.929684088387184 0.00019739466357504565 0.00016873104766771389 2.9388114113085284e-05 1.6079618518669377e-05 0.099857846600472977 0.099831993450538045 -1.3412068967923298e-16 2.4134395229642211e-21 0.099813583797845176 -1.7629661514813254e-16 47.911302033264349 49.99999999999897 1647.9113020332643 -2.0886979667357082 -1.0302869668521453e-12 1.0000197854734849 1969.8656512462901 8030.1343487446893 0.020239664385069672 0 1221 0.99765338222079447 2.7924715813617132e-18 0.99999999999999978 998.31993450448056 -1.340964768214454e-12 6.5998082382093928e-17 0.33658615232273414 0.33255133259742053 0.0040348197253136098 0.099832038161480521
16500 0.10000000000000001 0.17320508075688776 0.10058510593998866 24.92968534432363 0.0002026542664033959 0.00017395565644108432 2.9399874002092319e-05 1.6078835357147134e-05 0.099852603217013475 0.099826745607598702 -1.3762878911626911e-16 1.3768288595170196e-21 0.099808336932560318 -1.6005163832530252e-16 97.801953896708596 49.999999999998899 1697.8019538967087 -2.1980461032912899 -1.1013412404281553e-12 1.0000197635571464 1969.8656512462296 8030.1343487444274 0.020240012702890789 0 1223 0.99765337179057012 2.8217747317599588e-18 0.99999999999999978 998.26745607506393 -1.3767940052455627e-12 9.2916090209646004e-18 0.33658610813742623 0.33255135581100381 0.0040347523264224194 0.099826790315589622
17000 0.10000000000000001 0.17320508075688776 0.10058394159753208 24.929686266057448 0.00020789148702127225 0.00017918130454747748 2.9389560954051763e-05 1.607799124730209e-05 0.099847349195705676 0.099821498073932785 -1.4284636909220274e-16 -7.6450603140123368e-21 0.099803088190888775 -1.3903915995702864e-16 47.689983107649191 49.999999999998856 1747.6899831076491 -2.3100168923508591 -1.1439738045737613e-12 1.0000197452942818 1969.8656512461764 8030.1343487442655 0.020240361809421251 0 1217 0.99765336657500381 2.7930006186534588e-18 0.99999999999999978 998.21498073837256 -1.4282870777484264e-12 -2.0788775253901908e-17 0.33658607803937207 0.33255137256718648 0.0040347054721855957 0.099821542784277337
17500 0.10000000000000001 0.17320508075688776 0.1005834463412988 24.929686627364351 0.00021312422691449617 0.00018440788536552236 2.9375076499360553e-05 1.6077137756038539e-05 0.099842092036954946 0.09981625084958487 -1.4570289148388136e-16 -3.1105033835524082e-21 0.099797839376464845 -1.3157771170256618e-16 97.57538983028374 49.999999999998771 1797.5753898302837 -2.4246101697162885 -1.2292389328649733e-12 1.0000197356073011 1969.8656512461203 8030.1343487440145 0.020240711355518443 0 1204 0.99765336615514633 2.888887770147343e-18 0.99999999999999978 998.16250849486948 -1.4564423449581633e-12 -1.1702903614286877e-17 0.33658606451108092 0.33255137896349396 0.0040346855475869581 0.09981629556344282
18000 0.10000000000000001 0.17320508075688776 0.10058350128455816 24.92968654293157 0.00021835751226363664 0.00018963530094242851 2.936144686749298e-05 1.6076300127136132e-05 0.099836836994674313 0.099811003934603862 -1.4941498694780413e-16 -2.0849711752699852e-21 0.09979259167665179 -1.4485733967348703e-16 47.458174216919737 49.999999999998707 1847.4581742169198 -2.5418257830801849 -1.2931877790833823e-12 1.0000197336675276 1969.8656512460661 8030.1343487438289 0.020241060981653167 0 1204 0.99765336927679293 3.0175316618080766e-18 0.99999999999999978 998.11003934502241 -1.4940318591654832e-12 1.0304246871107303e-17 0.33658606526976714 0.33255137750458635 0.0040346877651807889 0.099811048650280662
18500 0.10000000000000001 0.17320508075688776 0.10058381758455542 24.929686259147601 0.00022359678272154682 0.000194863458818652 2.9354111722570964e-05 1.6075462476560274e-05 0.099831585903776734 0.09980575732900103 -1.518710694314708e-16 -2.0876636825051846e-21 0.09978734542510187 -1.5883432413085659e-16 97.338336415811511 49.999999999998629 1897.3383364158115 -2.6616635841885454 -1.3713474800169934e-12 1.0000197357831975 1969.8656512460107 8030.134348743547 0.02024141046925999 0 1212 0.99765337230233064 2.9893032124546817e-18 0.99999999999999978 998.05757328897016 -1.5183519073826453e-12 -1.7044358398042743e-17 0.33658607256208511 0.33255137206329133 0.0040347004987937862 0.099805802043902478
19000 0.10000000000000001 0.17320508075688776 0.10058420459882109 24.929685988979024 0.00022884175387165306 0.00020009227523034049 2.9352786606026693e-05 1.6074613586502237e-05 0.099826338020719288 0.099800511032734379 -1.5900791832329505e-16 -1.0597083398145753e-21 0.099782100330582713 -1.477375618168844e-16 47.215876576788268 49.999999999998565 1947.2158765767883 -2.7841234232116676 -1.4352963262354024e-12 1.0000197382109477 1969.8656512459645 8030.1343487433351 0.02024175976287286 0 1216 0.99765337417563971 2.715035282951728e-18 0.99999999999999978 998.00511032627389 -1.5896513197580686e-12 -1.2920792746551282e-17 0.33658608310249455 0.33255136703574234 0.0040347160667522086 0.099800555744851319
19500 0.10000000000000001 0.17320508075688776 0.10058440502838821 24.929685838940454 0.00023408909543654044 0.00020532167554602619 2.9354141141524348e-05 1.6073757540561124e-05 0.099821091562409911 0.099795265045704989 -1.6609694034678511e-16 -1.4037491573291006e-21 0.099776855871970049 -1.9767799101590082e-16 97.090794853392453 49.999999999998472 1997.0907948533925 -2.9092051466075191 -1.5276668818842154e-12 1.000019738742054 1969.8656512459086 8030.1343487431523 0.020242108915461399 0 1228 0.99765337481878635 2.7068219378865966e-18 0.99999999999999978 997.95265045596057 -1.6611947343338039e-12 2.3823906899214921e-17 0.33658608867339679 0.33255136454256662 0.0040347241308301696 0.099795309754212649
20000 0.10000000000000001 0.17320508075688776 0.10058450995027347 24.929685815033189 0.0002393351277240191 0.0002105515928084836 2.9354495522035395e-05 1.6072900820438603e-05 0.099815847645571276 0.099790019367798022 -1.687524435241712e-16 -9.0285448347272026e-21 0.099771611618838088 -2.0089299604499181e-16 46.963091402251194 49.999999999998401 2046.9630914022512 -3.0369085977488339 -1.5987211554602254e-12 1.0000197369413311 1969.8656512458524 8030.1343487428721 0.020242458015770012 0 1224 0.99765337442731361 2.8237894728058427e-18 0.99999999999999978 997.90019367684806 -1.6886742409743269e-12 -1.2137327868275487e-16 0.33658609243738169 0.33255136409396957 0.0040347283434121195 0.099790064072882226
20500 0.10000000000000001 0.17320508075688776 0.10058443566573425 24.929685867799492 0.00024457741708856784 0.00021578196662432853 2.9351416015996334e-05 1.6072045533537093e-05 0.099810603279103113 0.099784773998927434 -1.7376340167108509e-16 1.397146254158179e-21 0.099766367373733261 -1.7074412650298494e-16 96.832766381237562 49.999999999998316 2096.8327663812379 -3.1672336187623387 -1.6839862837514374e-12 1.0000197335388314 1969.8656512457924 8030.1343487426611 0.020242807030053912 0 1221 0.99765337331000481 2.8529051208365694e-18 0.99999999999999978 997.84773998811875 -1.7377030040880921e-12 -1.1408174481075118e-17 0.33658609057478622 0.33255136521967638 0.0040347253551098472 0.099784818701266917
21000 0.10000000000000001 0.17320508075688776 0.10058441792579717 24.929685939192044 0.00024982080263391548 0.00022101274250829276 2.9349741726428236e-05 1.6071191178835809e-05 0.099805357791273641 0.099779528939092518 -1.7705125831168249e-16 -4.5150934141715128e-21 0.099761123153510808 -1.8111544088467093e-16 46.699819947788569 49.999999999998231 2146.6998199477885 -3.3001800522115445 -1.7692514120426495e-12 1.0000197296062543 1969.8656512457364 8030.1343487424438 0.020243156000686824 0 1215 0.99765337293434753 2.7888106055930924e-18 0.99999999999999978 997.79528938974704 -1.7710705736788043e-12 -2.7925186040493725e-17 0.33658609108442356 0.33255136645246708 0.0040347246319564767 0.099779573639349403
21500 0.10000000000000001 0.17320508075688776 0.10058425096725374 24.929685990850803 0.00025506883870626829 0.00022624387119557713 2.9353027072812066e-05 1.6070336995567374e-05 0.099800111560255325 0.099774284188366549 -1.8201243463822193e-16 -6.8607678277756815e-22 0.099755879088067115 -1.7732357630474398e-16 96.564252258062183 49.999999999998153 2196.564252258062 -3.4357477419380302 -1.8474111129762605e-12 1.0000197259579136 1969.8656512456876 8030.1343487422046 0.02024350503078071 0 1202 0.99765337262341924 2.9310997015545741e-18 0.99999999999999978 997.74284188245031 -1.8203623794729726e-12 1.2980037078171961e-17 0.33658608511611254 0.33255136718969469 0.0040347179264178523 0.09977432888691265
22000 0.10000000000000001 0.17320508075688776 0.10058417689324357 24.929686010790299 0.00026031450194220762 0.00023147530793336306 2.9354248770943614e-05 1.6069482456849314e-05 0.099794865047181117 0.099769039746828742 -1.8884411721031539e-16 -2.7806749334145333e-21 0.099750635315588726 -1.7631474173220112e-16 46.426063466938416 49.999999999998046 2246.4260634669386 -3.5739365330614419 -1.9539925233402755e-12 1.000019722925984 1969.8656512456337 8030.1343487419845 0.02024385410002345 0 1208 0.99765337291192269 2.8666979110402995e-18 0.99999999999999978 997.69039746705141 -1.8883907906340612e-12 -6.0669972455913116e-17 0.3365860825649945 0.33255136761312115 0.0040347149518733527 0.099769084443716988
22500 0.10000000000000001 0.17320508075688776 0.10058412494750271 24.929686005924093 0.000265558274989669 0.00023670701190012407 2.9353889492822471e-05 1.6068627266682673e-05 0.099789618549994935 0.099763795614503159 -1.9020456664246706e-16 4.5080998594958518e-21 0.099745391920314966 -1.749700577669846e-16 96.285253728505708 49.999999999997954 2296.2852537285057 -3.7147462714942776 -2.0463630789890885e-12 1.0000197204367658 1969.8656512455782 8030.1343487417853 0.020244203187518735 0 1216 0.99765337302747759 2.6713535434498727e-18 0.99999999999999978 997.63795614377614 -1.9016069260666662e-12 5.1372378992263683e-17 0.33658608030309611 0.33255136743412533 0.0040347128689707801 0.099763840309584101
23000 0.10000000000000001 0.17320508075688776 0.1005842231197632 24.929685990242902 0.00027080021657163722 0.00024193894580512251 2.9352007878125086e-05 1.6067771530581051e-05 0.099784372144468919 0.099758551791306493 -1.9743173838440578e-16 -6.8702900285542768e-22 0.099740148920504326 -1.9350665807398848e-16 46.141823196623967 49.999999999997854 2346.141823196624 -3.8581768033759545 -2.1458390619955026e-12 1.0000197182222181 1969.8656512455182 8030.1343487415606 0.020244552281197335 0 1226 0.99765337375570917 2.7752045783206974e-18 0.99999999999999978 997.58551791177194 -1.9741819127800514e-12 2.3213014857470256e-17 0.33658608398713324 0.33255136717765837 0.0040347168094748698 0.099758596484379097
23500 0.10000000000000001 0.17320508075688776 0.10058427824316438 24.929685975632587 0.00027604000375727744 0.00024717107551658254 2.9348280832369733e-05 1.6066915694562085e-05 0.099779127459361877 0.099753308277075098 -2.0030034420929958e-16 -2.7748463865223272e-21 0.099734906289719566 -1.8526700210686892e-16 95.995772025305527 49.999999999997762 2395.9957720253055 -4.0042279746944587 -2.2382096176443156e-12 1.0000197160188349 1969.8656512454745 8030.1343487413133 0.020244901379127194 0 1224 0.99765337368517693 2.773273698724373e-18 0.99999999999999978 997.53308276942812 -2.0029684418154669e-12 -2.7220914445231661e-17 0.33658608588320371 0.3325513668602092 0.0040347190229945151 0.099753352967998449
24000 0.10000000000000001 0.17320508075688776 0.10058429693539711 24.929685967912494 0.00028127711905479025 0.00025240336967210304 2.9342190737635665e-05 1.6066060153099534e-05 0.09977388434355268 0.099748065071682851 -2.0358248778207651e-16 -8.3209291381912677e-21 0.09972966398780643 -1.9833202911912788e-16 45.847100368855557 49.999999999997662 2445.8471003688555 -4.1528996311444644 -2.3376856006507296e-12 1.0000197136768767 1969.865651245402 8030.1343487410659 0.02024525043226964 0 1221 0.99765337362237749 2.8645712967124077e-18 0.99999999999999978 997.48065071547819 -2.0356528869310453e-12 -6.310147982282259e-17 0.33658608673488966 0.33255136696084753 0.0040347197740421281 0.099748109760406517
24500 0.10000000000000001 0.17320508075688776 0.10058434105393865 24.929685967277347 0.00028651686985757541 0.00025763579934446067 2.9339044970030925e-05 1.6065204916105869e-05 0.099768641025744634 0.099742822175112461 -2.0625520605708271e-16 -1.7453763546894195e-21 0.09972442198407129 -2.2281092140102392e-16 95.695808381825344 49.999999999997563 2495.6958083818254 -4.3041916181746274 -2.4371615836571436e-12 1.0000197111737257 1969.8656512453563 8030.1343487408685 0.020245599324249686 0 1215 0.99765337369408857 2.7977576932203736e-18 0.99999999999999978 997.42822174975356 -2.0624783430788326e-12 2.3706399137084131e-18 0.33658608846096544 0.33255136691710141 0.0040347215438640283 0.09974286686165891
25000 0.10000000000000001 0.17320508075688776 0.10058424058456279 24.929685970875344 0.0002917638780650933 0.00026286833779728112 2.9343465542244762e-05 1.6064349625961467e-05 0.099763397426727754 0.099737579587477157 -2.1382225959469062e-16 1.3929031852960304e-21 0.099719180266229002 -2.4257817754915986e-16 45.541896218879813 49.999999999997442 2545.5418962188796 -4.4581037811203714 -2.5579538487363607e-12 1.0000197085668616 1969.8656512453006 8030.1343487406675 0.020245948235743803 0 1196 0.9976533733958759 2.9537863036884921e-18 0.99999999999999978 997.37579587336995 -2.1382213771031941e-12 1.4377560299584098e-17 0.33658608425006842 0.33255136673689667 0.0040347175131717483 0.099737624271898875
25500 0.10000000000000001 0.17320508075688776 0.10058419268456464 24.929685975437408 0.00029700850805204626 0.00026810096039803851 2.9345816951450998e-05 1.6063493945600003e-05 0.099758153520072584 0.09973233730889941 -2.1904703257441719e-16 5.5405235058528497e-21 0.099713938837371202 -2.0169419849654213e-16 95.385364034656675 49.999999999997335 2595.3853640346565 -4.6146359653434956 -2.6645352591003757e-12 1.0000197059323772 1969.8656512452519 8030.1343487403992 0.02024629717051642 0 1212 0.99765337387288988 2.889192774899789e-18 0.99999999999999978 997.32337308755882 -2.1906640906951744e-12 7.5164326146523323e-17 0.33658608238426024 0.33255136679323083 0.0040347155910294141 0.099732381991242805
26000 0.10000000000000001 0.17320508075688776 0.10058421978960611 24.929685978837654 0.00030225050406153253 0.00027333364454907178 2.9345843445910402e-05 1.6062637927014622e-05 0.0997529093071583 0.099727095339384383 -2.2250503848295608e-16 -3.462784238107603e-21 0.099708697707607249 -1.9428275350100138e-16 45.226211983671462 49.999999999997236 2645.2262119836714 -4.7737880163285809 -2.7640112421067897e-12 1.0000197033219953 1969.8656512451892 8030.1343487401837 0.020246646130070867 0 1218 0.9976533735743246 2.7165164219430564e-18 0.99999999999999978 997.27095339239133 -2.2253349353937855e-12 -3.5316621882084986e-17 0.33658608333824752 0.33255136666050877 0.0040347166777387478 0.099727140019673921
26500 0.10000000000000001 0.17320508075688776 0.10058421603327378 24.929685980438745 0.0003074895423115509 0.00027856636953678507 2.9343221089078719e-05 1.606178202617985e-05 0.099747665110176964 0.099721853678777533 -2.2207565240982412e-16 1.0601209893365182e-21 0.099703456886409456 -2.021296405843912e-16 95.064440220293093 49.999999999997129 2695.0644402202929 -4.9355597797070914 -2.8705926524708048e-12 1.000019700750882 1969.8656512451373 8030.1343487399481 0.020246995114832009 0 1226 0.99765337382570696 2.7629051962213301e-18 0.99999999999999978 997.21853678629429 -2.220279203929676e-12 2.0716953643117967e-17 0.33658608351294689 0.33255136698614435 0.0040347165268025398 0.099721898357014727
27000 0.10000000000000001 0.17320508075688776 0.10058426695854884 24.929685980654646 0.00031272523538873609 0.00028379911623409385 2.933756225713402e-05 1.6060926696316223e-05 0.099742424036363908 0.099716612326868403 -2.2364868949345213e-16 4.8594658505945649e-21 0.099698216378854024 -2.0910482012372189e-16 44.900048898794289 49.999999999997009 2744.9000488987945 -5.0999511012055336 -2.9913849175500218e-12 1.0000196982093459 1969.8656512450832 8030.1343487397071 0.020247344125198945 0 1219 0.99765337419121625 2.7635866463129461e-18 0.99999999999999978 997.1661232671687 -2.2365192693509427e-12 -3.4474924096268199e-17 0.33658608562057685 0.33255136705105287 0.0040347185695239762 0.099716657003042247
27500 0.10000000000000001 0.17320508075688776 0.10058434279535093 24.929685980281185 0.00031795910237714109 0.00028903186674742067 2.9330385956274907e-05 1.6060071911000916e-05 0.099737182676131644 0.099711371283579139 -2.2827469284988733e-16 1.3837472720088829e-21 0.099692976185699417 -2.6372193764902472e-16 94.73303817343924 49.999999999996902 2794.7330381734391 -5.2669618265608733 -3.0979663279140368e-12 1.0000196956816969 1969.8656512450323 8030.1343487394752 0.020247692926711164 0 1221 0.9976533738042429 2.9367277991354929e-18 0.99999999999999978 997.11371283423796 -2.28304466594966e-12 6.0273415376249938e-17 0.33658608875681434 0.33255136714520195 0.0040347216116123907 0.099711415957675922
28000 0.10000000000000001 0.17320508075688776 0.10058427437052812 24.929685979984406 0.00032320508198172004 0.00029426460423678672 2.9335631004503981e-05 1.6059217137756465e-05 0.099731940997403332 0.099706130549022789 -2.3406040967198821e-16 3.8053674389453757e-21 0.099687736305269503 -2.3780769174179747e-16 44.563408198549425 49.999999999996788 2844.5634081985495 -5.4365918014505041 -3.2116531656356528e-12 1.0000196931576639 1969.8656512449766 8030.1343487392469 0.02024804173533102 0 1198 0.99765337379764685 2.9484408720888879e-18 0.99999999999999978 997.0613054886669 -2.3408730669199407e-12 4.0032553754305273e-17 0.33658608573401955 0.33255136686707171 0.0040347188669478395 0.099706175221034213
28500 0.10000000000000001 0.17320508075688776 0.10058418488904568 24.929685980083971 0.00032844839830663275 0.00029949731296190029 2.9338521690097652e-05 1.6058361843780004e-05 0.09972669896437128 0.09970089012338347 -2.4121320582252435e-16 -3.4421915982605074e-22 0.099682496735267911 -2.0043887341085786e-16 94.391159128500533 49.99999999999666 2894.3911591285005 -5.6088408714995239 -3.3395508580724709e-12 1.0000196906323353 1969.8656512449218 8030.1343487390304 0.020248390571260811 0 1212 0.99765337417741373 2.8829265966570125e-18 0.99999999999999978 997.00890123223644 -2.4122885073772563e-12 -1.749045056882288e-17 0.33658608212822766 0.33255136685065051 0.00403471527757715 0.099700934793303664
29000 0.10000000000000001 0.17320508075688776 0.1005842284760953 24.929685980582924 0.0003336886984449533 0.00030472997843337702 2.9338705136619514e-05 1.6057506078267365e-05 0.099721456542802289 0.099695650006691672 -2.4767396656838349e-16 4.1743512398555798e-21 0.099677257473683833 -2.1583391067380375e-16 44.216291117657271 49.999999999996547 2944.2162911176574 -5.7837088823425802 -3.4532376957940869e-12 1.0000196881013903 1969.8656512448649 8030.134348738804 0.020248739436725696 0 1216 0.99765337395786202 2.7289100944907953e-18 0.99999999999999978 996.95650006528649 -2.4765178133513417e-12 1.0781188624559546e-17 0.33658608370909027 0.3325513666831944 0.004034717025895862 0.099695694674523425
29500 0.10000000000000001 0.17320508075688776 0.10058423967293879 24.929685981315991 0.00033892550951455935 0.00030996258739979444 2.9335708265437743e-05 1.605665048202202e-05 0.09971621438407989 0.099690410198750884 -2.460645917713285e-16 -1.738097532120524e-21 0.099672018519143729 -2.3297878466290446e-16 94.038804320313929 49.999999999996419 2994.0388043203138 -5.9611956796861705 -3.5811353882309049e-12 1.000019685560382 1969.8656512448122 8030.1343487386184 0.020249088333865298 0 1220 0.99765337417023869 2.8154247357685417e-18 0.99999999999999978 996.90410198585494 -2.4605959878433583e-12 -2.1611744287772336e-17 0.33658608444010252 0.33255136696518833 0.0040347174749141845 0.099690454864497277
29999 0.10000000000000001 0.17320508075688776 0.10058432125420423 24.929685982105617 0.00034414297277980677 0.00031518466266358924 2.9324150686751982e-05 1.6055797669222661e-05 0.099710986309637178 0.099685181177906951 -2.4844552481429479e-16 4.5198555378964868e-21 0.099666790347906167 -2.3268848603264202e-16 43.759061714844009 49.999999999996298 3043.7590617148439 -6.1409382851561531 -3.701927653310122e-12 1.0000196830101451 1969.8656512447585 8030.1343487383438 0.020249436465849202 0 1217 0.99765337400758924 2.9126049642592539e-18 0.99999999999999978 996.85181177738752 -2.4845317902710243e-12 1.7167098232982931e-17 0.33658608790314171 0.33255136715590072 0.004034720747240983 0.099685225841577699
