# 1:passo  2:sigma_pop  3:int_grad  4:K  5:espessura_10_90  6:residuo  7:d0  8:|u|max  9:|u|rms  10:|u_n|max  11:|u_t|max  12:massa_R  13:massa_B  14:qx  15:qy  16:soma_Fx  17:soma_Fy  18:min_f  19:neg_total  20:neg_cor
0 0.0999996643 2.000000971 1.273753378 3.45 8.348877145e-14 1.357948908e-16 1.962615573e-17 6.453544379e-18 1.68292897e-17 1.262196728e-17 20000 20000 2.775557562e-15 -1.387778781e-15 0 0 0.02329093879 0 0
500 0.0999975426 2.000001295 1.300374195 3.379372777 0.1012322637 -6.839074976e-07 0.001152039363 0.0004372451154 6.592085028e-05 0.001150808123 20000 20000 -3.867739462e-12 -1.540434447e-13 0 0 0.02342701939 0 0
1000 0.09999754072 2.000001295 1.300374307 3.379372485 0.1012323872 -1.2695723e-06 0.001152318402 0.0004374221148 6.592896408e-05 0.001151086904 20000 20000 -2.180894354e-12 -3.760880496e-13 0 0 0.02342702137 0 0
1500 0.09999754072 2.000001295 1.300374308 3.379372484 0.1012324667 -1.855234463e-06 0.00115231945 0.0004374227728 6.592901528e-05 0.001151087948 20000 20000 2.953193246e-12 2.03725925e-12 0 0 0.02342702131 0 0
2000 0.09999754072 2.000001295 1.300374308 3.379372484 0.1012325462 -2.440894229e-06 0.001152319464 0.0004374227753 6.592901829e-05 0.001151087961 20000 20000 3.363836987e-11 -2.056688153e-12 0 0 0.02342702125 0 0
2500 0.09999754072 2.000001295 1.300374308 3.379372484 0.1012326257 -3.026551737e-06 0.001152319474 0.0004374227753 6.592902111e-05 0.00115108797 20000 20000 6.417852361e-11 5.185435414e-12 0 0 0.02342702119 0 0
3000 0.09999754072 2.000001295 1.300374308 3.379372484 0.1012327051 -3.612206988e-06 0.001152319485 0.0004374227753 6.592902393e-05 0.001151087979 20000 20000 9.407058466e-11 1.172326125e-11 0 0 0.02342702112 0 0
3500 0.09999754072 2.000001295 1.300374308 3.379372484 0.1012327846 -4.19786002e-06 0.001152319495 0.0004374227753 6.592902675e-05 0.001151087988 20000 20000 1.27229477e-10 1.06407938e-11 0 0 0.02342702106 0 0
4000 0.09999754072 2.000001295 1.300374308 3.379372484 0.101232864 -4.7835108e-06 0.001152319506 0.0004374227753 6.592902956e-05 0.001151087997 20000 20000 1.567801444e-10 1.395827898e-11 0 0 0.023427021 0 0
4500 0.09999754072 2.000001295 1.300374308 3.379372484 0.1012329435 -5.369159236e-06 0.001152319516 0.0004374227753 6.592903238e-05 0.001151088007 20000 20000 1.773893532e-10 2.103248131e-11 0 0 0.02342702094 0 0
5000 0.09999754072 2.000001295 1.300374308 3.379372484 0.1012330229 -5.954805309e-06 0.001152319527 0.0004374227753 6.59290352e-05 0.001151088016 20000 20000 1.975308805e-10 1.277866701e-11 0 0 0.02342702088 0 0
5500 0.09999754072 2.000001295 1.300374308 3.379372484 0.1012331024 -6.540448924e-06 0.001152319537 0.0004374227753 6.592903802e-05 0.001151088025 20000 20000 2.176578362e-10 -5.865447017e-12 0 0 0.02342702082 0 0
6000 0.09999754072 2.000001295 1.300374308 3.379372484 0.1012331818 -7.126090125e-06 0.001152319548 0.0004374227753 6.592904084e-05 0.001151088034 20000 20000 2.448180547e-10 -2.380734498e-11 0 0 0.02342702075 0 0
6500 0.09999754072 2.000001295 1.300374308 3.379372484 0.1012332613 -7.711728988e-06 0.001152319558 0.0004374227753 6.592904365e-05 0.001151088043 20000 20000 2.697550516e-10 -3.596012377e-11 0 0 0.02342702069 0 0
7000 0.09999754072 2.000001295 1.300374308 3.379372484 0.1012333407 -8.297365493e-06 0.001152319568 0.0004374227753 6.592904647e-05 0.001151088052 20000 20000 2.99758135e-10 -3.814726313e-11 0 0 0.02342702063 0 0
7500 0.09999754072 2.000001295 1.300374308 3.379372484 0.1012334202 -8.882999697e-06 0.001152319579 0.0004374227753 6.592904929e-05 0.001151088061 20000 20000 3.267879023e-10 -4.191161307e-11 0 0 0.02342702057 0 0
8000 0.09999754072 2.000001295 1.300374308 3.379372484 0.1012334996 -9.468631582e-06 0.001152319589 0.0004374227753 6.592905211e-05 0.00115108807 20000 20000 3.520225778e-10 -4.955619248e-11 0 0 0.02342702051 0 0
8500 0.09999754072 2.000001295 1.300374308 3.379372484 0.1012335791 -1.005426111e-05 0.0011523196 0.0004374227753 6.592905492e-05 0.00115108808 20000 20000 3.766605083e-10 -5.912145773e-11 0 0 0.02342702045 0 0
9000 0.09999754072 2.000001295 1.300374308 3.379372484 0.1012336585 -1.063988823e-05 0.00115231961 0.0004374227753 6.592905774e-05 0.001151088089 20000 20000 3.943713411e-10 -5.703354455e-11 0 0 0.02342702038 0 0
9500 0.09999754072 2.000001295 1.300374308 3.379372484 0.101233738 -1.122551302e-05 0.001152319621 0.0004374227753 6.592906056e-05 0.001151088098 20000 20000 4.22094304e-10 -6.254857743e-11 0 0 0.02342702032 0 0
10000 0.09999754072 2.000001295 1.300374308 3.379372484 0.1012338174 -1.181113543e-05 0.001152319631 0.0004374227753 6.592906337e-05 0.001151088107 20000 20000 4.453395985e-10 -6.88483992e-11 0 0 0.02342702026 0 0
10500 0.09999754072 2.000001295 1.300374308 3.379372484 0.1012338969 -1.239675551e-05 0.001152319642 0.0004374227753 6.592906619e-05 0.001151088116 20000 20000 4.770343842e-10 -8.428743814e-11 0 0 0.0234270202 0 0
11000 0.09999754072 2.000001295 1.300374308 3.379372484 0.1012339763 -1.298237336e-05 0.001152319652 0.0004374227753 6.592906901e-05 0.001151088125 20000 20000 5.115179114e-10 -9.254957911e-11 0 0 0.02342702014 0 0
11500 0.09999754072 2.000001295 1.300374308 3.379372484 0.1012340557 -1.356798892e-05 0.001152319663 0.0004374227753 6.592907183e-05 0.001151088134 20000 20000 5.407119197e-10 -1.039411612e-10 0 0 0.02342702008 0 0
12000 0.09999754072 2.000001295 1.300374308 3.379372484 0.1012341352 -1.415360213e-05 0.001152319673 0.0004374227753 6.592907464e-05 0.001151088143 20000 20000 5.596648145e-10 -1.082994805e-10 0 0 0.02342702001 0 0
12500 0.09999754072 2.000001295 1.300374308 3.379372484 0.1012342146 -1.473921294e-05 0.001152319684 0.0004374227753 6.592907746e-05 0.001151088153 20000 20000 5.855760321e-10 -1.156061358e-10 0 0 0.02342701995 0 0
13000 0.09999754072 2.000001295 1.300374308 3.379372484 0.1012342941 -1.532482138e-05 0.001152319694 0.0004374227753 6.592908028e-05 0.001151088162 20000 20000 6.095422778e-10 -1.367787827e-10 0 0 0.02342701989 0 0
13500 0.09999754072 2.000001295 1.300374308 3.379372484 0.1012343735 -1.591042736e-05 0.001152319704 0.0004374227753 6.592908309e-05 0.001151088171 20000 20000 6.286297871e-10 -1.516571591e-10 0 0 0.02342701983 0 0
14000 0.09999754072 2.000001295 1.300374308 3.379372484 0.101234453 -1.649603096e-05 0.001152319715 0.0004374227753 6.592908591e-05 0.00115108818 20000 20000 6.60028282e-10 -1.728957255e-10 0 0 0.02342701977 0 0
14500 0.09999754072 2.000001295 1.300374308 3.379372484 0.1012345324 -1.708163219e-05 0.001152319725 0.0004374227753 6.592908873e-05 0.001151088189 20000 20000 6.832256982e-10 -1.896399704e-10 0 0 0.02342701971 0 0
15000 0.09999754072 2.000001295 1.300374308 3.379372484 0.1012346119 -1.766723103e-05 0.001152319736 0.0004374227753 6.592909154e-05 0.001151088198 20000 20000 7.059818008e-10 -2.067956917e-10 0 0 0.02342701964 0 0
15500 0.09999754072 2.000001295 1.300374308 3.379372484 0.1012346913 -1.825282747e-05 0.001152319746 0.0004374227753 6.592909436e-05 0.001151088207 20000 20000 7.34298039e-10 -2.221021977e-10 0 0 0.02342701958 0 0
16000 0.09999754072 2.000001295 1.300374308 3.379372484 0.1012347707 -1.883842166e-05 0.001152319757 0.0004374227753 6.592909718e-05 0.001151088216 20000 20000 7.7254661e-10 -2.387444409e-10 0 0 0.02342701952 0 0
16500 0.09999754072 2.000001295 1.300374308 3.379372484 0.1012348502 -1.942401355e-05 0.001152319767 0.0004374227753 6.592909999e-05 0.001151088225 20000 20000 7.967800031e-10 -2.512053066e-10 0 0 0.02342701946 0 0
17000 0.09999754072 2.000001295 1.300374308 3.379372484 0.1012349296 -2.000960311e-05 0.001152319778 0.0004374227753 6.592910281e-05 0.001151088235 20000 20000 8.329746615e-10 -2.675935862e-10 0 0 0.0234270194 0 0
17500 0.09999754072 2.000001295 1.300374308 3.379372484 0.1012350091 -2.059519047e-05 0.001152319788 0.0004374227753 6.592910563e-05 0.001151088244 20000 20000 8.738752777e-10 -2.848395131e-10 0 0 0.02342701934 0 0
18000 0.09999754072 2.000001295 1.300374308 3.379372484 0.1012350885 -2.118077559e-05 0.001152319798 0.0004374227753 6.592910844e-05 0.001151088253 20000 20000 9.047512739e-10 -3.009995031e-10 0 0 0.02342701927 0 0
18500 0.09999754072 2.000001295 1.300374308 3.379372484 0.101235168 -2.176635838e-05 0.001152319809 0.0004374227753 6.592911126e-05 0.001151088262 20000 20000 9.310767435e-10 -3.143089955e-10 0 0 0.02342701921 0 0
19000 0.09999754072 2.000001295 1.300374308 3.379372484 0.1012352474 -2.235193881e-05 0.001152319819 0.0004374227753 6.592911407e-05 0.001151088271 20000 20000 9.613490559e-10 -3.297709328e-10 0 0 0.02342701915 0 0
19500 0.09999754072 2.000001295 1.300374308 3.379372484 0.1012353268 -2.293751693e-05 0.00115231983 0.0004374227753 6.592911689e-05 0.00115108828 20000 20000 9.922160316e-10 -3.504335711e-10 0 0 0.02342701909 0 0
19999 0.09999754072 2.000001295 1.300374308 3.379372484 0.1012354061 -2.352192158e-05 0.00115231984 0.0004374227753 6.59291197e-05 0.001151088289 20000 20000 1.023770652e-09 -3.64323155e-10 0 0 0.02342701903 0 0
