# 1:passo  2:raio_area  3:raio_grad  4:raio_linha  5:p_in  6:p_out  7:delta_p  8:sigma  9:|u-v0|max  10:|u-v0|rms  11:Ca  12:massa_R  13:massa_B  14:|q|  15:sd_p_in  16:sd_p_out  17:sigma_2pontos  18:K_perfil  19:r_perfil  20:espessura_10_90  21:residuo_ajuste  22:n_camadas
0 25.04052139 25.08111096 25 0.3333333333 0.3333333333 -2.220446049e-16 -5.560112678e-15 0.001984630562 0.0002420166881 0 1969.865651 8030.134349 3.038758444e-16 2.8316563e-08 0 0 1.273345395 25.01411833 3.451105388 0.08159937045 12
500 24.99899011 25.02704704 24.95592305 0.3338302656 0.3332315113 0.0005987543645 0.01496825443 0.008427171982 0.001896609988 0.001876676629 1969.865651 8030.134349 9.460258781e-14 0.0002802504518 0.0004739408557 0.04543946507 1.29748509 24.97469751 3.386897612 0.08186361781 12
1000 24.95522008 24.98264397 24.91761535 0.3353649317 0.3328193191 0.00254561261 0.06352632293 0.007808727609 0.00241695204 0.000409737111 1969.865651 8030.134349 1.232449627e-13 0.0001729235124 0.0004016261025 0.03508708029 1.298006989 24.92933242 3.38553582 0.08194628541 12
1500 24.90636841 24.93176525 24.86973867 0.3371141487 0.3321809798 0.004933168866 0.1228673212 0.008511462517 0.002268982023 0.0002309120232 1969.865651 8030.134349 1.526039567e-13 0.0001349082196 0.0004573723653 0.1728985151 1.296659393 24.87801003 3.389054348 0.08462052154 12
2000 24.87454353 24.89823844 24.83258605 0.337644333 0.3317540071 0.005890325928 0.1465191687 0.008498214372 0.00168669348 0.0001933356672 1969.865651 8030.134349 1.52419212e-13 0.000424229009 0.0003101481383 0.133892407 1.297856448 24.84564781 3.385928514 0.08820753601 12
2500 24.87152616 24.89471247 24.82725803 0.3385041375 0.3317789809 0.006725156653 0.1672649097 0.008445469138 0.001496952204 0.0001683052581 1969.865651 8030.134349 1.837133068e-13 0.0002010983298 0.0002387601443 0.1840374725 1.298176263 24.8418447 3.385094368 0.08615573995 12
3000 24.89080278 24.91425704 24.84949322 0.3382721499 0.3321898387 0.006082311217 0.1513936089 0.009753812973 0.001839615819 0.0002147561587 1969.865651 8030.134349 1.94132917e-13 0.0001989941759 0.0004729525744 0.1255681118 1.297735567 24.86203859 3.386243905 0.08543992159 12
3500 24.92621833 24.95079667 24.88189937 0.3369512313 0.3327676584 0.00418357291 0.1042806518 0.01023195158 0.00200810636 0.0003270645579 1969.865651 8030.134349 1.774729374e-13 0.0002176075091 0.0006476980406 0.07667604478 1.297483443 24.89826389 3.386901912 0.08396060165 12
4000 24.96240069 24.9888751 24.91713323 0.3354926403 0.333139734 0.00235290621 0.0587341876 0.0100142038 0.001782969811 0.0005683347414 1969.865651 8030.134349 1.830905099e-13 0.0001464434566 0.0007141546567 0.03131920488 1.298114279 24.93649438 3.385256003 0.08129135039 12
4500 24.98068078 25.00871968 24.93961039 0.3345691643 0.3332312111 0.001337953206 0.03342298194 0.009117825939 0.00155263848 0.0009093369701 1969.865651 8030.134349 1.817537254e-13 0.0001311634121 0.0005369324798 0.01829406859 1.298154175 24.95579747 3.385151963 0.0802282525 12
5000 24.97558953 25.00440355 24.93926569 0.3348229989 0.3331575735 0.001665425403 0.04159498125 0.00874916571 0.001709913269 0.0007011395323 1969.865651 8030.134349 2.303751547e-13 0.0001510203144 0.0001515298734 0.04005393611 1.297936413 24.950679 3.385719908 0.08066306573 12
5500 24.95455424 24.98247773 24.9223034 0.3353012849 0.3327057574 0.002595527448 0.06477023048 0.008657059903 0.001823888731 0.0004455266892 1969.865651 8030.134349 2.761108377e-13 0.0001569542161 0.0004648636602 0.06895213271 1.297681625 24.92875883 3.386384665 0.08228319384 12
6000 24.93346733 24.96077765 24.90291235 0.3361308347 0.3321913441 0.003939490601 0.0982251602 0.008917542237 0.001676260178 0.000302622472 1969.865651 8030.134349 3.775168321e-13 0.0001420385991 0.0007418248624 0.1352310153 1.297445465 24.90624973 3.387001053 0.08428977484 12
6500 24.91648443 24.94245583 24.88360153 0.336379675 0.3318901185 0.00448955645 0.1118639634 0.009220053576 0.001421956054 0.0002747400592 1969.865651 8030.134349 4.827134385e-13 0.0001614522301 0.0007761126742 0.147028394 1.298080309 24.88892308 3.385344593 0.08773426292 12
7000 24.90942741 24.93405988 24.87491835 0.3368681377 0.3319600037 0.004908134043 0.1222588087 0.008964802238 0.001507877582 0.0002444214405 1969.865651 8030.134349 5.058360889e-13 0.0001571927833 0.0005901370171 0.1455914106 1.298108188 24.88078615 3.385271888 0.08620115321 12
7500 24.91862053 24.94300986 24.88195148 0.336993179 0.3322798718 0.004713307187 0.1174491132 0.009434738108 0.001724296335 0.0002677681096 1969.865651 8030.134349 4.79852744e-13 0.0001952278961 0.0001565821375 0.1313945728 1.297807316 24.89006982 3.386056697 0.08590527199 12
8000 24.93339367 24.95771328 24.88982667 0.3364277532 0.3326886156 0.003739137661 0.09322939128 0.009704358573 0.001746240887 0.0003469706438 1969.865651 8030.134349 5.516263788e-13 0.0001207059756 0.0002980097407 0.07418251322 1.297253554 24.90539807 3.387502113 0.08417960185 12
8500 24.95035589 24.97585164 24.9018832 0.3358751048 0.3329564532 0.002918651565 0.07282139526 0.009340259269 0.001492833057 0.0004275418983 1969.865651 8030.134349 5.631411876e-13 0.0001506968693 0.0006284849484 0.0484386879 1.29764744 24.92334973 3.386473876 0.0823449497 12
9000 24.95491088 24.98138465 24.90707335 0.3357541748 0.3330865591 0.002667615681 0.06657011159 0.009174914825 0.001322129053 0.0004594111184 1969.865651 8030.134349 5.75426515e-13 0.0001352610521 0.0007290945072 0.04391155225 1.297580618 24.92844567 3.386648271 0.08145649602 12
9500 24.94566622 24.97242415 24.90128447 0.3359117976 0.3330461315 0.002865666164 0.07148595161 0.009040892781 0.001471895408 0.0004215696734 1969.865651 8030.134349 5.892976799e-13 0.000131640235 0.0005232644951 0.04411401754 1.297696741 24.91913639 3.386345219 0.08181469015 12
10000 24.93362986 24.96061825 24.89470413 0.3362929218 0.3327348479 0.003558073895 0.08871569752 0.009043080747 0.001642795328 0.0003397775516 1969.865651 8030.134349 6.439307152e-13 0.0001277743709 0.0002343341044 0.08406274444 1.297669271 24.90720355 3.386416905 0.08223192287 12
10500 24.9230232 24.94988462 24.88666442 0.3365013305 0.3323318078 0.004169522766 0.1039171126 0.009203195826 0.001599851266 0.0002952095054 1969.865651 8030.134349 6.27841936e-13 0.000133204475 0.0001857970438 0.1178290865 1.297743821 24.89569612 3.386222368 0.08367816019 12
11000 24.91859929 24.94513418 24.88340203 0.3365514826 0.3320902589 0.004461223683 0.1111674453 0.009016160376 0.001415373503 0.0002703477429 1969.865651 8030.134349 6.068538577e-13 0.0001375607188 0.0004232659377 0.130342064 1.298169658 24.890961 3.38511159 0.08448416612 12
11500 24.92196044 24.94797201 24.88869374 0.3366733378 0.3321123184 0.004561019434 0.1136695459 0.009093099079 0.001374255968 0.0002666530426 1969.865651 8030.134349 6.18977867e-13 0.0001348381052 0.0005168236035 0.1371144826 1.298093225 24.89407208 3.385310909 0.08521879269 12
12000 24.93314845 24.95877689 24.89983258 0.3363589025 0.3323256648 0.004033237774 0.1005613162 0.009508396929 0.001469428238 0.0003151774224 1969.865651 8030.134349 6.580564923e-13 0.0001387435186 0.0004303962756 0.1132792935 1.297875731 24.90533408 3.385878209 0.08526961864 12
12500 24.9474051 24.97298477 24.91034086 0.3357522867 0.3326084781 0.003143808567 0.07842986588 0.009735144013 0.001527152513 0.0004137515687 1969.865651 8030.134349 6.567909039e-13 0.0001199125156 0.000222032275 0.08574995762 1.297783204 24.9199999 3.386119609 0.0843248457 12
13000 24.95775581 24.98368598 24.9170539 0.3352687183 0.3328156558 0.002453062532 0.06122293567 0.009410636504 0.00144669829 0.0005123698823 1969.865651 8030.134349 6.580478741e-13 0.0001389270449 9.491744149e-05 0.05973016936 1.297896445 24.93086674 3.385824172 0.08321640682 12
13500 24.95696451 24.98321203 24.91502701 0.3353978972 0.3329361361 0.002461761061 0.06143808344 0.008990332299 0.001386646475 0.0004877719593 1969.865651 8030.134349 6.962310571e-13 0.0001335451036 0.000242350707 0.05662867907 1.297674368 24.93027607 3.386403603 0.08261910128 12
14000 24.94616858 24.97246041 24.90460003 0.3358673162 0.3329050811 0.002962235101 0.0738964162 0.008858429927 0.001424807576 0.0003995877104 1969.865651 8030.134349 6.707584347e-13 0.0001241327874 0.0002869670427 0.06010173216 1.297499449 24.91927616 3.386860131 0.08275718528 12
14500 24.93195003 24.958154 24.89093386 0.3364372497 0.3326800907 0.003757159014 0.09367330079 0.008927498481 0.001474534562 0.0003176820718 1969.865651 8030.134349 7.004193017e-13 0.0001290159574 0.0002447781658 0.084339803 1.297308271 24.9046723 3.387359238 0.08313765354 12
15000 24.92040133 24.9465681 24.87959971 0.3368044702 0.3324018496 0.004402620596 0.1097150721 0.009130080402 0.00143213306 0.0002773876072 1969.865651 8030.134349 7.047614152e-13 0.0001407886518 0.0001554673213 0.1106866542 1.297574357 24.89281458 3.38666461 0.0835517652 12
15500 24.91368701 24.9395408 24.87355498 0.3369440807 0.3322547885 0.004689292139 0.1168275566 0.009126575764 0.001356073045 0.0002604002008 1969.865651 8030.134349 7.239312983e-13 0.0001316809903 6.817139469e-05 0.1199406055 1.297952543 24.88583137 3.385677835 0.08410802966 12
16000 24.91587231 24.94153504 24.87811942 0.336959639 0.3322830024 0.004676636621 0.1165224809 0.009164966498 0.001372046994 0.0002621802084 1969.865651 8030.134349 7.506099929e-13 0.0001419148478 7.362787354e-05 0.1230245271 1.298066257 24.88791332 3.38538124 0.08467895633 12
16500 24.92655017 24.95221889 24.88967686 0.3365975509 0.3324273022 0.00417024875 0.1039499147 0.009435471977 0.001438389563 0.0003025646857 1969.865651 8030.134349 6.891483868e-13 0.0001384777354 9.816851548e-05 0.1095111334 1.29790961 24.8987836 3.385789827 0.08462108327 12
17000 24.94119287 24.96711232 24.90265424 0.3359514497 0.33259902 0.003352429667 0.08361359489 0.00951954606 0.00145276699 0.0003795055127 1969.865651 8030.134349 6.981743338e-13 0.0001249965054 8.613731648e-05 0.08557171923 1.297876401 24.91389824 3.385876461 0.08386854999 12
17500 24.95361781 24.98006403 24.91416477 0.3354719353 0.3327309634 0.002740971856 0.06839716411 0.009338603346 0.001380046694 0.0004551164982 1969.865651 8030.134349 6.706030942e-13 0.0001299880781 4.862895602e-05 0.0712743068 1.297947279 24.9268266 3.385691566 0.08312242951 12
18000 24.95666733 24.98336475 24.91778346 0.3353924096 0.3328133087 0.002579100868 0.06436576237 0.009181295498 0.001335412773 0.000475475116 1969.865651 8030.134349 6.847307483e-13 0.0001328947956 4.159561703e-05 0.06558016909 1.297834274 24.93005436 3.385986363 0.08287330522 12
18500 24.95103634 24.97768631 24.91318602 0.3356082572 0.3327863257 0.002821931495 0.07041011528 0.009079929994 0.001368139503 0.0004298591643 1969.865651 8030.134349 6.649187161e-13 0.0001296788875 8.241591245e-05 0.06868711491 1.297690614 24.92425691 3.386361208 0.08312305348 12
19000 24.94096085 24.96741323 24.90329709 0.3359888777 0.3326266195 0.003362258203 0.08385795023 0.00907071697 0.001420266656 0.0003605588158 1969.865651 8030.134349 6.976285395e-13 0.0001251437587 6.510586394e-05 0.08765345699 1.297530868 24.91384428 3.38677812 0.08347723074 12
19500 24.93031232 24.95647324 24.89170555 0.3363261405 0.3324352806 0.003890859889 0.09700035224 0.009052127277 0.001408674984 0.0003110685363 1969.865651 8030.134349 7.125728263e-13 0.0001261300446 8.046021511e-05 0.1030617201 1.297629133 24.90285731 3.386521652 0.08380118874 12
20000 24.92226954 24.94804377 24.88306262 0.336649639 0.3323397924 0.004309846618 0.1074111591 0.008986785765 0.001360143683 0.0002788905064 1969.865651 8030.134349 6.427986266e-13 0.0001289420938 7.191899712e-05 0.1130314981 1.29779729 24.89450437 3.386082857 0.08420216255 12
20500 24.92011528 24.94558076 24.88116578 0.3368374115 0.3323650965 0.004472315019 0.1114506058 0.009107198725 0.001347330184 0.0002723837063 1969.865651 8030.134349 6.515942494e-13 0.0001423131626 3.738185888e-05 0.11390269 1.297811555 24.89217664 3.386045637 0.08452433065 12
21000 24.9246598 24.95004787 24.88514041 0.33669682 0.3324746092 0.004222210796 0.1052371677 0.00936596597 0.001374187767 0.0002966621704 1969.865651 8030.134349 6.696355602e-13 0.0001388518576 8.084413402e-05 0.1041075815 1.297744758 24.89681575 3.386219923 0.08436853161 12
21500 24.93362525 24.95925618 24.89275811 0.3362848137 0.3326017246 0.003683089065 0.09183276253 0.009469014016 0.001390563943 0.0003437050044 1969.865651 8030.134349 6.876438316e-13 0.000124005692 0.0001326341017 0.0882929142 1.297823137 24.90613104 3.386015421 0.08379088263 12
22000 24.94226587 24.96836005 24.90114446 0.3359294394 0.3327047662 0.003224673248 0.08043065748 0.009338299643 0.001368357642 0.0003870124459 1969.865651 8030.134349 6.987494945e-13 0.000125486617 0.0001654646555 0.07702917363 1.297896714 24.9151721 3.38582347 0.08323369195 12
22500 24.94625037 24.97272523 24.90630295 0.3358055041 0.332761878 0.003043626142 0.07592705978 0.009200910673 0.001352348895 0.0004039363876 1969.865651 8030.134349 6.655172723e-13 0.000126088048 0.0001218178011 0.07280471511 1.297850126 24.91937668 3.385945008 0.0830240802 12
23000 24.94514826 24.97178287 24.90666836 0.3358587986 0.3327283319 0.003130466721 0.07808995648 0.009137685725 0.001361973694 0.0003900495504 1969.865651 8030.134349 6.60080978e-13 0.0001256852339 5.815364527e-05 0.07544707326 1.297722648 24.9182608 3.386277616 0.08313748506 12
23500 24.94102411 24.96766684 24.90341668 0.3360009388 0.3326007827 0.003400156078 0.0848033747 0.009146288293 0.001377914695 0.0003595096038 1969.865651 8030.134349 6.487482258e-13 0.0001254081674 7.773058872e-05 0.08815140611 1.297653596 24.9139895 3.38645781 0.08338320897 12
24000 24.93562075 24.96209091 24.89814176 0.3361403917 0.3324608518 0.003679539902 0.09175161152 0.009148806791 0.001366909276 0.0003323758802 1969.865651 8030.134349 7.021958364e-13 0.0001260904764 0.0001507459691 0.09967884402 1.297756532 24.90837369 3.386189201 0.08370986124 12
24500 24.93078029 24.95689921 24.89341793 0.3363054882 0.3323933027 0.003912185583 0.09753383922 0.009106804956 0.001347422496 0.0003112357389 1969.865651 8030.134349 7.12835706e-13 0.0001261799507 0.0001834862135 0.1066240974 1.297869341 24.90328472 3.385894878 0.08412735917 12
25000 24.9290178 24.95480158 24.89176394 0.3364242951 0.3324128383 0.004011456883 0.1000016801 0.009163597141 0.001349407891 0.0003054481063 1969.865651 8030.134349 7.506042945e-13 0.0001269128095 0.0001453601138 0.1077795962 1.297843157 24.90134581 3.385963189 0.08442978982 12
25500 24.93100518 24.95659693 24.8926751 0.3363702647 0.3324913226 0.003878942152 0.09670592689 0.00929462851 0.001367576771 0.0003203743145 1969.865651 8030.134349 7.832885893e-13 0.0001252005176 6.545932463e-05 0.1005394898 1.297752753 24.90333648 3.386199061 0.08431875909 12
26000 24.93556225 24.9612239 24.89548889 0.3361863244 0.3325832724 0.003603052006 0.08984412758 0.009323123525 0.001372258026 0.0003458999408 1969.865651 8030.134349 7.748420709e-13 0.0001233612726 5.630302275e-05 0.08943395715 1.297756767 24.90808142 3.386188587 0.08387711908 12
26500 24.93962606 24.96553652 24.89860026 0.3360600722 0.3326642896 0.003395782644 0.08468954932 0.009254211173 0.001354320628 0.0003642405802 1969.865651 8030.134349 7.124874711e-13 0.0001233890775 0.0001398012033 0.08173282736 1.297768421 24.91237526 3.386158181 0.08343556333 12
27000 24.94071276 24.96684633 24.89991845 0.3360502435 0.3327117267 0.003338516788 0.08326498827 0.00919386932 0.001342489424 0.000368056631 1969.865651 8030.134349 7.720221092e-13 0.0001240574932 0.0001653590327 0.07765260076 1.297739198 24.91358772 3.38623443 0.08323749968 12
27500 24.93905666 24.9653346 24.89910145 0.3361220727 0.3326913665 0.00343070621 0.08555857653 0.009176470087 0.001350305974 0.0003575121848 1969.865651 8030.134349 7.627227727e-13 0.0001251970664 0.0001364901627 0.08040846674 1.297685699 24.91193035 3.386374034 0.08326921169 12
28000 24.93609792 24.96245247 24.89690152 0.3362008179 0.332602603 0.003598214928 0.08972543977 0.009187367813 0.001364273063 0.0003413141185 1969.865651 8030.134349 8.038419967e-13 0.0001259417596 6.721394384e-05 0.08884475586 1.297691402 24.90890235 3.386359151 0.08341052795 12
28500 24.93303524 24.95936189 24.89438158 0.3362615655 0.3325028413 0.003758724182 0.09371640248 0.00916567061 0.001361485021 0.000326007343 1969.865651 8030.134349 8.172547998e-13 0.0001262179632 4.062159541e-05 0.09705189698 1.297788229 24.90573532 3.386106497 0.08363349416 12
29000 24.93110625 24.95729519 24.89315037 0.3363253129 0.3324484878 0.003876825095 0.09665353838 0.009140724705 0.001349507698 0.0003152402163 1969.865651 8030.134349 8.395085707e-13 0.0001264409377 9.827867898e-05 0.1025419896 1.297867716 24.90368269 3.385899119 0.08393613139 12
29500 24.9315208 24.95754252 24.89410166 0.3363356083 0.3324541829 0.003881425378 0.09676983756 0.00920016855 0.001346027195 0.0003169089592 1969.865651 8030.134349 9.150079075e-13 0.0001264244896 0.0001250998647 0.103093396 1.297848019 24.90401656 3.385950505 0.0841574533 12
29999 24.93458013 24.96050546 24.89676262 0.3362213088 0.3325061371 0.003715171712 0.09263624675 0.009303497909 0.001354108598 0.0003347680933 1969.865651 8030.134349 9.413995764e-13 0.0001247110565 0.0001060639088 0.09769729824 1.297808698 24.90711234 3.386053091 0.08410076337 12
