# 1:passo  2:raio_area  3:raio_grad  4:raio_linha  5:p_in  6:p_out  7:delta_p  8:sigma  9:|u-v0|max  10:|u-v0|rms  11:Ca  12:massa_R  13:massa_B  14:|q|  15:sd_p_in  16:sd_p_out  17:sigma_2pontos  18:K_perfil  19:r_perfil  20:espessura_10_90  21:residuo_ajuste  22:n_camadas
0 25.04052139 25.08111096 25 0.3333333333 0.3333333333 -2.220446049e-16 -5.560112678e-15 0.01132470611 0.002202460792 0 1969.865651 8030.134349 2.355421656e-15 2.731879552e-08 0 -1.387778781e-15 1.273345395 25.01411833 3.451105388 0.08159937045 12
500 23.22523606 23.10092272 23.01282328 0.3906989631 0.3251293918 0.06556957126 1.522868771 0.009544940819 0.006788882534 0.00313386846 1969.865651 8030.134349 1.676170886e-14 0.0006546071435 0.001937158406 1.403789729 1.284564656 23.2036086 3.420963774 0.1329662028 11
1000 22.91565904 22.78292871 22.69715358 0.4041672101 0.3202501282 0.08391708193 1.923015237 0.00570501137 0.004043843328 0.001483350537 1969.865651 8030.134349 1.928780303e-14 0.000117186123 0.0006282578758 1.873314186 1.3014769 22.89647186 3.376509529 0.1531595722 12
1500 22.84727035 22.71125532 22.62871244 0.4071563722 0.3189992706 0.08815710164 2.014149135 0.002370704186 0.001681956093 0.0005885125746 1969.865651 8030.134349 3.714033989e-14 2.144246085e-06 1.196056326e-05 1.995128919 1.288176269 22.83623406 3.411372544 0.1454850568 11
2000 22.83901243 22.70180021 22.62128648 0.4075191066 0.3188446 0.08867450666 2.02523816 0.0007700265227 0.0005378528913 0.0001901076471 1969.865651 8030.134349 3.001176808e-14 1.506291567e-05 9.929863798e-05 2.010384052 1.288397988 22.82639743 3.410785485 0.1431450223 11
2500 22.84218444 22.70464485 22.62504925 0.4073795783 0.3189058746 0.08847370362 2.020932657 0.0002948290208 0.0001280256723 7.294380143e-05 1969.865651 8030.134349 4.225843888e-14 9.559859781e-06 6.10744165e-05 2.004479572 1.288448348 22.82957112 3.410652169 0.1432820802 11
3000 22.84518942 22.70760022 22.62833291 0.407247311 0.3189634866 0.08828382438 2.016860691 0.0002888825164 4.262679323e-05 7.161687412e-05 1969.865651 8030.134349 1.833497214e-14 4.273834728e-06 2.537072029e-05 1.998872592 1.288452147 22.83263444 3.410642115 0.1434833928 11
3500 22.84665798 22.70907974 22.62990302 0.4071826774 0.3189915751 0.08819110221 2.014871949 0.0002932217659 4.307813218e-05 7.276436749e-05 1969.865651 8030.134349 1.485192167e-14 1.76562676e-06 8.025378495e-06 1.996132267 1.288448549 22.8341392 3.410651639 0.1435921103 11
4000 22.84719127 22.70962617 22.6304646 0.4071592102 0.3190017543 0.08815745595 2.014150258 0.000292926113 4.224890583e-05 7.271704576e-05 1969.865651 8030.134349 7.588141317e-15 9.909451977e-07 1.771385648e-06 1.995137812 1.288445859 22.83468764 3.41065876 0.1436343897 11
4500 22.84733705 22.70977874 22.63061515 0.4071527959 0.3190045285 0.08814826746 2.013953177 0.0002921906667 4.163410823e-05 7.254157395e-05 1969.865651 8030.134349 2.875286149e-14 8.40065734e-07 8.328834164e-08 1.994866328 1.288444634 22.83483826 3.410662001 0.1436469378 11
5000 22.84736018 22.70980443 22.63063766 0.4071517783 0.3190049646 0.08814681377 2.013922003 0.0002917917717 4.149536363e-05 7.244366249e-05 1969.865651 8030.134349 2.477570821e-14 8.189738832e-07 1.811302817e-07 1.994823438 1.288444212 22.83486248 3.41066312 0.1436493887 11
5500 22.8473561 22.70980108 22.63063259 0.4071519581 0.3190048842 0.08814707383 2.013927585 0.0002916351929 4.147741093e-05 7.24045877e-05 1969.865651 8030.134349 4.016289247e-14 8.202155345e-07 1.273749984e-07 1.994831161 1.288428535 22.83598038 3.410704619 0.1450779513 11
6000 22.84735062 22.70979574 22.63062658 0.4071521989 0.319004779 0.08814741995 2.01393501 0.0002915871926 4.14765136e-05 7.239240372e-05 1969.865651 8030.134349 4.315400958e-14 8.246365521e-07 6.885202016e-08 1.994841404 1.288428523 22.83597481 3.41070465 0.1450776048 11
6500 22.84734773 22.70979284 22.63062348 0.4071523261 0.3190047237 0.08814760239 2.013938924 0.0002915769724 4.147693986e-05 7.238972566e-05 1969.865651 8030.134349 1.78985936e-14 8.261973302e-07 2.179468985e-08 1.9948468 1.288428529 22.83597186 3.410704635 0.1450773959 11
7000 22.84734663 22.70979171 22.63062231 0.4071523746 0.3190047026 0.08814767205 2.013940418 0.0002915766794 4.147720419e-05 7.238959921e-05 1969.865651 8030.134349 1.526338682e-14 8.273076937e-07 1.90310707e-08 1.99484886 1.288428534 22.83597072 3.410704622 0.1450773098 11
7500 22.84734631 22.70979138 22.63062198 0.4071523888 0.3190046965 0.08814769228 2.013940852 0.0002915777923 4.147731247e-05 7.238985993e-05 1969.865651 8030.134349 3.356210333e-14 8.27622837e-07 2.153163068e-08 1.994849458 1.288444102 22.83484847 3.410663409 0.143648648 11
8000 22.84734625 22.70979131 22.63062192 0.4071523914 0.3190046953 0.08814769604 2.013940932 0.0002915785222 4.147734693e-05 7.239003824e-05 1969.865651 8030.134349 3.016074597e-14 8.276063675e-07 3.190942167e-08 1.994849569 1.288428537 22.83597033 3.410704613 0.1450772767 11
8500 22.84734625 22.70979131 22.63062193 0.4071523912 0.3190046954 0.08814769581 2.013940928 0.0002915788354 4.147735465e-05 7.239011616e-05 1969.865651 8030.134349 1.51597548e-14 8.274222632e-07 3.647968597e-08 1.994849562 1.288428537 22.83597033 3.410704613 0.1450772765 11
9000 22.84734626 22.70979132 22.63062194 0.4071523908 0.3190046956 0.08814769519 2.013940914 0.0002915789377 4.147735505e-05 7.239014205e-05 1969.865651 8030.134349 9.464208578e-15 8.276042459e-07 2.384285246e-08 1.994849544 1.288444103 22.83484842 3.410663406 0.1436486424 11
9500 22.84734627 22.70979133 22.63062194 0.4071523905 0.3190046957 0.08814769484 2.013940907 0.0002915789617 4.147735432e-05 7.239014828e-05 1969.865651 8030.134349 2.939702037e-14 8.274681563e-07 1.790559208e-08 1.994849533 1.288428537 22.83597035 3.410704613 0.1450772775 11
10000 22.84734627 22.70979133 22.63062195 0.4071523904 0.3190046958 0.0881476947 2.013940904 0.0002915789637 4.147735381e-05 7.239014888e-05 1969.865651 8030.134349 1.723070309e-14 8.27611268e-07 3.55239203e-08 1.994849529 1.288428537 22.83597035 3.410704613 0.1450772776 11
10500 22.84734627 22.70979133 22.63062195 0.4071523904 0.3190046958 0.08814769465 2.013940903 0.0002915789619 4.147735359e-05 7.239014846e-05 1969.865651 8030.134349 2.953641962e-14 8.275923922e-07 1.546984855e-08 1.994849528 1.288444103 22.83484843 3.410663406 0.1436486431 11
11000 22.84734627 22.70979133 22.63062195 0.4071523904 0.3190046958 0.08814769464 2.013940902 0.0002915789605 4.147735352e-05 7.239014812e-05 1969.865651 8030.134349 4.186365831e-14 8.272520452e-07 2.212582653e-08 1.994849527 1.288444103 22.83484843 3.410663406 0.1436486431 11
11500 22.84734627 22.70979133 22.63062195 0.4071523904 0.3190046958 0.08814769464 2.013940903 0.0002915789599 4.14773535e-05 7.239014797e-05 1969.865651 8030.134349 4.617597861e-14 8.277858379e-07 3.361060745e-08 1.994849527 1.288444103 22.83484843 3.410663406 0.1436486431 11
12000 22.84734627 22.70979133 22.63062195 0.4071523904 0.3190046958 0.08814769464 2.013940903 0.0002915789596 4.14773535e-05 7.239014791e-05 1969.865651 8030.134349 5.650509489e-14 8.276039459e-07 0 1.994849527 1.288444103 22.83484843 3.410663406 0.1436486431 11
12500 22.84734627 22.70979133 22.63062195 0.4071523904 0.3190046958 0.08814769464 2.013940903 0.0002915789596 4.14773535e-05 7.23901479e-05 1969.865651 8030.134349 5.99082088e-14 8.275400568e-07 0 1.994849528 1.288098816 22.83573638 3.411577667 0.1444178357 11
13000 22.84734627 22.70979133 22.63062195 0.4071523904 0.3190046958 0.08814769464 2.013940903 0.0002915789596 4.14773535e-05 7.23901479e-05 1969.865651 8030.134349 9.517064814e-14 8.274141466e-07 2.058537689e-08 1.994849528 1.288098816 22.83573638 3.411577667 0.1444178357 11
13500 22.84734627 22.70979133 22.63062195 0.4071523904 0.3190046958 0.08814769464 2.013940902 0.0002915789596 4.14773535e-05 7.23901479e-05 1969.865651 8030.134349 6.354303553e-14 8.27469513e-07 2.556688496e-08 1.994849528 1.288444103 22.83484843 3.410663406 0.1436486431 11
14000 22.84734627 22.70979133 22.63062195 0.4071523904 0.3190046958 0.08814769464 2.013940902 0.0002915789596 4.14773535e-05 7.23901479e-05 1969.865651 8030.134349 2.747452653e-14 8.278397187e-07 2.686053359e-08 1.994849528 1.288444103 22.83484843 3.410663406 0.1436486431 11
14500 22.84734627 22.70979133 22.63062195 0.4071523904 0.3190046958 0.08814769464 2.013940902 0.0002915789596 4.14773535e-05 7.23901479e-05 1969.865651 8030.134349 3.264491003e-14 8.274445082e-07 2.203417568e-08 1.994849528 1.288444103 22.83484843 3.410663406 0.1436486431 11
15000 22.84734627 22.70979133 22.63062195 0.4071523904 0.3190046958 0.08814769464 2.013940902 0.0002915789596 4.14773535e-05 7.23901479e-05 1969.865651 8030.134349 8.496729269e-14 8.275993374e-07 1.323283474e-08 1.994849528 1.288444103 22.83484843 3.410663406 0.1436486431 11
15500 22.84734627 22.70979133 22.63062195 0.4071523904 0.3190046958 0.08814769464 2.013940902 0.0002915789596 4.14773535e-05 7.23901479e-05 1969.865651 8030.134349 1.15617998e-13 8.274009943e-07 2.766446831e-08 1.994849528 1.288444103 22.83484843 3.410663406 0.1436486431 11
16000 22.84734627 22.70979133 22.63062195 0.4071523904 0.3190046958 0.08814769464 2.013940902 0.0002915789596 4.14773535e-05 7.23901479e-05 1969.865651 8030.134349 2.720268974e-13 8.273641024e-07 2.943400962e-08 1.994849528 1.288444103 22.83484843 3.410663406 0.1436486431 11
16500 22.84734627 22.70979133 22.63062195 0.4071523904 0.3190046958 0.08814769464 2.013940902 0.0002915789596 4.14773535e-05 7.23901479e-05 1969.865651 8030.134349 2.533992813e-13 8.273204946e-07 3.29338438e-08 1.994849528 1.288444103 22.83484843 3.410663406 0.1436486431 11
17000 22.84734627 22.70979133 22.63062195 0.4071523904 0.3190046958 0.08814769464 2.013940902 0.0002915789596 4.14773535e-05 7.23901479e-05 1969.865651 8030.134349 5.948437804e-13 8.275121892e-07 3.315902277e-08 1.994849528 1.288444103 22.83484843 3.410663406 0.1436486431 11
17500 22.84734627 22.70979133 22.63062195 0.4071523904 0.3190046958 0.08814769464 2.013940902 0.0002915789596 4.14773535e-05 7.23901479e-05 1969.865651 8030.134349 7.440723343e-13 8.275883793e-07 3.026188175e-08 1.994849528 1.288444103 22.83484843 3.410663406 0.1436486431 11
18000 22.84734627 22.70979133 22.63062195 0.4071523904 0.3190046958 0.08814769464 2.013940902 0.0002915789596 4.14773535e-05 7.23901479e-05 1969.865651 8030.134349 9.73938999e-13 8.276875567e-07 3.67408017e-08 1.994849528 1.288444103 22.83484843 3.410663406 0.1436486431 11
18500 22.84734627 22.70979133 22.63062195 0.4071523904 0.3190046958 0.08814769464 2.013940903 0.0002915789596 4.14773535e-05 7.23901479e-05 1969.865651 8030.134349 9.873131474e-13 8.277321135e-07 3.949760361e-08 1.994849528 1.288098816 22.83573638 3.411577667 0.1444178357 11
19000 22.84734627 22.70979133 22.63062195 0.4071523904 0.3190046958 0.08814769464 2.013940903 0.0002915789596 4.14773535e-05 7.23901479e-05 1969.865651 8030.134349 1.126180302e-12 8.277096045e-07 3.933430867e-08 1.994849528 1.288444103 22.83484843 3.410663406 0.1436486431 11
19500 22.84734627 22.70979133 22.63062195 0.4071523904 0.3190046958 0.08814769464 2.013940903 0.0002915789596 4.14773535e-05 7.23901479e-05 1969.865651 8030.134349 1.11228446e-12 8.276827822e-07 4.046821257e-08 1.994849528 1.288783288 22.83508928 3.40976578 0.1443270131 11
20000 22.84734627 22.70979133 22.63062195 0.4071523904 0.3190046958 0.08814769464 2.013940902 0.0002915789596 4.14773535e-05 7.23901479e-05 1969.865651 8030.134349 1.092750179e-12 8.275678034e-07 3.748445551e-08 1.994849528 1.288444103 22.83484843 3.410663406 0.1436486431 11
20500 22.84734627 22.70979133 22.63062195 0.4071523904 0.3190046958 0.08814769464 2.013940902 0.0002915789596 4.14773535e-05 7.23901479e-05 1969.865651 8030.134349 1.247544882e-12 8.274024921e-07 3.792910902e-08 1.994849528 1.288444103 22.83484843 3.410663406 0.1436486431 11
21000 22.84734627 22.70979133 22.63062195 0.4071523904 0.3190046958 0.08814769464 2.013940902 0.0002915789596 4.14773535e-05 7.23901479e-05 1969.865651 8030.134349 1.423664495e-12 8.274513781e-07 3.522783302e-08 1.994849528 1.288444103 22.83484843 3.410663406 0.1436486431 11
21500 22.84734627 22.70979133 22.63062195 0.4071523904 0.3190046958 0.08814769464 2.013940902 0.0002915789596 4.14773535e-05 7.23901479e-05 1969.865651 8030.134349 1.241690717e-12 8.272568077e-07 3.125512524e-08 1.994849528 1.288444103 22.83484843 3.410663406 0.1436486431 11
22000 22.84734627 22.70979133 22.63062195 0.4071523904 0.3190046958 0.08814769464 2.013940902 0.0002915789596 4.14773535e-05 7.23901479e-05 1969.865651 8030.134349 1.241188364e-12 8.273181622e-07 2.988606246e-08 1.994849528 1.288444103 22.83484843 3.410663406 0.1436486431 11
22500 22.84734627 22.70979133 22.63062195 0.4071523904 0.3190046958 0.08814769464 2.013940902 0.0002915789596 4.14773535e-05 7.23901479e-05 1969.865651 8030.134349 1.299605152e-12 8.274830285e-07 2.930469295e-08 1.994849528 1.288444103 22.83484843 3.410663406 0.1436486431 11
23000 22.84734627 22.70979133 22.63062195 0.4071523904 0.3190046958 0.08814769464 2.013940902 0.0002915789596 4.14773535e-05 7.23901479e-05 1969.865651 8030.134349 1.426462249e-12 8.275170543e-07 3.113435296e-08 1.994849528 1.288444103 22.83484843 3.410663406 0.1436486431 11
23500 22.84734627 22.70979133 22.63062195 0.4071523904 0.3190046958 0.08814769464 2.013940902 0.0002915789596 4.14773535e-05 7.23901479e-05 1969.865651 8030.134349 1.516437666e-12 8.275299952e-07 3.290622289e-08 1.994849528 1.288444103 22.83484843 3.410663406 0.1436486431 11
24000 22.84734627 22.70979133 22.63062195 0.4071523904 0.3190046958 0.08814769464 2.013940902 0.0002915789596 4.14773535e-05 7.23901479e-05 1969.865651 8030.134349 1.619161596e-12 8.274844814e-07 3.818488332e-08 1.994849528 1.288444103 22.83484843 3.410663406 0.1436486431 11
24500 22.84734627 22.70979133 22.63062195 0.4071523904 0.3190046958 0.08814769464 2.013940902 0.0002915789596 4.14773535e-05 7.23901479e-05 1969.865651 8030.134349 1.852245706e-12 8.276028389e-07 3.45120165e-08 1.994849528 1.288444103 22.83484843 3.410663406 0.1436486431 11
25000 22.84734627 22.70979133 22.63062195 0.4071523904 0.3190046958 0.08814769464 2.013940902 0.0002915789596 4.14773535e-05 7.23901479e-05 1969.865651 8030.134349 1.995642716e-12 8.27670395e-07 3.669038317e-08 1.994849528 1.288444103 22.83484843 3.410663406 0.1436486431 11
25500 22.84734627 22.70979133 22.63062195 0.4071523904 0.3190046958 0.08814769464 2.013940902 0.0002915789596 4.14773535e-05 7.23901479e-05 1969.865651 8030.134349 1.845989522e-12 8.275827252e-07 3.702177373e-08 1.994849528 1.288444103 22.83484843 3.410663406 0.1436486431 11
26000 22.84734627 22.70979133 22.63062195 0.4071523904 0.3190046958 0.08814769464 2.013940902 0.0002915789596 4.14773535e-05 7.23901479e-05 1969.865651 8030.134349 1.904404675e-12 8.276378281e-07 3.266105833e-08 1.994849528 1.288444103 22.83484843 3.410663406 0.1436486431 11
26500 22.84734627 22.70979133 22.63062195 0.4071523904 0.3190046958 0.08814769464 2.013940903 0.0002915789596 4.14773535e-05 7.23901479e-05 1969.865651 8030.134349 2.038092569e-12 8.275860924e-07 3.011629188e-08 1.994849528 1.288098816 22.83573638 3.411577667 0.1444178357 11
27000 22.84734627 22.70979133 22.63062195 0.4071523904 0.3190046958 0.08814769464 2.013940902 0.0002915789596 4.14773535e-05 7.23901479e-05 1969.865651 8030.134349 2.035818528e-12 8.276181995e-07 2.904860292e-08 1.994849528 1.288444103 22.83484843 3.410663406 0.1436486431 11
27500 22.84734627 22.70979133 22.63062195 0.4071523904 0.3190046958 0.08814769464 2.013940902 0.0002915789596 4.14773535e-05 7.23901479e-05 1969.865651 8030.134349 1.989178369e-12 8.276776129e-07 2.987768997e-08 1.994849528 1.288444103 22.83484843 3.410663406 0.1436486431 11
28000 22.84734627 22.70979133 22.63062195 0.4071523904 0.3190046958 0.08814769464 2.013940902 0.0002915789596 4.14773535e-05 7.23901479e-05 1969.865651 8030.134349 1.849571201e-12 8.277600143e-07 2.87934845e-08 1.994849528 1.288444103 22.83484843 3.410663406 0.1436486431 11
28500 22.84734627 22.70979133 22.63062195 0.4071523904 0.3190046958 0.08814769464 2.013940902 0.0002915789596 4.14773535e-05 7.23901479e-05 1969.865651 8030.134349 1.858871169e-12 8.276345059e-07 2.399867719e-08 1.994849528 1.288444103 22.83484843 3.410663406 0.1436486431 11
29000 22.84734627 22.70979133 22.63062195 0.4071523904 0.3190046958 0.08814769464 2.013940902 0.0002915789596 4.14773535e-05 7.23901479e-05 1969.865651 8030.134349 1.919799518e-12 8.276100798e-07 2.628407141e-08 1.994849528 1.288444103 22.83484843 3.410663406 0.1436486431 11
29500 22.84734627 22.70979133 22.63062195 0.4071523904 0.3190046958 0.08814769464 2.013940902 0.0002915789596 4.14773535e-05 7.23901479e-05 1969.865651 8030.134349 2.1711903e-12 8.275937953e-07 2.656567584e-08 1.994849528 1.288444103 22.83484843 3.410663406 0.1436486431 11
29999 22.84734627 22.70979133 22.63062195 0.4071523904 0.3190046958 0.08814769464 2.013940902 0.0002915789596 4.14773535e-05 7.23901479e-05 1969.865651 8030.134349 2.313656262e-12 8.275880517e-07 3.112128382e-08 1.994849528 1.288444103 22.83484843 3.410663406 0.1436486431 11
