# 1:passo  2:R0  3:|a2|/R0  4:|a4|/R0  5:|a8|/R0  6:rmin  7:rmax
0 24.99530979 1.096091932e-16 9.52226216e-05 8.27724819e-05 24.98429581 25.00965244
500 24.97844201 1.801479254e-16 2.503227883e-05 7.457727847e-05 24.97067463 24.9911479
1000 24.96568132 1.223127461e-16 3.452862051e-06 7.951889456e-05 24.9583331 24.9789235
1500 24.9567261 2.127948794e-16 4.26218126e-07 8.349871485e-05 24.94939165 24.97015111
2000 24.95346465 1.547128228e-16 4.62448399e-06 8.483479171e-05 24.94601697 24.96687599
2500 24.95501146 1.513623506e-16 1.297292533e-05 8.428852222e-05 24.94737895 24.96828927
3000 24.95903797 1.72194478e-16 2.785303393e-05 8.280274999e-05 24.951083 24.97205772
3500 24.96295927 1.890986857e-16 4.076077499e-05 8.12751216e-05 24.9547288 24.97574364
4000 24.96512935 7.481114856e-17 4.625736764e-05 8.038497322e-05 24.95678531 24.97780351
4500 24.96523507 1.165982979e-16 4.361749851e-05 8.031867055e-05 24.95695257 24.97794338
5000 24.96395664 1.469287845e-16 3.630385754e-05 8.08180864e-05 24.95583487 24.97678563
5500 24.96232935 2.470796425e-16 2.858900202e-05 8.145097082e-05 24.95437577 24.97528935
6000 24.96118129 1.54901236e-16 2.36360261e-05 8.188922487e-05 24.95333537 24.97422642
6500 24.9608536 1.749655422e-16 2.257644391e-05 8.201156528e-05 24.95303036 24.97391805
7000 24.96121831 7.892299945e-17 2.463118994e-05 8.187254678e-05 24.95334982 24.97424917
7500 24.96188938 1.202115051e-16 2.796335217e-05 8.161746811e-05 24.95394791 24.97486451
8000 24.96247477 1.718172149e-16 3.07726073e-05 8.1394558e-05 24.95447191 24.97540254
8500 24.96274821 2.230142237e-16 3.205874405e-05 8.129155415e-05 24.95471725 24.97565419
9000 24.9626925 3.411570773e-16 3.179122164e-05 8.131551652e-05 24.95466734 24.97560306
9500 24.96243833 1.339291053e-16 3.060181459e-05 8.141506522e-05 24.95443907 24.97536911
10000 24.96215939 1.700768262e-16 2.929956384e-05 8.152248091e-05 24.95418854 24.97511228
10500 24.96198364 6.050365525e-16 2.84736575e-05 8.158898752e-05 24.95403083 24.97495049
11000 24.96195311 3.298259529e-16 2.831794057e-05 8.159942291e-05 24.95400374 24.97492254
11500 24.96203385 1.317954995e-16 2.86775977e-05 8.156749223e-05 24.95407666 24.97499711
12000 24.96215513 4.027782351e-16 2.92284984e-05 8.152052626e-05 24.95418595 24.975109
12500 24.96225184 3.569214431e-16 2.967117866e-05 8.148348517e-05 24.95427301 24.97519816
13000 24.96229053 7.377417961e-17 2.985116392e-05 8.146903789e-05 24.95430777 24.97523381
13500 24.96227352 1.207051267e-16 2.977748235e-05 8.147604945e-05 24.95429235 24.97521808
14000 24.96222624 1.816718216e-16 2.956494243e-05 8.149453039e-05 24.95424969 24.97517443
14500 24.96217878 3.420986587e-17 2.935021571e-05 8.151282613e-05 24.95420691 24.97513064
15000 24.96215153 1.609944383e-16 2.922618839e-05 8.152316937e-05 24.95418236 24.9751055
15500 24.96214956 3.152796136e-16 2.921650913e-05 8.152373232e-05 24.95418061 24.97510369
16000 24.96216548 3.397844652e-16 2.928805027e-05 8.151746504e-05 24.95419497 24.97511838
16500 24.96218662 7.590971562e-17 2.938363389e-05 8.150927719e-05 24.95421403 24.97513789
17000 24.96220223 8.577285487e-17 2.945441357e-05 8.150330131e-05 24.9542281 24.9751523
17500 24.96220743 8.726534143e-17 2.947811714e-05 8.150137625e-05 24.95423278 24.97515709
18000 24.96220339 4.498504456e-17 2.94599266e-05 8.150300539e-05 24.95422913 24.97515336
18500 24.96219485 3.35245141e-17 2.942129481e-05 8.150633069e-05 24.95422143 24.97514548
19000 24.96218694 2.008783909e-16 2.938544108e-05 8.150937369e-05 24.9542143 24.97513818
19500 24.96218284 2.258032283e-16 2.936682457e-05 8.151092277e-05 24.95421061 24.9751344
20000 24.96218307 1.037780435e-16 2.936780418e-05 8.151080177e-05 24.95421082 24.97513462
20500 24.96218612 1.727401817e-16 2.938157191e-05 8.15096074e-05 24.95421357 24.97513743
21000 24.96218975 2.114839389e-17 2.939805892e-05 8.150820158e-05 24.95421685 24.97514078
21500 24.96219223 8.851623742e-17 2.940931409e-05 8.150725571e-05 24.95421908 24.97514307
22000 24.96219287 1.645249564e-16 2.941222108e-05 8.150702512e-05 24.95421965 24.97514365
22500 24.96219199 1.672499094e-16 2.940825701e-05 8.150737533e-05 24.95421886 24.97514284
23000 24.96219046 4.064085669e-16 2.940136135e-05 8.15079668e-05 24.95421748 24.97514144
23500 24.96218916 1.764464455e-16 2.939544479e-05 8.150846737e-05 24.95421631 24.97514023
24000 24.96218856 2.017248232e-16 2.939272306e-05 8.15086922e-05 24.95421577 24.97513968
24500 24.9621887 2.379640509e-16 2.939332032e-05 8.150863488e-05 24.95421589 24.97513981
25000 24.96218927 1.230062527e-17 2.939589809e-05 8.1508412e-05 24.95421641 24.97514033
25500 24.96218989 1.559907651e-16 2.939870583e-05 8.150817307e-05 24.95421696 24.9751409
26000 24.96219027 2.380292752e-16 2.940046541e-05 8.15080257e-05 24.95421731 24.97514126
26500 24.96219034 8.806516989e-17 2.940076475e-05 8.150800318e-05 24.95421737 24.97514132
27000 24.96219016 2.559263017e-16 2.939995189e-05 8.150807444e-05 24.95421721 24.97514116
27500 24.96218989 1.743341365e-16 2.939873791e-05 8.150817836e-05 24.95421697 24.97514091
28000 24.96218968 4.22497772e-16 2.939777384e-05 8.150825975e-05 24.95421678 24.97514071
28500 24.96218959 1.316031228e-16 2.939739127e-05 8.150829109e-05 24.9542167 24.97514063
29000 24.96218963 2.418083125e-16 2.939756447e-05 8.150827527e-05 24.95421674 24.97514067
29500 24.96218974 4.246881771e-17 2.939803794e-05 8.150823445e-05 24.95421683 24.97514077
29999 24.96218985 1.368797825e-16 2.939853206e-05 8.150819249e-05 24.95421693 24.97514087
