# 1:passo  2:raio_area  3:raio_grad  4:raio_linha  5:p_in  6:p_out  7:delta_p  8:sigma  9:|u-v0|max  10:|u-v0|rms  11:Ca  12:massa_R  13:massa_B  14:|q|  15:sd_p_in  16:sd_p_out  17:sigma_2pontos  18:K_perfil  19:r_perfil  20:espessura_10_90  21:residuo_ajuste  22:n_camadas
0 25.04052139 25.08111096 25 0.3333333333 0.3333333333 -2.220446049e-16 -5.560112678e-15 0.005662353057 0.001101230396 0 1969.865651 8030.134349 1.356453767e-16 2.78221524e-08 0 0 1.273345395 25.01411833 3.451105388 0.08159937045 12
500 24.51658262 24.48336407 24.37227937 0.3473305447 0.3342105253 0.01312001934 0.3216580381 0.02759477268 0.01499316559 0.001429819322 1969.865651 8030.134349 9.112629841e-14 0.000523865862 0.005363837795 0.6211276563 1.285452864 24.48630658 3.418599995 0.07004785772 12
1000 24.05876094 24.01635015 23.85118207 0.3612627079 0.3278748683 0.0333878396 0.8032700511 0.03280378937 0.01984316934 0.0006806301593 1969.865651 8030.134349 7.100377907e-14 0.0003645013113 0.004214595225 0.6473834962 1.293153434 24.03242863 3.398242652 0.1224473585 12
1500 23.63526464 23.5785351 23.24568933 0.3845904988 0.3211071624 0.06348333646 1.500445457 0.02355246447 0.01562247275 0.000261616357 1969.865651 8030.134349 1.296084329e-13 0.003241977551 0.003459871607 1.857918124 1.277904196 23.62370815 3.4387939 0.1782048838 12
2000 23.44424726 23.3839715 23.03310824 0.3879593011 0.3185145719 0.06944472925 1.628079403 0.01541351596 0.007195611521 0.0001577883315 1969.865651 8030.134349 1.656081297e-13 0.001026511165 0.001987618635 1.493185201 1.295627176 23.42900329 3.391754386 0.1605200747 12
2500 23.44174629 23.36780908 23.13781127 0.3911877943 0.3218238874 0.06936390693 1.626011108 0.01776522783 0.008573522878 0.0001820941623 1969.865651 8030.134349 1.869248126e-13 0.001724247285 0.001986652618 1.62336742 1.300078588 23.41917743 3.380141167 0.129528948 12
3000 23.69903167 23.6327477 23.60203954 0.3822346921 0.3257956097 0.05643908247 1.337551603 0.01776890398 0.01180237715 0.0002214108219 1969.865651 8030.134349 8.986854289e-14 0.002268676634 0.003164973996 1.288400556 1.280063594 23.66692816 3.432992843 0.1281613732 11
3500 24.02545845 23.97272843 24.00411336 0.3613323063 0.3283079954 0.03302431096 0.7934242106 0.01727515951 0.01101460722 0.0003628819505 1969.865651 8030.134349 9.777058669e-14 0.001846869197 0.004263788509 0.6121899885 1.296565062 23.98626006 3.389300917 0.1887412632 12
4000 24.2152234 24.17571593 24.23707205 0.3560163462 0.329674918 0.02634142823 0.6378635693 0.01276702274 0.00721720701 0.0003335881253 1969.865651 8030.134349 2.320772379e-13 0.0005640517863 0.002547158243 0.6230816527 1.285295976 24.17261713 3.419017283 0.173434961 11
4500 24.22328614 24.18857984 24.27280616 0.3578759903 0.3291499402 0.02872605007 0.6958393305 0.01499811504 0.006274742238 0.0003592331922 1969.865651 8030.134349 3.019669438e-13 0.0001698364411 0.002142292398 0.6248637039 1.277973894 24.18060225 3.438606355 0.1662466528 11
5000 24.08297694 24.04200243 24.03102599 0.3631971567 0.3278405769 0.03535657986 0.8514916972 0.01388636471 0.007138284503 0.0002718046607 1969.865651 8030.134349 2.147609141e-13 0.000122910179 0.003855865884 0.8655303368 1.293716959 24.05088383 3.396762425 0.1461794674 12
5500 23.9686568 23.92451855 23.81463791 0.3642966554 0.3239140056 0.04038264979 0.9679178736 0.01264591262 0.00718245957 0.0002177511295 1969.865651 8030.134349 2.899734201e-13 0.0005821102237 0.003250982369 1.115436592 1.297784297 23.93633541 3.386116757 0.1516059534 12
6000 23.85379683 23.80315746 23.61796688 0.3687761701 0.3221806546 0.04659551549 1.11147996 0.008059519425 0.004514311453 0.0001208526727 1969.865651 8030.134349 3.103640248e-13 0.0006658138495 0.003658982697 1.295573244 1.278814102 23.83176495 3.436347118 0.09038894059 11
6500 23.78285876 23.72493479 23.55820272 0.3728485123 0.3231688725 0.04967963981 1.181523857 0.00952073116 0.005099942035 0.0001343001681 1969.865651 8030.134349 2.149076133e-13 7.806149811e-05 0.001946312032 1.219414268 1.283261842 23.75746626 3.424436861 0.1032786483 11
7000 23.80922187 23.74715972 23.65362734 0.3754562733 0.3250462817 0.05040999162 1.200222675 0.01476883943 0.005445267695 0.0002050847139 1969.865651 8030.134349 3.420390382e-13 0.0009570789035 0.001302350799 1.148308805 1.276469536 23.78183326 3.442658858 0.1106690699 11
7500 23.90199016 23.84324874 23.78097012 0.3711660438 0.326692531 0.04447351279 1.063005465 0.009647070051 0.005135132678 0.0001512546324 1969.865651 8030.134349 3.521968449e-13 0.0007686010629 0.002346775547 0.9812406121 1.276022651 23.87719308 3.443864537 0.1028837757 11
8000 23.98790266 23.9353872 23.88405502 0.3646579421 0.327593922 0.03706402003 0.8890881045 0.004053014886 0.002577170024 7.597700133e-05 1969.865651 8030.134349 2.925556182e-13 0.0006026091327 0.003417075601 0.7430912566 1.299626149 23.95146674 3.381317896 0.173834228 12
8500 24.0113387 23.96479479 23.93307409 0.3653310397 0.3280063719 0.03732466785 0.8962152416 0.005571792592 0.002605796407 0.0001036170839 1969.865651 8030.134349 3.106620299e-13 4.829495334e-05 0.002810143993 0.8310083605 1.299667895 23.97698102 3.381209286 0.1626921674 12
9000 23.97885572 23.93335609 23.89358581 0.3665714859 0.327364552 0.03920693394 0.9401374123 0.01052729537 0.004040660279 0.0001866268915 1969.865651 8030.134349 2.899264136e-13 3.797072478e-05 0.001260097073 0.8710768364 1.297058008 23.94475355 3.388012817 0.1597385696 12
9500 23.93935518 23.89335127 23.80955082 0.3680168338 0.3258358312 0.04218100261 1.009786003 0.009227842267 0.004272650492 0.0001523068953 1969.865651 8030.134349 2.542976453e-13 7.617004524e-05 0.001098650463 1.003533594 1.29609267 23.90547013 3.390536229 0.1582680219 12
10000 23.91876081 23.87230692 23.75899762 0.367962767 0.3240689593 0.04389380765 1.049885486 0.005401971629 0.002609326625 8.57549339e-05 1969.865651 8030.134349 2.819192728e-13 7.910863952e-05 0.001884719005 1.134984758 1.298001283 23.88483509 3.385550701 0.1604391529 12
10500 23.90383367 23.85464275 23.74080819 0.3681576212 0.3238570219 0.04430059936 1.058954159 0.001780835365 0.0008530849843 2.802820989e-05 1969.865651 8030.134349 2.904031883e-13 0.0001449258256 0.002330537692 1.142803094 1.281826882 23.88222585 3.428270398 0.1055021565 11
11000 23.9066427 23.85345871 23.77166715 0.368574398 0.3247643951 0.04381000287 1.047350085 0.005734136832 0.002393121681 9.124833095e-05 1969.865651 8030.134349 2.669032618e-13 0.0001166911705 0.001811434932 1.100963774 1.28102933 23.88371514 3.430404793 0.1025985237 11
11500 23.94013118 23.88576581 23.83589594 0.367932753 0.3258317217 0.04210103128 1.007904212 0.00759530233 0.003081934148 0.0001255956377 1969.865651 8030.134349 2.792876242e-13 8.946902012e-05 0.0005837779761 1.022872367 1.298035185 23.90149329 3.385462278 0.1841150672 12
12000 23.97429135 23.92095557 23.87453255 0.3662925556 0.3266267022 0.03966585336 0.950960725 0.005700256332 0.002597520944 9.990346573e-05 1969.865651 8030.134349 2.357176838e-13 0.0001290610347 0.0007040583201 0.9176977685 1.297306749 23.93665223 3.387363212 0.178518872 12
12500 23.98438682 23.93341939 23.87971097 0.3658943459 0.3269393481 0.03895499784 0.9343117369 0.002396841214 0.001212220557 4.275591539e-05 1969.865651 8030.134349 2.495085775e-13 9.589221185e-05 0.001539161319 0.8676763656 1.298165036 23.94823589 3.385123642 0.1711078799 12
13000 23.95772142 23.90787775 23.84255553 0.3676644233 0.3268811079 0.04078331536 0.9770753081 0.002313683426 0.001399764533 3.946613952e-05 1969.865651 8030.134349 2.652326415e-13 0.0001398222851 0.00152658672 0.9183991913 1.297677019 23.92216493 3.386396685 0.1674243357 12
13500 23.91867441 23.86886299 23.7831542 0.3690527818 0.3263320075 0.04272077425 1.02182429 0.004443720836 0.002012456885 7.248018536e-05 1969.865651 8030.134349 2.608752323e-13 0.00012948941 0.0009693337614 0.9696250588 1.297620346 23.88325428 3.386544584 0.1667582253 12
14000 23.89440723 23.84464783 23.73909262 0.3696433826 0.3254517275 0.04419165506 1.055933402 0.004317359055 0.001992007831 6.81444342e-05 1969.865651 8030.134349 2.731467869e-13 9.192247876e-05 0.0001693243897 1.04648073 1.279714587 23.87247627 3.433929096 0.10632791 11
14500 23.89165163 23.84189997 23.73162312 0.3694082111 0.32483835 0.04456986113 1.064847595 0.002788554133 0.001307856522 4.364559061e-05 1969.865651 8030.134349 2.390216219e-13 2.312311546e-05 0.0005369178277 1.090901086 1.280525459 23.86970028 3.431754615 0.105164594 11
15000 23.90606072 23.85561419 23.76071581 0.3687810535 0.3249251424 0.04385591113 1.048422075 0.002173565085 0.001209863701 3.455295881e-05 1969.865651 8030.134349 3.03696811e-13 1.763922223e-05 0.0008660066172 1.074993572 1.280895966 23.88400528 3.430761959 0.1065270465 11
15500 23.93439579 23.88324358 23.81506968 0.3679448521 0.3254641837 0.04248066846 1.016749132 0.002278734395 0.001509938684 3.735327169e-05 1969.865651 8030.134349 3.140078894e-13 1.505590772e-05 0.0008500838038 1.038617159 1.299157016 23.89767491 3.382538908 0.1751097639 12
16000 23.96707628 23.91611568 23.86679719 0.3665760198 0.3260206966 0.04055532324 0.9719925258 0.002581804668 0.001410204004 4.426996779e-05 1969.865651 8030.134349 2.41309085e-13 5.564531252e-05 0.0004627487084 0.9803805928 1.298312303 23.93028349 3.384739668 0.1749191797 12
16500 23.98494306 23.9345805 23.88764925 0.3656537124 0.3263780859 0.03927562648 0.9420236646 0.002016887916 0.0009064825289 3.568360314e-05 1969.865651 8030.134349 2.074863265e-13 0.0001723579376 0.0001107441902 0.9369036729 1.298034917 23.94867064 3.385462976 0.1718777541 12
17000 23.97835901 23.92849945 23.87352846 0.3660516317 0.3264405726 0.0396110591 0.9498081961 0.001438606057 0.0008636950816 2.524379944e-05 1969.865651 8030.134349 2.377604603e-13 0.0001157244646 0.0003186584069 0.9338303714 1.298027887 23.94253255 3.385481312 0.1693541431 12
17500 23.95078019 23.90064516 23.83024201 0.3674588953 0.3262442806 0.04121461469 0.9871221768 0.002137239786 0.001249174665 3.608536404e-05 1969.865651 8030.134349 2.820489635e-13 1.798744415e-05 0.0003825222019 0.9659538617 1.297723321 23.91499703 3.386275859 0.1687860851 12
18000 23.91971485 23.86900313 23.78038112 0.3687666821 0.3258442728 0.04292240932 1.026691791 0.001837099573 0.00121746266 2.98223152e-05 1969.865651 8030.134349 3.090865725e-13 9.066661324e-05 0.0003028404658 1.006974857 1.297820641 23.88382037 3.386021933 0.1694388555 12
18500 23.90025671 23.84913396 23.74854024 0.3694340641 0.3254406714 0.04399339266 1.051453378 0.001013692545 0.0007210424725 1.606811686e-05 1969.865651 8030.134349 2.823679492e-13 9.738530414e-05 0.0001642427612 1.043102899 1.279671393 23.87800739 3.434045004 0.1047714118 11
19000 23.89755027 23.84620525 23.7462402 0.3694353233 0.3253067016 0.04412862172 1.054565956 0.000654148265 0.0003165495603 1.033834918e-05 1969.865651 8030.134349 3.058937325e-13 7.314829986e-05 9.446598949e-05 1.054017564 1.280131319 23.87519455 3.43281122 0.1041607307 11
19500 23.91078226 23.85941321 23.77202533 0.3688932817 0.3254845507 0.04340873103 1.037936716 0.00139039607 0.0008400791967 2.232628202e-05 1969.865651 8030.134349 3.346462303e-13 4.345155083e-05 5.812983184e-05 1.036117712 1.280223529 23.88851313 3.432563966 0.1064000289 11
20000 23.93405499 23.88304834 23.81187672 0.3680143187 0.3258058181 0.04220850055 1.010220573 0.001603190926 0.001035006348 2.644951953e-05 1969.865651 8030.134349 3.77267161e-13 2.088525657e-05 7.303498623e-05 1.006996194 1.298787375 23.89759797 3.383501594 0.1733887226 12
20500 23.95681296 23.90651808 23.84625544 0.3670203982 0.3260700446 0.04095035356 0.981039961 0.001161409454 0.0007724060323 1.973092331e-05 1969.865651 8030.134349 3.873339862e-13 4.227904877e-05 3.948885063e-05 0.9751377642 1.298429411 23.92061525 3.384434392 0.1718297475 12
21000 23.96788143 23.91820606 23.86029923 0.3664978205 0.3261805699 0.0403172506 0.9663190821 0.0005624528357 0.0002293233675 9.700950857e-06 1969.865651 8030.134349 4.165793684e-13 8.502449386e-05 3.392146833e-05 0.9604662602 1.298259444 23.93203339 3.384877478 0.1698298172 12
21500 23.96311011 23.91358888 23.85078531 0.3667092813 0.3261172687 0.04059201259 0.9727108672 0.0006632719165 0.0004245138516 1.136466376e-05 1969.865651 8030.134349 3.82525296e-13 7.002452002e-05 6.102014881e-05 0.9685450974 1.298171207 23.92742973 3.38510755 0.168797384 12
22000 23.94704812 23.89713143 23.82456018 0.367403564 0.325922098 0.04148146601 0.9933586628 0.001173674074 0.0007332199638 1.969201589e-05 1969.865651 8030.134349 4.007036699e-13 2.891684531e-05 0.000115482892 0.9908845693 1.298099018 23.91129244 3.385295801 0.1690650438 12
22500 23.92924225 23.87869306 23.79582742 0.3681445271 0.3256849048 0.04245962221 1.016026586 0.001158067483 0.0006932264475 1.899667291e-05 1969.865651 8030.134349 4.047899183e-13 1.123791653e-05 0.0001333046016 1.015481945 1.298199302 23.89328543 3.385034292 0.1701562355 12
23000 23.91763789 23.86652459 23.77785152 0.3686202761 0.3255338496 0.04308642648 1.030525547 0.0007148247775 0.0003987783871 1.156084517e-05 1969.865651 8030.134349 4.127143613e-13 3.645425484e-05 8.977490084e-05 1.030013246 1.279732781 23.89555922 3.433880275 0.1071639947 11
23500 23.91559109 23.86413672 23.77655102 0.3687337208 0.3255581199 0.0431756009 1.032570016 0.0007305702912 0.0002778164653 1.179210255e-05 1969.865651 8030.134349 3.695790501e-13 4.755402296e-05 2.730220885e-05 1.028833772 1.279830284 23.89338166 3.433618668 0.1065693059 11
24000 23.92262225 23.87117981 23.79009204 0.3684855424 0.3257215922 0.04276395018 1.023025826 0.0008959674883 0.0004806743807 1.459669061e-05 1969.865651 8030.134349 4.007806959e-13 4.171265308e-05 0.0001135544295 1.014121179 1.279821103 23.90047486 3.4336433 0.1078506379 11
24500 23.93455481 23.88349537 23.80991381 0.3680101167 0.3259157487 0.04209436795 1.007509957 0.0008537435086 0.0005169855853 1.412299539e-05 1969.865651 8030.134349 3.853076174e-13 2.019595164e-05 0.0001884303564 0.9952448846 1.298577525 23.89819655 3.384048369 0.1726239234 12
25000 23.94529286 23.89481574 23.82597069 0.367536308 0.3260388243 0.0414974837 0.9936694003 0.000643124744 0.0003704070748 1.078703413e-05 1969.865651 8030.134349 3.043138019e-13 1.150847098e-05 0.0001914415809 0.9808161524 1.298435626 23.90918158 3.384418194 0.1712700263 12
25500 23.94987965 23.89988079 23.83168028 0.3673158408 0.3260467013 0.04126913952 0.9883909247 0.0006624645647 0.0002703019656 1.117075825e-05 1969.865651 8030.134349 2.897349166e-13 2.82447165e-05 0.000110983587 0.9782990234 1.298341701 23.91400688 3.384663028 0.1699587747 12
26000 23.94723167 23.89738758 23.8263382 0.3674066407 0.3259509663 0.04145567436 0.9927486382 0.0008636486283 0.000367641475 1.449928335e-05 1969.865651 8030.134349 2.92458156e-13 2.559085846e-05 2.358330693e-05 0.9874492315 1.298298877 23.91146408 3.384774672 0.1693608686 12
26500 23.94017198 23.89014377 23.81451109 0.3676738361 0.3258031854 0.04187065076 1.00239058 0.0007326436043 0.0003943452818 1.218160563e-05 1969.865651 8030.134349 3.354035246e-13 1.598106757e-05 0.0001456984514 1.001814839 1.298320427 23.90435539 3.384718488 0.1696112652 12
27000 23.93299911 23.88259165 23.80304641 0.3679499971 0.3256774417 0.04227255543 1.011709031 0.0004248326298 0.000281247758 6.998597038e-06 1969.865651 8030.134349 3.07505989e-13 5.651514986e-06 0.0002049065171 1.014179263 1.298410286 23.89703145 3.384484243 0.1704456594 12
27500 23.92901651 23.87821648 23.79735676 0.3681162459 0.3256363966 0.04247984937 1.016501017 0.0004508388253 0.0001859175238 7.392004824e-06 1969.865651 8030.134349 3.081007704e-13 3.144016291e-06 0.0001775257584 1.018472696 1.298518056 23.89286673 3.384203349 0.1714579339 12
28000 23.9293464 23.87828798 23.79898843 0.3681354871 0.3256951461 0.04244034096 1.01556962 0.0007162018636 0.0002831432868 1.175369713e-05 1969.865651 8030.134349 2.722216866e-13 1.01432081e-05 8.067520217e-05 1.013806417 1.298563646 23.89305499 3.384084536 0.1722212979 12
28500 23.93304279 23.88195605 23.80572916 0.3680233524 0.3258113065 0.04221204595 1.010262702 0.0007712544524 0.0003348599161 1.272366173e-05 1969.865651 8030.134349 2.536335326e-13 1.196852359e-05 4.401555103e-05 1.00343722 1.298526928 23.89671213 3.384180229 0.1724035991 12
29000 23.93764963 23.88675168 23.81313422 0.3678559878 0.3259199879 0.04193599986 1.003849272 0.0006553608402 0.0002552899509 1.088079752e-05 1969.865651 8030.134349 2.545677059e-13 7.214561373e-06 0.0001420147385 0.9930966661 1.298449061 23.90139662 3.384383174 0.1719530656 12
29500 23.94056255 23.88995493 23.81721736 0.3677362534 0.3259708908 0.04176536259 0.9998862756 0.0004817870081 0.0001228803787 8.030696755e-06 1969.865651 8030.134349 2.397186628e-13 7.997865952e-07 0.0001744554309 0.9878287664 1.298388778 23.9044539 3.384540309 0.1711651915 12
29999 23.94025349 23.88988296 23.8160119 0.3677376822 0.3259461874 0.04179149479 1.000498979 0.0004760705555 0.0001830631301 7.930552079e-06 1969.865651 8030.134349 2.565133764e-13 1.538507537e-06 0.0001342902831 0.9899290046 1.298360255 23.90427527 3.384614661 0.170467747 12
