# 1:passo  2:raio_area  3:raio_grad  4:raio_linha  5:p_in  6:p_out  7:delta_p  8:sigma  9:|u-v0|max  10:|u-v0|rms  11:Ca  12:massa_R  13:massa_B  14:|q|  15:sd_p_in  16:sd_p_out  17:sigma_2pontos  18:K_perfil  19:r_perfil  20:espessura_10_90  21:residuo_ajuste  22:n_camadas
0 25.04052139 25.08111096 25 0.3333333333 0.3333333333 -2.220446049e-16 -5.560112678e-15 0.005953891686 0.0007260500644 0 1969.865651 8030.134349 4.61205793e-16 2.731879552e-08 0 -2.775557562e-15 1.273345395 25.01411833 3.451105388 0.08159937045 12
500 24.78043011 24.79002897 24.72094356 0.3400205757 0.3318530364 0.008167539322 0.2023951373 0.001724837752 0.001164405947 0.004261065199 1969.865651 8030.134349 2.407836069e-13 0.0001080559355 0.0002268718032 0.1873092338 1.291538806 24.7545483 3.402490994 0.0789741338 11
1000 24.73234111 24.74023698 24.67505776 0.3418008155 0.3311379478 0.01066286775 0.2637176825 0.001386676059 0.0006258026296 0.002629091924 1969.865651 8030.134349 1.872118272e-13 9.168799631e-06 3.496175222e-05 0.2611675228 1.295553262 24.70699789 3.391947891 0.07846627602 12
1500 24.72485903 24.73215582 24.668252 0.3420707057 0.331009189 0.01106151665 0.2734944399 0.001137012316 0.0002307319931 0.002078675377 1969.865651 8030.134349 1.430486953e-13 4.442082367e-06 2.736211371e-05 0.2742398864 1.295318372 24.69959621 3.392562978 0.08078286501 12
2000 24.72569889 24.73284256 24.66900798 0.3420405072 0.331023117 0.01101739021 0.2724126729 0.001053548215 0.0001193250029 0.001933735688 1969.865651 8030.134349 1.046134814e-13 3.133129593e-06 2.049215448e-05 0.2728058501 1.29540682 24.69990279 3.392331342 0.08006410359 12
2500 24.72694561 24.73407506 24.67011429 0.341996136 0.3310454434 0.01095069262 0.2707771808 0.001034628183 0.0001131083723 0.001910478903 1969.865651 8030.134349 1.056587401e-13 1.222952423e-06 7.868859877e-06 0.2705431418 1.295422525 24.70117794 3.392290215 0.07995356957 12
3000 24.72751824 24.73465784 24.67062075 0.3419758237 0.3310558801 0.01091994364 0.2700231056 0.001032668952 0.0001132536921 0.001912186273 1969.865651 8030.134349 1.177770208e-13 6.621927402e-07 1.78237863e-06 0.2694887555 1.295341285 24.70226874 3.392502969 0.08071169164 12
3500 24.72768469 24.73483145 24.67076787 0.3419699323 0.3310589511 0.01091098125 0.2698033039 0.00103368758 0.0001131549649 0.001915631805 1969.865651 8030.134349 1.314447467e-13 6.748057518e-07 1.358838651e-07 0.2691792811 1.295434387 24.7019436 3.392259152 0.0798545493 12
4000 24.72770911 24.73485858 24.67078949 0.3419690713 0.3310594136 0.01090965773 0.2697708429 0.001034463512 0.0001131246956 0.001917300441 1969.865651 8030.134349 1.887916815e-13 6.860897917e-07 3.513135495e-07 0.2691329434 1.295434997 24.70196971 3.392257556 0.0798485651 12
4500 24.7277033 24.73485341 24.67078438 0.3419692785 0.3310593122 0.01090996634 0.2697784106 0.001034765047 0.0001131209495 0.001917805514 1969.865651 8030.134349 2.865272098e-13 6.834516203e-07 3.010581523e-07 0.2691432891 1.295434982 24.70196398 3.392257594 0.07984836296 12
5000 24.7276974 24.73484754 24.67077917 0.3419694881 0.3310592049 0.01091028318 0.2697861811 0.001034838648 0.0001131204799 0.001917886683 1969.865651 8030.134349 4.926516802e-13 6.804000823e-07 2.450102656e-07 0.2691541395 1.295434905 24.70195793 3.392257796 0.07984893642 12
5500 24.72769488 24.73484497 24.67077695 0.3419695773 0.3310591588 0.01091041851 0.2697894999 0.001034843847 0.0001131203525 0.001917872724 1969.865651 8030.134349 8.06063242e-13 6.794885457e-07 2.226410278e-07 0.2691587993 1.295434865 24.70195532 3.392257901 0.07984926809 12
6000 24.7276942 24.73484426 24.67077635 0.3419696014 0.3310591461 0.01091045522 0.2697904001 0.001034838252 0.0001131203246 0.001917855956 1969.865651 8030.134349 1.189909217e-12 6.792687923e-07 2.177861326e-07 0.2691600699 1.295434852 24.70195461 3.392257934 0.0798493812 12
6500 24.72769412 24.73484416 24.67077628 0.3419696042 0.3310591446 0.01091045954 0.2697905062 0.001034834648 0.000113120325 0.001917848524 1969.865651 8030.134349 1.696971615e-12 6.793174177e-07 2.129247216e-07 0.2691602225 1.29543485 24.70195452 3.39225794 0.07984940426 12
7000 24.72769415 24.7348442 24.67077631 0.3419696029 0.3310591452 0.01091045768 0.2697904607 0.001034833347 0.0001131203284 0.001917846436 1969.865651 8030.134349 2.352710223e-12 6.79067892e-07 2.131601444e-07 0.2691601597 1.29543485 24.70195456 3.39225794 0.07984940378 12
7500 24.72769418 24.73484422 24.67077634 0.3419696019 0.3310591457 0.01091045619 0.2697904241 0.001034833057 0.0001131203302 0.001917846159 1969.865651 8030.134349 3.249087331e-12 6.789882188e-07 2.154001613e-07 0.2691601086 1.29543485 24.70195459 3.392257939 0.07984940089 12
8000 24.72769419 24.73484424 24.67077635 0.3419696015 0.3310591459 0.0109104556 0.2697904095 0.00103483305 0.0001131203307 0.001917846249 1969.865651 8030.134349 4.439364003e-12 6.790173169e-07 2.145411074e-07 0.2691600882 1.29543485 24.7019546 3.392257938 0.07984939939 12
8500 24.72769419 24.73484424 24.67077635 0.3419696014 0.331059146 0.01091045545 0.2697904059 0.001034833079 0.0001131203308 0.001917846328 1969.865651 8030.134349 6.151714439e-12 6.795193424e-07 2.135233993e-07 0.269160083 1.29543485 24.7019546 3.392257938 0.07984939891 12
9000 24.72769419 24.73484424 24.67077635 0.3419696014 0.331059146 0.01091045544 0.2697904056 0.001034833095 0.0001131203308 0.001917846361 1969.865651 8030.134349 8.468290635e-12 6.794212384e-07 2.158164943e-07 0.2691600826 1.29543485 24.7019546 3.392257938 0.07984939882 12
9500 24.72769419 24.73484424 24.67077635 0.3419696014 0.331059146 0.01091045545 0.2697904059 0.001034833101 0.0001131203308 0.001917846369 1969.865651 8030.134349 1.166988729e-11 6.795630366e-07 2.175265459e-07 0.2691600829 1.29543485 24.7019546 3.392257938 0.07984939883 12
10000 24.72769419 24.73484424 24.67077635 0.3419696014 0.331059146 0.01091045546 0.269790406 0.001034833102 0.0001131203308 0.00191784637 1969.865651 8030.134349 1.614649068e-11 6.789759141e-07 2.130748967e-07 0.2691600832 1.29543485 24.7019546 3.392257938 0.07984939884 12
10500 24.72769419 24.73484424 24.67077635 0.3419696014 0.331059146 0.01091045546 0.2697904061 0.001034833102 0.0001131203308 0.00191784637 1969.865651 8030.134349 2.231925916e-11 6.791445863e-07 2.135436135e-07 0.2691600833 1.29543485 24.7019546 3.392257938 0.07984939885 12
11000 24.72769419 24.73484424 24.67077635 0.3419696014 0.331059146 0.01091045546 0.2697904061 0.001034833102 0.0001131203307 0.001917846369 1969.865651 8030.134349 3.084778061e-11 6.790004579e-07 2.134344438e-07 0.2691600833 1.29543485 24.7019546 3.392257938 0.07984939885 12
11500 24.72769419 24.73484424 24.67077635 0.3419696014 0.331059146 0.01091045546 0.2697904061 0.001034833102 0.0001131203307 0.001917846369 1969.865651 8030.134349 4.271922923e-11 6.791664248e-07 2.130460338e-07 0.2691600833 1.29543485 24.7019546 3.392257938 0.07984939885 12
12000 24.72769419 24.73484424 24.67077635 0.3419696014 0.331059146 0.01091045546 0.2697904061 0.001034833102 0.0001131203307 0.001917846369 1969.865651 8030.134349 5.922275092e-11 6.792324224e-07 2.126112176e-07 0.2691600833 1.29543485 24.7019546 3.392257938 0.07984939885 12
12500 24.72769419 24.73484424 24.67077635 0.3419696014 0.331059146 0.01091045546 0.2697904061 0.001034833102 0.0001131203308 0.001917846369 1969.865651 8030.134349 8.26199444e-11 6.79126736e-07 2.141253438e-07 0.2691600833 1.29543485 24.7019546 3.392257938 0.07984939885 12
13000 24.72769419 24.73484424 24.67077635 0.3419696014 0.331059146 0.01091045546 0.2697904061 0.001034833102 0.0001131203308 0.001917846369 1969.865651 8030.134349 1.155598207e-10 6.78985596e-07 2.115941252e-07 0.2691600833 1.29543485 24.7019546 3.392257938 0.07984939885 12
13500 24.72769419 24.73484424 24.67077635 0.3419696014 0.331059146 0.01091045546 0.2697904061 0.001034833102 0.0001131203308 0.001917846369 1969.865651 8030.134349 1.606312251e-10 6.789866605e-07 2.123139301e-07 0.2691600833 1.29543485 24.7019546 3.392257938 0.07984939885 12
14000 24.72769419 24.73484424 24.67077635 0.3419696014 0.331059146 0.01091045546 0.2697904061 0.001034833102 0.0001131203308 0.001917846369 1969.865651 8030.134349 2.22086532e-10 6.792771411e-07 2.120873911e-07 0.2691600833 1.29543485 24.7019546 3.392257938 0.07984939885 12
14500 24.72769419 24.73484424 24.67077635 0.3419696014 0.331059146 0.01091045546 0.2697904061 0.001034833102 0.0001131203308 0.001917846369 1969.865651 8030.134349 3.070335916e-10 6.792250603e-07 2.143107919e-07 0.2691600833 1.29543485 24.7019546 3.392257938 0.07984939885 12
15000 24.72769419 24.73484424 24.67077635 0.3419696014 0.331059146 0.01091045546 0.2697904061 0.001034833102 0.0001131203308 0.001917846369 1969.865651 8030.134349 4.243253766e-10 6.790353273e-07 2.142860498e-07 0.2691600833 1.29543485 24.7019546 3.392257938 0.07984939885 12
15500 24.72769419 24.73484424 24.67077635 0.3419696014 0.331059146 0.01091045546 0.2697904061 0.001034833102 0.0001131203308 0.001917846369 1969.865651 8030.134349 5.863677694e-10 6.79224007e-07 2.154439201e-07 0.2691600833 1.29543485 24.7019546 3.392257938 0.07984939885 12
16000 24.72769419 24.73484424 24.67077635 0.3419696014 0.331059146 0.01091045546 0.2697904061 0.001034833102 0.0001131203308 0.001917846369 1969.865651 8030.134349 8.100622058e-10 6.793426741e-07 2.158158159e-07 0.2691600833 1.29543485 24.7019546 3.392257938 0.07984939885 12
16500 24.72769419 24.73484424 24.67077635 0.3419696014 0.331059146 0.01091045546 0.2697904061 0.001034833102 0.0001131203308 0.00191784637 1969.865651 8030.134349 1.118828474e-09 6.791861132e-07 2.158719025e-07 0.2691600833 1.29543485 24.7019546 3.392257938 0.07984939885 12
17000 24.72769419 24.73484424 24.67077635 0.3419696014 0.331059146 0.01091045546 0.2697904061 0.001034833102 0.0001131203308 0.00191784637 1969.865651 8030.134349 1.545474419e-09 6.791665835e-07 2.144954497e-07 0.2691600833 1.29543485 24.7019546 3.392257938 0.07984939884 12
17500 24.72769419 24.73484424 24.67077635 0.3419696014 0.331059146 0.01091045546 0.2697904061 0.001034833102 0.0001131203308 0.00191784637 1969.865651 8030.134349 2.134461998e-09 6.791620876e-07 2.146165543e-07 0.2691600833 1.29543485 24.7019546 3.392257938 0.07984939884 12
18000 24.72769419 24.73484424 24.67077635 0.3419696014 0.331059146 0.01091045546 0.2697904061 0.001034833102 0.0001131203308 0.00191784637 1969.865651 8030.134349 2.947312319e-09 6.790446141e-07 2.15551713e-07 0.2691600833 1.29543485 24.7019546 3.392257938 0.07984939883 12
18500 24.72769419 24.73484424 24.67077635 0.3419696014 0.331059146 0.01091045546 0.2697904061 0.001034833102 0.0001131203308 0.001917846371 1969.865651 8030.134349 4.069668438e-09 6.791465319e-07 2.161013607e-07 0.2691600833 1.29543485 24.7019546 3.392257938 0.07984939883 12
19000 24.72769419 24.73484424 24.67077635 0.3419696014 0.331059146 0.01091045546 0.2697904061 0.001034833103 0.0001131203308 0.001917846371 1969.865651 8030.134349 5.619116472e-09 6.791979368e-07 2.178210013e-07 0.2691600833 1.29543485 24.7019546 3.392257938 0.07984939882 12
19500 24.72769419 24.73484424 24.67077635 0.3419696014 0.331059146 0.01091045546 0.2697904061 0.001034833103 0.0001131203308 0.001917846372 1969.865651 8030.134349 7.757761299e-09 6.791309759e-07 2.177043308e-07 0.2691600833 1.29543485 24.7019546 3.392257938 0.0798493988 12
20000 24.72769419 24.73484424 24.67077635 0.3419696014 0.331059146 0.01091045546 0.2697904061 0.001034833104 0.0001131203308 0.001917846373 1969.865651 8030.134349 1.07116098e-08 6.791129803e-07 2.177073962e-07 0.2691600833 1.29543485 24.7019546 3.392257938 0.07984939878 12
20500 24.72769419 24.73484424 24.67077635 0.3419696014 0.331059146 0.01091045546 0.2697904061 0.001034833105 0.0001131203308 0.001917846375 1969.865651 8030.134349 1.479040805e-08 6.791202372e-07 2.17603615e-07 0.2691600833 1.29543485 24.7019546 3.392257938 0.07984939876 12
21000 24.72769419 24.73484424 24.67077635 0.3419696014 0.331059146 0.01091045546 0.2697904061 0.001034833106 0.0001131203308 0.001917846377 1969.865651 8030.134349 2.042298953e-08 6.791022413e-07 2.16102781e-07 0.2691600833 1.29543485 24.7019546 3.392257938 0.07984939872 12
21500 24.72769419 24.73484424 24.67077635 0.3419696014 0.331059146 0.01091045546 0.2697904061 0.001034833107 0.0001131203308 0.00191784638 1969.865651 8030.134349 2.820067854e-08 6.792546476e-07 2.160363828e-07 0.2691600833 1.29543485 24.7019546 3.392257938 0.07984939867 12
22000 24.72769419 24.73484424 24.67077635 0.3419696014 0.331059146 0.01091045546 0.2697904061 0.00103483311 0.0001131203308 0.001917846384 1969.865651 8030.134349 3.893971205e-08 6.792156414e-07 2.169376988e-07 0.2691600833 1.29543485 24.7019546 3.392257938 0.07984939861 12
22500 24.72769419 24.73484424 24.67077635 0.3419696014 0.331059146 0.01091045546 0.2697904061 0.001034833113 0.0001131203308 0.00191784639 1969.865651 8030.134349 5.376821905e-08 6.790540224e-07 2.170012454e-07 0.2691600833 1.29543485 24.7019546 3.392257938 0.07984939851 12
23000 24.72769419 24.73484424 24.67077635 0.3419696014 0.331059146 0.01091045546 0.2697904061 0.001034833117 0.0001131203308 0.001917846398 1969.865651 8030.134349 7.424376701e-08 6.793278588e-07 2.160333785e-07 0.2691600833 1.295434851 24.7019546 3.392257938 0.07984939838 12
23500 24.72769419 24.73484424 24.67077635 0.3419696014 0.331059146 0.01091045546 0.2697904061 0.001034833123 0.0001131203308 0.001917846409 1969.865651 8030.134349 1.025162028e-07 6.791350333e-07 2.161222893e-07 0.2691600833 1.295434851 24.7019546 3.392257938 0.0798493982 12
24000 24.72769419 24.73484424 24.67077635 0.3419696014 0.331059146 0.01091045546 0.2697904061 0.001034833131 0.0001131203308 0.001917846424 1969.865651 8030.134349 1.415548141e-07 6.789352158e-07 2.151225113e-07 0.2691600833 1.295434851 24.7019546 3.392257938 0.07984939795 12
24500 24.72769419 24.73484424 24.67077635 0.3419696014 0.331059146 0.01091045546 0.2697904061 0.001034833142 0.0001131203308 0.001917846444 1969.865651 8030.134349 1.954593247e-07 6.791799865e-07 2.159581287e-07 0.2691600833 1.295434851 24.7019546 3.392257937 0.07984939761 12
25000 24.72769419 24.73484424 24.67077635 0.3419696014 0.331059146 0.01091045546 0.2697904061 0.001034833158 0.0001131203308 0.001917846473 1969.865651 8030.134349 2.698911429e-07 6.791268947e-07 2.145445941e-07 0.2691600833 1.295434851 24.7019546 3.392257937 0.07984939714 12
25500 24.72769419 24.73484424 24.67077635 0.3419696014 0.331059146 0.01091045546 0.2697904061 0.001034833179 0.0001131203308 0.001917846513 1969.865651 8030.134349 3.726667289e-07 6.792162561e-07 2.14782586e-07 0.2691600833 1.295434851 24.7019546 3.392257937 0.07984939648 12
26000 24.72769419 24.73484424 24.67077635 0.3419696014 0.331059146 0.01091045546 0.2697904061 0.001034833208 0.0001131203308 0.001917846567 1969.865651 8030.134349 5.145791977e-07 6.792142494e-07 2.140342846e-07 0.2691600833 1.295434851 24.7019546 3.392257936 0.07984939558 12
26500 24.72769419 24.73484424 24.67077635 0.3419696014 0.331059146 0.01091045546 0.2697904061 0.001034833249 0.0001131203308 0.001917846643 1969.865651 8030.134349 7.105325343e-07 6.791461259e-07 2.147126092e-07 0.2691600833 1.295434852 24.7019546 3.392257935 0.07984939434 12
27000 24.72769419 24.73484424 24.67077635 0.3419696014 0.331059146 0.01091045546 0.2697904061 0.001034833305 0.0001131203308 0.001917846747 1969.865651 8030.134349 9.811055852e-07 6.792102359e-07 2.152180852e-07 0.2691600833 1.295434852 24.7019546 3.392257934 0.07984939262 12
27500 24.72769419 24.73484424 24.67077635 0.3419696014 0.331059146 0.01091045546 0.2697904061 0.001034833383 0.0001131203308 0.001917846891 1969.865651 8030.134349 1.35471388e-06 6.794011446e-07 2.164824843e-07 0.2691600833 1.295434853 24.7019546 3.392257933 0.07984939024 12
28000 24.72769419 24.73484424 24.67077635 0.3419696014 0.331059146 0.01091045546 0.2697904061 0.00103483349 0.0001131203308 0.001917847089 1969.865651 8030.134349 1.870593119e-06 6.792540201e-07 2.163503172e-07 0.2691600833 1.295434853 24.7019546 3.39225793 0.07984938696 12
28500 24.72769419 24.73484424 24.67077635 0.3419696014 0.331059146 0.01091045546 0.2697904061 0.001034833638 0.0001131203308 0.001917847363 1969.865651 8030.134349 2.582920811e-06 6.792622289e-07 2.151345238e-07 0.2691600833 1.295434854 24.7019546 3.392257927 0.07984938243 12
29000 24.72769419 24.73484424 24.67077635 0.3419696014 0.331059146 0.01091045546 0.2697904061 0.001034833842 0.0001131203308 0.001917847742 1969.865651 8030.134349 3.56650549e-06 6.79541749e-07 2.152316198e-07 0.2691600833 1.295434856 24.7019546 3.392257923 0.07984937618 12
29500 24.72769419 24.73484424 24.67077635 0.3419696014 0.331059146 0.01091045546 0.2697904061 0.001034834124 0.0001131203308 0.001917848265 1969.865651 8030.134349 4.924642267e-06 6.794736583e-07 2.14270468e-07 0.2691600833 1.295434858 24.70195461 3.392257918 0.07984936755 12
29999 24.72769419 24.73484424 24.67077635 0.3419696014 0.331059146 0.01091045546 0.2697904061 0.001034834513 0.0001131203308 0.001917848985 1969.865651 8030.134349 6.795575092e-06 6.791185779e-07 2.132055956e-07 0.2691600833 1.295434861 24.70195461 3.39225791 0.07984935566 12
