# 1:passo  2:R0  3:|a2|/R0  4:|a4|/R0  5:|a8|/R0  6:rmin  7:rmax
0 24.99530979 7.439154633e-17 9.52226216e-05 8.27724819e-05 24.98429581 25.00965244
500 24.97585043 4.728212094e-17 0.0001382374477 7.728253759e-05 24.96543742 24.98709628
1000 24.9645393 7.317524493e-17 9.892602667e-05 8.183628308e-05 24.95496191 24.97652302
1500 24.95850216 1.116617982e-16 9.266932693e-05 8.437751861e-05 24.94903428 24.97066285
2000 24.95723901 3.893882742e-16 9.411370815e-05 8.488424131e-05 24.94773165 24.9693973
2500 24.9587638 1.24589476e-16 0.0001002251019 8.43192655e-05 24.94912327 24.97081801
3000 24.96101003 1.453125425e-16 0.0001087976613 8.347891719e-05 24.95118354 24.97291536
3500 24.96265816 2.350729019e-16 0.0001148594186 8.284904896e-05 24.95270087 24.97445627
4000 24.96330398 1.747851189e-16 0.0001169541403 8.260002656e-05 24.95330194 24.97506369
4500 24.9631687 2.528421366e-16 0.0001159759098 8.265315842e-05 24.95318838 24.97494388
5000 24.96269508 6.811116219e-17 0.0001137273491 8.283518457e-05 24.95276392 24.97450819
5500 24.96225171 1.104911967e-16 0.0001117218668 8.300318302e-05 24.95236434 24.97409887
6000 24.96201383 9.093285596e-17 0.000110671013 8.309180496e-05 24.9521494 24.97387885
6500 24.96198364 2.322963607e-16 0.0001105564547 8.310191777e-05 24.95212172 24.97385066
7000 24.96207368 7.616506199e-17 0.000110977584 8.306723648e-05 24.95220256 24.9739336
7500 24.96218755 1.490312888e-16 0.0001115001009 8.302413121e-05 24.952305 24.97403863
8000 24.96226527 2.524263115e-16 0.000111855197 8.299502998e-05 24.95237496 24.97411035
8500 24.96229121 2.431018026e-16 0.0001119739075 8.298560159e-05 24.9523983 24.97413428
9000 24.96227929 1.80853086e-16 0.0001119202658 8.299039274e-05 24.95238754 24.97412327
9500 24.96225281 7.109969176e-17 0.0001118002352 8.300051619e-05 24.95236369 24.97409884
10000 24.96223004 1.608520056e-16 0.0001116967248 8.30091013e-05 24.95234318 24.97407782
10500 24.96221885 1.455302211e-16 0.0001116456393 8.301324524e-05 24.95233311 24.97406749
11000 24.96221841 4.875085162e-17 0.0001116433433 8.301333029e-05 24.95233272 24.97406709
11500 24.96222373 1.75405903e-16 0.0001116672683 8.301127659e-05 24.95233752 24.974072
12000 24.96222977 5.354601951e-17 0.0001116946113 8.300898628e-05 24.95234296 24.97407758
12500 24.96223362 1.345649597e-16 0.0001117121192 8.300754522e-05 24.95234643 24.97408113
13000 24.96223471 9.481100976e-17 0.0001117171054 8.300715553e-05 24.9523474 24.97408213
13500 24.9622339 1.319455291e-16 0.0001117134924 8.300747571e-05 24.95234667 24.97408139
14000 24.96223245 1.709637529e-16 0.0001117069605 8.300802765e-05 24.95234537 24.97408005
14500 24.96223129 2.256968198e-16 0.0001117016891 8.30084654e-05 24.95234432 24.97407898
15000 24.96223077 8.946724727e-17 0.0001116993075 8.300865827e-05 24.95234385 24.9740785
15500 24.9622308 2.979847757e-17 0.000111699433 8.30086425e-05 24.95234388 24.97407852
16000 24.9622311 1.07628064e-16 0.0001117008035 8.300852537e-05 24.95234415 24.9740788
16500 24.96223142 2.20538796e-16 0.0001117022372 8.300840546e-05 24.95234444 24.9740791
17000 24.96223161 2.101423234e-16 0.0001117030951 8.3008335e-05 24.95234461 24.97407927
17500 24.96223165 3.109577598e-16 0.0001117032909 8.300832003e-05 24.95234465 24.97407931
18000 24.9622316 4.694326969e-17 0.0001117030607 8.300834016e-05 24.9523446 24.97407926
18500 24.96223152 4.158065419e-17 0.0001117027076 8.300836992e-05 24.95234453 24.97407919
19000 24.96223146 7.125237636e-17 0.0001117024407 8.300839204e-05 24.95234448 24.97407914
19500 24.96223144 1.994269496e-16 0.0001117023316 8.300840081e-05 24.95234446 24.97407911
20000 24.96223144 1.44017636e-16 0.0001117023507 8.300839896e-05 24.95234446 24.97407912
20500 24.96223146 1.435410857e-16 0.0001117024279 8.300839238e-05 24.95234448 24.97407913
21000 24.96223148 7.616143071e-17 0.0001117025025 8.300838615e-05 24.95234449 24.97407915
21500 24.96223148 2.540623087e-17 0.0001117025441 8.300838275e-05 24.9523445 24.97407916
22000 24.96223149 1.524699305e-16 0.000111702551 8.300838225e-05 24.9523445 24.97407916
22500 24.96223148 1.680700505e-16 0.0001117025369 8.300838347e-05 24.9523445 24.97407916
23000 24.96223148 8.757628845e-17 0.000111702518 8.300838506e-05 24.95234449 24.97407915
23500 24.96223148 3.071355417e-16 0.0001117025046 8.300838616e-05 24.95234449 24.97407915
24000 24.96223147 6.455370391e-17 0.0001117024997 8.300838655e-05 24.95234449 24.97407915
24500 24.96223148 1.969798733e-17 0.0001117025013 8.30083864e-05 24.95234449 24.97407915
25000 24.96223148 2.760400384e-16 0.0001117025056 8.300838604e-05 24.95234449 24.97407915
25500 24.96223148 1.20258566e-16 0.0001117025095 8.300838572e-05 24.95234449 24.97407915
26000 24.96223148 6.14244939e-17 0.0001117025115 8.300838556e-05 24.95234449 24.97407915
26500 24.96223148 3.266451917e-16 0.0001117025117 8.300838554e-05 24.95234449 24.97407915
27000 24.96223148 1.344825143e-16 0.0001117025108 8.300838562e-05 24.95234449 24.97407915
27500 24.96223148 9.119640554e-17 0.0001117025098 8.30083857e-05 24.95234449 24.97407915
28000 24.96223148 2.604932108e-16 0.0001117025092 8.300838576e-05 24.95234449 24.97407915
28500 24.96223148 6.773545486e-17 0.000111702509 8.300838577e-05 24.95234449 24.97407915
29000 24.96223148 1.259181761e-16 0.0001117025091 8.300838576e-05 24.95234449 24.97407915
29500 24.96223148 2.245068801e-16 0.0001117025093 8.300838574e-05 24.95234449 24.97407915
29999 24.96223148 1.427852339e-16 0.0001117025095 8.300838572e-05 24.95234449 24.97407915
