# step v0 Mach sigma R umax_ref urms_ref umax_mean urms_mean umax_lab mean_x mean_y mean_z drop_ux drop_uy x0 y0 x_unwrapped center_dx center_dy axis_ratio mass_R mass_B min_f negative_total negative_color min_rho min_phi max_phi qx qy qz p_in p_out delta_p urms_lab
0 0 0 -5.560112678108922e-15 25.040521385269312 2.7755575615628914e-17 7.6090912041544925e-18 2.7762514734990502e-17 7.6090872176856021e-18 2.7755575615628914e-17 3.4694469519536135e-21 -6.938893903907227e-21 6.9388939039072268e-22 1.4664696706008798e-20 -2.7586643511541742e-20 50.000000000000007 50.000000000000007 50.000000000000007 7.1054273576010019e-15 7.1054273576010019e-15 1.0000000000000004 1969.8656512480638 8030.1343487520408 0.027758241937319447 0 0 0.99999999999999967 5.1710809399147485e-26 0.99999999999998512 -1.0770383080879476e-16 3.1936922702939166e-16 1.9600511680425049e-17 0.33333333333333387 0.33333333333333409 -2.2204460492503131e-16 7.6090912041544925e-18
500 0 0 0.0013621566423504484 25.040159461450223 0.00010173810735571241 2.4365380843217963e-05 0.0001017381073557113 2.4365380843217952e-05 0.00010173810735571241 -3.2845254294146309e-18 2.411265631607868e-18 1.7590096046405597e-19 -8.3028410478963942e-18 4.4159196476502743e-17 50.000000000000014 50.000000000000014 50.000000000000014 1.4210854715202004e-14 1.4210854715202004e-14 1.0000000000000011 1969.8656512479438 8030.1343487515696 0.027741615632047058 0 0 0.99919553870425681 5.2429535582623507e-18 1 -3.2756268400838118e-14 2.4210830822796181e-14 1.734065510483499e-15 0.33339764670704924 0.33334324782654501 5.4398880504236136e-05 2.4365380843217963e-05
1000 0 0 0.0008997189037812949 25.040301206310765 8.0504166518243151e-05 1.7768030664770883e-05 8.0504166518238516e-05 1.776803066477089e-05 8.0504166518243151e-05 -3.6946140591357688e-18 3.0572766540618268e-18 -3.4347524824344172e-20 -9.0729165989224808e-17 3.2459337633059422e-17 50.000000000000014 50.000000000000014 50.000000000000014 1.4210854715202004e-14 1.4210854715202004e-14 1.0000000000000018 1969.8656512478583 8030.1343487511649 0.02774300110881725 0 0 0.99921712427171094 6.9498786195936806e-18 1 -3.6926246328521876e-14 3.0555520949809151e-14 -4.1133751647357407e-16 0.33337650819908404 0.33334057736517081 3.5930833913233595e-05 1.7768030664770883e-05
1500 0 0 0.0011646740610249751 25.040296281172001 7.8133418634073281e-05 1.8378905993147687e-05 7.8133418634073173e-05 1.8378905993147728e-05 7.8133418634073281e-05 -9.5687346934893637e-19 -1.1442236047544567e-18 -2.983724378680512e-20 -9.394734564093051e-18 4.7644276930106103e-17 50.000000000000014 50.000000000000021 50.000000000000014 1.4210854715202004e-14 2.1316282072803006e-14 1.0000000000000022 1969.8656512477639 8030.1343487507975 0.027742472194800055 0 0 0.99921219450163523 8.6911773812040618e-18 1 -1.0027934971117147e-14 -1.1399132181983584e-14 -3.7368178757268768e-16 0.33339108436182063 0.33334457236979198 4.6511992028652749e-05 1.8378905993147687e-05
2000 0 0 0.00075870931194597219 25.040429121013407 7.4050639451656432e-05 1.5437335869481334e-05 7.4050639451656852e-05 1.5437335869481358e-05 7.4050639451656432e-05 4.2396641752881153e-18 6.5350502787010593e-18 5.5511151231268287e-21 5.8286561183228653e-17 6.1813525367358096e-17 50.000000000000021 50.000000000000028 50.000000000000021 2.1316282072803006e-14 2.8421709430404007e-14 1.0000000000000016 1969.8656512476707 8030.1343487504846 0.02774363735753143 0 0 0.99923576800681246 9.834805811405396e-18 1 4.2136270601150771e-14 6.5417878752238199e-14 2.4932521324663036e-17 0.33337169445294756 0.33334139507955107 3.0299373396491802e-05 1.5437335869481334e-05
2500 0 0 0.00088783768697076884 25.040340610156612 8.4906583635060734e-05 1.4599391175731577e-05 8.4906583635061371e-05 1.4599391175731603e-05 8.4906583635060734e-05 4.7739590058893104e-19 8.9372953482346401e-19 1.0477729794902412e-19 5.0092620550323278e-17 5.9721728721740201e-17 50.000000000000028 50.000000000000036 50.000000000000028 2.8421709430404007e-14 3.5527136788005009e-14 1.0000000000000036 1969.8656512475723 8030.134348750079 0.027742808571810641 0 0 0.99922943313233481 1.0011196617638724e-17 1 4.7626019881313875e-15 8.9800806764642194e-15 1.0828216668589657e-15 0.33337829404043023 0.3333428377460933 3.5456294336932981e-05 1.4599391175731577e-05
3000 0 0 0.0010739831208851076 25.040211719751856 8.1803227857857896e-05 1.399152637215578e-05 8.1803227857853478e-05 1.3991526372155749e-05 8.1803227857857896e-05 3.7095326810298618e-18 2.7210872444179954e-18 1.144917494145019e-20 6.5984701914452554e-17 5.8503966331253957e-17 50.000000000000036 50.000000000000036 50.000000000000036 3.5527136788005009e-14 3.5527136788005009e-14 1.0000000000000029 1969.8656512474854 8030.1343487496224 0.02774296821205767 0 0 0.99922011255300158 1.0058002588846704e-17 1 3.6951182131456095e-14 2.7036288683468599e-14 1.8706094766526474e-16 0.33338627937855075 0.33334338904148392 4.2890337066836537e-05 1.399152637215578e-05
3500 0 0 0.0011155183395761014 25.040161206787339 8.038833808864408e-05 1.3540091472008518e-05 8.038833808863996e-05 1.3540091472008515e-05 8.038833808864408e-05 4.3222370127452031e-18 2.4077961846565831e-19 -3.6082248300329196e-20 8.9695673053675768e-17 -3.9611177636546986e-17 50.000000000000036 50.000000000000043 50.000000000000036 3.5527136788005009e-14 4.2632564145606011e-14 1.0000000000000047 1969.865651247404 8030.134348749335 0.027743178380315141 0 0 0.99922715147540431 1.008278479766961e-17 1 4.3287720466324249e-14 2.1538658714643361e-15 -2.9039667425016365e-16 0.33338574169970708 0.33334119253205741 4.4549167649676757e-05 1.3540091472008518e-05
4000 0 0 0.0011810196888272619 25.04014628444828 7.7724431475633153e-05 1.3208971499021998e-05 7.7724431475629643e-05 1.3208971499021972e-05 7.7724431475633153e-05 2.2593038551130209e-18 -3.8784947475903655e-18 1.6306400674187958e-20 5.182952871310876e-17 -8.4559837237410063e-17 50.000000000000043 50.000000000000043 50.000000000000043 4.2632564145606011e-14 4.2632564145606011e-14 1.0000000000000049 1969.8656512473128 8030.1343487489576 0.027743526262639425 0 0 0.99923313753110721 1.0102021184026706e-17 1 2.3066821347970945e-14 -3.8381149823395265e-14 4.0730837665459552e-17 0.33338682021786742 0.33333965517037084 4.7165047496577905e-05 1.3208971499021998e-05
4500 0 0 0.0010825837814392822 25.040185349629564 8.0717252997317113e-05 1.278753973150979e-05 8.0717252997312993e-05 1.2787539731509806e-05 8.0717252997317113e-05 9.9160263333828274e-18 -3.8025138593427728e-19 1.0165479569228398e-19 1.1086330527639229e-17 -1.1027565048376123e-16 50.00000000000005 50.000000000000043 50.00000000000005 4.9737991503207013e-14 4.2632564145606011e-14 1.0000000000000038 1969.8656512472039 8030.1343487485256 0.027743423763679012 0 0 0.99923859627334721 1.0116503520062784e-17 1 9.886584812796869e-14 -4.3034644438799642e-15 1.0697420399448201e-15 0.33338186194257297 0.33333862808602105 4.3233856551916361e-05 1.278753973150979e-05
5000 0 0 0.001100498167879622 25.040218376747475 8.0889399552507024e-05 1.2878952562967591e-05 8.0889399552505736e-05 1.2878952562967589e-05 8.0889399552507024e-05 8.237507898027296e-18 -5.0421472552765319e-18 1.7347234759776136e-20 2.7134754794432792e-17 -9.6922948487583933e-17 50.00000000000005 50.000000000000043 50.00000000000005 4.9737991503207013e-14 4.2632564145606011e-14 1.0000000000000029 1969.8656512471189 8030.134348748169 0.027743064347634176 0 0 0.99922781797289684 1.0126500817306109e-17 1 8.2418203015766154e-14 -5.0508673006474929e-14 5.4411342097144375e-17 0.33338418594538005 0.3333402367213229 4.3949224057149294e-05 1.2878952562967591e-05
5500 0 0 0.0009699261938492334 25.040296125523078 7.989446847755695e-05 1.2744571967620629e-05 7.9894468477553006e-05 1.2744571967620607e-05 7.989446847755695e-05 2.9760915953873526e-18 -2.9604790841035534e-18 1.700029006458152e-20 2.990996101236962e-17 -7.2507971606083716e-18 50.000000000000057 50.000000000000043 50.000000000000057 5.6843418860808015e-14 4.2632564145606011e-14 1.0000000000000022 1969.8656512470275 8030.1343487477934 0.027743018813966517 0 0 0.99922552227888628 1.013195969236468e-17 1 3.0060480908236729e-14 -2.9863708484205095e-14 3.3919791367734172e-16 0.33337991727462235 0.33334118266106239 3.8734613559965325e-05 1.2744571967620629e-05
6000 0 0 0.0009083589351923313 25.040356194162452 7.9951770522895143e-05 1.2527597002759129e-05 7.9951770522897745e-05 1.2527597002759115e-05 7.9951770522895143e-05 4.9255738376912746e-18 -4.1626424529562519e-18 1.4536982728693696e-19 2.5189501479269566e-17 3.7711201941439246e-17 50.000000000000064 50.000000000000043 50.000000000000064 6.3948846218409017e-14 4.2632564145606011e-14 1.0000000000000024 1969.8656512469411 8030.134348747406 0.027742918483799187 0 0 0.99922293359486181 1.0133646897204233e-17 1 4.914552919958253e-14 -4.1707141276933531e-14 1.4765153388870311e-15 0.33337844683077567 0.33334217103149594 3.6275799279728016e-05 1.2527597002759129e-05
6500 0 0 0.00085464159347536982 25.040382545314856 8.0824096151555451e-05 1.2312819682380729e-05 8.0824096151559585e-05 1.2312819682380729e-05 8.0824096151555451e-05 3.9437203502880893e-18 -2.7224750231996687e-18 1.5681900222839943e-19 9.4078021032370277e-17 5.7356429167689978e-17 50.000000000000064 50.000000000000043 50.000000000000064 6.3948846218409017e-14 4.2632564145606011e-14 1.0000000000000013 1969.8656512468456 8030.1343487470531 0.027742936448768001 0 0 0.99922452597787292 1.0133358268409925e-17 1 4.0126315548015602e-14 -2.7408633461532394e-14 1.5168316814464541e-15 0.3333764298121763 0.3333422992795485 3.4130532627796306e-05 1.2312819682380729e-05
7000 0 0 0.00090545704679106584 25.040349521496374 8.1936666267596266e-05 1.2388619488921204e-05 8.193666626759136e-05 1.2388619488921223e-05 8.1936666267596266e-05 3.3972824553552141e-18 -4.4540759969209806e-18 -9.2981178312418036e-20 1.1566761080424695e-16 8.9403306094342353e-17 50.000000000000064 50.000000000000036 50.000000000000064 6.3948846218409017e-14 3.5527136788005009e-14 1.0000000000000016 1969.8656512467496 8030.1343487466838 0.027742877366082924 0 0 0.9992240142959411 1.0132005819075931e-17 1 3.384778554985611e-14 -4.4843745341861812e-14 -9.4440140489402548e-16 0.33337843245962406 0.33334227253917192 3.6159920452139005e-05 1.2388619488921204e-05
7500 0 0 0.00097894191092959639 25.040291009320871 8.1605153237810423e-05 1.2499171666262223e-05 8.1605153237814231e-05 1.2499171666262231e-05 8.1605153237810423e-05 2.9587443606281072e-18 -5.4126841897466115e-18 2.1857515797323024e-20 1.1342847054818475e-16 2.6798589837157061e-17 50.000000000000057 50.000000000000028 50.000000000000057 5.6843418860808015e-14 2.8421709430404007e-14 1.0000000000000011 1969.8656512466521 8030.13434874629 0.027742970217832896 0 0 0.99922571828434203 1.0130134537941568e-17 1 2.9819415331448155e-14 -5.390279654774233e-14 3.0786055666441845e-16 0.33338073666750673 0.3333416419976179 3.9094669888828371e-05 1.2499171666262223e-05
8000 0 0 0.0010494934800132172 25.040235013451653 8.1258112080269192e-05 1.2454164235928408e-05 8.1258112080265127e-05 1.2454164235928461e-05 8.1258112080269192e-05 -4.5331793874259796e-18 -6.3841293362946159e-18 -1.2836953722237965e-20 5.6431894380900708e-17 -9.574432519706225e-17 50.000000000000057 50.000000000000021 50.000000000000057 5.6843418860808015e-14 2.1316282072803006e-14 1.000000000000002 1969.8656512465734 8030.1343487459144 0.027743066115544016 0 0 0.9992286946403135 1.012854315307869e-17 1 -4.4964805017836515e-14 -6.4027491533495684e-14 -4.1191729515786348e-17 0.33338269852650154 0.33334078624095592 4.1912285545619987e-05 1.2454164235928408e-05
8500 0 0 0.0010909461491171947 25.040201857137049 8.0923702408717939e-05 1.231881159287189e-05 8.0923702408713141e-05 1.2318811592871929e-05 8.0923702408717939e-05 -6.8021976940056467e-18 -8.2423651237627329e-18 -6.3490879220801456e-20 -6.6156343248982926e-18 -7.6248378244575945e-17 50.000000000000057 50.000000000000014 50.000000000000057 5.6843418860808015e-14 1.4210854715202004e-14 1.0000000000000049 1969.8656512464718 8030.1343487454942 0.027743134917310806 0 0 0.99923092474556885 1.0127614731381433e-17 1 -6.7762344401010172e-14 -8.2392468566641792e-14 -8.4983079739844215e-16 0.3333837727828784 0.33334020499714961 4.3567785728781949e-05 1.231881159287189e-05
9000 0 0 0.0010914873631279586 25.04019997632323 8.0876291973472719e-05 1.2292196529093503e-05 8.087629197346723e-05 1.2292196529093509e-05 8.0876291973472719e-05 -7.9870138280991368e-18 -4.28476698566632e-18 1.3426759704071787e-19 -1.0251951165460266e-16 3.1497813426568859e-17 50.00000000000005 50.000000000000007 50.00000000000005 4.9737991503207013e-14 7.1054273576010019e-15 1.0000000000000022 1969.8656512463758 8030.1343487451786 0.027743120418131012 0 0 0.99923105224943054 1.0127624108961949e-17 1 -7.9805221675846583e-14 -4.2928636035371834e-14 1.2967632634980258e-15 0.33338378311288669 0.33334019371008 4.3589402806687438e-05 1.2292196529093503e-05
9500 0 0 0.0010616914273483475 25.040225247216163 8.0577188240517017e-05 1.2370111878278584e-05 8.0577188240518643e-05 1.2370111878278563e-05 8.0577188240517017e-05 -3.727920749877468e-18 -6.349087922080751e-20 2.636779683487088e-20 -6.4116859377482366e-17 1.0037077714359121e-16 50.000000000000043 49.999999999999993 50.000000000000043 4.2632564145606011e-14 -7.1054273576010019e-15 1.0000000000000027 1969.8656512462958 8030.1343487447848 0.027743075643682003 0 0 0.99922916327345424 1.0127937987662892e-17 1 -3.6848901142834795e-14 -3.9204540122328007e-16 3.3584333067464626e-16 0.33338311013958322 0.33334071070360105 4.2399435982165556e-05 1.2370111878278584e-05
10000 0 0 0.0010074374289401927 25.040266260324309 8.0348796031649882e-05 1.2401419412843748e-05 8.0348796031650045e-05 1.2401419412843775e-05 8.0348796031649882e-05 -2.4397150966160543e-18 -1.3176959523532102e-18 1.7347234759784231e-20 -9.2415719983819538e-17 6.076810123495187e-17 50.000000000000036 49.999999999999993 50.000000000000036 3.5527136788005009e-14 -7.1054273576010019e-15 1.0000000000000024 1969.8656512462012 8030.1343487444037 0.027743040837856996 0 0 0.99922733684022524 1.0128328139973825e-17 1 -2.4215072763796031e-14 -1.3010799187839319e-14 1.7631106554215033e-16 0.33338156344299996 0.33334133074665134 4.0232696348618813e-05 1.2401419412843748e-05
10500 0 0 0.00096315689791379481 25.040301438099828 8.0363589205893835e-05 1.234683176053771e-05 8.0363589205897169e-05 1.2346831760537719e-05 8.0363589205893835e-05 2.910519047996753e-18 1.6195378371735419e-18 -1.0581813203468945e-19 -1.0059573392387428e-16 4.8266993989696254e-17 50.000000000000028 49.999999999999993 50.000000000000028 2.8421709430404007e-14 -7.1054273576010019e-15 1.0000000000000029 1969.8656512461005 8030.1343487440463 0.027743015730535794 0 0 0.99922587978004107 1.0128463359561099e-17 1 2.8877521589478959e-14 1.6161944287225449e-14 -1.0082648249982519e-15 0.33338028141300602 0.3333418171437042 3.8464269301818899e-05 1.234683176053771e-05
11000 0 0 0.00094360302767741548 25.0403164113374 8.0594306932446874e-05 1.2303146597733262e-05 8.0594306932451183e-05 1.2303146597733314e-05 8.0594306932446874e-05 2.1545265571653996e-18 3.7622682747023504e-18 1.3877787807828661e-20 -1.1566200260578509e-16 1.8441163167934689e-17 50.000000000000028 49.999999999999993 50.000000000000028 2.8421709430404007e-14 -7.1054273576010019e-15 1.0000000000000042 1969.8656512460082 8030.1343487436361 0.027743012133782496 0 0 0.99922541037695745 1.0128341717782689e-17 1 2.181097639258405e-14 3.7791285078652434e-14 1.8472790397003493e-16 0.33337963643074653 0.3333419530799383 3.7683350808226379e-05 1.2303146597733262e-05
11500 0 0 0.00095740953166932228 25.040307181282181 8.082492674598537e-05 1.2325517345039261e-05 8.0824926745992119e-05 1.2325517345039268e-05 8.082492674598537e-05 -1.0214051826562499e-18 6.9048933237855585e-18 -5.2735593669752033e-20 -3.6864475153781344e-17 -9.5915313921870229e-17 50.000000000000021 50.000000000000007 50.000000000000021 2.1316282072803006e-14 7.1054273576010019e-15 1.0000000000000031 1969.8656512459143 8030.1343487433023 0.027743024882317807 0 0 0.99922572845842406 1.0128070531387825e-17 1 -1.064384312025185e-14 6.8735119389284373e-14 -5.0371415497036249e-16 0.33337998361886495 0.33334174888297541 3.8234735889541849e-05 1.2325517345039261e-05
12000 0 0 0.00098921103587961768 25.040283105474469 8.0913505315221676e-05 1.2353400086610894e-05 8.0913505315225321e-05 1.235340008661087e-05 8.0913505315221676e-05 -5.9188765000395001e-18 6.4771105146094623e-18 -4.9613091412992295e-20 -1.2359430235059666e-17 -9.593192355714355e-17 50.000000000000014 50.000000000000014 50.000000000000014 1.4210854715202004e-14 1.4210854715202004e-14 1.0000000000000038 1969.8656512458222 8030.134348742874 0.027743056082187773 0 0 0.99922689740018877 1.0127815171442368e-17 1 -5.8780247759661707e-14 6.4769502559685818e-14 -3.7546205353406773e-16 0.33338080035988255 0.33334129557346648 3.9504786416066917e-05 1.2353400086610894e-05
12500 0 0 0.001022765117457489 25.040257451127854 8.0928778643718684e-05 1.2333541447272783e-05 8.0928778643717721e-05 1.2333541447272744e-05 8.0928778643718684e-05 -4.740999259850176e-18 1.3453127500911118e-17 1.7347234759788425e-21 5.6573729747909976e-17 -1.7090119779996916e-17 49.999999999999993 50.000000000000021 49.999999999999993 -7.1054273576010019e-15 2.1316282072803006e-14 1.0000000000000051 1969.8656512457271 8030.1343487425147 0.027743079823279448 0 0 0.99922821581504662 1.0127656971042047e-17 1 -4.7231869219404863e-14 1.3441880175228707e-13 2.1008900113264497e-17 0.333381682233934 0.33334083740158937 4.0844832344621995e-05 1.2333541447272783e-05
13000 0 0 0.0010424398736969206 25.040241978971984 8.0894360496341276e-05 1.2299501913180643e-05 8.0894360496328821e-05 1.2299501913180634e-05 8.0894360496341276e-05 -6.8452188362128183e-19 1.3920808950035637e-17 3.7816971776340454e-20 2.9345034965735684e-17 9.7402917217927334e-17 49.999999999999979 50.000000000000036 49.999999999999979 -2.1316282072803006e-14 3.5527136788005009e-14 1.0000000000000049 1969.865651245638 8030.1343487421973 0.027743083643529412 0 0 0.99922900769050338 1.0127734462846636e-17 1 -6.7724483431166223e-15 1.3950426473458965e-13 2.8224296435498609e-16 0.33338222237841481 0.33334059179534886 4.1630583065943583e-05 1.2299501913180643e-05
13500 0 0 0.0010418575333060211 25.040241964239847 8.0839988567236876e-05 1.230074809672067e-05 8.0839988567244222e-05 1.230074809672067e-05 8.0839988567236876e-05 2.2808144262171779e-18 1.2681522498796818e-17 2.8449465006055455e-20 1.5125571483397455e-17 1.1554929961262904e-16 49.999999999999972 50.00000000000005 49.999999999999972 -2.8421709430404007e-14 4.9737991503207013e-14 1.0000000000000071 1969.8656512455564 8030.1343487417944 0.02774306508454235 0 0 0.99922892410129227 1.0128009356825955e-17 1 2.3137172516438098e-14 1.2659287714508836e-13 2.1525504605320393e-16 0.33338226151335115 0.33334065418644138 4.1607326909776088e-05 1.230074809672067e-05
14000 0 0 0.0010240945726967966 25.040255127463464 8.0764563294325817e-05 1.232246470184412e-05 8.0764563294333542e-05 1.2322464701844101e-05 8.0764563294325817e-05 2.6836172173396395e-18 1.2583337150057065e-17 1.2975731600323531e-19 -1.259677584295291e-18 1.1135819074426106e-16 49.999999999999964 50.000000000000057 49.999999999999964 -3.5527136788005009e-14 5.6843418860808015e-14 1.0000000000000053 1969.8656512454615 8030.1343487414324 0.027743038313064246 0 0 0.99922816966545502 1.0128353644265213e-17 1 2.6933885907391352e-14 1.2587409642099315e-13 1.1857273934751202e-15 0.33338185228370409 0.33334095435484978 4.0897928854310983e-05 1.232246470184412e-05
14500 0 0 0.00099955370396609118 25.040273412799376 8.0720947004002166e-05 1.2322418683042185e-05 8.0720947003986486e-05 1.2322418683042176e-05 8.0720947004002166e-05 4.9613091413003899e-20 1.7293458332036217e-17 1.0338951916835778e-19 -7.5653962783806462e-17 1.1319643047155871e-16 49.999999999999957 50.000000000000071 49.999999999999957 -4.2632564145606011e-14 7.1054273576010019e-14 1.000000000000006 1969.8656512453588 8030.1343487410695 0.027743016877493573 0 0 0.99922724128984175 1.0128637763153208e-17 1 6.3832402905084074e-16 1.7250028623466457e-13 9.7772178934657597e-16 0.33338123801179648 0.33334132016874868 3.9917843047798662e-05 1.2322418683042185e-05
15000 0 0 0.00098124441981016389 25.040287208899457 8.0728988542842409e-05 1.2301445302385096e-05 8.0728988542829439e-05 1.230144530238513e-05 8.0728988542842409e-05 -4.0561304315346596e-18 2.2416096756603743e-17 -1.7694179454988251e-20 -7.8593868402994958e-17 6.1143210730528618e-17 49.999999999999943 50.000000000000092 49.999999999999943 -5.6843418860808015e-14 9.2370555648813024e-14 1.000000000000006 1969.8656512452742 8030.1343487406466 0.027743009678120625 0 0 0.9992265648126698 1.0128656864217586e-17 1 -4.0537478972549335e-14 2.2441061148191979e-13 -2.0251312895617692e-16 0.33338076753876322 0.33334158091076554 3.9186627997678247e-05 1.2301445302385096e-05
15500 0 0 0.00097703922327749596 25.040290431326344 8.0774306642981145e-05 1.2292630079707822e-05 8.0774306642967701e-05 1.2292630079707844e-05 8.0774306642981145e-05 -5.768996391716803e-18 2.0113771759284937e-17 -1.6653345369401403e-20 -5.2647301533695689e-17 -2.3796819385020209e-17 49.999999999999936 50.000000000000107 49.999999999999936 -6.3948846218409017e-14 1.0658141036401503e-13 1.0000000000000071 1969.8656512451885 8030.1343487402501 0.027743019160622828 0 0 0.99922641610663354 1.0128487908909788e-17 1 -5.762105610020429e-14 2.0121163815703853e-13 -6.107724673113709e-17 0.33338065016806528 0.33334163148232132 3.9018685743963388e-05 1.2292630079707822e-05
16000 0 0 0.00098730142043535808 25.040282868168038 8.0815054052461039e-05 1.2303851680643489e-05 8.0815054052478698e-05 1.2303851680643483e-05 8.0815054052461039e-05 -2.2714469194474334e-18 2.0249080190412403e-17 -3.2959746043608698e-20 -1.4746426428077872e-17 -8.4254290472080218e-17 49.999999999999929 50.000000000000121 49.999999999999929 -7.1054273576010019e-14 1.2079226507921703e-13 1.0000000000000056 1969.8656512450921 8030.1343487399236 0.027743040286493593 0 0 0.99922679348831833 1.0128232322971447e-17 1 -2.2574105670684907e-14 2.0272604074427387e-13 -4.2498556284840371e-16 0.33338090387223512 0.33334147534718078 3.9428525054341357e-05 1.2303851680643489e-05
16500 0 0 0.0010050892177989074 25.04026957329733 8.0824206686353509e-05 1.2311388487034569e-05 8.0824206686373092e-05 1.2311388487034566e-05 8.0824206686353509e-05 3.0215413504610522e-18 2.0024260027926296e-17 -7.2858385991138019e-21 -9.1842821756921391e-17 -1.1385495255979315e-16 49.999999999999922 50.000000000000142 49.999999999999922 -7.815970093361102e-14 1.4210854715202004e-13 1.0000000000000051 1969.8656512449988 8030.1343487395607 0.027743063212416624 0 0 0.99922747974009352 1.0128005301474488e-17 1 3.003616778039786e-14 2.0019829706768161e-13 -5.0222445882263463e-17 0.33338134512012091 0.33334120620648594 4.0138913634968354e-05 1.2311388487034569e-05
17000 0 0 0.0010211280698250076 25.040257592689194 8.0802192461744895e-05 1.2302895118291766e-05 8.0802192461748649e-05 1.2302895118291766e-05 8.0802192461744895e-05 2.7335772534485927e-18 1.5624307403452712e-17 -2.3245294578126118e-20 -3.1605421330027087e-17 -8.8545373402231507e-17 49.999999999999922 50.000000000000149 49.999999999999922 -7.815970093361102e-14 1.4921397450962104e-13 1.0000000000000038 1969.8656512449011 8030.1343487391568 0.027743076862618263 0 0 0.99922810724946354 1.0127901330521129e-17 1 2.7575408415569086e-14 1.5621040227612885e-13 -1.9527630274019884e-16 0.33338174147953975 0.33334096202405511 4.0779455484640792e-05 1.2302895118291766e-05
17500 0 0 0.0010279931656031155 25.040252505140842 8.0764310731315706e-05 1.2293259936294151e-05 8.0764310731331427e-05 1.2293259936294164e-05 8.0764310731315706e-05 2.9143354396458018e-20 1.7180354361407197e-17 -6.7654215563206109e-20 -6.8253627105534714e-17 -1.8560082291008215e-17 49.999999999999915 50.000000000000171 49.999999999999915 -8.5265128291212022e-14 1.7053025658242404e-13 1.0000000000000029 1969.8656512448254 8030.1343487387339 0.027743075863281244 0 0 0.99922838066235398 1.0127950890100553e-17 1 -3.762655959693224e-16 1.7213684684667957e-13 -4.4616287249291229e-16 0.33338190575456872 0.33334085212839654 4.1053626172182778e-05 1.2293259936294151e-05
18000 0 0 0.0010234809739759318 25.040255992126095 8.0731471498815655e-05 1.2295764577492469e-05 8.0731471498819856e-05 1.2295764577492472e-05 8.0731471498815655e-05 -2.3071822230530355e-18 1.5369649997180373e-17 3.5388358909986409e-20 -2.8550829218456724e-17 6.5504710060280874e-17 49.999999999999922 50.000000000000171 49.999999999999922 -7.815970093361102e-14 1.7053025658242404e-13 1.0000000000000022 1969.8656512447208 8030.1343487384129 0.027743062089300066 0 0 0.99922820811988255 1.0128110468588876e-17 1 -2.3131453356595682e-14 1.540934653470989e-13 3.5689614954768963e-16 0.33338178384422157 0.33334091042127023 4.0873422951337446e-05 1.2295764577492469e-05
18500 0 0 0.0010108929253226091 25.040265530009702 8.0718623312821654e-05 1.230238663141195e-05 8.0718623312815948e-05 1.2302386631411909e-05 8.0718623312821654e-05 3.2474023470342091e-19 1.4494308531201727e-17 -1.4883927423906793e-19 -3.7415455867934743e-17 1.1184241218620207e-16 49.999999999999915 50.000000000000178 49.999999999999915 -8.5265128291212022e-14 1.7763568394002505e-13 1.000000000000002 1969.8656512446262 8030.1343487380773 0.027743043241199597 0 0 0.99922772694385353 1.0128285342649969e-17 1 3.4880681209573303e-15 1.4493989242107146e-13 -1.435491714094353e-15 0.33338145891203175 0.33334108821691627 4.0370695115476973e-05 1.230238663141195e-05
19000 0 0 0.0009969821532439414 25.040276009832102 8.073272010909361e-05 1.2300943564284686e-05 8.0732720109102596e-05 1.230094356428468e-05 8.073272010909361e-05 2.4664298381482142e-18 1.628905343945121e-17 -1.4120649094476343e-19 1.6945704324789136e-17 1.0298588528079451e-16 49.999999999999922 50.000000000000185 49.999999999999922 -7.815970093361102e-14 1.8474111129762605e-13 1.0000000000000016 1969.8656512445375 8030.1343487376571 0.027743028085221708 0 0 0.99922719828676598 1.0128401372118769e-17 1 2.5063908183927198e-14 1.6275600734768111e-13 -1.3571607763640636e-15 0.33338110375746388 0.33334128861513668 3.9815142327204178e-05 1.2300943564284686e-05
19500 0 0 0.00098840668259003359 25.040282420100386 8.0767306909129371e-05 1.2294486609858329e-05 8.0767306909134372e-05 1.2294486609858303e-05 8.0767306909129371e-05 8.9837859374051049e-18 9.5458363436226178e-18 -4.926614671783135e-20 4.5910397462570916e-17 5.0112976031839148e-18 49.999999999999922 50.000000000000192 49.999999999999922 -7.815970093361102e-14 1.9184653865522705e-13 1.000000000000002 1969.8656512444402 8030.1343487372897 0.027743022725475103 0 0 0.99922686988311082 1.0128404002762127e-17 1 9.0180535023028086e-14 9.568857216473016e-14 -4.8431150627772028e-16 0.33338088981615838 0.33334141715103394 3.9472665124440365e-05 1.2294486609858329e-05
20000 0 0 0.00098857536015969113 25.040282201573433 8.0806279612259763e-05 1.2293088742714385e-05 8.0806279612254288e-05 1.2293088742714356e-05 8.0806279612259763e-05 1.2178452690770396e-17 5.7523430463498709e-19 -4.8572257327441613e-21 9.8024949139940602e-18 8.7053947034864659e-18 49.999999999999929 50.000000000000199 49.999999999999929 -7.1054273576010019e-14 1.9895196601282805e-13 1.000000000000002 1969.8656512443476 8030.1343487369404 0.027743028280426282 0 0 0.99922686994124832 1.0128311571520618e-17 1 1.2173129258080673e-13 6.0944444038333312e-15 5.2785365541007156e-19 0.33338090338914594 0.33334142398742828 3.9479401717668061e-05 1.2293088742714385e-05
20500 0 0 0.00099645422678172483 25.0402761614273 8.0830818072962193e-05 1.2296906050290322e-05 8.0830818072957206e-05 1.2296906050290315e-05 8.0830818072962193e-05 9.7862690173943088e-18 1.1348560979862016e-18 -7.9103390504693965e-20 -3.7775894870581945e-17 6.1489153016815955e-17 49.999999999999936 50.000000000000206 49.999999999999936 -6.3948846218409017e-14 2.0605739337042905e-13 1.0000000000000062 1969.8656512442574 8030.1343487364975 0.027743040955566893 0 0 0.99922716209917994 1.0128176355866329e-17 1 9.7857336925528948e-14 1.1488399343168379e-14 -9.0658980944138278e-16 0.33338111528324499 0.33334132122425147 3.9794058993514181e-05 1.2296906050290322e-05
21000 0 0 0.0010075502836199848 25.040267710404478 8.0830008481073506e-05 1.2298225390940888e-05 8.0830008481075566e-05 1.2298225390940859e-05 8.0830008481073506e-05 5.5445231739279765e-18 4.6879167214889439e-18 2.7408630920487463e-20 1.6738616688295929e-18 -4.9682960522881695e-17 49.999999999999936 50.000000000000213 49.999999999999936 -6.3948846218409017e-14 2.1316282072803006e-13 1.0000000000000016 1969.8656512441753 8030.134348736171 0.027743054227197705 0 0 0.99922758042970083 1.0128072444888744e-17 1 5.5316198128117777e-14 4.7076535208869907e-14 2.5609908013349501e-16 0.33338140693323132 0.33334116973228473 4.0237200946591223e-05 1.2298225390940888e-05
21500 0 0 0.0010164290483618658 25.040260976808458 8.0806027072347523e-05 1.2294990426756757e-05 8.080602707234347e-05 1.2294990426756718e-05 8.0806027072347523e-05 4.7298970296078723e-18 6.506253869011695e-18 -4.1633363423527084e-21 1.4370315252051942e-17 -4.563793985497361e-18 49.999999999999943 50.000000000000213 49.999999999999943 -5.6843418860808015e-14 2.1316282072803006e-13 1.0000000000000016 1969.8656512440837 8030.1343487357626 0.027743062082327592 0 0 0.99922791762800012 1.0128039675822743e-17 1 4.7355131922196257e-14 6.4711947514644113e-14 1.6086644748142086e-17 0.33338163731597642 0.33334104552464872 4.0591791327704296e-05 1.2294990426756757e-05
22000 0 0 0.0010192944236243277 25.040258832384055 8.0771758452237257e-05 1.2292612920088857e-05 8.0771758452231998e-05 1.2292612920088828e-05 8.0771758452237257e-05 4.0949882373992845e-18 3.9399039586466384e-18 -1.6132928326617531e-19 9.3465420742269712e-17 2.88155055155332e-17 49.999999999999957 50.00000000000022 49.999999999999957 -4.2632564145606011e-14 2.2026824808563106e-13 1.0000000000000018 1969.8656512439791 8030.1343487354534 0.027743061770856788 0 0 0.99922802819017864 1.0128092817563354e-17 1 4.1409401135899906e-14 3.8979760818593206e-14 -1.6421729041024787e-15 0.33338170875902218 0.33334100253348165 4.0706225540532159e-05 1.2292612920088857e-05
22500 0 0 0.0010155456145350204 25.040261721273669 8.0743129222343786e-05 1.2294033892448889e-05 8.0743129222339395e-05 1.2294033892448919e-05 8.0743129222343786e-05 3.7546354914120924e-18 2.3731017151412597e-18 -3.053113317725597e-20 1.1513858407482348e-16 1.1767957135934665e-16 49.999999999999957 50.00000000000022 49.999999999999957 -4.2632564145606011e-14 2.2026824808563106e-13 1.0000000000000053 1969.865651243889 8030.1343487350987 0.027743054605340989 0 0 0.99922788845639454 1.0128194187613935e-17 1 3.7633470556946862e-14 2.3805881309718484e-14 -2.3433875783708875e-16 0.33338160698190822 0.33334105047232221 4.0556509586009426e-05 1.2294033892448889e-05
23000 0 0 0.0010076693087473713 25.040267740669496 8.0731426720037584e-05 1.2295818335101483e-05 8.0731426720035104e-05 1.2295818335101488e-05 8.0731426720037584e-05 4.1619485635725127e-18 3.1974423109273325e-18 -1.7347234759805407e-20 1.402236261584524e-16 5.5189977895478597e-17 49.999999999999964 50.00000000000022 49.999999999999964 -3.5527136788005009e-14 2.2026824808563106e-13 1.0000000000000058 1969.8656512437879 8030.1343487346439 0.02774304481730271 0 0 0.99922759292632612 1.0128286695370996e-17 1 4.1561291074101229e-14 3.2185612566702725e-14 -1.9419926116802149e-16 0.33338139780352261 0.33334115584927582 4.0241954246789113e-05 1.2295818335101483e-05
23500 0 0 0.00099974474148532616 25.040273785112728 8.0739510432818626e-05 1.2294824789316661e-05 8.0739510432822502e-05 1.2294824789316665e-05 8.0739510432818626e-05 2.7432917049157723e-18 3.3580777048033083e-18 -2.4980018054121106e-20 1.0642494867471266e-16 1.8049878354321122e-17 49.999999999999972 50.000000000000227 49.999999999999972 -2.8421709430404007e-14 2.2737367544323206e-13 1 1969.8656512437005 8030.134348734312 0.027743037213578695 0 0 0.99922729534737464 1.012833236837821e-17 1 2.7346641657912971e-14 3.345602857658626e-14 -2.3931525971475616e-16 0.33338118839442932 0.33334126292276456 3.9925471664759016e-05 1.2294824789316661e-05
24000 0 0 0.0009953808209201317 25.040277111553078 8.0761697511128386e-05 1.2292891438854008e-05 8.076169751113565e-05 1.2292891438854007e-05 8.0761697511128386e-05 6.4899474683389986e-18 3.3032604429624507e-18 5.9327542878539971e-20 -3.6567484942815157e-17 -3.2862980486748914e-17 49.999999999999979 50.000000000000234 49.999999999999979 -2.1316282072803006e-14 2.3447910280083306e-13 1.0000000000000018 1969.8656512436205 8030.1343487339773 0.027743034948228603 0 0 0.9992271313490706 1.0128314601692357e-17 1 6.4897414699116585e-14 3.2896063982384943e-14 5.8124616244188228e-16 0.33338107329630978 0.33334132210599804 3.9751190311743123e-05 1.2292891438854008e-05
24500 0 0 0.00099611836377132409 25.040276550834832 8.078688322428205e-05 1.2292894652853255e-05 8.0786883224276304e-05 1.2292894652853262e-05 8.078688322428205e-05 4.8024084709051917e-18 4.1435604947276914e-18 -1.7243151351248954e-19 -9.2468085261807307e-17 -1.9981632038073615e-17 49.999999999999979 50.000000000000242 49.999999999999979 -2.1316282072803006e-14 2.4158453015843406e-13 1.0000000000000011 1969.8656512435261 8030.1343487335107 0.027743038311704132 0 0 0.99922715906606752 1.012824384804268e-17 1 4.847929377394099e-14 4.1590183379512602e-14 -1.6760392516610952e-15 0.33338109263616039 0.33334131199069711 3.9780645463283193e-05 1.2292894652853255e-05
25000 0 0 0.0010009789942220706 25.04027284909106 8.0803644637581927e-05 1.2294144623392183e-05 8.0803644637579054e-05 1.2294144623392163e-05 8.0803644637581927e-05 1.9567680809064169e-18 4.0120684552485468e-18 5.3429483060210671e-20 -9.0551491250116667e-17 -2.7850511869028963e-17 49.999999999999986 50.000000000000234 49.999999999999986 -1.4210854715202004e-14 2.3447910280083306e-13 1.0000000000000011 1969.8656512434463 8030.134348733166 0.0277430449742576 0 0 0.99922734202296515 1.0128164552304517e-17 1 1.9595734540231446e-14 3.9751852525839182e-14 5.5087923186408091e-16 0.33338122049847324 0.33334124573460966 3.9974763863581675e-05 1.2294144623392183e-05
25500 0 0 0.0010072252314295056 25.040268089398232 8.0805629396578959e-05 1.2294250897170516e-05 8.0805629396580342e-05 1.2294250897170498e-05 8.0805629396578959e-05 4.2348069495647062e-18 6.1371047133254211e-18 -8.0838113980712482e-20 -5.7317753231077865e-17 -1.2888766221060322e-17 49.999999999999986 50.000000000000234 49.999999999999986 -1.4210854715202004e-14 2.3447910280083306e-13 1.0000000000000031 1969.8656512433308 8030.1343487328568 0.027743051391308744 0 0 0.99922757722083966 1.0128112366234052e-17 1 4.216790219126123e-14 6.1334486650005144e-14 -8.2207448317158307e-16 0.33338138499047953 0.33334116077132048 4.0224219159057384e-05 1.2294250897170516e-05
26000 0 0 0.001011832841838 25.040264573419609 8.0794121882241698e-05 1.2293134023612819e-05 8.079412188224384e-05 1.2293134023612838e-05 8.0794121882241698e-05 -2.1802004646129608e-18 -3.8267999880141563e-19 1.0720591081562778e-19 -4.6680726849540044e-17 9.7183855788955102e-19 49.999999999999986 50.000000000000242 49.999999999999986 -1.4210854715202004e-14 2.4158453015843406e-13 1.0000000000000018 1969.8656512432506 8030.1343487324857 0.027743054599892063 0 0 0.99922775041979639 1.012811319613489e-17 1 -2.1631757826411755e-14 -4.006642872053178e-15 1.0353921072111135e-15 0.33338150682059553 0.33334109858773237 4.0408232863164972e-05 1.2293134023612819e-05
26500 0 0 0.0010129080972353112 25.040263743074242 8.0776400215205147e-05 1.2292607363220575e-05 8.0776400215201868e-05 1.229260736322058e-05 8.0776400215205147e-05 -4.8325926593881509e-18 1.4366979828075479e-18 6.9388939039244041e-22 3.3942072154882062e-17 -2.2773378739783992e-17 49.999999999999993 50.000000000000234 49.999999999999993 -7.1054273576010019e-15 2.3447910280083306e-13 1.0000000000000038 1969.8656512431742 8030.1343487320937 0.027743053519276112 0 0 0.99922779015460095 1.0128149777441538e-17 1 -4.8480418628744784e-14 1.4301761679233124e-14 9.7547735445260474e-17 0.33338153624947126 0.33334108507421095 4.0451175260303174e-05 1.2292607363220575e-05
27000 0 0 0.0010104132675429266 25.040265629389708 8.076132102273435e-05 1.2293188838452566e-05 8.0761321022735109e-05 1.2293188838452576e-05 8.076132102273435e-05 4.5588532948785474e-19 2.8584773437217925e-18 -5.3776427755416653e-20 4.2218516460956691e-17 4.8609833955808721e-17 49.999999999999993 50.00000000000022 49.999999999999993 -7.1054273576010019e-15 2.2026824808563106e-13 1.0000000000000036 1969.8656512430719 8030.1343487316535 0.027743049206017115 0 0 0.99922769521457988 1.0128213820048596e-17 1 4.6946496211067615e-15 2.8608676706090163e-14 -5.4261690556057313e-16 0.33338147204533036 0.33334112050583403 4.0351539496330524e-05 1.2293188838452566e-05
27500 0 0 0.0010059507420342379 25.040269016139526 8.0755088871853272e-05 1.2293614893719964e-05 8.07550888718583e-05 1.2293614893719955e-05 8.0755088871853272e-05 -3.1932789745863267e-18 5.1420673275036888e-18 3.7816971776391744e-20 4.5031310880603931e-17 2.0903634833709915e-17 49.999999999999993 50.00000000000022 49.999999999999993 -7.1054273576010019e-15 2.2026824808563106e-13 1.000000000000004 1969.8656512429698 8030.1343487312597 0.027743044087521675 0 0 0.99922752635207224 1.0128264134067865e-17 1 -3.202123353800157e-14 5.1600026150392871e-14 3.4614209702781666e-16 0.33338135588927953 0.33334118256920114 4.0173320078384922e-05 1.2293614893719964e-05
28000 0 0 0.0010018224690432531 25.040272154665857 8.0759098656260655e-05 1.2293167200851796e-05 8.0759098656264368e-05 1.2293167200851801e-05 8.0759098656260655e-05 -1.0633854907765678e-18 6.7199718012565547e-18 2.0122792321383662e-20 4.4479903084292216e-17 -5.5430598849582576e-18 49.999999999999986 50.000000000000213 49.999999999999986 -1.4210854715202004e-14 2.1316282072803006e-13 1.0000000000000053 1969.8656512428727 8030.1343487309341 0.027743040660702375 0 0 0.99922737053142652 1.0128281824823071e-17 1 -1.0732761257540263e-14 6.734058382668268e-14 3.0451733098345002e-16 0.33338124787657203 0.33334123942686927 4.00084497027553e-05 1.2293167200851796e-05
28500 0 0 0.00099988444023383369 25.040273633819758 8.0770070737745252e-05 1.2292633145767967e-05 8.0770070737740509e-05 1.2292633145767967e-05 8.0770070737745252e-05 -6.4136196353985273e-18 2.7446794836978116e-18 8.2919782151912155e-20 6.1166590204503637e-17 -3.0008352130091215e-17 49.999999999999986 50.000000000000199 49.999999999999986 -1.4210854715202004e-14 1.9895196601282805e-13 1.0000000000000038 1969.8656512427781 8030.1343487305694 0.027743040326888749 0 0 0.9992272977492801 1.0128259613118721e-17 1 -6.4373785703251651e-14 2.7308637835218006e-14 7.5030618585251878e-16 0.33338119659341692 0.33334126554254839 3.9931050868524665e-05 1.2292633145767967e-05
29000 0 0 0.0010007497583290521 25.040272985590871 8.0782004843284668e-05 1.2292761058579703e-05 8.0782004843280115e-05 1.229276105857974e-05 8.0782004843284668e-05 -4.0405179202561556e-18 2.1312812625908952e-18 3.8510861166789739e-20 -3.8595300260959646e-17 -3.9116685561551474e-17 49.999999999999979 50.000000000000213 49.999999999999979 -2.1316282072803006e-14 2.1316282072803006e-13 1.0000000000000033 1969.8656512426971 8030.1343487301447 0.027743042876455105 0 0 0.99922733102755079 1.0128220755600761e-17 1 -4.0156077003529448e-14 2.1281622330807126e-14 3.8851674932353525e-16 0.33338121826969891 0.33334125266074149 3.9965608957415188e-05 1.2292761058579703e-05
29500 0 0 0.0010036632001163143 25.040270781005113 8.0789162456025807e-05 1.2293132194379181e-05 8.078916245602563e-05 1.2293132194379183e-05 8.0789162456025807e-05 -1.0693876340036056e-17 4.9425741277667215e-18 8.0144224590349051e-20 -1.0888995367706461e-16 -1.7996574921747387e-18 49.999999999999972 50.000000000000206 49.999999999999972 -2.8421709430404007e-14 2.0605739337042905e-13 1.0000000000000029 1969.8656512426071 8030.1343487297818 0.027743046782186941 0 0 0.99922744168863187 1.0128179495285463e-17 1 -1.0676310233422212e-13 4.9417736816179635e-14 7.7178018187918171e-16 0.33338129344991402 0.33334121148718709 4.0081962726923326e-05 1.2293132194379181e-05
30000 0 0 0.0010070210280205155 25.040268236079783 8.078878381220374e-05 1.2293063788977055e-05 8.0788783812195066e-05 1.2293063788977067e-05 8.078878381220374e-05 -3.4115071878655713e-18 1.1021392132302004e-17 5.2735593669843064e-20 -7.0783068160876867e-17 4.1442704473636574e-17 49.999999999999964 50.000000000000206 49.999999999999964 -3.5527136788005009e-14 2.0605739337042905e-13 1.0000000000000036 1969.8656512425096 8030.1343487293962 0.027743050067227857 0 0 0.99922756898124487 1.0128152456170331e-17 1 -3.3803668685831317e-14 1.1033449646275211e-13 4.8808554183527723e-16 0.33338138049973037 0.3333411644358078 4.0216063922571266e-05 1.2293063788977055e-05
30500 0 0 0.0010092160436203166 25.040266570519741 8.078209484694837e-05 1.229270424044617e-05 8.0782094846936877e-05 1.2292704240446187e-05 8.078209484694837e-05 -4.5293629957883466e-18 1.0567241526290424e-17 -8.5695339713498405e-20 4.1031867160288848e-17 8.6095965847372551e-17 49.999999999999957 50.000000000000199 49.999999999999957 -4.2632564145606011e-14 1.9895196601282805e-13 1.0000000000000027 1969.8656512424202 8030.1343487290142 0.027743051277044357 0 0 0.99922765206083042 1.0128151237297333e-17 1 -4.5265650765440729e-14 1.0589301059415546e-13 -8.1568962252445382e-16 0.33338143759926209 0.33334113387323033 4.0303726031754028e-05 1.229270424044617e-05
31000 0 0 0.0010093785346514889 25.040266445069836 8.0773156749850114e-05 1.2292615515681498e-05 8.0773156749845682e-05 1.2292615515681464e-05 8.0773156749850114e-05 -2.8890084769001596e-18 4.3919728964908276e-18 -4.1633363423564204e-21 1.311033922104246e-16 7.4207968968029911e-17 49.99999999999995 50.000000000000206 49.99999999999995 -4.9737991503207013e-14 2.0605739337042905e-13 1.0000000000000029 1969.865651242322 8030.1343487286522 0.027743050091284978 0 0 0.99922765805869274 1.0128172121819569e-17 1 -2.8870860509974042e-14 4.3741327732463049e-14 -4.6701850156500574e-17 0.33338144204351405 0.333341131828091 4.0310215423056128e-05 1.2292615515681498e-05
31500 0 0 0.0010076853970646729 25.040267726565585 8.0766485342984517e-05 1.2292825407818036e-05 8.0766485342982755e-05 1.2292825407818013e-05 8.0766485342984517e-05 -3.2890357104617294e-19 2.0781987242263462e-18 1.3739009929776845e-19 1.3532557064659096e-16 6.6607143843926755e-17 49.999999999999943 50.00000000000022 49.999999999999943 -5.6843418860808015e-14 2.2026824808563106e-13 1.0000000000000007 1969.865651242231 8030.1343487283193 0.027743047335954823 0 0 0.99922759375515768 1.0128203276928601e-17 1 -3.0936895840244505e-15 2.090190423433506e-14 1.3567583709101134e-15 0.33338139832455471 0.33334115572778744 4.0242596767270378e-05 1.2292825407818036e-05
32000 0 0 0.0010051485768862488 25.040269648142317 8.0764898434855891e-05 1.2292908658372935e-05 8.0764898434856176e-05 1.2292908658372934e-05 8.0764898434855891e-05 7.0776717820065924e-19 -8.8921925378837729e-19 7.9450335199975967e-20 3.2661553517561032e-17 2.9101276124147509e-17 49.999999999999936 50.000000000000206 49.999999999999936 -6.3948846218409017e-14 2.0605739337042905e-13 1.0000000000000044 1969.8656512421305 8030.1343487279319 0.027743044464236671 0 0 0.99922749752622253 1.0128229114870444e-17 1 6.7435477840970975e-15 -9.059432418683258e-15 7.0226531995055057e-16 0.33338133266547315 0.3333411913814131 4.01412840600468e-05 1.2292908658372935e-05
32500 0 0 0.0010030448088582642 25.040271241771038 8.07685142421394e-05 1.2292735798825691e-05 8.076851424214394e-05 1.2292735798825696e-05 8.07685142421394e-05 4.0526609845893247e-18 3.1530333899450205e-18 -1.2802259252747717e-19 -1.1779822040168108e-16 -8.0846497234980822e-17 49.999999999999929 50.000000000000206 49.999999999999929 -7.1054273576010019e-14 2.0605739337042905e-13 1.0000000000000036 1969.8656512420587 8030.1343487275126 0.02774304281083443 0 0 0.99922741773490775 1.0128238201029466e-17 1 4.0594535111876384e-14 3.152925562475823e-14 -1.3182228533862348e-15 0.33338127820740254 0.33334122094128216 4.0057266120385737e-05 1.2292735798825691e-05
33000 0 0 0.0010022937321418181 25.040271810041485 8.0775051700750409e-05 1.2292600068213908e-05 8.0775051700756589e-05 1.229260006821392e-05 8.0775051700750409e-05 8.7690271710898133e-18 4.4773212915099526e-18 6.9388939039286359e-22 -1.3414308402886019e-16 -1.001385122598621e-16 49.999999999999936 50.000000000000192 49.999999999999936 -6.3948846218409017e-14 1.9184653865522705e-13 1.0000000000000029 1969.8656512419561 8030.1343487272234 0.027743042991171842 0 0 0.99922738920640519 1.0128229078153879e-17 1 8.7997785347087532e-14 4.4687449134985999e-14 3.9430378943718859e-17 0.33338125883499087 0.33334123156453049 4.0027270460374353e-05 1.2292600068213908e-05
33500 0 0 0.0010030775283388833 25.040271214802601 8.0781119222942958e-05 1.2292674122159162e-05 8.0781119222951726e-05 1.2292674122159158e-05 8.0781119222942958e-05 1.0392381399914452e-17 1.8044593597167343e-18 3.0184188482091113e-20 -9.950025598493876e-17 -6.9611189381318659e-17 49.999999999999936 50.000000000000206 49.999999999999936 -6.3948846218409017e-14 2.0605739337042905e-13 1.000000000000002 1969.8656512418631 8030.1343487267677 0.027743044704265401 0 0 0.99922741884202748 1.0128208206558038e-17 1 1.0375946927826049e-13 1.8482635835441639e-14 1.8853990003997473e-16 0.33338127927742967 0.33334122070459177 4.005857283789771e-05 1.2292674122159162e-05
34000 0 0 0.0010048475464270038 25.040269872216829 8.0783897921350055e-05 1.229277536057104e-05 8.0783897921364868e-05 1.2292775360571067e-05 8.0783897921350055e-05 1.6357054599732512e-17 -3.1849523019035436e-19 -8.534839501833025e-20 -8.5692431113139707e-17 -2.2422108610165008e-17 49.999999999999936 50.000000000000199 49.999999999999936 -6.3948846218409017e-14 1.9895196601282805e-13 1.0000000000000051 1969.8656512417695 8030.1343487264157 0.027743046981345311 0 0 0.99922748586892407 1.0128185963271743e-17 1 1.6351406586635196e-13 -3.1597505306137606e-15 -8.3468561266267906e-16 0.33338132527490649 0.33334119601305928 4.012926184721044e-05 1.229277536057104e-05
34500 0 0 0.0010066670827440516 25.040268492754638 8.0782432204767405e-05 1.2292724376717701e-05 8.0782432204787286e-05 1.2292724376717675e-05 8.0782432204767405e-05 2.2208970773612204e-17 1.0196704591824515e-18 -3.6776137690826761e-20 -7.656839326068873e-18 7.8705420199283607e-17 49.99999999999995 50.000000000000199 49.99999999999995 -4.9737991503207013e-14 1.9895196601282805e-13 1.0000000000000022 1969.8656512416737 8030.1343487260156 0.027743048711816896 0 0 0.99922755481308312 1.0128173099521312e-17 1 2.2224421330801458e-13 1.0643689808942758e-14 -3.3060590840964745e-16 0.33338137248915528 0.33334117056068813 4.020192846715398e-05 1.2292724376717701e-05
35000 0 0 0.0010076908827945444 25.040267717421006 8.0777890130534578e-05 1.2292615949730995e-05 8.0777890130511999e-05 1.2292615949730989e-05 8.0777890130534578e-05 2.4865179360037903e-17 3.1571967262881426e-19 -5.2041704279474884e-21 1.451868754559738e-16 4.8309229367300692e-17 49.99999999999995 50.000000000000199 49.99999999999995 -4.9737991503207013e-14 1.9895196601282805e-13 1.0000000000000024 1969.865651241586 8030.1343487256445 0.027743049170733503 0 0 0.9992275936566366 1.0128174511269832e-17 1 2.491306111801034e-13 3.1084643822049491e-15 2.4673341895025768e-17 0.33338139896935104 0.33334115615349275 4.0242815858293479e-05 1.2292615949730995e-05
35500 0 0 0.0010075436093553412 25.040267830638268 8.0772744386339046e-05 1.2292611955018652e-05 8.07727443863354e-05 1.2292611955018682e-05 8.0772744386339046e-05 2.4994589731347428e-17 -7.1671835133696341e-18 2.1510571102184013e-20 2.0610680488978082e-16 1.5854059643243979e-17 49.999999999999964 50.000000000000199 49.999999999999964 -3.5527136788005009e-14 1.9895196601282805e-13 1.0000000000000027 1969.8656512414996 8030.1343487252761 0.027743048304644854 0 0 0.99922758817143609 1.012818757117904e-17 1 2.4982509686183665e-13 -7.110376825304411e-14 1.6755599590406168e-16 0.33338139498981517 0.33334115805560305 4.0236934212123376e-05 1.2292611955018652e-05
36000 0 0 0.001006435344086769 25.040268672673854 8.0769437120753858e-05 1.2292680563148561e-05 8.076943712076306e-05 1.2292680563148551e-05 8.0769437120753858e-05 2.5978177942230595e-17 -1.5171891520944268e-18 -8.3266726847167266e-20 1.6657360168941616e-16 -1.3921455272425259e-17 49.999999999999972 50.000000000000185 49.999999999999972 -2.8421709430404007e-14 1.8474111129762605e-13 1.0000000000000022 1969.8656512414 8030.134348724966 0.027743046673856443 0 0 0.99922754629224286 1.0128205046318965e-17 1 2.5951791171852929e-13 -1.5186047982540616e-14 -8.0662219668128473e-16 0.33338136604813773 0.33334117337459884 4.0192673538885781e-05 1.2292680563148561e-05
36500 0 0 0.0010049932023957896 25.040269767474289 8.076926444351335e-05 1.2292689320541335e-05 8.0769264443505002e-05 1.2292689320541347e-05 8.076926444351335e-05 2.7852373185683239e-17 3.3070768346134438e-18 1.4918621893451331e-20 8.7682791166582808e-17 -8.969559525589075e-17 49.999999999999986 50.000000000000185 49.999999999999986 -1.4210854715202004e-14 1.8474111129762605e-13 1.0000000000000027 1969.8656512413149 8030.1343487244867 0.027743045119855939 0 0 0.99922749174285452 1.0128218049186519e-17 1 2.7827531403311345e-13 3.2720099245303051e-14 1.3915479809853978e-16 0.33338132847913182 0.33334119340024776 4.0135078884062647e-05 1.2292689320541335e-05
37000 0 0 0.0010039214766977232 25.040270580584505 8.0771942789864884e-05 1.2292629022423167e-05 8.0771942789885321e-05 1.2292629022423174e-05 8.0771942789864884e-05 2.2508730990267484e-17 2.9039270987952408e-19 6.0368376964202135e-20 -1.2802134224752227e-16 -8.4677926916107461e-17 50.000000000000007 50.000000000000192 50.000000000000007 7.1054273576010019e-15 1.9184653865522705e-13 1.0000000000000022 1969.8656512412224 8030.134348724132 0.027743044344556579 0 0 0.9992274511752185 1.012822093510737e-17 1 2.2548929140987078e-13 3.3533424518075727e-15 6.4580617481698066e-16 0.33338130060953181 0.33334120833203557 4.0092277496239781e-05 1.2292629022423167e-05
37500 0 0 0.0010036678978633487 25.040270772385899 8.0775925628280971e-05 1.2292598766409354e-05 8.0775925628299511e-05 1.2292598766409318e-05 8.0775925628280971e-05 2.2258930809726836e-17 4.3694214913057e-18 -2.2551405187777551e-20 -2.4107449008349222e-16 -3.4144283931062705e-17 50.000000000000021 50.000000000000178 50.000000000000021 2.1316282072803006e-14 1.7763568394002505e-13 1.0000000000000029 1969.865651241136 8030.1343487238064 0.027743044605496661 0 0 0.99922744154101972 1.0128213967230953e-17 1 2.2228977691754817e-13 4.3274985273022721e-14 -3.0028909974825462e-16 0.333381294075145 0.3333412119247966 4.0082150348397239e-05 1.2292598766409354e-05
37999 0 0 0.0010042907149803758 25.040270298976658 8.0779373556941924e-05 1.2292632579536277e-05 8.0779373556932641e-05 1.2292632579536293e-05 8.0779373556941924e-05 1.8931037293402076e-17 5.176761797028358e-18 6.522560269695941e-20 -1.3290048134793889e-16 2.3048257306205828e-17 50.000000000000036 50.000000000000185 50.000000000000036 3.5527136788005009e-14 1.8474111129762605e-13 1.0000000000000033 1969.8656512410439 8030.1343487234626 0.027743045714572943 0 0 0.99922746506343607 1.0128200833148644e-17 1 1.8900574600254406e-13 5.1610129981663423e-14 6.5441359164945171e-16 0.33338131036080515 0.33334120333707939 4.0107023725755031e-05 1.2292632579536277e-05
