# 1:passo  2:raio_area  3:raio_grad  4:raio_linha  5:p_in  6:p_out  7:delta_p  8:sigma  9:|u-v0|max  10:|u-v0|rms  11:Ca  12:massa_R  13:massa_B  14:|q|  15:sd_p_in  16:sd_p_out  17:sigma_2pontos  18:K_perfil  19:r_perfil  20:espessura_10_90  21:residuo_ajuste  22:n_camadas
0 25.04052139 25.08111096 25 0.3333333333 0.3333333333 -2.220446049e-16 -5.560112678e-15 2.775557562e-17 7.609091204e-18 0 1969.865651 8030.134349 3.376107202e-16 2.8316563e-08 0 1.387778781e-15 1.273345395 25.01411833 3.451105388 0.08159937045 12
500 25.04015946 25.07579906 25.00812074 0.3333976467 0.3333432478 5.43988805e-05 0.001362156642 0.0001017381074 2.436538084e-05 0.002489633086 1969.865651 8030.134349 4.076940559e-14 5.072592006e-06 2.110295152e-05 0.003329638227 1.295608612 25.01631607 3.391802983 0.07449824087 12
1000 25.04030121 25.07595029 25.01325312 0.3333765082 0.3333405774 3.593083391e-05 0.0008997189038 8.050416652e-05 1.776803066e-05 0.00298256734 1969.865651 8030.134349 4.793074928e-14 7.343154358e-07 1.359354806e-05 6.550371431e-05 1.295664625 25.01631557 3.391656351 0.07534160687 12
1500 25.04029628 25.07593159 25.01596642 0.3333910844 0.3333445724 4.651199203e-05 0.001164674061 7.813341863e-05 1.837890599e-05 0.002236202707 1969.865651 8030.134349 1.518681442e-14 3.056969171e-06 2.670699775e-06 0.001350050814 1.295629693 25.01671324 3.391747795 0.07517656998 12
2000 25.04042912 25.07608227 25.01725865 0.3333716945 0.3333413951 3.02993734e-05 0.0007587093119 7.405063945e-05 1.543733587e-05 0.00325336016 1969.865651 8030.134349 7.781365421e-14 1.366658389e-06 5.080687099e-06 0.0005023232384 1.295684741 25.0168245 3.391603696 0.0753684097 12
2500 25.04034061 25.07599287 25.01712134 0.333378294 0.3333428377 3.545629434e-05 0.000887837687 8.490658364e-05 1.459939118e-05 0.003187766746 1969.865651 8030.134349 1.022236418e-14 2.880611729e-07 4.36178951e-06 0.0008248086101 1.295666414 25.01673478 3.391651669 0.07535772373 12
3000 25.04021172 25.07586252 25.01631159 0.3333862794 0.333343389 4.289033707e-05 0.001073983121 8.180322786e-05 1.399152637e-05 0.002538935863 1969.865651 8030.134349 4.578630536e-14 8.12346651e-07 2.66105749e-06 0.0009666335112 1.295656091 25.01612957 3.39167869 0.0759009031 12
3500 25.04016121 25.07581087 25.01529393 0.3333857417 0.3333411925 4.454916765e-05 0.00111551834 8.038833809e-05 1.354009147e-05 0.002402122112 1969.865651 8030.134349 4.334224511e-14 2.783231618e-07 2.760149437e-06 0.0009399512601 1.295642887 25.01610509 3.391713255 0.07571311687 12
4000 25.04014628 25.07579653 25.01431755 0.3333868202 0.3333396552 4.71650475e-05 0.001181019689 7.772443148e-05 1.32089715e-05 0.00219370973 1969.865651 8030.134349 4.477937659e-14 5.736449765e-07 1.508120497e-06 0.001308891006 1.295645778 25.01611931 3.391705689 0.07554558466 12
4500 25.04018535 25.07583642 25.01365339 0.3333818619 0.3333386281 4.323385655e-05 0.001082583781 8.0717253e-05 1.278753973e-05 0.002485327368 1969.865651 8030.134349 9.896524683e-14 5.796324873e-07 5.823769419e-07 0.001068865255 1.295649042 25.01618081 3.391697143 0.07542738468 12
5000 25.04021838 25.07586719 25.0132365 0.3333841859 0.3333402367 4.394922406e-05 0.001100498168 8.088939955e-05 1.287895256e-05 0.002450084332 1969.865651 8030.134349 9.666379466e-14 4.44070687e-07 1.805096577e-06 0.001219370032 1.295644855 25.01622732 3.391708105 0.07535109923 12
5500 25.04029613 25.07594529 25.01309889 0.3333799173 0.3333411827 3.873461356e-05 0.0009699261938 7.989446848e-05 1.274457197e-05 0.0027457233 1969.865651 8030.134349 4.237438675e-14 1.923921583e-07 1.262260803e-06 0.000939392796 1.295661823 25.0168087 3.391663687 0.07469168254 12
6000 25.04035619 25.0760065 25.01308443 0.3333784468 0.333342171 3.627579928e-05 0.0009083589352 7.995177052e-05 1.2527597e-05 0.002933927233 1969.865651 8030.134349 6.4474404e-14 8.610386612e-08 7.794107952e-07 0.0009490445075 1.295641844 25.01637719 3.391715987 0.07530622196 12
6500 25.04038255 25.07603521 25.01315408 0.3333764298 0.3333422993 3.413053263e-05 0.0008546415935 8.082409615e-05 1.231281968e-05 0.003152358321 1969.865651 8030.134349 4.861743685e-14 4.652410897e-07 1.522867884e-07 0.0008362088521 1.295644665 25.01640398 3.3917086 0.07532196669 12
7000 25.04034952 25.07600223 25.01321685 0.3333784325 0.3333422725 3.615992045e-05 0.0009054570468 8.193666627e-05 1.238861949e-05 0.003016401737 1969.865651 8030.134349 5.619186753e-14 1.598389799e-07 1.660827388e-07 0.0009000997837 1.295643108 25.01636736 3.391712677 0.07533604574 12
7500 25.04029101 25.07594274 25.01326515 0.3333807367 0.333341642 3.909466989e-05 0.0009789419109 8.160515324e-05 1.249917167e-05 0.002778685583 1969.865651 8030.134349 6.160197874e-14 0 2.470669518e-07 0.0009620253761 1.295643286 25.01630401 3.391712211 0.07534785364 12
8000 25.04023501 25.07588509 25.01329203 0.3333826985 0.3333407862 4.191228555e-05 0.00104949348 8.125811208e-05 1.245416424e-05 0.002580867616 1969.865651 8030.134349 7.823908907e-14 1.004377771e-07 7.211711742e-08 0.001049392107 1.295642587 25.01624348 3.391714041 0.07535547311 12
8500 25.04020186 25.07585051 25.01331323 0.3333837728 0.333340205 4.356778573e-05 0.001090946149 8.092370241e-05 1.231881159e-05 0.002472584691 1969.865651 8030.134349 1.066816592e-13 1.338095278e-07 2.148394036e-07 0.001108428675 1.29564358 25.01620741 3.391711442 0.07536704557 12
9000 25.04019998 25.07584767 25.01334178 0.3333837831 0.3333401937 4.358940281e-05 0.001091487363 8.087629197e-05 1.229219653e-05 0.002469910775 1969.865651 8030.134349 9.062793605e-14 1.168815479e-07 1.233526086e-07 0.0011006763 1.295644105 25.01620421 3.391710066 0.07537313139 12
9500 25.04022525 25.07587283 25.01337668 0.3333831101 0.3333407107 4.239943598e-05 0.001061691427 8.057718824e-05 1.237011188e-05 0.002529837018 1969.865651 8030.134349 3.685251695e-14 1.376123069e-07 8.653259518e-08 0.001063615449 1.295644276 25.01622974 3.391709619 0.07537404346 12
10000 25.04026626 25.07591485 25.01341347 0.3333815634 0.3333413307 4.023269635e-05 0.001007437429 8.034879603e-05 1.240141941e-05 0.002658520643 1969.865651 8030.134349 2.748966588e-14 2.571978454e-08 3.349210396e-07 0.0009903310209 1.295644391 25.01627221 3.391709319 0.07537130214 12
10500 25.04030144 25.07595159 25.01343736 0.3333802814 0.3333418171 3.84642693e-05 0.0009631568979 8.036358921e-05 1.234683176e-05 0.002781256421 1969.865651 8030.134349 3.310794911e-14 4.02660842e-08 4.274248463e-07 0.0009436533043 1.295658416 25.01679796 3.391672604 0.07475102684 12
11000 25.04031641 25.07596797 25.01344232 0.3333796364 0.3333419531 3.768335081e-05 0.0009436030277 8.059430693e-05 1.23031466e-05 0.002847041414 1969.865651 8030.134349 4.363409267e-14 9.961681355e-08 3.889484094e-07 0.0009222685082 1.295658526 25.01681416 3.391672317 0.07474777452 12
11500 25.04030718 25.0759593 25.01342616 0.3333799836 0.3333417489 3.823473589e-05 0.0009574095317 8.082492675e-05 1.232551735e-05 0.002814014417 1969.865651 8030.134349 6.955617702e-14 7.394889211e-08 1.46568294e-07 0.0009469252834 1.295658275 25.01680515 3.391672974 0.07474636868 12
12000 25.04028311 25.0759349 25.013398 0.3333808004 0.3333412956 3.950478642e-05 0.0009892110359 8.091350532e-05 1.235340009e-05 0.002726533314 1969.865651 8030.134349 8.746626184e-14 3.40819542e-08 1.539367724e-07 0.0009914524061 1.295644101 25.01629168 3.391710077 0.07537184131 12
12500 25.04025745 25.07590828 25.01336946 0.3333816822 0.3333408374 4.084483234e-05 0.001022765117 8.092877864e-05 1.233354145e-05 0.002637581111 1969.865651 8030.134349 1.424754862e-13 0 3.852213657e-07 0.00103823235 1.29565796 25.01675393 3.391673798 0.07474775976 12
13000 25.04024198 25.0758917 25.01335187 0.3333822224 0.3333405918 4.163058307e-05 0.001042439874 8.08943605e-05 1.229950191e-05 0.002586699484 1969.865651 8030.134349 1.396688426e-13 2.898810595e-08 4.580933875e-07 0.001062875847 1.295644003 25.01624889 3.391710335 0.07536488864 12
13500 25.04024196 25.07589087 25.01335005 0.3333822615 0.3333406542 4.160732691e-05 0.001041857533 8.083998857e-05 1.23007481e-05 0.002586405722 1969.865651 8030.134349 1.286900603e-13 3.674783189e-08 3.444151619e-07 0.001057536736 1.295644033 25.0162486 3.391710255 0.07536525422 12
14000 25.04025513 25.07590385 25.01336156 0.3333818523 0.3333409544 4.089792885e-05 0.001024094573 8.076456329e-05 1.23224647e-05 0.002628812008 1969.865651 8030.134349 1.287288946e-13 3.073467005e-08 1.04526526e-07 0.00102864018 1.295644065 25.01626204 3.391710171 0.07536471568 12
14500 25.04027341 25.07592256 25.01337868 0.333381238 0.3333413202 3.991784305e-05 0.000999553704 8.0720947e-05 1.232241868e-05 0.002691899618 1969.865651 8030.134349 1.725042381e-13 1.354311364e-08 1.58255608e-07 0.0009916244135 1.295644086 25.01628097 3.391710117 0.07536440498 12
15000 25.04028721 25.07593711 25.01339241 0.3333807675 0.3333415809 3.9186628e-05 0.0009812444198 8.072898854e-05 1.23014453e-05 0.002742401618 1969.865651 8030.134349 2.280426512e-13 2.176919094e-08 3.317950541e-07 0.000965443344 1.295644097 25.01629541 3.391710089 0.075367244 12
15500 25.04029043 25.07594103 25.01339696 0.3333806502 0.3333416315 3.901868574e-05 0.0009770392233 8.077430664e-05 1.229263008e-05 0.002755751073 1969.865651 8030.134349 2.092995776e-13 2.316751131e-08 3.494428905e-07 0.0009599498356 1.295644087 25.01629896 3.391710114 0.0753691299 12
16000 25.04028287 25.07593381 25.01339162 0.3333809039 0.3333414753 3.942852505e-05 0.0009873014204 8.081505405e-05 1.230385168e-05 0.002728482993 1969.865651 8030.134349 2.03979456e-13 7.437773199e-09 2.282589249e-07 0.0009758288543 1.295644056 25.0162913 3.391710195 0.07536937312 12
16500 25.04026957 25.0759204 25.01338059 0.3333813451 0.3333412062 4.013891363e-05 0.001005089218 8.082420669e-05 1.231138849e-05 0.002680498582 1969.865651 8030.134349 2.024389588e-13 1.982646218e-08 2.250512837e-08 0.001002612426 1.295644047 25.01627758 3.39171022 0.07536818534 12
17000 25.04025759 25.07590798 25.01337012 0.3333817415 0.333340962 4.077945548e-05 0.00102112807 8.080219246e-05 1.230289512e-05 0.002637677383 1969.865651 8030.134349 1.586257579e-13 1.549036218e-08 1.409841737e-07 0.001026982815 1.295644066 25.01626509 3.39171017 0.07536638296 12
17500 25.04025251 25.07590238 25.0133654 0.3333819058 0.3333408521 4.105362617e-05 0.001027993166 8.076431073e-05 1.229325994e-05 0.002618834231 1969.865651 8030.134349 1.721378363e-13 1.79074519e-08 2.257851595e-07 0.001037803559 1.295644108 25.01625966 3.391710059 0.07536494838 12
18000 25.04025599 25.07590553 25.01336818 0.3333817838 0.3333409104 4.087342295e-05 0.001023480974 8.07314715e-05 1.229576458e-05 0.002629310284 1969.865651 8030.134349 1.558203696e-13 1.953112879e-08 2.009242504e-07 0.001031877516 1.295644144 25.0162631 3.391709965 0.07536499305 12
18500 25.04026553 25.07591504 25.01337639 0.3333814589 0.3333410882 4.037069512e-05 0.001010892925 8.071862331e-05 1.230238663e-05 0.002661627864 1969.865651 8030.134349 1.44988964e-13 9.719546458e-09 8.831734228e-08 0.001013955466 1.29564416 25.01627288 3.391709922 0.07536519563 12
19000 25.04027601 25.07592577 25.01338555 0.3333811038 0.3333412886 3.981514233e-05 0.0009969821532 8.073272011e-05 1.230094356e-05 0.002699236553 1969.865651 8030.134349 1.646801728e-13 1.925682946e-08 4.084846954e-08 0.0009937673011 1.295441971 25.01677399 3.392239292 0.07756277401 12
19500 25.04028242 25.07593255 25.01339122 0.3333808898 0.3333414172 3.947266512e-05 0.0009884066826 8.076730691e-05 1.229448661e-05 0.002723821693 1969.865651 8030.134349 1.314878941e-13 3.21423732e-08 1.335035075e-07 0.0009809064555 1.295644118 25.01629048 3.391710034 0.07536772812 12
20000 25.0402822 25.07593263 25.01339103 0.3333809034 0.333341424 3.947940172e-05 0.0009885753602 8.080627961e-05 1.229308874e-05 0.002724671039 1969.865651 8030.134349 1.218837555e-13 2.332011185e-08 1.483982823e-07 0.0009803594782 1.295644076 25.01629039 3.391710142 0.07536828974 12
20500 25.04027616 25.07592668 25.01338562 0.3333811153 0.3333413212 3.979405899e-05 0.0009964542268 8.083081807e-05 1.229690605e-05 0.00270394819 1969.865651 8030.134349 9.853356593e-14 1.06834793e-08 9.900779967e-08 0.0009908891285 1.295644043 25.01628423 3.391710229 0.07536797698 12
21000 25.04026771 25.0759181 25.01337799 0.3333814069 0.3333411697 4.023720095e-05 0.001007550284 8.083000848e-05 1.229822539e-05 0.002674143077 1969.865651 8030.134349 7.263709472e-14 0 1.533706481e-08 0.001006257033 1.295644033 25.01627551 3.391710255 0.07536702384 12
21500 25.04026098 25.07591109 25.01337184 0.3333816373 0.3333410455 4.059179133e-05 0.001016429048 8.080602707e-05 1.229499043e-05 0.002649997302 1969.865651 8030.134349 8.018818447e-14 2.775513733e-08 5.618160013e-08 0.00101881163 1.295644049 25.01626849 3.391710214 0.07536594143 12
22000 25.04025883 25.07590869 25.01336982 0.3333817088 0.3333410025 4.070622554e-05 0.001019294424 8.077175845e-05 1.229261292e-05 0.002641427134 1969.865651 8030.134349 5.689338264e-14 1.590555891e-08 8.719603869e-08 0.001023106938 1.295644081 25.01626618 3.391710131 0.07536524797 12
22500 25.04026172 25.07591145 25.01337237 0.333381607 0.3333410505 4.055650959e-05 0.001015545615 8.074312922e-05 1.229403389e-05 0.002650238061 1969.865651 8030.134349 4.453148331e-14 0 6.210724338e-08 0.001018192816 1.295644113 25.01626909 3.391710047 0.07536522514 12
23000 25.04026774 25.07591751 25.01337784 0.3333813978 0.3333411558 4.024195425e-05 0.001007669309 8.073142672e-05 1.229581834e-05 0.002670566161 1969.865651 8030.134349 5.25670266e-14 9.281968497e-09 2.731323261e-08 0.001007462329 1.295644133 25.01627528 3.391709994 0.07536581484 12
23500 25.04027379 25.07592374 25.01338341 0.3333811884 0.3333412629 3.992547166e-05 0.0009997447415 8.073951043e-05 1.229482479e-05 0.002692004171 1969.865651 8030.134349 4.321113201e-14 8.431298508e-09 3.495599073e-08 0.0009965744206 1.295644134 25.01628156 3.391709992 0.0753666828 12
24000 25.04027711 25.07592729 25.01338657 0.3333810733 0.3333413221 3.975119031e-05 0.0009953808209 8.076169751e-05 1.229289144e-05 0.002704549382 1969.865651 8030.134349 7.276100128e-14 0 7.044436654e-08 0.0009905601701 1.295644118 25.01628505 3.391710033 0.07536740378 12
24500 25.04027655 25.07592688 25.0133862 0.3333810926 0.333341312 3.978064546e-05 0.0009961183638 8.078688322e-05 1.229289465e-05 0.002703389683 1969.865651 8030.134349 6.389674785e-14 7.569835046e-09 7.290417536e-08 0.0009915867085 1.295644095 25.01628454 3.391710095 0.07536766736 12
25000 25.04027285 25.0759232 25.01338291 0.3333812205 0.3333412457 3.997476386e-05 0.001000978994 8.080364464e-05 1.229414462e-05 0.002690820524 1969.865651 8030.134349 4.432274878e-14 0 2.497382692e-08 0.0009983143081 1.295644075 25.01628075 3.391710147 0.07536740743 12
25500 25.04026809 25.07591833 25.01337857 0.333381385 0.3333411608 4.022421916e-05 0.001007225231 8.08056294e-05 1.22942509e-05 0.002674199271 1969.865651 8030.134349 7.443606004e-14 0 3.083432463e-08 0.001006942113 1.295644066 25.01627582 3.391710169 0.07536680387 12
26000 25.04026457 25.07591465 25.01337527 0.3333815068 0.3333410986 4.040823286e-05 0.001011832842 8.079412188e-05 1.229313402e-05 0.0026616426 1969.865651 8030.134349 2.20240362e-14 0 5.04280033e-08 0.001013265067 1.295644071 25.01627215 3.391710156 0.07536617105 12
26500 25.04026374 25.07591367 25.01337438 0.3333815362 0.3333410851 4.045117526e-05 0.001012908097 8.077640022e-05 1.229260736e-05 0.002658233932 1969.865651 8030.134349 5.054602747e-14 4.620447622e-09 5.205782419e-08 0.001014655968 1.295644085 25.01627124 3.391710119 0.07536579833 12
27000 25.04026563 25.07591549 25.01337598 0.333381472 0.3333411205 4.03515395e-05 0.001010413268 8.076132102e-05 1.229318884e-05 0.002664299966 1969.865651 8030.134349 2.899638859e-14 1.477035113e-08 3.144994832e-08 0.001011083141 1.2956441 25.01627315 3.391710079 0.07536582123 12
27500 25.04026902 25.07591892 25.013379 0.3333813559 0.3333411826 4.017332008e-05 0.001005950742 8.075508887e-05 1.229361489e-05 0.00267591263 1969.865651 8030.134349 6.072925086e-14 0 1.670703457e-08 0.001004802904 1.29564411 25.01627665 3.391710055 0.07536617871 12
28000 25.04027215 25.07592217 25.01338189 0.3333812479 0.3333412394 4.00084497e-05 0.001001822469 8.075909866e-05 1.22931672e-05 0.002687072848 1969.865651 8030.134349 6.819119536e-14 5.502355332e-09 4.599490638e-08 0.0009990402074 1.29564411 25.01627991 3.391710055 0.07536666529 12
28500 25.04027363 25.07592378 25.01338332 0.3333811966 0.3333412655 3.993105087e-05 0.0009998844402 8.077007074e-05 1.229263315e-05 0.002692646853 1969.865651 8030.134349 6.993074392e-14 2.15520023e-08 5.617649573e-08 0.0009963838519 1.295644102 25.01628148 3.391710075 0.07536704291 12
29000 25.04027299 25.07592321 25.01338284 0.3333812183 0.3333412527 3.996560896e-05 0.001000749758 8.078200484e-05 1.229276106e-05 0.002690716108 1969.865651 8030.134349 4.544853039e-14 0 5.07564926e-08 0.000997673656 1.295644091 25.01628084 3.391710103 0.07536715371 12
29500 25.04027078 25.07592101 25.01338091 0.3333812934 0.3333412115 4.008196273e-05 0.0010036632 8.078916246e-05 1.229313219e-05 0.002683143191 1969.865651 8030.134349 1.1764807e-13 0 8.867755087e-09 0.001001829364 1.295644083 25.01627858 3.391710124 0.07536698208 12
30000 25.04026824 25.07591839 25.01337861 0.3333813805 0.3333411644 4.021606392e-05 0.001007021028 8.078878381e-05 1.229306379e-05 0.00267418394 1969.865651 8030.134349 1.153976922e-13 0 2.724137238e-08 0.001006584635 1.295644081 25.01627594 3.39171013 0.07536664368 12
30500 25.04026657 25.07591663 25.01337706 0.3333814376 0.3333411339 4.030372603e-05 0.001009216044 8.078209485e-05 1.229270424e-05 0.002668146738 1969.865651 8030.134349 1.151649868e-13 9.733309424e-09 3.383761035e-08 0.001009676636 1.295644085 25.0162742 3.391710119 0.07536631575 12
31000 25.04026645 25.07591643 25.01337688 0.333381442 0.3333411318 4.031021542e-05 0.001009378535 8.077315675e-05 1.229261552e-05 0.002667422048 1969.865651 8030.134349 5.241023297e-14 2.537046905e-08 1.81103706e-08 0.001009887111 1.295644093 25.01627404 3.391710099 0.07536614787 12
31500 25.04026773 25.07591769 25.01337798 0.3333813983 0.3333411557 4.024259677e-05 0.001007685397 8.076648534e-05 1.229282541e-05 0.002671683232 1969.865651 8030.134349 2.117312705e-14 2.43199076e-09 2.747148238e-08 0.001007474498 1.2956441 25.01627534 3.39171008 0.07536619683 12
32000 25.04026965 25.07591964 25.01337969 0.3333813327 0.3333411914 4.014128406e-05 0.001005148577 8.076489843e-05 1.229290866e-05 0.002678373469 1969.865651 8030.134349 1.131556137e-14 0 0 0.001003872783 1.295644103 25.01627733 3.391710072 0.07536641223 12
32500 25.04027124 25.0759213 25.01338115 0.3333812782 0.3333412209 4.005726612e-05 0.001003044809 8.076851424e-05 1.22927358e-05 0.002684111203 1969.865651 8030.134349 5.141738959e-14 0 0 0.001000886535 1.295644101 25.01627899 3.391710077 0.07536667327 12
33000 25.04027181 25.07592193 25.0133817 0.3333812588 0.3333412316 4.002727046e-05 0.001002293732 8.07750517e-05 1.229260007e-05 0.002686339979 1969.865651 8030.134349 9.869437619e-14 0 3.519195919e-08 0.0009998144819 1.295644096 25.0162796 3.391710091 0.0753668533 12
33500 25.04027121 25.07592137 25.01338121 0.3333812793 0.3333412207 4.005857284e-05 0.001003077528 8.078111922e-05 1.229267412e-05 0.002684442526 1969.865651 8030.134349 1.053929354e-13 0 3.082254059e-08 0.001000914081 1.29564409 25.016279 3.391710107 0.07536687899 12
34000 25.04026987 25.07592002 25.01338002 0.3333813253 0.333341196 4.012926185e-05 0.001004847546 8.078389792e-05 1.229277536e-05 0.002679806113 1969.865651 8030.134349 1.635467226e-13 0 2.078938785e-08 0.001003411384 1.295644086 25.01627762 3.391710117 0.07536675753 12
34500 25.04026849 25.0759186 25.01337877 0.3333813725 0.3333411706 4.020192847e-05 0.001006667083 8.07824322e-05 1.229272438e-05 0.002674913868 1969.865651 8030.134349 2.22499186e-13 0 2.57237082e-08 0.001005984484 1.295644086 25.01627619 3.391710117 0.07536656329 12
35000 25.04026772 25.07591778 25.01337804 0.333381399 0.3333411562 4.024281586e-05 0.001007690883 8.077789013e-05 1.229261595e-05 0.002672045945 1969.865651 8030.134349 2.491500042e-13 2.948116142e-09 1.145727682e-08 0.001007439583 1.295644089 25.01627537 3.391710108 0.07536639515 12
35500 25.04026783 25.07591785 25.01337811 0.333381395 0.3333411581 4.023693421e-05 0.001007543609 8.077274439e-05 1.229261196e-05 0.00267226628 1969.865651 8030.134349 2.597467092e-13 0 0 0.001007244726 1.295644094 25.01627547 3.391710095 0.0753663278 12
36000 25.04026867 25.07591869 25.01337885 0.333381366 0.3333411734 4.019267354e-05 0.001006435344 8.076943712e-05 1.229268056e-05 0.002675099386 1969.865651 8030.134349 2.599630997e-13 2.444306447e-08 0 0.001005693062 1.295644098 25.01627633 3.391710085 0.07536638022 12
36500 25.04026977 25.0759198 25.01337984 0.3333813285 0.3333411934 4.013507888e-05 0.001004993202 8.076926444e-05 1.229268932e-05 0.002678932363 1969.865651 8030.134349 2.801923887e-13 1.351567238e-08 1.392738327e-08 0.001003666161 1.2956441 25.01627747 3.391710082 0.07536651373 12
37000 25.04027058 25.07592066 25.01338059 0.3333813006 0.3333412083 4.00922775e-05 0.001003921477 8.077194279e-05 1.229262902e-05 0.002681881159 1969.865651 8030.134349 2.255151492e-13 0 0 0.001002155653 1.295644098 25.01627832 3.391710086 0.0753666569 12
37500 25.04027077 25.07592088 25.01338079 0.3333812941 0.3333412119 4.008215035e-05 0.001003667898 8.077592563e-05 1.229259877e-05 0.002682691018 1969.865651 8030.134349 2.264631525e-13 0 0 0.001001793187 1.295644094 25.01627853 3.391710095 0.07536674251 12
37999 25.0402703 25.07592042 25.01338038 0.3333813104 0.3333412033 4.010702373e-05 0.001004290715 8.077937356e-05 1.229263258e-05 0.00268114177 1969.865651 8030.134349 1.959265316e-13 0 2.371722287e-08 0.001002663389 1.295644091 25.01627805 3.391710104 0.07536673617 12
