# step v0 Mach sigma R umax_ref urms_ref umax_mean urms_mean umax_lab mean_x mean_y mean_z drop_ux drop_uy x0 y0 x_unwrapped center_dx center_dy axis_ratio mass_R mass_B min_f negative_total negative_color min_rho min_phi max_phi qx qy qz p_in p_out delta_p urms_lab
0 0 0 -5.560112678108922e-15 25.040521385269312 5.6623530568251629e-05 1.1012303960321347e-05 5.6623530568251629e-05 1.1012303960321347e-05 5.6623530568251629e-05 2.4563061198037394e-21 -2.8787597668500281e-21 1.0408588476471285e-21 2.9184625268346483e-20 -3.87963765792804e-20 50.000000000000007 50.000000000000007 50.000000000000007 7.1054273576010019e-15 7.1054273576010019e-15 1.0000000000000007 1969.8656512480638 8030.1343487520417 0.02776452031684376 0 0 0.99999999999999967 5.1710809399147485e-26 0.99999999999998512 3.7551830324090689e-17 3.026401311258743e-17 1.907761839848319e-17 0.33333333333333387 0.33333333333333409 -2.2204460492503131e-16 1.1012303960321347e-05
500 0 0 0.0024851885085221312 25.035916904343186 0.00022595128042276596 0.00014015488933245891 0.00022595128042276797 0.00014015488933245875 0.00022595128042276596 -1.8849505289964884e-18 5.0366937183468251e-18 -1.2628721293130275e-19 -5.2780698710715622e-17 4.3338863517026424e-17 50.000000000000007 50.000000000000014 50.000000000000007 7.1054273576010019e-15 1.4210854715202004e-14 1.0000000000000027 1969.8656512479536 8030.1343487515587 0.027747629091479216 0 0 0.99955838991859003 3.9378621288114067e-18 1 -1.8806137203064566e-14 4.9606389688258007e-14 -1.180811952662315e-15 0.3334269570103669 0.33332769208158408 9.9264928782816231e-05 0.00014015488933245891
1000 0 0 0.0077797178999531834 25.031223019565317 0.0003125740336526296 0.00019282914269651364 0.00031257403365263453 0.00019282914269651362 0.0003125740336526296 -5.5531967912975235e-18 2.7363528110060958e-18 -6.8347191446986487e-20 -1.1776460202822874e-16 6.6233493471940847e-17 49.999999999999993 50.000000000000021 49.999999999999993 -7.1054273576010019e-15 2.1316282072803006e-14 1.0000000000000013 1969.8656512478642 8030.1343487512759 0.027733348989238973 0 0 0.99965349362594391 4.7868642170156013e-18 1 -5.550334836374772e-14 3.1565353629525728e-14 -6.2250376215882049e-16 0.33358328560361433 0.33327248505288326 0.00031080055073107182 0.00019282914269651364
1500 0 0 0.013701669688000752 25.026707463609569 0.0002695756723401866 0.00016579304409433508 0.00026957567234019804 0.00016579304409433473 0.0002695756723401866 -1.2454794140472461e-17 3.6901037780983913e-18 1.738191308744958e-19 -1.0317863679065022e-16 4.2951836716848496e-17 49.999999999999986 50.000000000000021 49.999999999999986 -1.4210854715202004e-14 2.1316282072803006e-14 1.0000000000000016 1969.8656512477833 8030.1343487507675 0.027736008000745771 0 0 0.99940135507709815 4.8782926025764504e-18 1 -1.2439180273934175e-13 3.5653175290556449e-14 1.5761676780512745e-15 0.33375806847840961 0.33321058656502073 0.00054748191338888086 0.00016579304409433508
2000 0 0 0.016391554650663387 25.024227422105238 0.00015606275225363018 8.3978945695916923e-05 0.00015606275225362674 8.3978945695916977e-05 0.00015606275225363018 -6.6007962984405526e-18 3.4354463718250954e-18 -8.3261125466285429e-21 -3.4556137555128755e-17 3.0620110899197343e-18 49.999999999999979 50.000000000000014 49.999999999999979 -2.1316282072803006e-14 1.4210854715202004e-14 1.000000000000002 1969.8656512476739 8030.1343487504546 0.027747187603698906 0 0 0.99935519047355303 4.9320672805531248e-18 1 -6.6386134396222325e-14 3.6102387355671506e-14 -1.7382959557922036e-16 0.3338274341413871 0.33317240674037396 0.00065502740101314183 8.3978945695916923e-05
2500 0 0 0.016603887597978113 25.024199983571872 0.00011521460635957163 6.7359877013757857e-05 0.00011521460635958053 6.735987701375764e-05 0.00011521460635957163 -7.2561856696868497e-18 8.9007794190653313e-18 -1.1483823032127663e-19 -3.5947441005522591e-17 -9.6435282218056349e-17 49.999999999999979 50.000000000000021 49.999999999999979 -2.1316282072803006e-14 2.1316282072803006e-14 1.0000000000000029 1969.865651247585 8030.1343487501217 0.027760787221906915 0 0 0.99948532352100172 4.9187489375134069e-18 1 -7.281566906070468e-14 8.8628187904990496e-14 -1.1381237808241987e-15 0.33384669578398579 0.33318318256043106 0.00066351322355473474 6.7359877013757857e-05
3000 0 0 0.013978630782749281 25.026290858436365 0.00017041765136096261 0.00011876130291906231 0.00017041765136096269 0.00011876130291906194 0.00017041765136096261 -1.0472829201083147e-17 1.0328717048316335e-17 9.0552187801221233e-20 6.6015066391602196e-17 -6.6865086433722019e-17 49.999999999999972 50.000000000000021 49.999999999999972 -2.8421709430404007e-14 2.1316282072803006e-14 1.0000000000000027 1969.8656512474909 8030.1343487496679 0.027749986344412347 0 0 0.99958260911018981 4.8134096960648669e-18 1 -1.0511123475922353e-13 1.060707519878073e-13 8.2968449901103573e-16 0.33378616751435725 0.33322760968164361 0.00055855783271363535 0.00011876130291906231
3500 0 0 0.0099137105653527274 25.029373016647831 0.00016981104936153162 0.00012192828367932446 0.00016981104936152408 0.00012192828367932443 0.00016981104936153162 -1.0219255996982708e-17 1.0552149432022766e-17 1.8387777246457432e-20 8.6167745168911355e-17 -8.1955095588745198e-17 49.999999999999979 50.000000000000028 49.999999999999979 -2.1316282072803006e-14 2.8421709430404007e-14 1.0000000000000031 1969.8656512474056 8030.1343487493268 0.027751049436886378 0 0 0.9996203903990416 5.6265849965695083e-18 1 -1.0202516254249373e-13 1.0176543852394304e-13 1.8315879460053555e-16 0.33367329633211912 0.33327721327567345 0.00039608305644567299 0.00012192828367932446
4000 0 0 0.0067264470532500831 25.031876840393949 0.00012095629487800115 7.6272125725993301e-05 0.00012095629487799431 7.6272125725993246e-05 0.00012095629487800115 -1.1869411703506702e-17 6.8473005043781876e-18 9.4023098437086614e-20 1.2003843487373212e-16 -4.8446249312753791e-17 49.999999999999979 50.000000000000036 49.999999999999979 -2.1316282072803006e-14 3.5527136788005009e-14 1.0000000000000018 1969.8656512473119 8030.1343487489403 0.027760246113644613 0 0 0.999618942144192 5.7432800464985885e-18 1 -1.189291678308532e-13 6.7053161830756772e-14 9.4019064003295514e-16 0.33357922442108978 0.33331050917068572 0.0002687152504040613 7.6272125725993301e-05
4500 0 0 0.0056265884163670234 25.032756056122686 6.5903091022798276e-05 4.2841396473093138e-05 6.590309102278925e-05 4.2841396473093151e-05 6.5903091022798276e-05 -6.953335476847626e-18 9.020887335734893e-18 9.2635464017261847e-20 2.0973454205467708e-17 -1.7020155205781658e-17 49.999999999999979 50.000000000000043 49.999999999999979 -2.1316282072803006e-14 4.2632564145606011e-14 1.0000000000000016 1969.8656512472039 8030.1343487485492 0.027762282641984156 0 0 0.99963265403016011 5.3845559495769028e-18 1 -6.9684926232160826e-14 8.9723225322937278e-14 1.0246429926779848e-15 0.33353983341301807 0.33331506437824809 0.00022476903476997823 4.2841396473093138e-05
5000 0 0 0.0069355230320089752 25.03188036925334 0.00012768971864769512 8.1318879615543065e-05 0.00012768971864770065 8.1318879615543228e-05 0.00012768971864769512 -7.1151309670480415e-18 1.4956005184314767e-17 2.3245718852868164e-20 1.9768307875442282e-17 8.4226378313055049e-17 49.999999999999972 50.000000000000057 49.999999999999972 -2.8421709430404007e-14 5.6843418860808015e-14 1.0000000000000016 1969.8656512471284 8030.1343487481954 0.027754876517490767 0 0 0.9996924740564419 4.7365189931651968e-18 1 -7.0964284795693722e-14 1.4809590457177252e-13 2.2083759412411462e-16 0.333570466305462 0.33329339870487823 0.00027706760058376911 8.1318879615543065e-05
5500 0 0 0.0093724086438157946 25.030055020243417 0.00013988953085504482 9.6543639408632243e-05 0.00013988953085504056 9.6543639408632216e-05 0.00013988953085504482 -1.3702060319705035e-17 1.9148224672537015e-17 -1.1448465573524907e-20 -4.5691079981815061e-17 8.157709490689742e-17 49.999999999999964 50.000000000000071 49.999999999999964 -3.5527136788005009e-14 7.1054273576010019e-14 1.0000000000000049 1969.8656512470136 8030.1343487478416 0.027754389985283467 0 0 0.99969831047905999 4.6892322274416246e-18 1 -1.3723852952771554e-13 1.9032594510831613e-13 -1.4471350695289148e-16 0.33362974303588094 0.33325529684963662 0.00037444618624432602 9.6543639408632243e-05
6000 0 0 0.011729971910349217 25.028278420370661 9.8825511713032817e-05 6.9184733623641443e-05 9.882551171303485e-05 6.9184733623641498e-05 9.8825511713032817e-05 -1.2838428237190036e-17 1.570514551741709e-17 5.5519130605240941e-21 -1.2544399426310218e-17 1.1287813356395385e-16 49.999999999999964 50.000000000000078 49.999999999999964 -3.5527136788005009e-14 7.815970093361102e-14 1.0000000000000027 1969.8656512469379 8030.1343487474505 0.027757725333390975 0 0 0.99947162044212989 4.66834522836321e-18 1 -1.2851742239861075e-13 1.5714851837357602e-13 1.0539592365521678e-16 0.33368980228990536 0.33322113354196614 0.00046866874793921598 6.9184733623641443e-05
6500 0 0 0.012870061139754923 25.027376794296096 2.8431002773253879e-05 1.7728028366378708e-05 2.8431002773234705e-05 1.7728028366378708e-05 2.8431002773253879e-05 -1.4082539388096873e-17 1.9173855211896364e-17 -1.1449551924921558e-20 -5.9404235589578669e-17 1.6147532916179455e-16 49.999999999999957 50.000000000000092 49.999999999999957 -4.2632564145606011e-14 9.2370555648813024e-14 1.0000000000000062 1969.8656512468406 8030.1343487471322 0.027760165021270784 0 0 0.99939923297726307 4.6671188766171373e-18 1 -1.4069322963605746e-13 1.9147544314488134e-13 -9.6238462036308169e-17 0.33372049837534795 0.33320625905871737 0.00051423931663058253 1.7728028366378708e-05
7000 0 0 0.012504049937552168 25.027629661441143 6.7619201782302636e-05 4.3134399174291343e-05 6.7619201782288555e-05 4.3134399174291376e-05 6.7619201782302636e-05 -1.4079297623601835e-17 1.8302893922695682e-17 -1.0756261187230267e-20 2.7638492435915046e-17 1.3113874783978598e-16 49.999999999999957 50.000000000000107 49.999999999999957 -4.2632564145606011e-14 1.0658141036401503e-13 1.0000000000000029 1969.8656512467485 8030.1343487466547 0.027762966939849826 0 0 0.99948692037669462 4.6779992599025394e-18 1 -1.4081872540224795e-13 1.8275557098981364e-13 -3.502640977227488e-17 0.33371546436005683 0.33321585452457902 0.00049960983547781002 4.3134399174291343e-05
7500 0 0 0.010954792007076566 25.028768394809223 0.00010185572973632072 7.1532318739163256e-05 0.00010185572973632217 7.1532318739163337e-05 0.00010185572973632072 -1.5014899046327826e-17 1.7066643237540841e-17 -2.220502776544164e-20 7.5909566758232169e-17 1.2692371368014632e-17 49.99999999999995 50.000000000000121 49.99999999999995 -4.9737991503207013e-14 1.2079226507921703e-13 1.000000000000002 1969.8656512466705 8030.1343487463446 0.027759650243456748 0 0 0.9996794287443046 4.6938936584630246e-18 1 -1.5007873289184606e-13 1.7005727296116077e-13 -1.2152046402330864e-16 0.3336794652188475 0.33324177720183151 0.00043768801701599136 7.1532318739163256e-05
8000 0 0 0.0091290434953057945 25.030118963154329 9.2620447428080701e-05 6.4995237240210763e-05 9.2620447428082341e-05 6.4995237240210831e-05 9.2620447428080701e-05 -1.0895256051532279e-17 1.3218766359300813e-17 -9.6104314642926977e-20 9.2963266467764759e-17 1.1509024329485382e-17 49.99999999999995 50.000000000000128 49.99999999999995 -4.9737991503207013e-14 1.2789769243681803e-13 1.0000000000000007 1969.8656512465736 8030.1343487458844 0.027759701517564319 0 0 0.99972845689723189 4.7034197385318429e-18 1 -1.090347434634317e-13 1.3264747288722683e-13 -9.4567741623738521e-16 0.33363483605598621 0.33327011371851972 0.00036472233746648319 6.4995237240210763e-05
8500 0 0 0.0079645790212083591 25.030981160056182 4.5572816078564016e-05 3.0352574118516495e-05 4.5572816078548634e-05 3.0352574118516511e-05 4.5572816078564016e-05 -1.1838360153291654e-17 1.5378974135850006e-17 1.8735079792966382e-20 3.4649075673063113e-17 -8.4851261347525134e-18 49.99999999999995 50.000000000000142 49.99999999999995 -4.9737991503207013e-14 1.4210854715202004e-13 1.0000000000000029 1969.8656512464813 8030.134348745597 0.027764640135870676 0 0 0.99968538852584288 4.7029533696056772e-18 1 -1.1866674093016782e-13 1.5438908154306527e-13 2.2718560905144633e-16 0.33360614068185052 0.3332879518353854 0.00031818884646511725 3.0352574118516495e-05
9000 0 0 0.0079580553731961115 25.030981313158765 2.1247637013134998e-05 1.45873089099256e-05 2.1247637013134778e-05 1.4587308909925615e-05 2.1247637013134998e-05 -2.0064722452989433e-17 1.9754597263571421e-17 4.6488936012071536e-20 6.1766235151154307e-17 7.9014850542606575e-18 49.99999999999995 50.000000000000149 49.99999999999995 -4.9737991503207013e-14 1.4921397450962104e-13 1.0000000000000029 1969.8656512463908 8030.1343487451677 0.027767629854567853 0 0 0.99968327986789096 4.6971968742293851e-18 1 -2.0086059551727153e-13 1.9796948233291242e-13 4.2545970039176102e-16 0.33360657546738531 0.33328864724580926 0.00031792822157605816 1.45873089099256e-05
9500 0 0 0.0089826320059136731 25.030214451485271 6.64443233686688e-05 4.5905444388853605e-05 6.6444323368632709e-05 4.5905444388853551e-05 6.64443233686688e-05 -2.772955476351386e-17 2.3325872483569031e-17 -1.0685901107353736e-19 -1.0561513846789236e-17 5.239478766701373e-17 49.999999999999943 50.000000000000149 49.999999999999943 -5.6843418860808015e-14 1.4921397450962104e-13 1.0000000000000009 1969.865651246284 8030.1343487448876 0.027762794061003286 0 0 0.99971623524567255 4.6889676808041299e-18 1 -2.772344007499468e-13 2.3262782759131406e-13 -9.6846397958614388e-16 0.33363280693508962 0.33327393537914174 0.00035887155594788167 4.5905444388853605e-05
10000 0 0 0.010421960280509526 25.029135707069603 7.6593941323720947e-05 5.2740228491938003e-05 7.6593941323726883e-05 5.2740228491938057e-05 7.6593941323720947e-05 -3.2361678441203249e-17 2.3963383360992303e-17 -1.2073718528399458e-19 -1.2804655614465584e-16 3.5607632634215496e-17 49.999999999999936 50.000000000000163 49.999999999999936 -6.3948846218409017e-14 1.6342482922482304e-13 1.0000000000000044 1969.8656512462037 8030.1343487444346 0.02776228467641843 0 0 0.99974312352260508 4.6809538409449995e-18 1 -3.2394985131911636e-13 2.3943546569323124e-13 -1.1818743250722459e-15 0.33366865853947936 0.33325226540459513 0.0004163931348842298 5.2740228491938003e-05
10500 0 0 0.011559081140314524 25.028289804740155 5.2928274496149815e-05 3.492293793361645e-05 5.2928274496144394e-05 3.4922937933616464e-05 5.2928274496149815e-05 -3.3017664123645835e-17 2.7059431084745911e-17 1.2420485743221482e-19 -1.9845359047499834e-16 -2.9172023693671868e-17 49.999999999999929 50.000000000000171 49.999999999999929 -7.1054273576010019e-14 1.7053025658242404e-13 1.0000000000000009 1969.8656512461146 8030.1343487441118 0.027765271804238319 0 0 0.99964604104250632 4.6762492394910485e-18 1 -3.3020537238194773e-13 2.7061911197188981e-13 1.1531446878630284e-15 0.33369638276094993 0.33323454213058751 0.00046184063036242007 3.492293793361645e-05
11000 0 0 0.011888387272807058 25.028054587524228 1.3722230792209157e-05 7.5387914163313914e-06 1.3722230792215159e-05 7.5387914163313761e-06 1.3722230792209157e-05 -3.1147252745782033e-17 2.6078095303880611e-17 -7.87566841345394e-20 -2.2296725709774178e-16 -8.5693158822325508e-17 49.999999999999915 50.000000000000178 49.999999999999915 -8.5265128291212022e-14 1.7763568394002505e-13 1.0000000000000011 1969.8656512460204 8030.1343487436907 0.027766441247439131 0 0 0.99959709989830814 4.6779321781478829e-18 1 -3.1152901417892968e-13 2.6107491666991665e-13 -7.4670034501376663e-16 0.33370343630340993 0.33322843385241108 0.00047500245099885152 7.5387914163313914e-06
11500 0 0 0.011337981178614264 25.028483320816566 3.8076771235131584e-05 2.6917205727502589e-05 3.8076771235176884e-05 2.6917205727502467e-05 3.8076771235131584e-05 -3.4987117369970921e-17 2.9073488408446546e-17 1.8041294931389841e-20 -1.7562406607671355e-16 -2.3799529842041446e-17 49.999999999999901 50.000000000000185 49.999999999999901 -9.9475983006414026e-14 1.8474111129762605e-13 1.0000000000000051 1969.8656512459372 8030.1343487432832 0.027765085898247173 0 0 0.99963110378580777 4.6845006471954828e-18 1 -3.4969770346931898e-13 2.91057094993773e-13 1.5417088310809682e-16 0.33368825517064882 0.33323525204483878 0.00045300312581003643 2.6917205727502589e-05
12000 0 0 0.010245814912211415 25.02931511171046 5.5261319701296508e-05 3.960082171941506e-05 5.5261319701340655e-05 3.9600821719415134e-05 5.5261319701296508e-05 -2.9834164652664505e-17 3.2599227137200823e-17 -8.1878238121903479e-20 -8.3419262157521835e-19 5.3758038926520144e-17 49.999999999999886 50.000000000000192 49.999999999999886 -1.1368683772161603e-13 1.9184653865522705e-13 1.000000000000002 1969.865651245821 8030.1343487429012 0.027764615036974069 0 0 0.9997191508801242 4.6927379989558475e-18 1 -2.9788497972422839e-13 3.2576324806226709e-13 -8.259135059384454e-16 0.33365948196579942 0.33325012937798459 0.00040935258781482631 3.960082171941506e-05
12500 0 0 0.0091743727224929128 25.030125001048205 4.5537881098177628e-05 3.2862418653940167e-05 4.553788109817815e-05 3.2862418653940255e-05 4.5537881098177628e-05 -2.8650389352658022e-17 2.7909879268849555e-17 -4.7184879130153005e-20 6.5148851321526012e-17 9.07923315430489e-17 49.999999999999872 50.000000000000199 49.999999999999872 -1.2789769243681803e-13 1.9895196601282805e-13 1.0000000000000027 1969.8656512457399 8030.1343487425911 0.027765566568892976 0 0 0.99974850282855954 4.6978073455351152e-18 1 -2.8682763714198362e-13 2.7917512052111348e-13 -3.9886466114839943e-16 0.33363176550925056 0.33326523227291599 0.00036653323633456525 3.2862418653940167e-05
13000 0 0 0.008616242675515768 25.030541921312384 2.0214456690908089e-05 1.2292921018089564e-05 2.0214456690935933e-05 1.2292921018089538e-05 2.0214456690908089e-05 -2.9519052133255984e-17 2.7844762086371482e-17 -1.6652886674523527e-20 7.1835674100371365e-17 5.9152892690902484e-17 49.999999999999858 50.000000000000199 49.999999999999858 -1.4210854715202004e-13 1.9895196601282805e-13 1.0000000000000022 1969.865651245653 8030.1343487422455 0.027768324833268989 0 0 0.99972924003155694 4.6964837004057026e-18 1 -2.9470100415720227e-13 2.7800464629594468e-13 -2.0379769790852971e-16 0.33361786764492835 0.33327363847471692 0.00034422917021142974 1.2292921018089564e-05
13500 0 0 0.0087712376833365292 25.030416822065753 1.8687693745126415e-05 1.2663926435001738e-05 1.8687693745125229e-05 1.26639264350017e-05 1.8687693745126415e-05 -2.6910483390297157e-17 2.85870285777005e-17 -5.4817963508798689e-20 4.3309367132762407e-17 -7.050921604112774e-18 49.999999999999851 50.000000000000199 49.999999999999851 -1.4921397450962104e-13 1.9895196601282805e-13 1.0000000000000024 1969.8656512455589 8030.1343487418371 0.027768680931428903 0 0 0.99973014603447896 4.6923839787053037e-18 1 -2.6898351295008192e-13 2.8601439000965469e-13 -5.3301148063003489e-16 0.33362275225531907 0.33327232909833815 0.00035042315698091686 1.2663926435001738e-05
14000 0 0 0.0094874869568916439 25.029866333492055 3.9890473051341974e-05 2.7624204701986053e-05 3.9890473051340862e-05 2.7624204701986019e-05 3.9890473051341974e-05 -2.7372938984951342e-17 2.8942820362625522e-17 7.7369244069456124e-20 -1.7236574122454626e-17 -3.5888904375842833e-17 49.999999999999829 50.000000000000213 49.999999999999829 -1.7053025658242404e-13 2.1316282072803006e-13 1.0000000000000011 1969.8656512454647 8030.1343487414524 0.027766495397920161 0 0 0.99974781298210358 4.6869840406598616e-18 1 -2.737734084573562e-13 2.8925607297846517e-13 8.2554490191878376e-16 0.33364214382994339 0.33326309718101277 0.00037904664893062545 2.7624204701986053e-05
14500 0 0 0.010375797098586733 25.02918711546301 4.0934981442962034e-05 2.8390999388990188e-05 4.0934981442998911e-05 2.8390999388990147e-05 4.0934981442962034e-05 -2.3091814918583339e-17 2.9055056971522358e-17 -2.7754958500507757e-20 -3.6303691640115211e-17 4.4851591560277046e-17 49.999999999999829 50.00000000000022 49.999999999999829 -1.7053025658242404e-13 2.2026824808563106e-13 1.000000000000004 1969.8656512453829 8030.1343487411077 0.027766329125234569 0 0 0.9997485731930652 4.6823869638765415e-18 1 -2.3095002430587627e-13 2.9055567944108571e-13 -3.126545381377925e-16 0.33366572643510234 0.33325117852946234 0.00041454790563999477 2.8390999388990188e-05
15000 0 0 0.011016073908128584 25.028699290586871 2.3586646841604579e-05 1.6130240697335093e-05 2.3586646841613991e-05 1.6130240697335032e-05 2.3586646841604579e-05 -1.6937861703504764e-17 3.0246118110131261e-17 -3.816452695414133e-20 -7.8739174718143806e-17 9.1205736477135116e-17 49.999999999999822 50.000000000000234 49.999999999999822 -1.7763568394002505e-13 2.3447910280083306e-13 1.0000000000000011 1969.8656512452824 8030.1343487406839 0.027767783024027385 0 0 0.99969671429408213 4.6809915855854219e-18 1 -1.6888693198486248e-13 3.0260149697904028e-13 -4.3537693091532265e-16 0.33368256898527088 0.33324243129452513 0.00044013769074574549 1.6130240697335093e-05
15500 0 0 0.0111491954593014 25.028599349782112 5.5230019382690002e-06 2.5244712488470021e-06 5.5230019382375855e-06 2.5244712488469987e-06 5.5230019382690002e-06 -1.5799795011836586e-17 3.1415083208464749e-17 3.5041235436536392e-20 -1.2811506633521677e-16 1.5862291609678679e-16 49.999999999999815 50.000000000000242 49.999999999999815 -1.8474111129762605e-13 2.4158453015843406e-13 1.0000000000000007 1969.8656512451737 8030.1343487403892 0.02776896477140969 0 0 0.99968433846316418 4.6829568275038078e-18 1 -1.5805190272874525e-13 3.1435093768875056e-13 3.882947969274321e-16 0.33368596188141342 0.33324050365566582 0.00044545822574759697 2.5244712488470021e-06
16000 0 0 0.010776197398355034 25.028885441690264 2.3526304304067416e-05 1.7075817520940262e-05 2.352630430405528e-05 1.7075817520940268e-05 2.3526304304067416e-05 -1.4087168931385789e-17 3.1251108471898964e-17 -1.908276116011898e-20 -1.5783705288191974e-16 8.389333785461235e-17 49.999999999999815 50.000000000000256 49.999999999999815 -1.8474111129762605e-13 2.5579538487363607e-13 1.0000000000000047 1969.8656512450982 8030.1343487400363 0.027767928444427305 0 0 0.99971206452914596 4.6879710024221145e-18 1 -1.4071437009611327e-13 3.1266110462963763e-13 -7.9203180834196425e-17 0.33367597737894966 0.3332454269485895 0.00043055043036016594 1.7075817520940262e-05
16500 0 0 0.010127623653087748 25.029381125573028 3.0995715169379105e-05 2.2356237849425415e-05 3.0995715169368784e-05 2.2356237849425411e-05 3.0995715169379105e-05 -1.2181553508979536e-17 3.2246536170504294e-17 7.3549605368042441e-20 -7.6488443378167154e-17 9.7405919344645443e-17 49.999999999999808 50.000000000000249 49.999999999999808 -1.9184653865522705e-13 2.4868995751603507e-13 1.0000000000000007 1969.8656512450066 8030.134348739567 0.027767559486760587 0 0 0.99976171461802676 4.6922272768984834e-18 1 -1.2203541129018891e-13 3.2276924324470616e-13 7.427458862213356e-16 0.33365870636418848 0.33325407695676218 0.0004046294074263046 2.2356237849425415e-05
17000 0 0 0.0095320963747429488 25.029836253052114 2.315077035872177e-05 1.6782396973360735e-05 2.3150770358737572e-05 1.6782396973360813e-05 2.315077035872177e-05 -1.3101173791683887e-17 3.5453454408419176e-17 -1.7695234837895157e-20 2.9016390886851732e-17 8.266463519000436e-17 49.999999999999808 50.00000000000027 49.999999999999808 -1.9184653865522705e-13 2.7000623958883807e-13 1.0000000000000016 1969.8656512449093 8030.1343487392351 0.027768477109548162 0 0 0.99975102472428978 4.694268063494224e-18 1 -1.310102210923806e-13 3.5539325210951172e-13 -9.2665298316303102e-17 0.33364284571523417 0.33326201636108366 0.00038082935415051367 1.6782396973360735e-05
17500 0 0 0.0092528841126950402 25.030050456222394 6.7825594137356567e-06 4.4476264823980061e-06 6.7825594137540644e-06 4.4476264823980146e-06 6.7825594137356567e-06 -1.8407828429977727e-17 3.384674268294666e-17 7.1470061827297014e-20 1.6690364628963752e-17 -1.9604103161359577e-17 49.999999999999801 50.000000000000284 49.999999999999801 -1.9895196601282805e-13 2.8421709430404007e-13 1.0000000000000016 1969.8656512448094 8030.1343487387958 0.027770089454323695 0 0 0.99974389955424836 4.6935388177824585e-18 1 -1.8447071127580816e-13 3.3833558445660848e-13 7.7654962647593601e-16 0.33363535123573346 0.33326568022252961 0.00036967101320384277 4.4476264823980061e-06
18000 0 0 0.0093754304178426152 25.029958470453174 1.5052543839797241e-05 8.9195705712123547e-06 1.5052543839835494e-05 8.9195705712123852e-06 1.5052543839797241e-05 -2.0271555701451839e-17 3.3826348840083968e-17 -1.8735907255839396e-20 3.7090425776683444e-17 -8.4408367655418736e-17 49.999999999999801 50.000000000000298 49.999999999999801 -1.9895196601282805e-13 2.9842794901924208e-13 1.000000000000002 1969.8656512447319 8030.1343487384029 0.027769291123984883 0 0 0.99974788953185834 4.6905927127278356e-18 1 -2.0258309503727004e-13 3.3796291388849735e-13 -2.8399542512154622e-16 0.3336384653658605 0.33326389700894893 0.00037456835691157542 8.9195705712123547e-06
18500 0 0 0.009791278757067659 25.029642512029138 2.376357324613926e-05 1.6121421704413184e-05 2.3763573246101842e-05 1.6121421704413201e-05 2.376357324613926e-05 -2.1195404372629103e-17 3.2034357805354681e-17 -5.6205527046754117e-20 -1.6174667598550535e-17 -3.4165803158309177e-17 49.999999999999794 50.000000000000313 49.999999999999794 -2.0605739337042905e-13 3.1263880373444408e-13 1.0000000000000011 1969.8656512446303 8030.1343487380891 0.027768344737608235 0 0 0.99975957230557067 4.6864658631489387e-18 1 -2.1184790118027258e-13 3.195986769503889e-13 -6.2924482189337924e-16 0.33364933167005151 0.33325814435076151 0.00039118731928999839 1.6121421704413184e-05
19000 0 0 0.010272841842407123 25.029275735645605 2.2185858370799937e-05 1.5118666631298751e-05 2.2185858370804077e-05 1.511866663129876e-05 2.2185858370799937e-05 -2.3385004870077129e-17 2.9244358670850922e-17 2.6715645630129078e-20 -1.2918164944909037e-16 -2.2147028516668535e-17 49.999999999999787 50.000000000000313 49.999999999999787 -2.1316282072803006e-13 3.1263880373444408e-13 1.000000000000004 1969.8656512445457 8030.1343487377617 0.027768570923466313 0 0 0.99974241857886459 4.6840804918564385e-18 1 -2.3426681559194393e-13 2.9208581354359803e-13 2.81089254708405e-16 0.3336619899475764 0.33325155690305258 0.0004104330445238169 1.5118666631298751e-05
19500 0 0 0.01059205636480165 25.029031880419907 1.2147238460761595e-05 7.4083811398829856e-06 1.2147238460753274e-05 7.4083811398829729e-06 1.2147238460761595e-05 -1.7869603366503975e-17 2.9638368582355783e-17 -8.3266747354556303e-21 -1.2038820176890812e-16 4.0787565192288753e-17 49.999999999999787 50.00000000000032 49.999999999999787 -2.1316282072803006e-13 3.1974423109204508e-13 1.0000000000000004 1969.8656512444536 8030.1343487373015 0.027769358776058881 0 0 0.99971766080729352 4.6836889245533453e-18 1 -1.7864813903374632e-13 2.9621988997981241e-13 -9.2386711634422171e-17 0.33367046542156897 0.3332472746079807 0.00042319081358827004 7.4083811398829856e-06
20000 0 0 0.010624010943474836 25.029006211368323 8.010208335597466e-06 3.3205126171836437e-06 8.0102083356288451e-06 3.3205126171836382e-06 8.010208335597466e-06 -1.8323225423957377e-17 3.1378586252846426e-17 -5.8287277011429275e-20 -1.6633113055911148e-16 8.7084902240304347e-17 49.99999999999978 50.000000000000334 49.99999999999978 -2.2026824808563106e-13 3.3395508580724709e-13 1.0000000000000007 1969.8656512443604 8030.1343487370486 0.027769884133907279 0 0 0.99971713357494052 4.6854099025619758e-18 1 -1.8332327978787602e-13 3.1367540943155747e-13 -4.7095866150199245e-16 0.33367145414859761 0.33324698619914106 0.00042446794945655286 3.3205126171836437e-06
20500 0 0 0.01039114829997601 25.029181924753502 1.5203465685329931e-05 1.0603190910603627e-05 1.5203465685312133e-05 1.0603190910603603e-05 1.5203465685329931e-05 -1.3409797361097549e-17 3.1256854743426369e-17 -8.3960360948723067e-20 -5.3431736445296903e-17 8.8959833613722714e-17 49.999999999999787 50.000000000000341 49.999999999999787 -2.1316282072803006e-13 3.4106051316484809e-13 1.0000000000000011 1969.8656512442731 8030.1343487365712 0.02776942181555871 0 0 0.99973831893304144 4.689169661864192e-18 1 -1.3426342265048256e-13 3.1334581186524276e-13 -8.6625906541406152e-16 0.33366549369301046 0.33325033236927182 0.00041516132373864423 1.0603190910603627e-05
21000 0 0 0.010034757525234817 25.029451909431952 1.6623699502409399e-05 1.2388667395985182e-05 1.6623699502438767e-05 1.2388667395985228e-05 1.6623699502409399e-05 -5.6600665994499315e-18 2.9367664983933373e-17 -6.5225040327326448e-20 2.2171831933769076e-17 5.9119172031643445e-17 49.999999999999787 50.000000000000348 49.999999999999787 -2.1316282072803006e-13 3.4816594052244909e-13 1.0000000000000011 1969.8656512441717 8030.134348736211 0.027769278726787111 0 0 0.99976278526321716 4.6912922726332931e-18 1 -5.6838051742416856e-14 2.9368014321439157e-13 -7.1651416412412056e-16 0.33365624837516711 0.33325533038616978 0.00040091798899732911 1.2388667395985182e-05
21500 0 0 0.0097351220398405446 25.029679391257879 1.2214255895994267e-05 8.3536986879507938e-06 1.221425589599429e-05 8.3536986879507972e-06 1.2214255895994267e-05 2.2920033926389453e-20 3.2324609568960321e-17 -1.2177863472442325e-19 1.0481282054549311e-16 5.6971200756775243e-17 49.999999999999794 50.000000000000348 49.999999999999794 -2.0605739337042905e-13 3.4816594052244909e-13 1.0000000000000024 1969.8656512440862 8030.1343487357944 0.027769844023456093 0 0 0.99975527016461152 4.6922010008820658e-18 1 2.6278392507264776e-16 3.2297755564561118e-13 -1.2548875808126677e-15 0.33364842865756744 0.33325948551979634 0.00038894313777110279 8.3536986879507938e-06
22000 0 0 0.0096233358305850784 25.029764750942249 4.7682908440662329e-06 1.6693000514604993e-06 4.7682908440651944e-06 1.6693000514604989e-06 4.7682908440662329e-06 -1.0384169923699314e-18 3.3051798873829362e-17 -2.7757348046232494e-20 1.0981508080371722e-16 3.3905283618012352e-17 49.999999999999801 50.000000000000355 49.999999999999801 -1.9895196601282805e-13 3.5527136788005009e-13 1.0000000000000031 1969.8656512439804 8030.1343487354261 0.027770608667335092 0 0 0.99975252978778051 4.6914786709619767e-18 1 -9.9156658626260529e-15 3.3014894599838208e-13 -2.2212150295207392e-16 0.33364546980408677 0.33326099412377808 0.0003844756803086935 1.6693000514604993e-06
22500 0 0 0.0097271084060890477 25.029686693141741 1.1488289419341611e-05 6.1432453361755214e-06 1.1488289419366783e-05 6.1432453361755095e-06 1.1488289419341611e-05 -5.1084516391432516e-18 3.10371845412645e-17 5.1349279829931069e-20 1.7598852656538437e-16 -5.2856223112294822e-17 49.999999999999801 50.000000000000369 49.999999999999801 -1.9895196601282805e-13 3.694822225952521e-13 1.0000000000000009 1969.8656512438981 8030.1343487350468 0.027769926725743431 0 0 0.99975563482499319 4.6885606953878029e-18 1 -5.158186692701968e-14 3.0999846317738864e-13 6.5007274324656251e-16 0.33364810876810619 0.33325948590896531 0.00038862285914087469 6.1432453361755214e-06
23000 0 0 0.0099712748554273579 25.029502020380562 1.5489882945324307e-05 9.3466677219298634e-06 1.5489882945345395e-05 9.3466677219298549e-06 1.5489882945324307e-05 -4.4769201367018918e-18 3.4297131107436992e-17 4.3021369916708764e-20 -1.0480398178474471e-17 -1.3807010829514633e-16 49.999999999999808 50.000000000000377 49.999999999999808 -1.9184653865522705e-13 3.765876499528531e-13 1.0000000000000031 1969.8656512438079 8030.1343487347322 0.027769508345869883 0 0 0.99976245433818989 4.6867913543062168e-18 1 -4.471152223486344e-14 3.4305849797484244e-13 4.5372649474938226e-16 0.3336544031525876 0.3332560222799954 0.00039838087259219668 9.3466677219298634e-06
23500 0 0 0.010225475534303606 25.029309551474096 1.370697422102774e-05 7.9787049336558029e-06 1.3706974221000545e-05 7.9787049336558046e-06 1.370697422102774e-05 -3.4823706418572981e-18 3.4977533022805563e-17 -1.7624860759497652e-19 -1.3081701238483732e-16 -8.5964467388362924e-17 49.999999999999808 50.000000000000384 49.999999999999808 -1.9184653865522705e-13 3.836930773104541e-13 1.0000000000000007 1969.8656512437046 8030.1343487343656 0.027769810788948034 0 0 0.99974950634264459 4.6857088989054188e-18 1 -3.457664379550172e-14 3.5010376894665032e-13 -1.7501942100164534e-15 0.33366097529711536 0.33325243524077564 0.00040854005633972346 7.9787049336558029e-06
24000 0 0 0.010370959284472792 25.029199378406979 7.7282863089721288e-06 3.338940902986468e-06 7.7282863089916868e-06 3.3389409029864565e-06 7.7282863089721288e-06 -6.1330091396179215e-18 3.3792082630441285e-17 5.0654452205029531e-20 -1.8432812249113209e-16 9.1595424292844066e-18 49.999999999999801 50.000000000000398 49.999999999999801 -1.9895196601282805e-13 3.979039320256561e-13 1.000000000000002 1969.8656512436212 8030.1343487339936 0.027770321349909529 0 0 0.99973687674811373 4.6857048935502608e-18 1 -6.1251622263808203e-14 3.3845053106271563e-13 4.2677215730124338e-16 0.33366474269420499 0.33325038827848125 0.00041435441572373888 3.338940902986468e-06
24500 0 0 0.010353731940260206 25.029212469252286 6.7487587969798288e-06 2.9445039160849597e-06 6.7487587970092742e-06 2.9445039160849724e-06 6.7487587969798288e-06 -9.9833200517421642e-18 2.9445093282091171e-17 -2.220382947501654e-20 -1.3063120432734695e-16 6.134547030199012e-17 49.999999999999801 50.000000000000398 49.999999999999801 -1.9895196601282805e-13 3.979039320256561e-13 1.0000000000000018 1969.8656512435266 8030.134348733638 0.027770402930466776 0 0 0.99973836037737773 4.6871280860414292e-18 1 -9.9779004014036128e-14 2.9513055904930106e-13 -1.2254439200835236e-16 0.33366429631982292 0.33325063041031899 0.00041366590950392412 2.9445039160849597e-06
25000 0 0 0.010201528361806864 25.029327800536251 1.0515627463088481e-05 6.4799417618219919e-06 1.0515627463072521e-05 6.4799417618220071e-06 1.0515627463088481e-05 -1.5960491392098482e-17 3.1308126664176377e-17 -1.2351241434900413e-19 -3.3347195971027145e-17 1.4987500170779866e-16 49.999999999999801 50.000000000000405 49.999999999999801 -1.9895196601282805e-13 4.0500935938325711e-13 1.0000000000000016 1969.8656512434391 8030.1343487331696 0.027770177270075965 0 0 0.99975149054803514 4.6895567326201008e-18 1 -1.5974596862325385e-13 3.1294905152129304e-13 -1.1656209308836998e-15 0.33366034923030807 0.33325276623634575 0.00040758299396231878 6.4799417618219919e-06
25500 0 0 0.010001091212166312 25.029479626541509 1.0943341009930793e-05 6.839480102711702e-06 1.0943341009907409e-05 6.8394801027117012e-06 1.0943341009930793e-05 -2.3384969633520771e-17 3.2877747833332537e-17 -5.1346781114863601e-20 8.7121970683397772e-17 1.3072653747218532e-16 49.999999999999794 50.000000000000405 49.999999999999794 -2.0605739337042905e-13 4.0500935938325711e-13 1.0000000000000024 1969.865651243349 8030.1343487328386 0.027770213566480403 0 0 0.99976330963636051 4.6904986656322792e-18 1 -2.3360491037739976e-13 3.2855346183491632e-13 -6.6870131619854513e-16 0.33365515346745173 0.33325558098886288 0.00039957247858884992 6.839480102711702e-06
26000 0 0 0.0098508951719024664 25.029593322006342 8.2420064868482527e-06 4.181970019850918e-06 8.2420064868784613e-06 4.1819700198509214e-06 8.2420064868482527e-06 -3.0208892028569788e-17 3.5365493086194909e-17 6.59187769409508e-20 1.9978206628528638e-16 8.8074952205758447e-17 49.99999999999978 50.000000000000419 49.99999999999978 -2.2026824808563106e-13 4.1922021409845911e-13 1.0000000000000018 1969.8656512432606 8030.1343487324602 0.027770452877164276 0 0 0.99975924034472707 4.6906272358870354e-18 1 -3.0134115965206872e-13 3.5359045979534414e-13 6.649726062818305e-16 0.33365126908189047 0.33325769915667552 0.00039356992521494272 4.181970019850918e-06
26500 0 0 0.0098141939060379414 25.029620953604745 4.3753163458501803e-06 1.433075968159488e-06 4.3753163458446864e-06 1.4330759681594901e-06 4.3753163458501803e-06 -3.4640349789412921e-17 4.2409401457295376e-17 7.8062836055331484e-20 1.9263937399511959e-16 6.0984325370719985e-17 49.999999999999758 50.000000000000426 49.999999999999758 -2.4158453015843406e-13 4.2632564145606011e-13 1.0000000000000033 1969.8656512431669 8030.1343487320919 0.027770862899878422 0 0 0.99975814520404604 4.6887850145983522e-18 1 -3.4647273013121722e-13 4.2392311974556686e-13 8.0793499938608792e-16 0.3336503375021353 0.33325823432469487 0.00039210317744042822 1.433075968159488e-06
27000 0 0 0.0098941705324897423 25.029560127965336 8.5803552653534862e-06 4.1066279998248087e-06 8.5803552654078284e-06 4.1066279998248113e-06 8.5803552653534862e-06 -3.8666324916295119e-17 3.8190392688637961e-17 6.1757113884226145e-20 9.6907379122560871e-17 2.8073208690106439e-17 49.999999999999744 50.000000000000433 49.999999999999744 -2.5579538487363607e-13 4.3343106881366111e-13 1.0000000000000011 1969.8656512430757 8030.1343487317235 0.027770368966758437 0 0 0.99976021496884582 4.6879309627558273e-18 1 -3.8674675978137428e-13 3.8187391989622909e-13 5.2017477985922842e-16 0.3336524353257756 0.33325713590853034 0.00039529941724525397 4.1066279998248087e-06
27500 0 0 0.010039893469162824 25.029449501332227 1.0280180278062213e-05 5.4028981863756891e-06 1.0280180278011113e-05 5.4028981863756891e-06 1.0280180278062213e-05 -3.8583738526312939e-17 3.6462076847497776e-17 -2.2551038216623017e-20 -9.0296512142710457e-17 -4.2225536566185041e-18 49.99999999999973 50.000000000000448 49.99999999999973 -2.7000623958883807e-13 4.4764192352886312e-13 1.0000000000000011 1969.8656512429829 8030.1343487313379 0.027770209009123616 0 0 0.99976386922770433 4.6870296986714651e-18 1 -3.8607170872136784e-13 3.6529784928969019e-13 -3.1821601857379598e-16 0.33365623376026998 0.33325511053665979 0.00040112322361018915 5.4028981863756891e-06
28000 0 0 0.010176397357385106 25.029345963298766 8.8477170113133073e-06 4.2481802685724582e-06 8.8477170113134479e-06 4.2481802685724607e-06 8.8477170113133073e-06 -3.9957678821621032e-17 3.8595477725337676e-17 -1.7485921839053878e-19 -2.5475585376355858e-16 -5.3942264959758671e-17 49.999999999999716 50.000000000000455 49.999999999999716 -2.8421709430404007e-13 4.5474735088646412e-13 1.000000000000002 1969.8656512428845 8030.1343487309541 0.027770458436245555 0 0 0.99975486728512686 4.6865068023350753e-18 1 -3.9991663138613104e-13 3.8609780723584085e-13 -1.6321822999984081e-15 0.3336597828558755 0.33325320421925003 0.00040657863662546534 4.2481802685724582e-06
28500 0 0 0.010242055828946694 25.029296259227685 5.4768183347376967e-06 1.786758631633368e-06 5.4768183346797715e-06 1.7867586316333693e-06 5.4768183347376967e-06 -3.7616094186007948e-17 4.4303518915673e-17 1.2941050498904751e-19 -3.068323912055583e-16 -1.2302889853831361e-16 49.999999999999702 50.000000000000476 49.999999999999702 -2.9842794901924208e-13 4.7606363295926712e-13 1.0000000000000011 1969.8656512427965 8030.1343487306212 0.027770771878041889 0 0 0.9997491438969881 4.6865273374761747e-18 1 -3.7606390577787813e-13 4.4323379211042856e-13 1.4923028600469071e-15 0.33366148147179009 0.33325227876297758 0.00040920270881250609 1.786758631633368e-06
29000 0 0 0.010215268870909731 25.029316734459861 6.029731033151155e-06 2.3969021550806597e-06 6.0297310331841647e-06 2.3969021550806623e-06 6.029731033151155e-06 -3.3009445871235401e-17 4.1211150703040165e-17 4.3367586078235661e-20 -1.646958039602186e-16 -5.4734486854276831e-17 49.99999999999968 50.00000000000049 49.99999999999968 -3.1974423109204508e-13 4.9027448767446913e-13 1.0000000000000009 1969.8656512427201 8030.1343487302092 0.027770748356361626 0 0 0.99975121664189426 4.6869767809026791e-18 1 -3.3011169082914898e-13 4.1225102267306154e-13 3.7572099140659425e-16 0.33366077006646488 0.33325263791570403 0.00040813215076085374 2.3969021550806597e-06
29500 0 0 0.010119547513653763 25.029389499863935 7.7730606961400814e-06 3.9819416989599486e-06 7.7730606961030559e-06 3.9819416989599418e-06 7.7730606961400814e-06 -2.7456476762380667e-17 3.7025596347666217e-17 -5.0305663681634781e-20 -3.7469492751664336e-17 -2.2713910536731175e-18 49.999999999999666 50.000000000000504 49.999999999999666 -3.3395508580724709e-13 5.0448534238967113e-13 1.0000000000000013 1969.8656512426176 8030.1343487298418 0.027770640022770278 0 0 0.99975913938306282 4.6877096565471757e-18 1 -2.7419462105430638e-13 3.7036639788430394e-13 -4.9096226309823778e-16 0.33365826393213865 0.33325395732634994 0.00040430660578871791 3.9819416989599486e-06
30000 0 0 0.010007233247912731 25.029474809203904 7.6581743611818938e-06 3.8410632211238623e-06 7.658174361211274e-06 3.8410632211238589e-06 7.6581743611818938e-06 -2.9379924600023581e-17 3.2996186078669022e-17 -2.7407169157780423e-20 1.0378924491637242e-16 4.3020218436678048e-17 49.999999999999659 50.000000000000504 49.999999999999659 -3.4106051316484809e-13 5.0448534238967113e-13 1.0000000000000009 1969.8656512424996 8030.1343487294544 0.027770635569302007 0 0 0.99976337443512298 4.6883064487075104e-18 1 -2.9397583553413535e-13 3.3020337701055202e-13 -2.7258994094732252e-16 0.33365532975810031 0.33325551181049268 0.00039981794760762801 3.8410632211238623e-06
30500 0 0 0.0099319019432966994 25.029531999597019 5.9725284078688146e-06 2.2804990775317164e-06 5.9725284078951014e-06 2.2804990775317228e-06 5.9725284078688146e-06 -2.6286945168414518e-17 3.224600220097664e-17 1.491686108114889e-20 1.284987895849797e-16 4.5710367628329818e-17 49.999999999999638 50.000000000000512 49.999999999999638 -3.6237679523765109e-13 5.1159076974727213e-13 1.0000000000000013 1969.8656512424288 8030.1343487291379 0.027770766774452862 0 0 0.99976147840005225 4.688432591128436e-18 1 -2.6311450849266885e-13 3.2222481281785845e-13 7.7806141209264831e-17 0.33365336522267419 0.33325655788550718 0.00039680733716701555 2.2804990775317164e-06
31000 0 0 0.0099235715491595537 25.029538297127111 4.8031335673979015e-06 1.5169689788580926e-06 4.8031335673874084e-06 1.5169689788580935e-06 4.8031335673979015e-06 -2.3970400520787388e-17 3.8810121295194118e-17 7.7367978027578372e-20 1.2166500577844511e-16 6.5066639429555972e-17 49.999999999999616 50.000000000000512 49.999999999999616 -3.836930773104541e-13 5.1159076974727213e-13 1.0000000000000024 1969.8656512423374 8030.1343487287086 0.027770915465100878 0 0 0.99976124084101747 4.6881500616436788e-18 1 -2.4020130673407784e-13 3.8797530722068155e-13 7.7691554554525713e-16 0.33365315157383185 0.33325667715902818 0.0003964744148036714 1.5169689788580926e-06
31500 0 0 0.0099777996348824026 25.029497078629355 6.8785043984614546e-06 2.7847792621236621e-06 6.878504398445283e-06 2.7847792621236541e-06 6.8785043984614546e-06 -1.9489236071390821e-17 4.2360291164659477e-17 1.0477536981391846e-19 7.8725729769167002e-17 2.6582267474780928e-17 49.999999999999595 50.000000000000526 49.999999999999595 -4.0500935938325711e-13 5.2580162446247414e-13 1.000000000000002 1969.8656512422526 8030.1343487283093 0.02777064231405613 0 0 0.99976262095354107 4.6876945423374049e-18 1 -1.9491563717872681e-13 4.2354680082126344e-13 1.1537633452661134e-15 0.33365457079859118 0.3332559291637418 0.00039864163484937265 2.7847792621236621e-06
32000 0 0 0.010062007933313102 25.029433097146445 7.4387697257885818e-06 3.2192942005204771e-06 7.4387697257456152e-06 3.2192942005204814e-06 7.4387697257885818e-06 -1.9950618305894266e-17 4.0812934087118013e-17 -8.6042537003788668e-20 -8.6633867588735114e-17 3.7516870822945991e-18 49.999999999999581 50.000000000000547 49.999999999999581 -4.1922021409845911e-13 5.4711790653527714e-13 1.0000000000000007 1969.8656512421503 8030.1343487280337 0.027770599200131869 0 0 0.99976410070558208 4.687183280278795e-18 1 -2.0000322199179715e-13 4.0760766428917872e-13 -7.4326824058376226e-16 0.33365677152341383 0.33325476449855396 0.00040200702485987394 3.2192942005204771e-06
32500 0 0 0.010133881013251298 25.029378489872407 6.412211298912453e-06 2.4394338725837907e-06 6.4122112989485849e-06 2.4394338725837886e-06 6.412211298912453e-06 -1.453595748005031e-17 3.6561663527563392e-17 -3.781635608497563e-20 -1.4591481337622248e-16 1.1962419064563623e-16 49.999999999999559 50.000000000000554 49.999999999999559 -4.4053649617126212e-13 5.5422333389287814e-13 1.0000000000000011 1969.8656512420594 8030.1343487276481 0.027770777570218973 0 0 0.99975810429197809 4.6869278489358409e-18 1 -1.4555902728927917e-13 3.6522796406875337e-13 -3.4428073023035647e-16 0.33365864981870946 0.33325377036805304 0.00040487945065642572 2.4394338725837907e-06
33000 0 0 0.010161984764609572 25.029357128312341 4.4658214105417106e-06 1.4294871050471009e-06 4.4658214105024803e-06 1.4294871050471026e-06 4.4658214105417106e-06 -1.7167040189347109e-17 3.8312464366512369e-17 -4.5096100028022744e-21 -1.3709441822563786e-16 1.3558758259128907e-16 49.999999999999545 50.000000000000561 49.999999999999545 -4.5474735088646412e-13 5.6132876125047915e-13 1.0000000000000011 1969.8656512419695 8030.1343487272388 0.027770987305353465 0 0 0.99975577748516986 4.6869969262837623e-18 1 -1.7165072746163134e-13 3.8313362369549566e-13 4.2399264045026786e-17 0.33365938560011332 0.33325338297237844 0.00040600262773488049 1.4294871050471009e-06
33500 0 0 0.010138846292551041 25.029374684736229 5.5385917605966631e-06 1.9381153118634742e-06 5.5385917605591167e-06 1.9381153118634712e-06 5.5385917605966631e-06 -2.0099489428575117e-17 3.7546152981504436e-17 -1.0963477735619078e-19 -9.001966441362833e-17 1.339583969858184e-16 49.999999999999531 50.000000000000576 49.999999999999531 -4.6895820560166612e-13 5.7553961596568115e-13 1.0000000000000011 1969.8656512418754 8030.1343487268396 0.027770957773879033 0 0 0.99975774371349535 4.6872525815618572e-18 1 -2.0127280242022183e-13 3.7512584685846362e-13 -1.0910651533464735e-15 0.33365878347542099 0.33325370558513179 0.00040507789028920715 1.9381153118634742e-06
34000 0 0 0.010081439494399699 25.029418269774091 6.3124370304855529e-06 2.568265901091928e-06 6.3124370305153075e-06 2.5682659010919237e-06 6.3124370304855529e-06 -2.9754258952613383e-17 3.8779849015296296e-17 -5.3430311059698893e-20 -8.1800176130358324e-18 4.3383029416327559e-17 49.999999999999517 50.000000000000583 49.999999999999517 -4.8316906031686813e-13 5.8264504332328215e-13 1.0000000000000007 1969.8656512417847 8030.1343487265121 0.027770849605066664 0 0 0.9997625722969069 4.6876362440519688e-18 1 -2.9779405661363171e-13 3.8763658234496458e-13 -5.8252579124033713e-16 0.33365728595338406 0.33325450234148629 0.00040278361189777234 2.568265901091928e-06
34500 0 0 0.010020377813957355 25.029464640834743 6.0362325702015948e-06 2.3405109029720756e-06 6.0362325702359225e-06 2.3405109029720692e-06 6.0362325702015948e-06 -3.4328116250311127e-17 4.6956356988618563e-17 -5.3082848038256809e-20 4.4950394521104736e-17 5.3887526119469042e-17 49.999999999999496 50.000000000000604 49.999999999999496 -5.0448534238967113e-13 6.0396132539608516e-13 1.0000000000000022 1969.8656512416878 8030.1343487261547 0.027770829942109668 0 0 0.99976359046453223 4.68791447028267e-18 1 -3.4300747603205718e-13 4.6967376719028018e-13 -5.3109517051921343e-16 0.33365569188343719 0.33325534860970973 0.00040034327372745482 2.3405109029720756e-06
35000 0 0 0.0099841599392211898 25.029492159682942 4.9642945968044809e-06 1.5975761868965983e-06 4.9642945967612966e-06 1.5975761868966002e-06 4.9642945968044809e-06 -3.3719176810639528e-17 4.3184107277659276e-17 3.6081582958970894e-20 5.6733401709108114e-17 -4.6434531972510105e-17 49.999999999999474 50.000000000000611 49.999999999999474 -5.2580162446247414e-13 6.1106675275368616e-13 1.0000000000000002 1969.8656512416057 8030.13434872574 0.027770916599335005 0 0 0.99976272779309761 4.6879808431282159e-18 1 -3.3691575394910293e-13 4.3157088239402053e-13 2.2032743643727621e-16 0.33365474515437277 0.33325584932877933 0.00039889582559343717 1.5975761868965983e-06
35500 0 0 0.0099863332701313184 25.029490535066021 4.7917842214909486e-06 1.5052059809346175e-06 4.7917842214856928e-06 1.5052059809346116e-06 4.7917842214909486e-06 -3.3472943485840507e-17 4.090635097919221e-17 4.8576750704770198e-21 3.0887803459823687e-17 -6.7987222942120857e-17 49.999999999999453 50.000000000000625 49.999999999999453 -5.4711790653527714e-13 6.2527760746888816e-13 1.0000000000000022 1969.8656512415096 8030.1343487253434 0.027770946705029359 0 0 0.99976279324326078 4.6878802750785402e-18 1 -3.3491826895472191e-13 4.086586547299363e-13 4.895167358375552e-17 0.33365479951954297 0.33325581683724903 0.00039898268229393574 1.5052059809346175e-06
36000 0 0 0.010021125682716335 25.029464141620508 5.8254009702963142e-06 2.0224478819377589e-06 5.8254009702799648e-06 2.0224478819377598e-06 5.8254009702963142e-06 -3.5620100348151386e-17 4.7147577725786546e-17 -3.2265018184456354e-20 -7.7902990921732369e-17 -1.8781769670782459e-17 49.999999999999439 50.000000000000639 49.999999999999439 -5.6132876125047915e-13 6.3948846218409017e-13 1.0000000000000013 1969.8656512414277 8030.1343487249633 0.027770814327774781 0 0 0.9997636442633101 4.687604732584401e-18 1 -3.5622217252773841e-13 4.7169701039041276e-13 -2.9736641433341554e-16 0.33365570481518758 0.33325533165393989 0.00040037316124769129 2.0224478819377589e-06
36500 0 0 0.010068497070798949 25.029428188979505 5.9624729873132587e-06 2.1135439156135232e-06 5.9624729872481371e-06 2.1135439156135165e-06 5.9624729873132587e-06 -4.2337703845294763e-17 4.9757474616416125e-17 -8.3960384437164456e-20 -5.7190068096135492e-17 3.554694711834984e-17 49.999999999999417 50.000000000000654 49.999999999999417 -5.8264504332328215e-13 6.5369931689929217e-13 1.0000000000000013 1969.8656512413245 8030.1343487246477 0.027770815228776894 0 0 0.9997635282792563 4.6873284835623401e-18 1 -4.2366355920437498e-13 4.9745715341219652e-13 -8.9043710140012246e-16 0.333656938908926 0.33325467254491725 0.00040226636400875204 2.1135439156135232e-06
37000 0 0 0.010105113041395608 25.029400391420953 5.2496538733308474e-06 1.6998729006658932e-06 5.2496538733199571e-06 1.6998729006658932e-06 5.2496538733308474e-06 -4.3315971672830227e-17 4.9731811550995114e-17 3.0184368811380854e-20 -4.7862118427239314e-17 1.4761158332935696e-16 49.999999999999396 50.000000000000682 49.999999999999396 -6.0396132539608516e-13 6.8212102632969618e-13 1.0000000000000016 1969.8656512412406 8030.1343487242957 0.02777093258118853 0 0 0.99976044293081301 4.6872177931415397e-18 1 -4.3259500326224275e-13 4.9770779554348675e-13 3.4748204209415616e-16 0.33365789366305104 0.33325416393387786 0.00040372972917318561 1.6998729006658932e-06
37500 0 0 0.01011547041978971 25.02939251989752 4.2645536125781174e-06 1.3998931663321258e-06 4.2645536125251821e-06 1.3998931663321328e-06 4.2645536125781174e-06 -3.7792022929184859e-17 5.2935729640569286e-17 8.5000970725562617e-20 -3.9285203799645032e-17 1.4793300302185096e-16 49.999999999999375 50.000000000000689 49.999999999999375 -6.2527760746888816e-13 6.8922645368729718e-13 1.000000000000002 1969.8656512411412 8030.1343487239083 0.027771092408815135 0 0 0.99975958385005892 4.6872666175404519e-18 1 -3.7753707986679181e-13 5.2908305106461633e-13 7.896074452554228e-16 0.33365816471723925 0.33325402105247598 0.00040414366476326791 1.3998931663321258e-06
37999 0 0 0.010096716518882517 25.029406743778132 5.1260696475977245e-06 1.669867729996716e-06 5.1260696475592946e-06 1.6698677299967126e-06 5.1260696475977245e-06 -3.8430079973454591e-17 5.4946947328670602e-17 -8.1880228050940379e-20 -4.2613237396669218e-17 2.1575965755818955e-17 49.999999999999353 50.000000000000711 49.999999999999353 -6.4659388954169117e-13 7.1054273576010019e-13 1.0000000000000009 1969.8656512410485 8030.1343487235154 0.027770989800323317 0 0 0.99976118351879228 4.6873798353524724e-18 1 -3.8390815928470037e-13 5.4963100480376187e-13 -8.1581089473112936e-16 0.33365767709627436 0.33325428293586773 0.00040339416040663378 1.669867729996716e-06
