# 1:passo  2:R0  3:|a2|/R0  4:|a4|/R0  5:|a8|/R0  6:rmin  7:rmax
0 24.99530979 1.449812079e-16 9.52226216e-05 8.27724819e-05 24.98429581 25.00965244
500 24.933789 8.360205358e-05 0.0001350204557 3.703468706e-05 24.88175012 24.98728284
1000 24.89962777 0.0004707392206 0.0002425718159 5.115442156e-06 24.83863565 24.9494357
1500 24.88175068 0.0009810492229 0.0002522134903 2.250593685e-05 24.80309326 24.93163351
2000 24.87808549 0.001276187232 0.0002621350576 3.100856609e-05 24.78736012 24.93401262
2500 24.88216088 0.00142204885 0.0002317940213 4.560008524e-05 24.78514832 24.94276876
3000 24.88869856 0.001453376407 0.0002554975858 2.27987791e-06 24.79441362 24.95176354
3500 24.89292046 0.001489848432 0.0002509670265 5.76016038e-06 24.79672313 24.95825526
4000 24.89353189 0.001572632947 0.000166240326 7.232622302e-05 24.78778387 24.96226447
4500 24.89341724 0.001535862009 0.0001789086279 6.104621453e-05 24.7895896 24.96190652
5000 24.89312912 0.001439765207 0.0002390794265 7.755786967e-06 24.79755261 24.95659506
5500 24.89242171 0.001376801459 0.0002539268116 4.929225723e-06 24.80084331 24.95586653
6000 24.89132208 0.001383482732 0.0001898508074 5.326568811e-05 24.79669539 24.95247053
6500 24.89193414 0.001268664343 0.0002523596174 4.796615054e-06 24.80421135 24.95215795
7000 24.89199494 0.001220734944 0.0002495844019 2.011342574e-06 24.80689545 24.95152362
7500 24.89104503 0.00126327666 0.0001551844686 8.523790964e-05 24.8008075 24.94999946
8000 24.89176462 0.001171239696 0.0001984487148 3.828636087e-05 24.80630843 24.94663798
8500 24.89134446 0.001163156176 0.0001578712021 7.60393808e-05 24.80622835 24.94640067
9000 24.89220562 0.001045173759 0.0002278609164 6.475510173e-06 24.8160266 24.94455468
9500 24.89157343 0.001044649045 0.0001822912529 5.098710259e-05 24.81057161 24.94569131
10000 24.89208297 0.0009641159405 0.0002170826034 1.352765107e-05 24.81846902 24.94220508
10500 24.89159951 0.0009609729797 0.000177147482 5.077892297e-05 24.81640341 24.94017865
11000 24.89213618 0.0008676930528 0.0002321203301 2.961686821e-06 24.82291772 24.94029946
11500 24.89199124 0.0008457453099 0.000214924815 1.617776042e-05 24.82280402 24.9377679
12000 24.8911071 0.0008780425566 0.0001450378434 8.241567908e-05 24.81871386 24.93971855
12500 24.89180515 0.0007930041588 0.0001925201573 3.252781083e-05 24.82488335 24.93512984
13000 24.89189758 0.0007515221529 0.0002011196673 2.494497363e-05 24.82753723 24.93405951
13500 24.89109505 0.0007798642951 0.0001384147582 8.510789212e-05 24.82516584 24.93511469
14000 24.89219811 0.0006604737461 0.0002280047457 1.743601244e-06 24.83197732 24.93444562
14500 24.8918678 0.0006657477463 0.0001906778253 2.847093418e-05 24.83199977 24.93442707
15000 24.89202581 0.000623172599 0.0002030357852 1.601642856e-05 24.8360474 24.93457054
15500 24.89202342 0.0005905263375 0.0002106293467 1.261501645e-05 24.83617925 24.93015158
16000 24.89163054 0.0006005709712 0.00017199473 4.488690932e-05 24.83432341 24.93197889
16500 24.89104739 0.0006167357675 0.0001327401732 8.517956846e-05 24.83390351 24.93086323
17000 24.89113609 0.0005860625902 0.0001388731686 7.970307383e-05 24.83479603 24.93100706
17500 24.89211063 0.0004910529466 0.0002079733197 9.087745889e-06 24.84353996 24.93274247
18000 24.89122151 0.0005398988928 0.0001372032763 7.644540171e-05 24.83923755 24.92683278
18500 24.89201495 0.0004524962137 0.0002053607287 1.317993725e-05 24.84390873 24.92705217
19000 24.89206559 0.0004267517519 0.0002105748736 8.563970258e-06 24.845709 24.92768191
19500 24.89157234 0.0004559120794 0.0001595916166 5.130345141e-05 24.84343216 24.92458753
20000 24.89156959 0.0004344986181 0.000162877341 4.838212522e-05 24.84423024 24.92931351
20500 24.89155796 0.0004214385066 0.0001573473268 5.237856592e-05 24.84559435 24.92408362
21000 24.89206337 0.0003554824341 0.0002082492036 8.544618684e-06 24.8498891 24.9265502
21500 24.89205123 0.0003408217301 0.0002064517581 9.523302937e-06 24.85084926 24.92606171
22000 24.89150005 0.0003780905528 0.0001513362518 5.671819225e-05 24.84857819 24.9232447
22500 24.89161815 0.0003520893481 0.0001628485385 4.539227831e-05 24.84985335 24.92830963
23000 24.89161433 0.0003396826923 0.0001601150971 4.721224158e-05 24.85069056 24.92277969
23500 24.89211145 0.0002757398019 0.0002136400879 2.121051376e-06 24.85336328 24.92647258
24000 24.89214462 0.0002621018154 0.0002144236737 1.471266946e-08 24.85380958 24.92639705
24500 24.89208377 0.0002550444869 0.0002084053931 5.854017211e-06 24.85583786 24.92503871
25000 24.89129432 0.0003126711845 0.000135470092 7.004108552e-05 24.85416306 24.92094911
25500 24.89195285 0.0002490217064 0.0001871772006 1.92619223e-05 24.85933264 24.9283161
26000 24.89109228 0.0003010172606 0.0001249585838 8.250054382e-05 24.85481494 24.91895635
26500 24.89188407 0.0002319397393 0.0001837038522 2.387892589e-05 24.85776291 24.92052589
27000 24.89204189 0.0002055489911 0.0002014720581 9.789805718e-06 24.85979447 24.92276072
27500 24.89187686 0.0002132043805 0.0001822854341 2.436443698e-05 24.85915207 24.9199743
28000 24.89109141 0.0002621850657 0.0001239665985 8.223319988e-05 24.85784952 24.91794177
28500 24.89189667 0.000196007282 0.000180679261 2.373057259e-05 24.8627293 24.92646033
29000 24.89151475 0.0002199303807 0.0001484347709 5.454523633e-05 24.85970903 24.91958975
29500 24.89213212 0.0001532432131 0.0002101391192 5.718411153e-07 24.86139962 24.9231698
29999 24.89182772 0.0001782566269 0.0001742944789 2.912881464e-05 24.86387463 24.92537978
