# 1:passo  2:R0  3:|a2|/R0  4:|a4|/R0  5:|a8|/R0  6:rmin  7:rmax
0 24.99530979 1.096091932e-16 9.52226216e-05 8.27724819e-05 24.98429581 25.00965244
500 23.79569352 1.592578973e-16 0.02299582791 5.113160822e-06 23.25506478 24.34533208
1000 23.36127938 1.540696136e-16 0.001335100047 0.000577934969 23.33096996 23.40740361
1500 22.88495229 1.258021152e-16 0.009485961182 2.933588158e-05 22.66634336 23.10383338
2000 22.68923269 1.286724805e-16 0.01015926809 0.0003758597491 22.44589542 22.91918874
2500 22.51022738 1.296578173e-16 0.008704670311 0.0007356026976 22.33070638 22.72852145
3000 22.43527022 1.208825023e-17 0.003985623998 0.0001313910591 22.34298992 22.51986296
3500 22.55375865 2.702624453e-16 1.416363077e-06 3.956623208e-05 22.54536187 22.56297455
4000 22.74797631 1.616016958e-16 0.001558366033 0.0001084287405 22.7091693 22.79436231
4500 22.9507308 2.71580489e-16 0.00289260737 0.0002670281988 22.87590961 23.01781262
5000 23.07702178 2.862512951e-16 0.002739161703 6.554134128e-05 23.01603793 23.14448213
5500 23.09535827 7.503066885e-17 0.0005480811333 1.183252039e-05 23.07482147 23.11375296
6000 23.0364686 2.803513665e-16 0.000775721415 5.192331642e-05 23.0117495 23.06378946
6500 22.95546129 6.648581879e-17 0.0006017921261 1.348103519e-05 22.93609622 22.97632942
7000 22.87117347 2.146010052e-16 0.0003431668641 0.0001093135603 22.85710447 22.88498929
7500 22.78483522 1.744550222e-16 0.001280969979 0.0001230377079 22.74681667 22.82003894
8000 22.70818116 1.504857557e-16 0.001352511937 3.176279695e-05 22.66996586 22.7462679
8500 22.66217035 2.262019339e-16 0.0006497088624 3.825962523e-05 22.63965442 22.68288934
9000 22.66721257 7.284830534e-17 5.422404474e-06 6.619348543e-05 22.65884383 22.67935714
9500 22.7180373 1.152643277e-16 2.855918927e-05 7.21832525e-05 22.7094527 22.73233707
10000 22.78984917 1.431132103e-16 0.0002753300755 0.0001020200338 22.77565538 22.80284893
10500 22.85560459 2.282142147e-16 0.0003427519161 0.0001052113188 22.84143872 22.86977191
11000 22.89525366 1.440591049e-16 6.089484763e-05 9.586752975e-05 22.88804363 22.90671679
11500 22.90401213 2.051617095e-16 0.0002625490503 9.520983701e-05 22.89105301 22.91962424
12000 22.8881399 1.394329622e-16 0.0003338254935 9.627249323e-05 22.87375127 22.90541546
12500 22.85640173 2.10012291e-16 0.0001417324791 0.0001032843146 22.84660902 22.87210865
13000 22.81714059 2.171248811e-16 0.0001291012787 0.0001066954067 22.80676427 22.82993694
13500 22.77914789 1.479308764e-16 0.0002846232554 9.753206199e-05 22.76457926 22.79227114
14000 22.75199465 2.201553493e-16 0.0002570669339 8.850027621e-05 22.737833 22.7644646
14500 22.74307059 1.879434632e-16 0.000139798326 8.817198574e-05 22.73148943 22.75542372
15000 22.75385561 1.290387416e-16 6.422873183e-05 9.24244065e-05 22.74407221 22.76751016
15500 22.7788738 2.057999005e-16 5.964329357e-05 9.914241795e-05 22.76948311 22.79283033
16000 22.80853636 1.979605741e-16 6.235400827e-05 0.0001044426767 22.79959875 22.8224139
16500 22.83331401 1.939155692e-16 1.789910128e-05 0.0001059176328 22.82602319 22.84735845
17000 22.8470562 2.600587681e-16 5.560611346e-05 0.0001056437293 22.83922578 22.86180446
17500 22.84816961 1.62356484e-16 9.758855803e-05 0.0001054902399 22.83939692 22.86348396
18000 22.83861807 2.409532202e-16 7.320962167e-05 0.0001058363186 22.83052422 22.8538371
18500 22.82234973 2.218127683e-17 6.025585196e-07 0.0001057718643 22.81516012 22.83689127
19000 22.80415975 3.070889057e-16 7.22428667e-05 0.000103801329 22.79487498 22.81793303
19500 22.78886709 7.26864464e-17 0.0001077765984 0.000100894495 22.77850049 22.80214449
20000 22.78029784 1.35914847e-16 0.0001025344749 9.912029817e-05 22.76992798 22.79362693
20500 22.78020557 2.955053499e-17 7.914514982e-05 9.93748271e-05 22.77037223 22.79387821
21000 22.78770476 6.205277229e-17 5.827923198e-05 0.0001011376591 22.77846556 22.80170536
21500 22.79970076 2.071278378e-16 4.231688993e-05 0.0001033185284 22.79103937 22.81392482
22000 22.81214571 1.394530124e-16 2.358120866e-05 0.0001049520788 22.80417342 22.82652207
22500 22.82148303 6.234575034e-17 7.921829045e-07 0.0001057638946 22.81425685 22.83601803
23000 22.82564146 1.790408884e-16 1.619477446e-05 0.0001059132519 22.81883127 22.84033782
23500 22.82431872 1.842897707e-16 1.63593265e-05 0.0001058662135 22.81746723 22.8390445
24000 22.81866628 2.54162618e-16 1.825258624e-06 0.0001055377039 22.81133766 22.8332413
24500 22.81073457 1.655420372e-16 2.871965884e-05 0.0001047402108 22.80259964 22.82506032
25000 22.80287678 1.870044499e-16 5.117088298e-05 0.0001036719199 22.794061 22.8169604
25500 22.7971712 4.637250727e-17 6.149771141e-05 0.0001027505967 22.78801237 22.81112164
26000 22.79492106 1.537231844e-16 6.024709279e-05 0.0001023992754 22.78575279 22.80889326
26500 22.79634409 1.58523904e-16 5.24973109e-05 0.0001027020529 22.78738107 22.81042733
27000 22.80059373 8.039384938e-17 4.242630823e-05 0.0001034308759 22.79194242 22.81481291
27500 22.80611883 2.361095161e-16 3.158592205e-05 0.0001042434583 22.79782668 22.8204713
28000 22.81121359 8.779220799e-17 2.099070265e-05 0.0001048548507 22.80327593 22.82564212
28500 22.81454378 2.038572335e-16 1.283629875e-05 0.000105197385 22.80686894 22.82903421
29000 22.81545895 6.354399076e-17 1.012757321e-05 0.0001052789058 22.80786649 22.82997247
29500 22.81405333 3.995059967e-17 1.420304492e-05 0.0001051334128 22.80633273 22.82853276
29999 22.81079462 1.937306511e-16 2.398546617e-05 0.0001047741818 22.80277353 22.82518705
