# step v0 Mach sigma R umax_ref urms_ref umax_mean urms_mean umax_lab mean_x mean_y mean_z drop_ux drop_uy x0 y0 x_unwrapped center_dx center_dy axis_ratio mass_R mass_B min_f negative_total negative_color min_rho min_phi max_phi qx qy qz p_in p_out delta_p urms_lab
0 0 0 -5.560112678108922e-15 25.040521385269312 0.011324706113637671 0.0022024607920641723 0.011324706113637671 0.0022024607920641723 0.011324706113637671 -1.1709329882437666e-20 -5.1365080471345954e-20 2.4335652785762776e-21 -1.1090237756050286e-19 -3.4476464643699501e-19 50.000000000000007 50.000000000000007 50.000000000000007 7.1054273576010019e-15 7.1054273576010019e-15 1.0000000000000007 1969.8656512480638 8030.1343487520408 0.025198391767876582 0 0 0.99999999999999956 5.1710809399147485e-26 0.99999999999998512 -3.652950433815346e-16 1.5046774428019267e-16 3.3085417154178945e-17 0.33333333333333387 0.33333333333333409 -2.2204460492503131e-16 0.0022024607920641723
500 0 0 0.92307655866262661 23.736063849425499 0.029505251617339683 0.017960427188622407 0.029505251617339686 0.017960427188622407 0.029505251617339683 -3.1880748041502864e-18 8.4699608438046511e-18 3.6940675851245289e-20 -2.2570775871520766e-17 1.0145256006458986e-17 50.000000000000007 50.000000000000014 50.000000000000007 7.1054273576010019e-15 1.4210854715202004e-14 1.0000000000000002 1969.8656512479915 8030.134348751646 0.022001088401101269 0 0 0.89649986862603892 4.1691656331242367e-18 0.99999999999999856 -3.2991025276235542e-14 4.810729722568019e-14 3.4651794780292893e-16 0.37260307137080656 0.33371387034243266 0.038889201028373899 0.017960427188622407
1000 0 0 1.5372859957867908 23.206363476521314 0.031052997627833933 0.020911735983176517 0.031052997627833933 0.020911735983176517 0.031052997627833933 -3.010786064905561e-18 3.0926650129716723e-18 -9.3156515483716089e-21 -1.1085847215074424e-17 1.1569178356655662e-17 50.000000000000007 50.000000000000014 50.000000000000007 7.1054273576010019e-15 1.4210854715202004e-14 1.0000000000000011 1969.8656512479151 8030.1343487513022 0.022963674748631591 0 0 0.93380447748328776 5.8169253386410742e-18 0.99999999999999811 -2.5222879340702775e-14 1.6715361733643519e-14 -6.1336194315428229e-17 0.39161487564251679 0.32537071820086866 0.066244157441648133 0.020911735983176517
1500 0 0 2.013276460898473 22.862521346270608 0.027137290847079058 0.018396402260769953 0.027137290847079054 0.01839640226076995 0.027137290847079058 -7.7726020064625384e-18 1.2224249390514711e-17 4.4744274299215282e-21 1.5374135661250376e-17 2.5107947151456328e-17 49.999999999999993 50.000000000000014 49.999999999999993 -7.1054273576010019e-15 1.4210854715202004e-14 1.0000000000000009 1969.8656512478542 8030.1343487510867 0.02359320126171258 0 0 0.93734443482756247 5.5992382615595945e-18 0.99999999999999767 -7.9502376904017069e-14 1.2285311656867748e-13 -1.7931595747202736e-18 0.40576070702086747 0.31770058318737421 0.088060123833493265 0.018396402260769953
2000 0 0 2.2628339491822724 22.668942014925303 0.016738348347924009 0.011405412298460512 0.016738348347924006 0.011405412298460512 0.016738348347924009 -7.7514383800558632e-18 4.5810577553602017e-18 3.4949100762959199e-21 -2.7193032681053652e-17 2.6102448673102962e-17 49.999999999999986 50.000000000000014 49.999999999999986 -1.4210854715202004e-14 1.4210854715202004e-14 1.000000000000002 1969.8656512477858 8030.1343487507638 0.02457800898437365 0 0 0.9157758597888912 5.7479765013332894e-18 0.99999999999999734 -7.9866668833972199e-14 6.7169577191994456e-15 4.4486239761910361e-17 0.41343608940810755 0.31361520020681993 0.099820889201287621 0.011405412298460512
2500 0 0 2.3703219371866791 22.581002392566297 0.0069395100503559333 0.0045847445823598669 0.0069395100503559402 0.0045847445823598678 0.0069395100503559333 -6.9833028248934562e-18 1.7117904316246934e-17 7.5275858199957315e-22 2.2878562411988497e-18 1.7538787991057569e-17 49.999999999999979 50.000000000000021 49.999999999999979 -2.1316282072803006e-14 2.1316282072803006e-14 1.0000000000000016 1969.8656512477392 8030.1343487504582 0.025481440175057476 0 0 0.91913100670396453 5.737077607215374e-18 0.99999999999999756 -7.0492250274847845e-14 1.6654647767237046e-13 1.6713714546917136e-17 0.41807148839533737 0.31310174896663101 0.10496973942870635 0.0045847445823598669
3000 0 0 2.3556815268341564 22.596376320364854 0.0029674093335238069 0.001785508761658154 0.0029674093335237896 0.0017855087616581544 0.0029674093335238069 -1.7513421268770286e-17 1.4846804341498186e-17 -6.0310678094249619e-21 -3.1747109555174254e-17 -2.0956559628667792e-17 49.999999999999972 50.000000000000021 49.999999999999972 -2.8421709430404007e-14 2.1316282072803006e-14 1.0000000000000013 1969.865651247683 8030.1343487501836 0.025707282773184448 0 0 0.92833338446838343 4.9192780284442554e-18 0.99999999999999811 -1.7446124839920474e-13 1.4799617152443101e-13 -5.6929467031042004e-17 0.41860788444823921 0.31435747307979728 0.10425041136844193 0.001785508761658154
3500 0 0 2.2406585909693448 22.684603487281212 0.0063838248382954111 0.0045515871852328188 0.0063838248382954241 0.0045515871852328214 0.0063838248382954111 -1.741141952838342e-17 8.7117812963576318e-18 1.0275786004123951e-20 -1.5289565079631308e-17 -1.4795960202103595e-17 49.999999999999964 50.000000000000021 49.999999999999964 -3.5527136788005009e-14 2.1316282072803006e-14 1.0000000000000009 1969.8656512476189 8030.1343487499162 0.025693147210064549 0 0 0.93991538749781589 5.3839299379855668e-18 0.99999999999999845 -1.7466930679610471e-13 4.6011697056591583e-14 1.0136503331934098e-16 0.4149588475428902 0.31618442584203765 0.098774421700852544 0.0045515871852328188
4000 0 0 2.0915133857552015 22.791809250503235 0.0075746185292631949 0.00547594399026492 0.0075746185292631793 0.0054759439902649192 0.0075746185292631949 -1.5750942217178768e-17 5.8342219944068847e-18 1.5554985218952345e-20 -2.2128932786667085e-17 2.4995922343326034e-17 49.999999999999957 50.000000000000028 49.999999999999957 -4.2632564145606011e-14 2.8421709430404007e-14 1.0000000000000004 1969.8656512475609 8030.1343487496451 0.02572426864659522 0 0 0.950847704662656 5.293853173651434e-18 0.99999999999999878 -1.5700993023087806e-13 5.5844218138645374e-14 1.4022707217753644e-16 0.40977030499474998 0.31800429542668457 0.09176600956806541 0.00547594399026492
4500 0 0 1.9720111217559404 22.877397894176664 0.0064776538133462609 0.0046221416241392999 0.0064776538133462357 0.0046221416241393008 0.0064776538133462609 -2.0327489691502774e-17 1.5156625954309442e-17 -7.8688780499791555e-21 -2.7120055489286169e-17 4.1600742081873968e-17 49.99999999999995 50.000000000000036 49.99999999999995 -4.9737991503207013e-14 3.5527136788005009e-14 1.000000000000002 1969.8656512475029 8030.1343487492913 0.025873668603051715 0 0 0.95578203898356962 4.6632819607016429e-18 0.99999999999999856 -2.0392699031160366e-13 1.5811657538833401e-13 -1.0760963170099526e-16 0.40566110035679115 0.31946199979134149 0.08619910056544966 0.0046221416241392999
5000 0 0 1.9096645028850221 22.923705464871041 0.0040709090985185372 0.0028416752307358854 0.0040709090985185615 0.0028416752307358854 0.0040709090985185372 -1.9056284328307245e-17 1.570063523637651e-17 -1.0811893864711105e-20 1.7061498222473088e-17 4.0250794714912232e-17 49.999999999999943 50.00000000000005 49.999999999999943 -5.6843418860808015e-14 4.9737991503207013e-14 1.0000000000000009 1969.8656512474383 8030.1343487490558 0.026117170120161542 0 0 0.95359697452600656 5.1216989313561289e-18 0.99999999999999856 -1.9051427102567686e-13 1.9974993881177738e-13 -1.1331360418426029e-16 0.40365566196233127 0.32035043428823434 0.083305227674096927 0.0028416752307358854
5500 0 0 1.8987350211582303 22.932663866912726 0.0014077697607404063 0.00093340534809000506 0.0014077697607404061 0.00093340534809000484 0.0014077697607404063 -1.3593293157759523e-17 1.4356224542494417e-17 -1.9710002798376467e-21 3.434797342420023e-18 -2.3756060311970222e-18 49.999999999999936 50.000000000000064 49.999999999999936 -6.3948846218409017e-14 6.3948846218409017e-14 1.0000000000000013 1969.8656512473981 8030.1343487487584 0.026365863787180699 0 0 0.95296494371129981 5.2020374639222738e-18 0.99999999999999833 -1.3622780746340435e-13 1.5088623438793553e-13 -1.6075632307405327e-17 0.40340529969164762 0.32060920447229863 0.082796095219348997 0.00093340534809000506
6000 0 0 1.9215528156952619 22.916156133870178 0.00075604307019552851 0.00060281210102240506 0.00075604307019550986 0.00060281210102240506 0.00075604307019552851 -1.016582651392364e-17 1.5682594112227444e-17 -6.5431207266529183e-21 -1.2761434797495417e-17 2.4441337018089525e-17 49.999999999999929 50.000000000000071 49.999999999999929 -7.1054273576010019e-14 7.1054273576010019e-14 1.0000000000000002 1969.8656512473308 8030.1343487484237 0.026422031875649517 0 0 0.95366923133791004 5.7929155832120708e-18 0.99999999999999833 -1.0203992802083027e-13 1.7166823518266483e-13 -9.1320430603649794e-17 0.40419981748295031 0.32034837204550198 0.083851445437448324 0.00060281210102240506
6500 0 0 1.9598843244391648 22.887800392207069 0.0019427467888028798 0.0014328659907857273 0.0019427467888028624 0.0014328659907857282 0.0019427467888028798 -1.5929271790511804e-17 1.2024409246086251e-17 -1.3225356582110766e-20 9.6417990705573058e-18 9.7312185736722705e-18 49.999999999999922 50.000000000000071 49.999999999999922 -7.815970093361102e-14 7.1054273576010019e-14 1.0000000000000004 1969.8656512472744 8030.1343487481545 0.026350876033440523 0 0 0.95511405151282425 6.1644479572385071e-18 0.99999999999999833 -1.5986170720516668e-13 1.2981282715429643e-13 -1.2349811281236711e-16 0.40543117736180223 0.31980109099026632 0.085630086371535907 0.0014328659907857273
7000 0 0 1.9989243522501252 22.858817078701886 0.002190366157729772 0.0016013965949356846 0.0021903661577297681 0.0016013965949356846 0.002190366157729772 -2.0301815784061883e-17 1.5478590631453565e-17 2.8365669269494825e-21 -5.4952836225732544e-18 3.9272890907495976e-17 49.999999999999908 50.000000000000085 49.999999999999908 -9.2370555648813024e-14 8.5265128291212022e-14 1.0000000000000013 1969.8656512472069 8030.134348747838 0.026340365829411884 0 0 0.95657079455721172 5.8477589919195804e-18 0.99999999999999833 -2.026018106537561e-13 1.0680346852146722e-13 1.3290332903048235e-17 0.4066661710472842 0.31921963584960017 0.087446535197684028 0.0016013965949356846
7500 0 0 2.0287629672067289 22.836668782380031 0.0017481903433706027 0.0012839838212915164 0.0017481903433706051 0.001283983821291517 0.0017481903433706027 -2.2941371025110318e-17 1.9414331253752393e-17 2.3313831988573814e-21 -5.4572273585571604e-17 2.359994121513068e-17 49.999999999999893 50.000000000000099 49.999999999999893 -1.0658141036401503e-13 9.9475983006414026e-14 1.0000000000000009 1969.8656512471609 8030.1343487475588 0.026380582422758644 0 0 0.95560155859535134 5.8156605822332179e-18 0.99999999999999833 -2.2948318050518279e-13 1.7145833364207164e-13 4.2267292268390686e-17 0.40761997336433681 0.3187820177702157 0.08883795559412111 0.0012839838212915164
8000 0 0 2.0447991951666955 22.824797358104526 0.00097715964025887371 0.00073306784226344649 0.00097715964025889062 0.00073306784226344682 0.00097715964025887371 -2.4702115353228341e-17 2.0010035295403653e-17 1.301514287586028e-20 -5.4602108158853071e-17 6.4633476419546117e-18 49.999999999999879 50.000000000000114 49.999999999999879 -1.2079226507921703e-13 1.1368683772161603e-13 1.000000000000002 1969.8656512471034 8030.1343487473023 0.026445971783624601 0 0 0.95422453619707337 5.8852246143669167e-18 0.99999999999999833 -2.4671927098974394e-13 1.9895196601282805e-13 1.3281091940517592e-16 0.40814528356475682 0.31855854318387727 0.089586740380879548 0.00073306784226344649
8500 0 0 2.0472866124944926 22.822980632528225 0.00027415095312651675 0.00017899774169670475 0.00027415095312655584 0.00017899774169670426 0.00027415095312651675 -3.2380435138776112e-17 2.7838148453101943e-17 -1.8383202517335453e-21 -5.0446791066714273e-17 5.6283386880522833e-17 49.999999999999865 50.000000000000135 49.999999999999865 -1.3500311979441904e-13 1.3500311979441904e-13 1.0000000000000004 1969.8656512470429 8030.1343487469403 0.026498391186637608 0 0 0.95408346988146842 5.9573724912321692e-18 0.99999999999999833 -3.2364736230112469e-13 2.7719384947111347e-13 -2.3586988459814581e-17 0.40823535543199652 0.31853249648216164 0.089702858949834874 0.00017899774169670475
9000 0 0 2.0399695311641111 22.828396229851684 0.00037972294896797379 0.00024314792924495906 0.00037972294896797113 0.00024314792924495898 0.00037972294896797379 -2.895843287388958e-17 2.5152449567594054e-17 4.1189967398164731e-23 -3.4408531350873832e-17 3.975410015493985e-17 49.999999999999844 50.000000000000156 49.999999999999844 -1.5631940186722204e-13 1.5631940186722204e-13 1.0000000000000013 1969.8656512469765 8030.1343487467257 0.026509283570958789 0 0 0.95476212857953824 6.0654791145968469e-18 0.99999999999999833 -2.8961902490229775e-13 2.4886776497825679e-13 1.0275128278703655e-17 0.4080014219481245 0.31864036869566109 0.089361053252463407 0.00024314792924495906
9500 0 0 2.0280943823905835 22.837154655814611 0.00067276641131394351 0.00044999744894295252 0.00067276641131398156 0.00044999744894295312 0.00067276641131394351 -2.9271723933652091e-17 2.4692053957070278e-17 1.9581141041018247e-21 -7.095314997609442e-17 5.781142722415855e-17 49.999999999999829 50.000000000000171 49.999999999999829 -1.7053025658242404e-13 1.7053025658242404e-13 1.0000000000000024 1969.8656512469286 8030.1343487463591 0.02650172273257656 0 0 0.95579503526041998 6.151504908858486e-18 0.99999999999999833 -2.9269642943087829e-13 2.500118134165976e-13 7.8678987064288254e-18 0.40761391920563278 0.31880712987672633 0.088806789328906455 0.00044999744894295252
10000 0 0 2.0164528566068718 22.845738612464679 0.00070136006605396898 0.00046779254133539559 0.00070136006605397299 0.00046779254133539613 0.00070136006605396898 -2.8536548124533521e-17 2.2836246782469768e-17 -1.0637035805847019e-20 -2.8331300733242775e-17 8.9414938284291145e-18 49.999999999999815 50.000000000000192 49.999999999999815 -1.8474111129762605e-13 1.9184653865522705e-13 1.0000000000000004 1969.8656512468722 8030.1343487460954 0.026504787107760296 0 0 0.95679554884729145 6.2048969269874526e-18 0.99999999999999833 -2.8510007194144406e-13 2.3593453918530939e-13 -5.0687996912552522e-17 0.40723298362397314 0.31896913316099484 0.088263850462978299 0.00046779254133539559
10500 0 0 2.0081360038049958 22.851881763399682 0.00054863134823191948 0.00035594058900206154 0.00054863134823191764 0.00035594058900206182 0.00054863134823191948 -2.5784756274590721e-17 2.8358565495899412e-17 9.5610635546593491e-21 -1.8685216882775759e-17 5.246836208704515e-17 49.999999999999801 50.000000000000213 49.999999999999801 -1.9895196601282805e-13 2.1316282072803006e-13 1.0000000000000016 1969.8656512468249 8030.1343487458043 0.026520480269182797 0 0 0.95683272212585702 6.2277373620246406e-18 0.99999999999999833 -2.5808695797353322e-13 2.9228008902038027e-13 8.4874842963490445e-17 0.40696176800026673 0.31908559112360829 0.087876176876658441 0.00035594058900206154
11000 0 0 2.0042384042968719 22.854772406560055 0.00034348594501719089 0.00018999203180691983 0.00034348594501721952 0.00018999203180691997 0.00034348594501719089 -2.2710652802810409e-17 3.5169089862590104e-17 -1.0450498658379117e-20 1.2015146685332961e-17 5.78441628268831e-17 49.999999999999787 50.000000000000227 49.999999999999787 -2.1316282072803006e-13 2.2737367544323206e-13 1.0000000000000009 1969.8656512467533 8030.1343487454924 0.026542829881008562 0 0 0.95670886148670808 6.2156161874384842e-18 0.99999999999999833 -2.2727739490218356e-13 3.5318492921931899e-13 -1.5987316802870631e-16 0.40683559316510171 0.31914106842235734 0.087694524742744362 0.00018999203180691983
11500 0 0 2.0042707875033785 22.854760951207442 0.0002588141132042723 5.0399856370042509e-05 0.00025881411320425918 5.0399856370042468e-05 0.0002588141132042723 -2.2231186076072877e-17 3.4225747236354888e-17 -2.0366008884222715e-21 -3.6126872045378132e-17 3.6897766544715914e-17 49.99999999999978 50.000000000000263 49.99999999999978 -2.2026824808563106e-13 2.6290081223123707e-13 1.0000000000000002 1969.8656512467082 8030.134348745295 0.026565595485708943 0 0 0.95671247772754042 6.1909461466164882e-18 0.99999999999999833 -2.220894902596975e-13 3.4188141662798725e-13 -7.3732468121576877e-17 0.40683725692357769 0.319141271313302 0.087695985610275695 5.0399856370042509e-05
12000 0 0 2.0068663770647817 22.852850494376497 0.00025411147491043764 9.7991810667429131e-05 0.00025411147491045385 9.7991810667429226e-05 0.00025411147491043764 -1.961434487053873e-17 3.8292459481091983e-17 -1.3835937127905274e-20 -2.9865291662432421e-17 2.9162184444304084e-17 49.999999999999766 50.000000000000291 49.999999999999766 -2.3447910280083306e-13 2.9132252166164108e-13 1.0000000000000007 1969.8656512466453 8030.134348744944 0.026564170574959006 0 0 0.95679950567657668 6.1652659367594466e-18 0.99999999999999833 -1.9677965938706904e-13 3.8323185685924582e-13 -1.2408959109668157e-16 0.40692167153320702 0.31910477632538076 0.087816895207826262 9.7991810667429131e-05
12500 0 0 2.0104563402186875 22.850199794416646 0.00026833649783192254 0.00014481049103222155 0.00026833649783188242 0.00014481049103222166 0.00026833649783192254 -2.2001324373485525e-17 3.6860098306977882e-17 -1.5602349126850486e-20 -4.5769223272999353e-17 6.657959872324402e-17 49.999999999999751 50.00000000000032 49.999999999999751 -2.4868995751603507e-13 3.1974423109204508e-13 1.0000000000000027 1969.8656512465784 8030.1343487446466 0.026561801866995711 0 0 0.95691830794863586 6.1463267094180659e-18 0.99999999999999833 -2.2005748257143166e-13 3.6957741554599632e-13 -1.5521175733614816e-16 0.40703802410052964 0.31905383322663039 0.087984190873899248 0.00014481049103222155
13000 0 0 2.0137495889790675 22.847765250374646 0.00026568545464887837 0.00014122607290568021 0.0002656854546488748 0.00014122607290568032 0.00026568545464887837 -2.4471397130932194e-17 3.6365355171630548e-17 4.5770922903775854e-21 -2.4294212630279188e-17 5.4711218398487576e-17 49.999999999999737 50.000000000000341 49.999999999999737 -2.6290081223123707e-13 3.4106051316484809e-13 1.0000000000000029 1969.8656512465252 8030.1343487443855 0.026564621876347009 0 0 0.95700505386145418 6.1298093734023011e-18 0.99999999999999833 -2.4413804311507192e-13 3.649118767573567e-13 7.0222691563758326e-17 0.40714476701029667 0.31900706221021574 0.088137704800080929 0.00014122607290568021
13500 0 0 2.0159729761214704 22.846120272344312 0.00025237999441270729 0.00010524467932365291 0.00025237999441269233 0.00010524467932365302 0.00025237999441270729 -1.8874181731427655e-17 3.81441406238998e-17 3.9491869555405997e-21 -2.6708297845546581e-17 6.7544765725935543e-17 49.999999999999716 50.000000000000369 49.999999999999716 -2.8421709430404007e-13 3.694822225952521e-13 1.0000000000000016 1969.8656512464665 8030.1343487440872 0.02656978787543824 0 0 0.95683314691337784 6.1153049605946575e-18 0.99999999999999833 -1.8871796571333583e-13 3.8046800952817872e-13 4.8147776057669052e-17 0.40721695764732757 0.31897558659222347 0.088241371055104101 0.00010524467932365291
14000 0 0 2.0168982278807617 22.8454344679663 0.0002447183344904122 6.2071260102932705e-05 0.00024471833449041323 6.2071260102932664e-05 0.0002447183344904122 -1.8720962280412575e-17 3.3204949206921417e-17 6.5005341822820711e-23 -2.5679836497114229e-17 2.9284398141001589e-17 49.999999999999702 50.000000000000384 49.999999999999702 -2.9842794901924208e-13 3.836930773104541e-13 1.0000000000000011 1969.8656512464131 8030.1343487437698 0.026574022249065226 0 0 0.95675271762333558 6.1188524618791487e-18 0.99999999999999833 -1.8668530178629411e-13 3.3160458970740714e-13 -4.9072572390905203e-18 0.40724710739953329 0.31896258688805684 0.08828452051147645 6.2071260102932705e-05
14500 0 0 2.0167194251152081 22.845564693952028 0.00024810832887269349 4.2376790527788428e-05 0.00024810832887267316 4.2376790527788374e-05 0.00024810832887269349 -1.853107511192385e-17 2.833830175730353e-17 1.1552985559436828e-20 -5.173012740638807e-17 3.5977767003356257e-17 49.999999999999687 50.000000000000405 49.999999999999687 -3.1263880373444408e-13 4.0500935938325711e-13 1.0000000000000002 1969.8656512463424 8030.1343487435333 0.026576923543557368 0 0 0.95676923220714016 6.1298478201409069e-18 0.99999999999999833 -1.8533395273452121e-13 2.8353805847017751e-13 1.184207058772494e-16 0.40724139037933893 0.31896519969935544 0.088276190679983491 4.2376790527788428e-05
15000 0 0 2.0158597804812595 22.846198413937465 0.0002556558422999187 5.214235874846834e-05 0.00025565584229989241 5.2142358748468306e-05 0.0002556558422999187 -1.3685125081778128e-17 3.0075855000953222e-17 1.6870459522765739e-20 -1.3264225847491623e-17 5.3030847422672061e-17 49.99999999999968 50.000000000000426 49.99999999999968 -3.1974423109204508e-13 4.2632564145606011e-13 1.0000000000000031 1969.8656512463092 8030.1343487431786 0.026572446839343677 0 0 0.95684502104257918 6.1385960733184368e-18 0.99999999999999833 -1.3695229782483876e-13 3.0129089391118201e-13 1.5694426010723424e-16 0.40721349881643792 0.31897738425781308 0.088236114558624845 5.214235874846834e-05
15500 0 0 2.0147812538953596 22.846994592637646 0.00025994274218157042 5.9758854601400103e-05 0.00025994274218158755 5.9758854601400036e-05 0.00025994274218157042 -1.2323562309526322e-17 2.8104775451373348e-17 5.566056307099957e-21 1.5533080243171172e-17 5.2680803070680582e-17 49.999999999999673 50.000000000000441 49.999999999999673 -3.2684965844964609e-13 4.4053649617126212e-13 1.0000000000000013 1969.8656512462414 8030.1343487428639 0.026570188674154147 0 0 0.95693964369103646 6.145218046530415e-18 0.99999999999999833 -1.2322619053622974e-13 2.8147341228634826e-13 8.0169271858426365e-17 0.40717845334768882 0.31899262016398355 0.088185833183705264 5.9758854601400103e-05
16000 0 0 2.0138469866188373 22.847684926853791 0.00025920400901750264 5.7433551503654563e-05 0.0002592040090174951 5.7433551503654448e-05 0.00025920400901750264 -1.2223512133049758e-17 2.3228988177441036e-17 2.6693918566914873e-21 -1.4024237935555256e-17 1.0288452224578684e-17 49.999999999999673 50.000000000000455 49.999999999999673 -3.2684965844964609e-13 4.5474735088646412e-13 1.0000000000000016 1969.8656512461855 8030.1343487426529 0.026570244257482872 0 0 0.95700933891488571 6.1495571280598369e-18 0.99999999999999833 -1.2229171541321506e-13 2.3238507430137808e-13 3.4269721320545687e-17 0.4071480868084692 0.31900580924003674 0.088142277568432459 5.7433551503654563e-05
16500 0 0 2.0132574559158747 22.84812108099316 0.00025563418775972267 4.9976551513368744e-05 0.00025563418775972278 4.9976551513368866e-05 0.00025563418775972267 -5.062085733232058e-18 2.0763729277641537e-17 9.1635334304703891e-21 2.6174045645142803e-17 9.2101227089966719e-18 49.999999999999666 50.000000000000469 49.999999999999666 -3.3395508580724709e-13 4.6895820560166612e-13 1.0000000000000013 1969.8656512461182 8030.1343487422891 0.026571683970185452 0 0 0.95699909027149932 6.15012737753325e-18 0.99999999999999833 -5.0823224091272852e-14 2.0748767266461369e-13 1.015029321758491e-16 0.40712892709597953 0.31901413425243763 0.0881147928435419 4.9976551513368744e-05
17000 0 0 2.0130523358191019 22.848273407648467 0.00025193625241518741 4.4120991790040127e-05 0.00025193625241519706 4.4120991790040229e-05 0.00025193625241518741 -4.5617155886078662e-18 1.780537522979484e-17 -2.8437581300302655e-21 3.5586731343560487e-18 -2.2056943662300666e-17 49.999999999999659 50.000000000000476 49.999999999999659 -3.4106051316484809e-13 4.7606363295926712e-13 1.0000000000000004 1969.8656512460709 8030.1343487419845 0.026573753521298475 0 0 0.95699364214898219 6.1485550883126604e-18 0.99999999999999833 -4.5306531963607011e-14 1.7848770421727278e-13 3.5911831236703279e-17 0.40712225956345649 0.31901703165834783 0.088105227905108663 4.4120991790040127e-05
17500 0 0 2.0131550164980299 22.848198207752784 0.00024943337963298084 4.2869520405136897e-05 0.00024943337963296701 4.2869520405136944e-05 0.00024943337963298084 -8.8474041461225613e-18 1.5983286742757413e-17 7.4043600516786379e-21 1.1453269659912965e-18 9.1052351618591305e-18 49.999999999999659 50.00000000000049 49.999999999999659 -3.4106051316484809e-13 4.9027448767446913e-13 1.0000000000000004 1969.8656512460161 8030.1343487417316 0.026575686097886912 0 0 0.95699685508970023 6.1461395066760836e-18 0.99999999999999833 -8.8239420058051947e-14 1.5935343317376592e-13 1.0946709209938758e-17 0.40712558976223029 0.3190155778394988 0.08811001192273149 4.2869520405136897e-05
18000 0 0 2.0134329619135034 22.847993249551291 0.0002481498265715152 4.3957155576096838e-05 0.00024814982657150978 4.3957155576096642e-05 0.0002481498265715152 -1.177937955511389e-17 1.0661371958888884e-17 -7.6113196753690674e-21 1.3087666514734632e-17 4.8868166010367572e-17 49.999999999999652 50.000000000000504 49.999999999999652 -3.4816594052244909e-13 5.0448534238967113e-13 1.0000000000000009 1969.8656512459534 8030.1343487414024 0.026577013271725788 0 0 0.95700253621169906 6.1433095113877436e-18 0.99999999999999833 -1.1845992915400798e-13 1.0696796909608758e-13 -1.0898365013762769e-16 0.40713461190789219 0.31901164461171422 0.088122967296177968 4.3957155576096838e-05
18500 0 0 2.0137521927794881 22.84775750981294 0.00024769003951883884 4.4562813824703236e-05 0.00024769003951882881 4.4562813824703277e-05 0.00024769003951883884 -6.7600439135427364e-18 9.779828856483607e-18 1.2993584993726546e-21 -2.1704426849416604e-18 -2.7229536357499556e-18 49.999999999999638 50.000000000000512 49.999999999999638 -3.6237679523765109e-13 5.1159076974727213e-13 1.0000000000000011 1969.8656512458986 8030.1343487411186 0.026577391187705593 0 0 0.95700710807393774 6.1412522254393477e-18 0.99999999999999833 -6.7850456050436235e-14 9.853633219445427e-14 1.0334941034914616e-17 0.40714497695906687 0.31900712833586625 0.088137848623200621 4.4562813824703236e-05
19000 0 0 2.0140134610886529 22.847564388278716 0.00024777385827116075 4.4078351067359096e-05 0.00024777385827115896 4.4078351067359164e-05 0.00024777385827116075 -7.2924739164078695e-18 1.2936201589114847e-17 3.0817748417405616e-21 -3.0904830637294674e-17 2.4464107470970542e-17 49.999999999999638 50.000000000000512 49.999999999999638 -3.6237679523765109e-13 5.1159076974727213e-13 1.0000000000000009 1969.8656512458363 8030.1343487408803 0.026577512442770578 0 0 0.95700658136152761 6.1402619142379502e-18 0.99999999999999833 -7.3099078767438562e-14 1.2955879847940396e-13 4.5286821667614814e-17 0.40715346310952222 0.31900343421095462 0.088150028898567601 4.4078351067359096e-05
19500 0 0 2.0141668279384235 22.84745087723681 0.00024824099996175603 4.3238113387527213e-05 0.00024824099996176031 4.323811338752722e-05 0.00024824099996175603 -8.0457125337216816e-18 9.7352030950646837e-18 1.0396320484054993e-21 2.9801964730222952e-17 -3.0993921495046953e-17 49.999999999999623 50.000000000000504 49.999999999999623 -3.765876499528531e-13 5.0448534238967113e-13 1.0000000000000013 1969.8656512457812 8030.1343487406029 0.026577029371066742 0 0 0.95699314371265143 6.1402027802551989e-18 0.99999999999999833 -8.0174148517149528e-14 9.7572733908191063e-14 3.3438557118619016e-17 0.40715844762826309 0.31900126813542251 0.088157179492840576 4.3238113387527213e-05
20000 0 0 2.0142081770129194 22.847420112440588 0.00024890541584710979 4.2747433834739525e-05 0.00024890541584712486 4.2747433834739376e-05 0.00024890541584710979 -1.2515878090886007e-17 1.1402163935263891e-17 -2.9116120868250885e-20 -1.3110955268001297e-17 -2.7723133587098476e-17 49.999999999999616 50.000000000000526 49.999999999999616 -3.836930773104541e-13 5.2580162446247414e-13 1 1969.8656512457228 8030.1343487403219 0.026576406473896336 0 0 0.95698954928133206 6.1407472108927002e-18 0.99999999999999833 -1.2524193921531479e-13 1.1413746613169801e-13 -2.9315613420995336e-16 0.40715979438249605 0.31900068639129803 0.088159107991198027 4.2747433834739525e-05
20500 0 0 2.0141646752520481 22.847452075996522 0.00024953612600410376 4.2699843930222423e-05 0.00024953612600410154 4.2699843930222369e-05 0.00024953612600410376 -6.2751453339205605e-18 6.9609194710512085e-18 -9.4192524894628338e-21 -3.4495900853102759e-17 2.0880621355263121e-17 49.999999999999602 50.000000000000526 49.999999999999602 -3.979039320256561e-13 5.2580162446247414e-13 1 1969.8656512456637 8030.1343487399681 0.026575857793830225 0 0 0.95699339615497303 6.1415279335341672e-18 0.99999999999999833 -6.2989977843532616e-14 6.9856365687450207e-14 -1.1412888345201055e-16 0.40715838440152852 0.3190013037540928 0.088157080647435715 4.2699843930222423e-05
21000 0 0 2.0140768940778919 22.847516832171248 0.000249949350245569 4.2814348377356931e-05 0.00024994935024557003 4.2814348377356958e-05 0.000249949350245569 -7.6090175826882815e-18 3.7066487032554551e-18 1.1062350238098085e-20 -1.5256568788636582e-17 9.748429778445863e-19 49.999999999999595 50.000000000000533 49.999999999999595 -4.0500935938325711e-13 5.3290705182007514e-13 1 1969.8656512456096 8030.1343487397053 0.026575504513475762 0 0 0.95700111729149429 6.1423295143584744e-18 0.99999999999999833 -7.6179513265220327e-14 3.7967628417955054e-14 7.9849174770126604e-17 0.40715553451077219 0.31900254576926046 0.088152988741511729 4.2814348377356931e-05
21500 0 0 2.0139833727341636 22.847585903152293 0.00025008290495416097 4.2863877277168749e-05 0.00025008290495415458 4.2863877277168782e-05 0.00025008290495416097 -8.6735198017015417e-18 3.7303927308330295e-18 -9.7771881170664423e-22 -2.7762099257242084e-17 4.8154947543692134e-18 49.999999999999581 50.000000000000533 49.999999999999581 -4.1922021409845911e-13 5.3290705182007514e-13 1.0000000000000002 1969.8656512455477 8030.1343487394533 0.026575374256905666 0 0 0.95700933005680167 6.1429137018498791e-18 0.99999999999999833 -8.6619297572270026e-14 3.7005270293805745e-14 3.3862400517312434e-17 0.40715249701551864 0.31900386804127356 0.08814862897424508 4.2863877277168749e-05
22000 0 0 2.0139110395487925 22.847639377194717 0.00024998963671707999 4.2819942692852949e-05 0.00024998963671707701 4.281994269285303e-05 0.00024998963671707999 -1.1654414412716217e-17 7.1824382379236071e-18 9.5961644337602525e-22 -4.2789067406861328e-17 -1.765918403258607e-17 49.999999999999574 50.000000000000547 49.999999999999574 -4.2632564145606011e-13 5.4711790653527714e-13 1.0000000000000013 1969.8656512454988 8030.134348739145 0.026575425663941145 0 0 0.95700949238179966 6.1431223929174969e-18 0.99999999999999833 -1.1715129816413938e-13 7.19794232897919e-14 -6.766617307909305e-17 0.40715014698352264 0.31900489021100153 0.088145256772521108 4.2819942692852949e-05
22500 0 0 2.0138719726592704 22.847668302656643 0.00024977726582169925 4.2755430058906286e-05 0.00024977726582170375 4.2755430058906265e-05 0.00024977726582169925 -1.8261585819940667e-17 8.5178446327655539e-18 4.5017308628684141e-21 -5.7196167823870564e-18 -6.8534051701403336e-18 49.999999999999559 50.00000000000054 49.999999999999559 -4.4053649617126212e-13 5.4001247917767614e-13 1.0000000000000018 1969.8656512454259 8030.1343487388594 0.026575583002270316 0 0 0.95700895478933756 6.1431042038156051e-18 0.99999999999999833 -1.8256598298012661e-13 8.5082535106073197e-14 5.3849251913517263e-18 0.40714887716103731 0.31900544186680624 0.088143435294231076 4.2755430058906286e-05
23000 0 0 2.0138652463651869 22.847673336760941 0.00024954849021314237 4.2723538865244829e-05 0.00024954849021316053 4.2723538865244802e-05 0.00024954849021314237 -1.9430789442751749e-17 1.2341153489781548e-17 8.8349840158680669e-21 -1.0435491786194945e-17 1.9046073232752435e-17 49.999999999999538 50.000000000000554 49.999999999999538 -4.6185277824406512e-13 5.5422333389287814e-13 1.0000000000000002 1969.865651245377 8030.1343487385202 0.026575768122433528 0 0 0.95700884178434587 6.1429014485530316e-18 0.99999999999999833 -1.9451345913925456e-13 1.2342884148141188e-13 1.1074368443985694e-16 0.4071486577880592 0.31900553631209855 0.088143121475960651 4.2723538865244829e-05
23500 0 0 2.013881618168706 22.847661289743144 0.00024937028081486383 4.2723217459061531e-05 0.00024937028081484426 4.2723217459061565e-05 0.00024937028081486383 -1.8518953731647004e-17 1.4122993681672393e-17 -1.1631964740192632e-20 -3.0853062169106443e-18 1.3634245258378961e-17 49.999999999999517 50.000000000000554 49.999999999999517 -4.8316906031686813e-13 5.5422333389287814e-13 1.0000000000000011 1969.8656512453224 8030.1343487382364 0.026575922135939609 0 0 0.95700903883272803 6.1426458727241191e-18 0.99999999999999833 -1.8529980067710783e-13 1.4073343998412952e-13 -1.2891469442096012e-16 0.4071491888650447 0.31900530434970548 0.088143884515339221 4.2723217459061531e-05
24000 0 0 2.0139088351626491 22.847641206600759 0.00024927036067574568 4.2729718890376526e-05 0.00024927036067571857 4.2729718890376498e-05 0.00024927036067574568 -2.3309847975478179e-17 1.5224572904479814e-17 -4.6357939368872514e-21 -2.6283289084700957e-17 6.0459013400477906e-18 49.999999999999496 50.000000000000568 49.999999999999496 -5.0448534238967113e-13 5.6843418860808015e-13 1.0000000000000007 1969.8656512452671 8030.1343487379545 0.026576014552355965 0 0 0.95700938757207066 6.1424555780056305e-18 0.99999999999999833 -2.3300025109050239e-13 1.5223305739194666e-13 -8.6571997300044202e-17 0.40715007251635876 0.31900491928361174 0.08814515323274702 4.2729718890376526e-05
24500 0 0 2.0139359317154626 22.847621190272022 0.0002492466524496915 4.2728006185545167e-05 0.00024924665244967529 4.2728006185545336e-05 0.0002492466524496915 -2.4587536867668141e-17 1.9971519013248932e-17 5.42012170958208e-21 -6.5661054421071213e-17 2.590377013100787e-17 49.999999999999481 50.000000000000568 49.999999999999481 -5.1869619710487314e-13 5.6843418860808015e-13 1.0000000000000027 1969.8656512451969 8030.1343487376707 0.026576041724318565 0 0 0.95700968952205911 6.1423078818421603e-18 0.99999999999999833 -2.4596383957353751e-13 2.0030744912139659e-13 4.857563991369937e-17 0.40715095257450229 0.31900453615138036 0.088146416423121932 4.2728006185545167e-05
25000 0 0 2.0139557165264073 22.847606560618974 0.00024927915077210426 4.2719590605432963e-05 0.00024927915077213424 4.2719590605432855e-05 0.00024927915077210426 -3.2122601020174008e-17 2.015358908407549e-17 -2.256841411225436e-21 -4.900734788741869e-17 2.7370118604069174e-17 49.999999999999453 50.000000000000568 49.999999999999453 -5.4711790653527714e-13 5.6843418860808015e-13 1.0000000000000011 1969.8656512451419 8030.1343487373688 0.026576018662777767 0 0 0.95700990283509546 6.1422456639961153e-18 0.99999999999999833 -3.2070277423935696e-13 2.0123276145888689e-13 -1.7959741641415072e-17 0.40715159537668993 0.31900425656537917 0.08814733881131076 4.2719590605432963e-05
25500 0 0 2.013965403835988 22.847599384346548 0.00024934055332205372 4.271198990632025e-05 0.00024934055332204668 4.2711989906320304e-05 0.00024934055332205372 -3.9297395632784695e-17 2.1777301099615201e-17 3.6894163150708375e-21 -6.1185603351592251e-17 2.7201138913341778e-17 49.999999999999432 50.000000000000583 49.999999999999432 -5.6843418860808015e-13 5.8264504332328215e-13 1.0000000000000004 1969.865651245088 8030.1343487371023 0.026575968665221019 0 0 0.95701001185773238 6.1422529003319743e-18 0.99999999999999833 -3.9310818054948353e-13 2.1772773875894711e-13 -4.4977572062647871e-17 0.40715191031287234 0.31900411981826987 0.088147790494602474 4.271198990632025e-05
26000 0 0 2.01396585366619 22.847599033472228 0.00024940500622015678 4.2709107885151178e-05 0.00024940500622012236 4.2709107885151137e-05 0.00024940500622015678 -3.6463627256577282e-17 2.3467398814176336e-17 1.3950320604604825e-20 -2.8138500542229384e-17 6.1473070326769307e-18 49.99999999999941 50.00000000000059 49.99999999999941 -5.8975047068088315e-13 5.8975047068088315e-13 1.0000000000000024 1969.8656512450175 8030.1343487368231 0.02657591426961901 0 0 0.95701002309858219 6.1422949957207402e-18 0.99999999999999833 -3.6462174426923447e-13 2.3431761762545462e-13 1.1607239779401752e-16 0.40715192520049109 0.31900411366389653 0.088147811536594567 4.2709107885151178e-05
26500 0 0 2.0139600982720616 22.847603272442733 0.00024945421680196649 4.2709841369731278e-05 0.00024945421680194307 4.2709841369731245e-05 0.00024945421680196649 -3.4246303709580834e-17 2.5972461486236657e-17 -1.3588019198585739e-20 -1.7921822526352239e-17 7.613136312051498e-18 49.999999999999389 50.000000000000611 49.999999999999389 -6.1106675275368616e-13 6.1106675275368616e-13 1.0000000000000011 1969.8656512449797 8030.1343487365266 0.026575871496939858 0 0 0.9570099669423574 6.1423755187641484e-18 0.99999999999999833 -3.4281952276287113e-13 2.6003766469989939e-13 -1.4716485090186432e-16 0.40715173845574526 0.31900419517705192 0.088147543278693341 4.2709841369731278e-05
27000 0 0 2.0139517915223442 22.847609403426755 0.00024948001197129955 4.2711465564911924e-05 0.00024948001197130709 4.2711465564911958e-05 0.00024948001197129955 -3.8598377966120675e-17 2.1907757726021913e-17 1.6963413683052536e-21 -3.2970595469148245e-17 1.7331160495510572e-17 49.999999999999375 50.000000000000625 49.999999999999375 -6.2527760746888816e-13 6.2527760746888816e-13 1.0000000000000013 1969.8656512449154 8030.1343487361983 0.026575847798086152 0 0 0.95700988138037002 6.1424415524342797e-18 0.99999999999999833 -3.8614380787467055e-13 2.1906329288295009e-13 9.2630667238069402e-17 0.40715146873491476 0.31900431268189305 0.088147156053021702 4.2711465564911924e-05
27500 0 0 2.0139440214180651 22.84761514421406 0.00024948334568416212 4.2712423859220665e-05 0.0002494833456841503 4.271242385922061e-05 0.00024948334568416212 -3.7989099713270937e-17 2.6229214113210595e-17 -2.3025619556328973e-20 -6.5273816730365251e-17 5.4371136523069683e-17 49.999999999999353 50.000000000000639 49.999999999999353 -6.4659388954169117e-13 6.3948846218409017e-13 1.0000000000000009 1969.8656512448595 8030.1343487359718 0.026575842989611898 0 0 0.95700979928057284 6.1424802331153686e-18 0.99999999999999833 -3.8027198551069554e-13 2.6211747616823374e-13 -2.2817761751816335e-16 0.40715121635220791 0.31900442253123107 0.088146793820976843 4.2712423859220665e-05
28000 0 0 2.0139386788839708 22.84761909558954 0.00024947098747140375 4.2712656169099308e-05 0.00024947098747137372 4.2712656169099362e-05 0.00024947098747140375 -4.1240448556215079e-17 2.5955382591517205e-17 -7.5860451138656129e-22 -4.4424627244377816e-17 6.1104096214878482e-17 49.999999999999339 50.000000000000654 49.999999999999339 -6.6080474425689317e-13 6.5369931689929217e-13 1.000000000000002 1969.8656512447969 8030.1343487356198 0.026575851908249477 0 0 0.95700974137165351 6.1424921281363681e-18 0.99999999999999833 -4.117020309771016e-13 2.588288741386507e-13 -3.5472777095474685e-17 0.40715104275957853 0.31900449801642244 0.088146544743156086 4.2712656169099308e-05
28500 0 0 2.0139363615352028 22.847620813493261 0.00024945164283468612 4.2712627445649027e-05 0.00024945164283467062 4.271262744564904e-05 0.00024945164283468612 -4.3272720476414205e-17 3.1846088808616012e-17 3.5293558499441253e-21 -6.8304326669560843e-17 7.5025135054496332e-17 49.999999999999318 50.000000000000668 49.999999999999318 -6.8212102632969618e-13 6.6791017161449417e-13 1.0000000000000002 1969.8656512447294 8030.134348735357 0.026575867488739458 0 0 0.95700971485534814 6.1424807837045452e-18 0.99999999999999833 -4.3242362802098432e-13 3.1846801668172517e-13 3.4364772339288113e-17 0.40715096740502782 0.31900453071583784 0.088146436689189978 4.2712627445649027e-05
29000 0 0 2.0139366555322495 22.847620601583849 0.00024943288733155047 4.2712583825714858e-05 0.00024943288733153356 4.2712583825714756e-05 0.00024943288733155047 -4.8222406970430823e-17 3.0778052090521536e-17 5.3519940261284806e-21 -4.7186506886824744e-17 6.7607331248267751e-17 49.999999999999297 50.000000000000689 49.999999999999297 -7.0343730840249918e-13 6.8922645368729718e-13 1.0000000000000002 1969.8656512446826 8030.1343487350823 0.026575883298824696 0 0 0.95700971609813257 6.142458606808184e-18 0.99999999999999833 -4.8284271552912444e-13 3.0821639732020746e-13 3.4429136169264716e-17 0.40715097687675483 0.31900452650228395 0.088146450374470886 4.2712583825714858e-05
29500 0 0 2.0139385912335017 22.847619175005576 0.00024941951649976637 4.2712488869534949e-05 0.00024941951649975184 4.2712488869534894e-05 0.00024941951649976637 -4.7759268328410466e-17 3.2651699811874405e-17 -1.0031781630609945e-20 -3.602868138983431e-17 5.1538483369405703e-17 49.999999999999268 50.000000000000718 49.999999999999268 -7.3185901783290319e-13 7.1764816311770119e-13 1.0000000000000016 1969.8656512446273 8030.1343487347212 0.02657589504008866 0 0 0.95700973529624644 6.1424338488338736e-18 0.99999999999999833 -4.7755419419202698e-13 3.2667472923846635e-13 -5.4450192767159916e-17 0.40715103969790684 0.31900449909744577 0.088146540600461065 4.2712488869534949e-05
29999 0 0 2.0139412298485393 22.84761722710039 0.00024941283106144418 4.2712261382395824e-05 0.00024941283106141003 4.2712261382395851e-05 0.00024941283106144418 -4.9486760175902179e-17 3.648811125214756e-17 -8.3098798206490975e-21 -6.4708682417861385e-17 6.002836423386737e-17 49.99999999999924 50.000000000000739 49.99999999999924 -7.602807272633072e-13 7.3896444519050419e-13 1.0000000000000011 1969.865651244568 8030.1343487345375 0.026575901347591715 0 0 0.95700976262240889 6.1424134054173047e-18 0.99999999999999833 -4.9477305932854598e-13 3.6429380693381849e-13 -5.0991658173515119e-17 0.4071511253795505 0.31900446177649738 0.088146663603053121 4.2712261382395824e-05
