# 1:passo  2:R0  3:|a2|/R0  4:|a4|/R0  5:|a8|/R0  6:rmin  7:rmax
0 24.99530979 9.196997287e-17 9.52226216e-05 8.27724819e-05 24.98429581 25.00965244
500 24.99129275 2.465509278e-16 0.0001524935321 6.289758451e-05 24.9803405 25.00602541
1000 24.98678641 1.598985897e-16 0.0002083255056 6.411757041e-05 24.9745028 25.00238124
1500 24.98254243 1.195472533e-16 0.0001062090442 6.823558015e-05 24.9727829 24.99688708
2000 24.98018577 1.049635424e-16 8.555655817e-05 7.004472711e-05 24.97094059 24.99431387
2500 24.98024992 5.16512013e-16 0.00011978442 6.936106414e-05 24.9701676 24.99483212
3000 24.98228223 4.664409137e-16 0.000109389811 6.829563532e-05 24.97244328 24.99667433
3500 24.98516324 6.394916046e-16 8.234123956e-05 6.710842608e-05 24.97596974 24.99912137
4000 24.98746419 3.809865728e-16 8.065805908e-05 6.579403368e-05 24.97830092 25.00133964
4500 24.98822487 4.154948616e-16 9.133979212e-05 6.515527483e-05 24.97879799 25.00222257
5000 24.98737856 5.323187623e-16 9.872815604e-05 6.556966048e-05 24.97777536 25.00149845
5500 24.98566001 4.781376398e-16 0.0001070226078 6.647598606e-05 24.97586224 24.99993666
6000 24.98401844 4.640861334e-16 0.000115518294 6.732563394e-05 24.97402024 24.99845118
6500 24.98320606 4.799793415e-16 0.0001180805106 6.774977348e-05 24.97314862 24.99769328
7000 24.98347303 3.139161507e-16 0.0001135336266 6.764195763e-05 24.97352493 24.997892
7500 24.98454465 3.234121407e-16 0.0001056846332 6.711326281e-05 24.974783 24.99883066
8000 24.98579037 2.641846192e-16 9.789790983e-05 6.6489009e-05 24.97621338 24.99993973
8500 24.98657137 1.148115803e-16 9.284517417e-05 6.610690691e-05 24.97711487 25.00063291
9000 24.98655704 2.427004203e-16 9.240328237e-05 6.613498542e-05 24.97711204 25.0006136
9500 24.98584611 5.876186493e-16 9.614946556e-05 6.651684382e-05 24.97631314 24.99997201
10000 24.98485883 6.528544317e-16 0.0001016469832 6.702866811e-05 24.97519612 24.99908425
10500 24.98409268 3.33157039e-16 0.0001062451067 6.741184821e-05 24.97432095 24.9983993
11000 24.98388561 4.327188777e-16 0.0001083158808 6.749429786e-05 24.97406382 24.99822492
11500 24.9842788 6.044202418e-16 0.0001074393368 6.726518817e-05 24.97447609 24.99859589
12000 24.98503023 4.259235934e-16 0.0001044575819 6.68576303e-05 24.97529659 24.9992877
12500 24.98575598 5.438064791e-16 0.0001010829544 6.647446048e-05 24.9761015 24.99994928
13000 24.98612574 6.97951347e-16 9.897801955e-05 6.62883538e-05 24.97652131 25.0002813
13500 24.9860108 6.904454794e-16 9.888770943e-05 6.636496439e-05 24.97640944 25.00016845
14000 24.98551928 5.220175204e-16 0.0001004646103 6.664128654e-05 24.97588188 24.99971117
14500 24.98491707 2.825028229e-16 0.000102675785 6.696957321e-05 24.9752285 24.99915436
15000 24.98448759 3.867217782e-16 0.0001043811594 6.719733536e-05 24.97475926 24.99875877
15500 24.98440196 1.754611501e-16 0.0001048328087 6.723699455e-05 24.97466278 24.99868123
16000 24.98465534 2.072395966e-16 0.0001039626141 6.709551513e-05 24.97493601 24.99891625
16500 24.98509041 2.085210192e-16 0.0001023534655 6.685869789e-05 24.97540825 24.99931838
17000 24.98548757 2.637229817e-16 0.0001008856922 6.664416259e-05 24.97583947 24.99968554
17500 24.98567297 1.060691207e-16 0.0001002626503 6.654511717e-05 24.97603937 24.99985783
18000 24.9855917 1.657761109e-16 0.0001006886717 6.659061165e-05 24.97594821 24.99978452
18500 24.98531695 5.884845183e-16 0.0001018458609 6.673986485e-05 24.97564655 24.99953254
19000 24.98499964 8.904933163e-16 0.0001031165785 6.691044792e-05 24.97529968 24.99924053
19500 24.98478968 1.027975706e-15 0.0001039012275 6.702205298e-05 24.97507146 24.99904647
20000 24.9847681 8.339811925e-16 0.0001038858462 6.703256387e-05 24.97505024 24.99902515
20500 24.98491923 6.837997555e-16 0.0001031573063 6.695142997e-05 24.97521837 24.99916253
21000 24.98515046 5.043432066e-16 0.0001021249431 6.682832013e-05 24.97547372 24.99937389
21500 24.98534475 1.086754575e-16 0.0001012947634 6.672549193e-05 24.97568744 24.99955202
22000 24.9854176 2.395217924e-16 0.0001010201218 6.668778364e-05 24.97576674 24.99961936
22500 24.98535154 4.135554721e-16 0.0001013568145 6.672406485e-05 24.97569284 24.9995596
23000 24.98519527 3.161155182e-16 0.0001020776245 6.680770694e-05 24.97551972 24.9994171
23500 24.98503258 2.130352998e-16 0.0001028123293 6.689367795e-05 24.97533983 24.99926848
24000 24.98493936 3.143939873e-16 0.0001032309007 6.694187926e-05 24.97523677 24.99918326
24500 24.98494979 4.066659e-16 0.0001031858855 6.693488977e-05 24.97524818 24.99919276
25000 24.98504595 4.539076702e-16 0.000102757464 6.688289551e-05 24.97535431 24.99928063
25500 24.98517269 1.554858894e-16 0.0001021899512 6.681548333e-05 24.97549431 24.99939646
26000 24.98526776 2.413552633e-16 0.0001017592114 6.676568124e-05 24.9755995 24.9994833
26500 24.98529137 1.650136222e-16 0.0001016416684 6.67543332e-05 24.97562592 24.99950476
27000 24.98524162 2.411747693e-16 0.0001018472033 6.678194528e-05 24.97557142 24.99945909
27500 24.98515053 4.264290304e-16 0.0001022378993 6.683097788e-05 24.97547123 24.99937564
28000 24.98506507 6.128410484e-16 0.000102610743 6.687624533e-05 24.97537705 24.99929739
28500 24.98502369 6.740557645e-16 0.0001027979714 6.68974881e-05 24.97533125 24.99925957
29000 24.9850398 9.139754998e-16 0.00010273856 6.688800638e-05 24.9753487 24.99927443
29500 24.98509879 5.775135844e-16 0.0001024925573 6.685597633e-05 24.9754134 24.99932857
30000 24.98516826 2.108273214e-16 0.0001021981035 6.681884585e-05 24.97548974 24.99939228
30500 24.98521511 2.60542428e-16 0.0001019975394 6.679421394e-05 24.97554129 24.99943524
31000 24.98522082 4.018256041e-16 0.0001019710841 6.679175395e-05 24.97554765 24.99944046
31500 24.98518803 4.8903002e-16 0.0001021081937 6.680976422e-05 24.97551168 24.99941039
32000 24.98513666 3.484565979e-16 0.0001023245494 6.683739073e-05 24.97545528 24.99936327
32500 24.98509257 1.23173315e-16 0.0001025103628 6.686078183e-05 24.97540684 24.99932281
33000 24.98507496 9.690269403e-17 0.0001025838606 6.686981451e-05 24.9753875 24.99930663
33500 24.98508847 3.777462343e-16 0.0001025252188 6.686222938e-05 24.97540237 24.99931898
34000 24.98512291 4.718782354e-16 0.0001023779589 6.684364188e-05 24.97544023 24.99935054
34500 24.98515982 4.175696096e-16 0.0001022209895 6.682396927e-05 24.9754808 24.99938439
35000 24.98518199 6.555938563e-16 0.0001021277416 6.681235089e-05 24.97550516 24.99940474
35500 24.98518118 6.204684781e-16 0.0001021330298 6.681306337e-05 24.97550424 24.99940403
36000 24.98516073 7.230372069e-16 0.0001022220231 6.682418168e-05 24.97548172 24.99938532
36500 24.98513254 4.870215888e-16 0.0001023434368 6.68392609e-05 24.9754507 24.9993595
37000 24.98511054 1.872764845e-16 0.000102437645 6.685087727e-05 24.97542649 24.99933932
37500 24.98510399 5.821648409e-16 0.0001024649844 6.685415597e-05 24.9754193 24.9993333
37999 24.98511469 6.68263402e-16 0.0001024181413 6.684824956e-05 24.97543109 24.99934309
