# step v0 Mach sigma R umax_ref urms_ref umax_mean urms_mean umax_lab mean_x mean_y mean_z drop_ux drop_uy x0 y0 x_unwrapped center_dx center_dy axis_ratio mass_R mass_B min_f negative_total negative_color min_rho min_phi max_phi qx qy qz p_in p_out delta_p urms_lab
0 0 0 -5.560112678108922e-15 25.040521385269312 2.5018537765542006e-17 7.575321122265919e-18 2.5028160911949364e-17 7.575312923105344e-18 2.5018537765542006e-17 6.9388939039072287e-22 -1.1102230246251566e-20 6.9388939039072287e-22 -9.634948291994237e-21 -3.2470589543806789e-20 50.000000000000007 50.000000000000007 50.000000000000007 7.1054273576010019e-15 7.1054273576010019e-15 1.0000000000000007 1969.8656512480634 8030.1343487520398 0.027338221367465158 0 0 0.99999999999999956 5.1710809399147485e-26 0.99999999999998512 -1.0663789564195351e-16 4.827532965614246e-17 -5.506561023179168e-18 0.33333333333333387 0.33333333333333409 -2.2204460492503131e-16 7.575321122265919e-18
500 0 0 0.0035128367831092681 25.034874982823276 0.00018001824642650339 0.0001161839552174669 0.00018001824642650274 0.00011618395521746694 0.00018001824642650339 6.4497018836819569e-19 6.012551567735788e-19 6.5919492087120588e-21 8.2909720935192706e-18 -2.6515674435023474e-17 50.000000000000007 49.999999999999993 50.000000000000007 7.1054273576010019e-15 -7.1054273576010019e-15 1.000000000000002 1969.8656512479752 8030.1343487517015 0.027437888456319229 0 0 0.99961409826566472 4.1158763903487376e-18 0.99999999999999978 6.7064443462581252e-15 5.8669703210251223e-15 6.8368801626026065e-17 0.33345980435063988 0.33331948662244992 0.00014031772818995369 0.0001161839552174669
1000 0 0 0.0086073443623592791 25.030620475364888 0.00020659283327760367 0.00014075814833269232 0.00020659283327760291 0.00014075814833269224 0.00020659283327760367 -1.2156942119646221e-18 2.8737429103033575e-18 3.4694469519538302e-21 2.8457311648443823e-18 2.5382157207145174e-18 50.000000000000007 50.000000000000007 50.000000000000007 7.1054273576010019e-15 7.1054273576010019e-15 1.0000000000000009 1969.8656512479181 8030.1343487514223 0.027443901664959598 0 0 0.99971719200306275 4.7032300253488601e-18 0.99999999999999978 -1.1816070650681916e-14 2.8996553422255822e-14 4.5805167524712072e-17 0.33360930923229076 0.33326543663948666 0.00034387259280410643 0.00014075814833269232
1500 0 0 0.012460597108066651 25.027613871181114 0.00015354443028396352 0.00010098677265019919 0.00015354443028397398 0.00010098677265019884 0.00015354443028396352 -6.0586952121971949e-18 8.7242713053834201e-18 -6.9388939039079133e-22 -2.9589539653597162e-17 9.9607864911908918e-18 50.000000000000007 50.000000000000007 50.000000000000007 7.1054273576010019e-15 7.1054273576010019e-15 1.0000000000000029 1969.865651247829 8030.1343487510821 0.027447528472925455 0 0 0.99955815743455179 4.7614212416881747e-18 0.99999999999999978 -6.0563538437237961e-14 8.7626139458059187e-14 3.1994800848143249e-17 0.3337200431087487 0.3332221691535166 0.00049787395523209765 0.00010098677265019919
2000 0 0 0.013812992737468039 25.026507322428003 6.1410401489048479e-05 3.659211493581788e-05 6.1410401489053615e-05 3.6592114935817826e-05 6.1410401489048479e-05 -5.1340875995016693e-18 1.5029991140560334e-17 -1.0408340855862284e-21 -2.5801272498691064e-17 2.4779806461302307e-17 49.999999999999993 50.000000000000007 49.999999999999993 -7.1054273576010019e-15 7.1054273576010019e-15 1.0000000000000009 1969.8656512477578 8030.1343487508311 0.027449078964127488 0 0 0.99950925010356295 5.4953809289576044e-18 0.99999999999999978 -5.0946661779159748e-14 1.506669951561318e-13 1.4628631142880655e-17 0.33375859821268117 0.33320666371540958 0.00055193449727158894 3.659211493581788e-05
2500 0 0 0.013142715931462977 25.027014251983427 8.2576164990926076e-05 3.1437394101429968e-05 8.2576164990938369e-05 3.1437394101429968e-05 8.2576164990926076e-05 -3.1738500716477096e-18 1.5768636396631876e-17 -2.4286128663679456e-21 1.5328623809887832e-17 -1.1451979286710262e-17 49.999999999999993 50.000000000000014 49.999999999999993 -7.1054273576010019e-15 1.4210854715202004e-14 1.0000000000000031 1969.865651247698 8030.134348750521 0.027448138263429456 0 0 0.99958650003625138 5.5306920769095504e-18 0.99999999999999978 -3.1331111326643761e-14 1.5859232330162065e-13 -2.8460316681149305e-17 0.33374288350904546 0.33321774232363932 0.00052514118540614163 3.1437394101429968e-05
3000 0 0 0.011394461761955115 25.028356550461947 0.00010660299795839388 5.4355112689972897e-05 0.00010660299795840162 5.435511268997293e-05 0.00010660299795839388 5.9813265451692595e-19 1.5537918174327452e-17 -3.816391647149759e-21 2.3130917670758077e-17 -1.7727220475107382e-17 49.999999999999993 50.000000000000021 49.999999999999993 -7.1054273576010019e-15 2.1316282072803006e-14 1.0000000000000007 1969.8656512476318 8030.1343487502445 0.027446149668021214 0 0 0.99972045261869236 5.5491477632327613e-18 0.99999999999999978 5.5534986738393563e-15 1.5578052585892596e-13 -3.2596315364096927e-17 0.33369647383560741 0.33324121175161953 0.00045526208398788404 5.4355112689972897e-05
3500 0 0 0.0096891479707889965 25.029668808435584 9.6516719793779155e-05 4.8125118048062513e-05 9.6516719793797302e-05 4.8125118048062486e-05 9.6516719793779155e-05 -2.4393681519191722e-18 1.941884153478424e-17 -1.6653345369381349e-20 2.5168220946412024e-17 -6.9937888009451929e-18 50.000000000000007 50.000000000000028 50.000000000000007 7.1054273576010019e-15 2.8421709430404007e-14 1.0000000000000049 1969.865651247545 8030.1343487500253 0.027444302340716348 0 0 0.99973874397950047 5.5559529508801484e-18 0.99999999999999978 -2.4308463228428501e-14 1.9503954158176765e-13 -2.1135426047522529e-16 0.33365000806641076 0.33326290154714577 0.00038710651926499029 4.8125118048062513e-05
4000 0 0 0.0087496820012782865 25.030398203813984 6.7734059174018251e-05 2.4210069165429057e-05 6.7734059174020378e-05 2.4210069165429047e-05 6.7734059174018251e-05 -4.3326453536008702e-18 1.662281423620475e-17 -1.2143064331841005e-20 -5.2214833355403715e-18 -9.7534178219365382e-18 50.000000000000007 50.000000000000036 50.000000000000007 7.1054273576010019e-15 3.5527136788005009e-14 1.0000000000000013 1969.8656512474774 8030.1343487497088 0.027443342595378114 0 0 0.99972212229382851 5.5532259027087941e-18 0.99999999999999978 -4.3320815472941573e-14 1.6534601535743486e-13 -1.2640091997049184e-16 0.33362375347762135 0.33327419124013585 0.00034956223748550119 2.4210069165429057e-05
4500 0 0 0.0087136144132754743 25.030436634547833 5.1792479410201866e-05 8.8101859559960802e-06 5.1792479410226539e-05 8.810185955996109e-06 5.1792479410201866e-05 -8.5119411519257189e-18 2.6378205175711765e-17 4.1633363423456683e-21 -2.3295857520975705e-17 2.6796302034529066e-17 50.000000000000007 50.000000000000043 50.000000000000007 7.1054273576010019e-15 4.2632564145606011e-14 1.0000000000000004 1969.8656512474192 8030.1343487493905 0.027443397550359922 0 0 0.99972614725057207 5.5487689472892293e-18 0.99999999999999978 -8.4871549350072628e-14 2.6389670783083952e-13 3.9304837114397921e-17 0.33362171153438974 0.33327359078282248 0.00034812075156726019 8.8101859559960802e-06
5000 0 0 0.0092829821809508068 25.030010060068971 7.0606572087610406e-05 2.1285918536000445e-05 7.0606572087587733e-05 2.1285918536000479e-05 7.0606572087610406e-05 -7.405881463642842e-18 2.4672625054131787e-17 -3.4694469519548594e-22 -3.8282957837550506e-17 6.9474321155544183e-17 50.000000000000007 50.00000000000005 50.000000000000007 7.1054273576010019e-15 4.9737991503207013e-14 1.0000000000000029 1969.8656512473397 8030.1343487491768 0.027444110309315234 0 0 0.99974515701075328 5.5449124250864764e-18 0.99999999999999978 -7.4257007640565146e-14 2.4700844147343122e-13 1.2215080178124773e-17 0.33363603828517063 0.33326516419608027 0.00037087408909036723 2.1285918536000445e-05
5500 0 0 0.010001692217627967 25.029465716372329 7.2324928383281513e-05 2.3380923003693953e-05 7.2324928383263245e-05 2.3380923003693926e-05 7.2324928383281513e-05 -9.215198049087461e-18 2.4919302732416208e-17 1.7347234759774598e-21 -2.7499486691430952e-17 5.0886487590312726e-17 49.999999999999993 50.000000000000071 49.999999999999993 -7.1054273576010019e-15 7.1054273576010019e-14 1.0000000000000029 1969.8656512472669 8030.1343487488857 0.027444960820678144 0 0 0.99976137876793736 5.5426183905539814e-18 0.99999999999999978 -9.2416091504782705e-14 2.4879112713125512e-13 6.0705743603699835e-18 0.33365464031889358 0.3332550436063243 0.00039959671256928342 2.3380923003693953e-05
6000 0 0 0.010505670841813339 25.029082158072487 6.1618661404659033e-05 1.5875176152127264e-05 6.1618661404633663e-05 1.5875176152127257e-05 6.1618661404659033e-05 -1.0601935995784253e-17 2.5269716874564632e-17 1.1102230246256172e-20 -1.5248179843211737e-17 4.7962178004524093e-17 49.999999999999986 50.000000000000078 49.999999999999986 -1.4210854715202004e-14 7.815970093361102e-14 1.0000000000000022 1969.865651247198 8030.1343487485947 0.027445537684321474 0 0 0.999720133909903 5.5421237826345666e-18 0.99999999999999978 -1.0606202352504408e-13 2.5245142066474138e-13 4.5402134092547089e-17 0.33366786725054792 0.33324812869299858 0.00041973855754934286 1.5875176152127264e-05
6500 0 0 0.010646126827153565 25.028973849344005 4.9430405905847189e-05 7.4913068352291606e-06 4.94304059058417e-05 7.4913068352291928e-06 4.9430405905847189e-05 -7.99117716443843e-18 2.3765711620893174e-17 3.122502256759687e-21 -2.0817521361632617e-17 1.2412583011310297e-17 49.999999999999979 50.000000000000092 49.999999999999979 -2.1316282072803006e-14 9.2370555648813024e-14 1.0000000000000013 1969.8656512471298 8030.1343487483418 0.027445681970963601 0 0 0.99971069796934997 5.5434157015642591e-18 0.99999999999999978 -8.0200372604256962e-14 2.3705659949537243e-13 3.3250173862992261e-17 0.33367170012588704 0.33324634801631853 0.00042535210956851088 7.4913068352291606e-06
7000 0 0 0.010481637985311607 25.029097169567031 5.5441050708482301e-05 9.371506236228356e-06 5.5441050708498944e-05 9.371506236228378e-06 5.5441050708482301e-05 -7.7632344996952298e-18 2.160216450165462e-17 -3.4694469519553228e-21 -3.7516928522214265e-18 -4.7909187091955315e-17 49.999999999999972 50.000000000000092 49.999999999999972 -2.8421709430404007e-14 9.2370555648813024e-14 1.0000000000000018 1969.8656512470714 8030.1343487481299 0.027445472584011296 0 0 0.99972680794169899 5.5452311861016936e-18 0.99999999999999978 -7.7741415735466113e-14 2.1625365401107725e-13 -1.8887739340877801e-17 0.33366757119932405 0.33324879309021765 0.00041877810910639912 9.371506236228356e-06
7500 0 0 0.010183982398747543 25.029322050208425 5.8026672558281064e-05 1.1860560247718845e-05 5.802667255826005e-05 1.1860560247718887e-05 5.8026672558281064e-05 -8.6493312512248988e-18 2.2249563302890204e-17 1.1102230246257392e-20 1.1150153534564486e-17 -7.5752122921569164e-17 49.999999999999972 50.000000000000099 49.999999999999972 -2.8421709430404007e-14 9.9475983006414026e-14 1.0000000000000002 1969.8656512469943 8030.134348747777 0.027445115051607766 0 0 0.99975341675812446 5.5466088439234952e-18 0.99999999999999978 -8.6369686359485942e-14 2.224538878570128e-13 1.4574685013579232e-16 0.33365991797211958 0.33325303590083061 0.00040688207128897202 1.1860560247718845e-05
8000 0 0 0.0099263807976636663 25.029517048043708 5.6521716314280186e-05 1.0401365812335299e-05 5.6521716314299844e-05 1.0401365812335275e-05 5.6521716314280186e-05 -1.3184245362126354e-17 2.0937418465661463e-17 2.4286128663688976e-21 -1.1356224903516197e-17 -4.8900541386336745e-17 49.999999999999964 50.000000000000107 49.999999999999964 -3.5527136788005009e-14 1.0658141036401503e-13 1.0000000000000011 1969.8656512469122 8030.1343487475915 0.02744481160124345 0 0 0.99976115421329759 5.5472155291141522e-18 0.99999999999999978 -1.3167928114129067e-13 2.0917353949195111e-13 5.0600908761250532e-17 0.33365325560045944 0.33325666861164099 0.00039658698881844812 1.0401365812335299e-05
8500 0 0 0.0098078644434137462 25.029606870030552 5.3137830663475128e-05 7.6469421490117906e-06 5.3137830663496229e-05 7.6469421490117652e-06 5.3137830663475128e-05 -1.8765891618433151e-17 2.1262158700365271e-17 1.0061396160671511e-20 -3.7695349001483138e-17 -2.8023290322248955e-17 49.999999999999957 50.000000000000114 49.999999999999957 -4.2632564145606011e-14 1.1368683772161603e-13 1.0000000000000009 1969.865651246849 8030.1343487472277 0.02744467520429892 0 0 0.99975792582262879 5.5469105296658127e-18 0.99999999999999978 -1.8782169558789058e-13 2.1278896576963065e-13 1.157286988503398e-16 0.33365018072686514 0.33325833020782414 0.00039185051904100376 7.6469421490117906e-06
9000 0 0 0.0098347115862287074 25.029586573304744 5.0252639069778053e-05 7.0976674332922015e-06 5.0252639069764053e-05 7.0976674332921787e-06 5.0252639069778053e-05 -1.6108642197930706e-17 2.5647539647637941e-17 -6.2450045135204121e-21 -5.2510032822599449e-17 -1.6301994726382382e-18 49.99999999999995 50.000000000000128 49.99999999999995 -4.9737991503207013e-14 1.2789769243681803e-13 1.0000000000000069 1969.8656512467694 8030.1343487469567 0.027444710071791431 0 0 0.99975867872675683 5.546192182489696e-18 0.99999999999999978 -1.612585459297613e-13 2.5676199769721899e-13 -7.7993974057966575e-17 0.33365087340681093 0.33325794995370372 0.00039292345310720789 7.0976674332922015e-06
9500 0 0 0.0099481486836316569 25.029500623262628 4.8857785821157626e-05 7.9119203096610858e-06 4.885778582115686e-05 7.9119203096610926e-06 4.8857785821157626e-05 -1.9773072068587061e-17 2.3877427812750892e-17 -3.469446951955899e-21 -2.358690304032777e-17 2.1186900923907867e-17 49.999999999999943 50.000000000000142 49.999999999999943 -5.6843418860808015e-14 1.4210854715202004e-13 1.0000000000000009 1969.8656512467116 8030.1343487466884 0.027444845328231441 0 0 0.99976177766573582 5.5454498230453857e-18 0.99999999999999978 -1.9759557480553072e-13 2.3821223455033829e-13 -7.3587475694017356e-17 0.33365381483463352 0.33325635789638419 0.00039745693824932982 7.9119203096610858e-06
10000 0 0 0.01007106508608166 25.029407466538338 4.8842494734964521e-05 7.9255711843581184e-06 4.8842494734939171e-05 7.9255711843581116e-06 4.8842494734964521e-05 -2.1986232279240559e-17 2.6601290614732469e-17 2.081668171173618e-21 -9.3097231689287367e-19 5.9129270290870267e-17 49.999999999999929 50.000000000000156 49.999999999999929 -7.1054273576010019e-14 1.5631940186722204e-13 1.0000000000000007 1969.865651246638 8030.1343487463982 0.027444990006705972 0 0 0.99976335820856232 5.5450734768088288e-18 0.99999999999999978 -2.199092145097427e-13 2.6617026790161059e-13 2.470991118106236e-17 0.33365700388072167 0.33325463458374388 0.00040236929697778923 7.9255711843581184e-06
10500 0 0 0.010147324683893101 25.029349680369844 4.974470816039712e-05 7.3038376314512222e-06 4.9744708160417679e-05 7.3038376314512433e-06 4.974470816039712e-05 -2.3606117061109648e-17 2.9616586960678484e-17 3.4694469519561503e-21 1.0270118164213086e-17 6.9350872225127197e-17 49.999999999999915 50.000000000000171 49.999999999999915 -8.5265128291212022e-14 1.7053025658242404e-13 1.0000000000000009 1969.8656512465698 8030.1343487461318 0.027445078754549466 0 0 0.99975677905768801 5.5450933103900268e-18 0.99999999999999978 -2.3600641850709251e-13 2.96458129007656e-13 3.8503275609330454e-17 0.33365898144411205 0.33325356441116966 0.00040541703294239007 7.3038376314512222e-06
11000 0 0 0.010159172224598655 25.029340738509681 5.0959148152591606e-05 6.9785380899328083e-06 5.0959148152564406e-05 6.9785380899328083e-06 5.0959148152591606e-05 -2.2264134980093694e-17 2.5959095983927108e-17 3.4694469519562571e-21 3.4959701967154195e-18 -1.7658003728312361e-17 49.999999999999901 50.000000000000171 49.999999999999901 -9.9475983006414026e-14 1.7053025658242404e-13 1.000000000000002 1969.8656512465075 8030.1343487458662 0.027445091611997985 0 0 0.99975570703565186 5.545407393330102e-18 0.99999999999999978 -2.2251287861793701e-13 2.5980808940297301e-13 3.6943199337536607e-17 0.33365928514194132 0.33325339461806636 0.00040589052387496327 6.9785380899328083e-06
11500 0 0 0.010122405467457898 25.029368660610931 5.1869356170308295e-05 7.0906654865053035e-06 5.1869356170280248e-05 7.0906654865053476e-06 5.1869356170308295e-05 -2.0288631885650444e-17 2.9379276789166513e-17 -1.8041124150173108e-20 -5.8507114253487628e-17 -3.2396738236810774e-17 49.999999999999886 50.000000000000178 49.999999999999886 -1.1368683772161603e-13 1.7763568394002505e-13 1.0000000000000007 1969.8656512464261 8030.1343487456224 0.027445047799695543 0 0 0.9997587900286159 5.545762568134535e-18 0.99999999999999978 -2.0297770354695682e-13 2.9375549419335323e-13 -1.9274413647069128e-16 0.33365832537427803 0.33325390424785195 0.00040442112642607997 7.0906654865053035e-06
12000 0 0 0.010068646473832391 25.029409459691404 5.2141254767744655e-05 7.1753994757648604e-06 5.2141254767716886e-05 7.1753994757648765e-06 5.2141254767744655e-05 -1.3189796477252866e-17 2.8047703049006399e-17 8.673617379891145e-21 -8.1223215612715258e-17 -5.7369976973129919e-18 49.999999999999879 50.000000000000199 49.999999999999879 -1.2079226507921703e-13 1.9895196601282805e-13 1.0000000000000007 1969.8656512463619 8030.1343487453487 0.027444984664003556 0 0 0.99976333611888601 5.5459978316232248e-18 0.99999999999999978 -1.3186827126483094e-13 2.8053892149322406e-13 8.4485789654303364e-17 0.33365692474789332 0.33325465211377275 0.00040227263412057068 7.1753994757648604e-06
12500 0 0 0.010026558590916577 25.029441392567374 5.1848406583808385e-05 7.0846509308724073e-06 5.1848406583781991e-05 7.0846509308724175e-06 5.1848406583808385e-05 -1.7748649772124497e-17 2.6927418628220938e-17 5.551115123130597e-21 -4.2208732843884837e-17 2.4486913968348618e-17 49.999999999999879 50.000000000000199 49.999999999999879 -1.2079226507921703e-13 1.9895196601282805e-13 1.000000000000002 1969.8656512462837 8030.1343487450304 0.027444935686705359 0 0 0.99976387760975649 5.5460498518484868e-18 0.99999999999999978 -1.780791428911879e-13 2.6933644153600293e-13 8.9271577015355963e-17 0.33365582911454 0.33325523852869121 0.00040059058584879237 7.0846509308724073e-06
13000 0 0 0.010010454860172328 25.029453603190355 5.1311788708110978e-05 6.9882938561829881e-06 5.1311788708087952e-05 6.9882938561829907e-06 5.1311788708110978e-05 -2.2492424589535821e-17 2.202439619571685e-17 1.7347234759783911e-21 -2.7524362357754665e-17 3.7621185760539589e-17 49.999999999999872 50.000000000000213 49.999999999999872 -1.2789769243681803e-13 2.1316282072803006e-13 1.0000000000000007 1969.865651246213 8030.1343487447239 0.027444917332606365 0 0 0.99976348042815599 5.5459517561795377e-18 0.99999999999999978 -2.2475469024444684e-13 2.204244598042791e-13 1.1518777160308761e-17 0.33365541073534494 0.33325546373614651 0.00039994699919843058 6.9882938561829881e-06
13500 0 0 0.010018803374871569 25.029447257476168 5.0849930331739422e-05 6.9845651028130845e-06 5.0849930331722874e-05 6.9845651028130905e-06 5.0849930331739422e-05 -1.7897489046364772e-17 2.1724982923763603e-17 -5.5511151231310108e-21 -2.4688475664042976e-17 1.8106407992753761e-17 49.999999999999865 50.000000000000213 49.999999999999865 -1.3500311979441904e-13 2.1316282072803006e-13 1.0000000000000038 1969.8656512461425 8030.1343487444483 0.027444927513345499 0 0 0.99976367771722141 5.5457934209498922e-18 0.99999999999999978 -1.7906289209126629e-13 2.1717697561600072e-13 -2.062786667235514e-17 0.33365562928756842 0.33325534863926609 0.00040028064830233134 6.9845651028130845e-06
14000 0 0 0.010040047250795249 25.029431127779592 5.0632372068134019e-05 7.0099792726684106e-06 5.0632372068114104e-05 7.0099792726684157e-06 5.0632372068134019e-05 -2.1480039968956174e-17 2.2471607907825485e-17 2.7755575615655994e-21 5.5546195615413952e-18 -4.864400421739322e-18 49.999999999999858 50.00000000000022 49.999999999999858 -1.4210854715202004e-13 2.2026824808563106e-13 1.0000000000000013 1969.8656512460652 8030.1343487441145 0.027444952538512979 0 0 0.99976418688262103 5.5456756641490446e-18 0.99999999999999978 -2.1489282792455655e-13 2.2509883865558147e-13 2.6212349841931547e-17 0.33365618348126175 0.33325505381916359 0.00040112966209815415 7.0099792726684106e-06
14500 0 0 0.010060845600193808 25.029415339397485 5.0667296731336986e-05 7.0046987453407868e-06 5.0667296731315878e-05 7.0046987453407919e-06 5.0667296731336986e-05 -2.3616872346667385e-17 2.273736754434625e-17 -7.9797279895013999e-21 8.0265595778651495e-18 -2.2720648472807907e-17 49.999999999999851 50.00000000000022 49.999999999999851 -1.4921397450962104e-13 2.2026824808563106e-13 1.0000000000000038 1969.8656512460025 8030.1343487438953 0.027444976793318816 0 0 0.9997640548417881 5.5456228731212617e-18 0.99999999999999978 -2.3593537604724383e-13 2.2725454258854135e-13 -5.3905049074158725e-17 0.33365672571362559 0.3332547648422361 0.0004019608713894951 7.0046987453407868e-06
15000 0 0 0.010072396770301457 25.029406571871618 5.0857735477591045e-05 6.9840030141675758e-06 5.0857735477568616e-05 6.9840030141675962e-06 5.0857735477591045e-05 -2.6975990885553029e-17 2.084443728735902e-17 -4.5102810375443949e-21 -2.3041806628603292e-18 -2.1891244376785289e-17 49.999999999999844 50.000000000000227 49.999999999999844 -1.5631940186722204e-13 2.2737367544323206e-13 1.0000000000000016 1969.8656512459424 8030.1343487436352 0.027444990087949185 0 0 0.99976307907772521 5.5456393520619724e-18 0.99999999999999978 -2.7021063880671462e-13 2.0865415318237576e-13 -7.9437557662909944e-17 0.33365702673471365 0.33325460421856734 0.00040242251614630575 6.9840030141675758e-06
15500 0 0 0.010072746940610408 25.029406307119114 5.1073173285473112e-05 6.9768208706388885e-06 5.1073173285491083e-05 6.9768208706389097e-06 5.1073173285473112e-05 -2.8636815141455945e-17 1.9519455496407229e-17 1.2143064331850715e-20 1.7405180687594625e-18 2.2755962681675802e-17 49.999999999999837 50.000000000000242 49.999999999999837 -1.6342482922482304e-13 2.4158453015843406e-13 1.000000000000002 1969.8656512458656 8030.1343487433269 0.027444990274489756 0 0 0.99976304785027903 5.5456996272354647e-18 0.99999999999999978 -2.8639105942030981e-13 1.9550972994136542e-13 1.5520781408502514e-16 0.33365703574110772 0.33325459923034856 0.0004024365107591632 6.9768208706388885e-06
16000 0 0 0.010065398953360005 25.029411885621897 5.1212588237322957e-05 6.981116230411191e-06 5.1212588237299606e-05 6.9811162304111792e-06 5.1212588237322957e-05 -2.8224644843564477e-17 2.1989701726201693e-17 -5.898059818327713e-21 -2.8266540162994233e-17 5.5549662570217172e-17 49.999999999999829 50.000000000000242 49.999999999999829 -1.7053025658242404e-13 2.4158453015843406e-13 1.0000000000000022 1969.8656512457876 8030.1343487431059 0.027444981548395496 0 0 0.99976366647829562 5.545753456900736e-18 0.99999999999999978 -2.8223063219938793e-13 2.198933023870236e-13 -2.9539379222086804e-17 0.33365684410317725 0.33325470125621959 0.00040214284695766489 6.981116230411191e-06
16500 0 0 0.010056025937194487 25.029419000935057 5.1239518695266644e-05 6.9827343580732095e-06 5.1239518695241986e-05 6.9827343580732095e-06 5.1239518695266644e-05 -2.0096077579824003e-17 2.3717486308277346e-17 6.9388939039151986e-22 -4.0749560147895589e-17 8.2194942124769407e-17 49.999999999999829 50.000000000000249 49.999999999999829 -1.7053025658242404e-13 2.4868995751603507e-13 1.0000000000000018 1969.8656512457244 8030.134348742793 0.027444970573271645 0 0 0.99976445652226853 5.5457858251043613e-18 0.99999999999999978 -2.0072009392714573e-13 2.3693867196856566e-13 -8.611183931333323e-18 0.33365659971927858 0.33325483146661483 0.00040176825266374783 6.9827343580732095e-06
17000 0 0 0.01004932208597047 25.029424089924639 5.117871181218247e-05 6.9794256253306365e-06 5.1178711812163435e-05 6.9794256253306187e-06 5.117871181218247e-05 -2.2291890555718632e-17 1.793669379692613e-17 -8.6736173798942581e-21 -6.507579196231631e-17 2.1787561247491167e-17 49.999999999999822 50.000000000000249 49.999999999999822 -1.7763568394002505e-13 2.4868995751603507e-13 1.0000000000000007 1969.8656512456535 8030.1343487424583 0.027444962807239515 0 0 0.99976439114984017 5.545791326344924e-18 0.99999999999999978 -2.231014322665197e-13 1.7949315837358112e-13 -9.4880608774577124e-17 0.33365642494540904 0.33325492461324535 0.00040150033216368453 6.9794256253306365e-06
17500 0 0 0.010047301617871811 25.029425623770926 5.1085348987756645e-05 6.9769040523416448e-06 5.10853489877403e-05 6.9769040523416541e-06 5.1085348987756645e-05 -2.5651009094605093e-17 1.4999113062704135e-17 -2.775557561566272e-21 -6.0171840060639123e-17 -2.0926437569707306e-18 49.999999999999815 50.000000000000256 49.999999999999815 -1.8474111129762605e-13 2.5579538487363607e-13 1.0000000000000011 1969.8656512455811 8030.1343487422109 0.027444960546582541 0 0 0.99976434705953843 5.5457719615426056e-18 0.99999999999999978 -2.5656869588398243e-13 1.4963952899704525e-13 -3.1854492189214793e-17 0.33365637227038125 0.33325495268653232 0.00040141958384892762 6.9769040523416448e-06
18000 0 0 0.010049306145577371 25.029424102390511 5.1010407890928757e-05 6.9771481244353251e-06 5.101040789090109e-05 6.9771481244353099e-06 5.1010407890928757e-05 -2.6679353171166232e-17 1.8569867865659723e-17 2.151057110213928e-20 -5.2834903871769708e-17 2.9949653546428415e-17 49.999999999999801 50.000000000000263 49.999999999999801 -1.9895196601282805e-13 2.6290081223123707e-13 1.000000000000002 1969.8656512455195 8030.1343487419181 0.027444962968641209 0 0 0.9997643908737508 5.5457466921795467e-18 0.99999999999999978 -2.6653420156144444e-13 1.8553887672984044e-13 2.1688504812467081e-16 0.33365642451637983 0.33325492482128227 0.00040149969509756245 6.9771481244353251e-06
18500 0 0 0.010053159369319338 25.029421177507658 5.0979950490610258e-05 6.9778319060292928e-06 5.0979950490584075e-05 6.9778319060292902e-06 5.0979950490610258e-05 -2.7781249523109154e-17 2.0457940896916032e-17 9.7144514654826322e-21 -7.3328784131488743e-18 3.8100034910081781e-17 49.999999999999787 50.000000000000277 49.999999999999787 -2.1316282072803006e-13 2.7711166694643907e-13 1.0000000000000011 1969.8656512454361 8030.1343487416907 0.027444967503323387 0 0 0.99976447507410182 5.545727641531173e-18 0.99999999999999978 -2.7778627278806133e-13 2.0484749643195002e-13 6.6292442980673255e-17 0.33365652495805231 0.3332548712682597 0.00040165368979261373 6.9778319060292928e-06
19000 0 0 0.010056599689292027 25.029418566026656 5.0992432839164727e-05 6.9775138005624686e-06 5.0992432839142419e-05 6.9775138005624559e-06 5.0992432839164727e-05 -2.9935429135581014e-17 2.0657781041349568e-17 -4.5102810375456716e-21 -3.8518854849786183e-17 5.9037569257753083e-17 49.999999999999773 50.00000000000027 49.999999999999773 -2.2737367544323206e-13 2.7000623958883807e-13 1.0000000000000011 1969.8656512453695 8030.1343487413869 0.027444971509452028 0 0 0.99976440752505669 5.545720267538026e-18 0.99999999999999978 -2.9898642579510846e-13 2.064807128948339e-13 -6.113925967590809e-18 0.33365661463665802 0.33325482345390389 0.00040179118275412984 6.9775138005624686e-06
19500 0 0 0.010058280917628818 25.029417289804201 5.1028512072538947e-05 6.9769085627733762e-06 5.1028512072504713e-05 6.9769085627733762e-06 5.1028512072538947e-05 -3.3040237212889239e-17 2.2699203627882344e-17 -1.665334536939982e-20 -4.1454136802221907e-17 5.4698737817483887e-17 49.999999999999758 50.000000000000277 49.999999999999758 -2.4158453015843406e-13 2.7711166694643907e-13 1.0000000000000064 1969.865651245309 8030.1343487410732 0.027444973434906084 0 0 0.9997642657025021 5.5457256589569226e-18 0.99999999999999978 -3.296084286627458e-13 2.2706578434068397e-13 -1.4046354987174667e-16 0.33365665846292619 0.33325480008959019 0.00040185837333600594 6.9769085627733762e-06
20000 0 0 0.010058053215242344 25.029417462566251 5.1065019001901777e-05 6.9767757375845716e-06 5.1065019001875424e-05 6.9767757375845589e-06 5.1065019001901777e-05 -2.4532112452602919e-17 2.7718105588586356e-17 -6.5919492087210324e-21 -3.4693935540231503e-18 3.9992643075151863e-17 49.999999999999737 50.000000000000277 49.999999999999737 -2.6290081223123707e-13 2.7711166694643907e-13 1.0000000000000042 1969.8656512452446 8030.1343487407912 0.027444973129527789 0 0 0.99976428498835535 5.5457364771368638e-18 0.99999999999999978 -2.4546749859678819e-13 2.7738540777197665e-13 -6.526730949032682e-17 0.33365665253217158 0.33325480325899992 0.00040184927317166164 6.9767757375845716e-06
20500 0 0 0.010056637367345633 25.029418537214394 5.1086084162037113e-05 6.9769172783726058e-06 5.1086084162006484e-05 6.9769172783725906e-06 5.1086084162037113e-05 -2.4513724383758385e-17 3.1983096726629963e-17 -7.979727989504683e-21 3.0655257850347419e-17 6.8765164099066281e-18 49.999999999999723 50.000000000000306 49.999999999999723 -2.7711166694643907e-13 3.0553337637684308e-13 1.0000000000000011 1969.8656512451514 8030.1343487405675 0.027444971452453761 0 0 0.99976440454102755 5.5457462455699558e-18 0.99999999999999978 -2.4512384589483214e-13 3.1966945624148493e-13 -1.0084695732218489e-16 0.33365661563145105 0.33325482294288367 0.00040179268856738171 6.9769172783726058e-06
21000 0 0 0.010055030476542369 25.029419756902822 5.1087640324398472e-05 6.9769331639598596e-06 5.1087640324364265e-05 6.9769331639598224e-06 5.1087640324398472e-05 -3.0436417275447803e-17 3.5865060921177525e-17 1.7347234759793338e-21 -5.0513222550276268e-18 5.6593772833676862e-18 49.999999999999702 50.000000000000327 49.999999999999702 -2.9842794901924208e-13 3.2684965844964609e-13 1.0000000000000002 1969.8656512450837 8030.1343487402355 0.027444969573055138 0 0 0.99976451160530011 5.5457516753263769e-18 0.99999999999999978 -3.0397135487282561e-13 3.5833494803683805e-13 5.453689482408774e-17 0.33365657375002328 0.33325484528111743 0.00040172846890584868 6.9769331639598596e-06
21500 0 0 0.010053986607000779 25.0294205492558 5.1075376250671428e-05 6.9768233224986207e-06 5.1075376250636761e-05 6.9768233224986038e-06 5.1075376250671428e-05 -3.4387076519644385e-17 3.2879948763713485e-17 -2.7755575615670349e-21 -4.2631588182412951e-17 3.2953383710800484e-17 49.99999999999968 50.000000000000334 49.99999999999968 -3.1974423109204508e-13 3.3395508580724709e-13 1.0000000000000004 1969.8656512450107 8030.1343487400045 0.027444968366358034 0 0 0.99976449116534716 5.5457514521969674e-18 0.99999999999999978 -3.4416832703071263e-13 3.2855811321046705e-13 -1.725599338398231e-17 0.33365654654243365 0.33325485979194674 0.00040168675048690705 6.9768233224986207e-06
22000 0 0 0.01005377146566289 25.02942071257786 5.1059091713267928e-05 6.976761925152519e-06 5.1059091713234196e-05 6.9767619251525249e-06 5.1059091713267928e-05 -3.8975420113611488e-17 3.1678479284251451e-17 -1.1102230246268594e-20 -3.0227893678635911e-17 6.8682053265891182e-18 49.999999999999659 50.000000000000348 49.999999999999659 -3.4106051316484809e-13 3.4816594052244909e-13 1.000000000000002 1969.8656512449481 8030.1343487397253 0.02744496813238188 0 0 0.99976448695709386 5.5457478445286598e-18 0.99999999999999978 -3.8946116839334854e-13 3.1640083190701407e-13 -9.8042974251723393e-17 0.33365654093442815 0.33325486278210037 0.00040167815232777793 6.976761925152519e-06
22500 0 0 0.010054207332161622 25.029420381755653 5.1047110870678748e-05 6.9767782453134653e-06 5.1047110870639608e-05 6.976778245313478e-06 5.1047110870678748e-05 -3.7748623671399771e-17 2.6697047350629499e-17 1.1796119636660683e-20 -8.766429468603911e-17 1.6630149907163825e-17 49.999999999999631 50.000000000000377 49.999999999999631 -3.694822225952521e-13 3.765876499528531e-13 1.0000000000000024 1969.8656512448761 8030.1343487394497 0.02744496865455244 0 0 0.99976449549797752 5.545743458462298e-18 0.99999999999999978 -3.774764890574249e-13 2.6654408225578168e-13 1.2346573729206789e-16 0.33365655229412428 0.33325485672232069 0.00040169557180358417 6.9767782453134653e-06
23000 0 0 0.010054894213725012 25.029419860394654 5.1043180824198055e-05 6.9767952341193827e-06 5.1043180824165231e-05 6.9767952341193903e-06 5.1043180824198055e-05 -4.3600539845270964e-17 3.0496438707721157e-17 -1.457167719822854e-20 -8.6331209664560276e-17 4.044411591884195e-17 49.999999999999609 50.000000000000391 49.999999999999609 -3.907985046680551e-13 3.907985046680551e-13 1.0000000000000029 1969.8656512447967 8030.134348739206 0.027444969461439938 0 0 0.99976450895348568 5.5457401446419397e-18 0.99999999999999978 -4.3592144478227077e-13 3.054289385381424e-13 -1.4653927956195682e-16 0.33365657019630246 0.33325484717316378 0.00040172302313867814 6.9767952341193827e-06
23500 0 0 0.010055454539263296 25.029419435086403 5.1046363813873896e-05 6.9767817184965695e-06 5.1046363813846913e-05 6.9767817184966e-06 5.1046363813873896e-05 -4.2566297708893124e-17 2.9335214812901241e-17 -7.632783294310401e-21 -2.9772844864222032e-17 7.9226142301705266e-17 49.999999999999588 50.000000000000398 49.999999999999588 -4.1211478674085811e-13 3.979039320256561e-13 1.0000000000000011 1969.865651244736 8030.1343487389231 0.027444970112828478 0 0 0.9997645043555895 5.5457393012069083e-18 0.99999999999999978 -4.2532029466324578e-13 2.9361817110676971e-13 -5.3891411677089273e-17 0.33365658480010624 0.33325483938346395 0.00040174541664228514 6.9767817184965695e-06
24000 0 0 0.010055688380349632 25.029419257587733 5.1052971083195144e-05 6.9767648032859737e-06 5.1052971083162164e-05 6.9767648032859848e-06 5.1052971083195144e-05 -4.2838649294623652e-17 3.0705646358926387e-17 7.9797279895066496e-21 -3.3539952696579313e-17 6.2527473983802535e-17 49.999999999999567 50.000000000000412 49.999999999999567 -4.3343106881366111e-13 4.1211478674085811e-13 1.0000000000000002 1969.865651244658 8030.1343487386366 0.027444970379035198 0 0 0.99976448461308332 5.5457403455687827e-18 0.99999999999999978 -4.2837551539811055e-13 3.0676993023559351e-13 8.7384329092975138e-17 0.33365659089467892 0.33325483613253831 0.00040175476214060479 6.9767648032859737e-06
24500 0 0 0.010055601569205755 25.029419323475413 5.1059042884917135e-05 6.9767629911170353e-06 5.1059042884882128e-05 6.9767629911170548e-06 5.1059042884917135e-05 -4.4843642688162094e-17 3.2631883306655056e-17 2.0816681711756986e-21 -3.4462782126345674e-17 4.8286801250841469e-17 49.999999999999545 50.000000000000433 49.999999999999545 -4.5474735088646412e-13 4.3343106881366111e-13 1.0000000000000007 1969.8656512445873 8030.1343487383629 0.027444970271108322 0 0 0.99976449194232875 5.5457422174550814e-18 0.99999999999999978 -4.4879331066169291e-13 3.2643779974356665e-13 5.2645440438740925e-18 0.33365658863201181 0.33325483733929306 0.00040175129271874388 6.9767629911170353e-06
25000 0 0 0.010055336069431618 25.029419524996271 5.1062139410583196e-05 6.9767670601724866e-06 5.1062139410547166e-05 6.9767670601724807e-06 5.1062139410583196e-05 -4.7931797420103292e-17 3.349438781891362e-17 3.1225022567636814e-21 5.8714091685691766e-18 -2.8852252504006322e-18 49.999999999999524 50.000000000000441 49.999999999999524 -4.7606363295926712e-13 4.4053649617126212e-13 1.0000000000000009 1969.8656512445257 8030.1343487380427 0.027444969957546514 0 0 0.99976451435759883 5.5457439056007023e-18 0.99999999999999978 -4.790285447370159e-13 3.3490347445227204e-13 3.9556001568478087e-17 0.33365658171216417 0.33325484103018832 0.00040174068197584845 6.9767670601724866e-06
25500 0 0 0.010055064459016622 25.029419731157908 5.1061897207361206e-05 6.9767664403570855e-06 5.1061897207328368e-05 6.9767664403571117e-06 5.1061897207361206e-05 -3.8916439515437757e-17 3.0793076422119106e-17 -1.873501354058286e-20 -6.6747038681024508e-17 -1.4673846984666633e-20 49.999999999999503 50.000000000000462 49.999999999999503 -4.9737991503207013e-13 4.6185277824406512e-13 1.0000000000000004 1969.8656512444572 8030.1343487377571 0.027444969640405822 0 0 0.99976451228801178 5.5457445859438714e-18 0.99999999999999978 -3.8871169839512829e-13 3.0831112140099226e-13 -2.0520542783589265e-16 0.33365657463310183 0.33325484480608153 0.00040172982702030291 6.9767664403570855e-06
26000 0 0 0.010054905653089148 25.029419851698755 5.1059509615649295e-05 6.976762986432833e-06 5.1059509615619168e-05 6.9767629864328627e-06 5.1059509615649295e-05 -3.4728817044423234e-17 2.8298197118965592e-17 9.3675067702916859e-21 -4.4541028027048564e-17 -3.9116007168886191e-17 49.999999999999481 50.000000000000469 49.999999999999481 -5.1869619710487314e-13 4.6895820560166612e-13 1.0000000000000007 1969.8656512443793 8030.1343487375434 0.027444969457373604 0 0 0.99976450917731541 5.5457444168968266e-18 0.99999999999999978 -3.4688152601956423e-13 2.8289664426625665e-13 7.5525308829925068e-17 0.33365657049414005 0.33325484701382507 0.00040172348031497496 6.976762986432833e-06
26500 0 0 0.010054891218018462 25.029419862657356 5.1056704608994571e-05 6.9767616625966516e-06 5.1056704608959707e-05 6.9767616625966635e-06 5.1056704608994571e-05 -3.3519367836971227e-17 2.5787011415137958e-17 -1.0755285551076026e-20 -1.8398117821751083e-17 -3.0793553401325144e-18 49.999999999999474 50.000000000000483 49.999999999999474 -5.2580162446247414e-13 4.8316906031686813e-13 1.0000000000000044 1969.8656512443142 8030.1343487372296 0.027444969443494678 0 0 0.99976450889434687 5.5457437204128923e-18 0.99999999999999978 -3.3499092748064205e-13 2.5776653499167298e-13 -1.0878437523959122e-16 0.33365657011797711 0.33325484721456217 0.00040172290341494721 6.9767616625966516e-06
27000 0 0 0.010054980275493456 25.029419795060733 5.1054825835161238e-05 6.9767624249631983e-06 5.1054825835126306e-05 6.9767624249631746e-06 5.1054825835161238e-05 -3.3770902740989317e-17 2.2260665533166456e-17 -3.4694469519601098e-21 -1.7348759548276699e-17 8.4601742136567202e-18 49.99999999999946 50.00000000000049 49.99999999999946 -5.4001247917767614e-13 4.9027448767446913e-13 1.0000000000000044 1969.8656512442469 8030.1343487369932 0.027444969549566621 0 0 0.9997645106384786 5.5457429263852016e-18 0.99999999999999978 -3.3821184818971108e-13 2.2306925364038931e-13 1.0182881940778022e-17 0.33365657243916047 0.33325484597654875 0.00040172646261171785 6.9767624249631983e-06
27500 0 0 0.010055100730532838 25.02941970363138 5.1054379719903845e-05 6.9767628533508153e-06 5.1054379719869889e-05 6.9767628533508077e-06 5.1054379719903845e-05 -3.5164232636898012e-17 2.1339527367421969e-17 3.8163916471562853e-21 9.2366713860299774e-18 1.2037029696455695e-17 49.999999999999446 50.000000000000497 49.999999999999446 -5.5422333389287814e-13 4.9737991503207013e-13 1.0000000000000022 1969.8656512441755 8030.1343487366894 0.027444969690800847 0 0 0.99976451299765057 5.5457424530528651e-18 0.99999999999999978 -3.5148327983831663e-13 2.1317728100980779e-13 2.0613678288356408e-17 0.33365657557863437 0.33325484430201696 0.00040173127661741193 6.9767628533508153e-06
28000 0 0 0.010055190488875673 25.029419635501128 5.1055090908294007e-05 6.9767623746863279e-06 5.1055090908269144e-05 6.9767623746863118e-06 5.1055090908294007e-05 -3.1561558921983385e-17 2.6601984504156049e-17 -3.4694469519603584e-22 2.0831872392476782e-17 5.9333158940142169e-17 49.999999999999432 50.000000000000512 49.999999999999432 -5.6843418860808015e-13 5.1159076974727213e-13 1.0000000000000049 1969.8656512441132 8030.1343487364675 0.027444969794929802 0 0 0.99976451475566352 5.5457423727772531e-18 0.99999999999999978 -3.1540395973138884e-13 2.6647179169937342e-13 1.2609207110028887e-17 0.3336565779180195 0.33325484305419495 0.00040173486382455437 6.9767623746863279e-06
28500 0 0 0.010055220924947846 25.029419612398193 5.1056275810382678e-05 6.9767619111771471e-06 5.1056275810354516e-05 6.9767619111771462e-06 5.1056275810382678e-05 -2.8057764445199477e-17 2.972067036927413e-17 1.9081958235782559e-20 9.9146463060230732e-18 5.0129947717543683e-17 49.999999999999417 50.000000000000519 49.999999999999417 -5.8264504332328215e-13 5.1869619710487314e-13 1.0000000000000002 1969.8656512440352 8030.1343487361601 0.027444969829231846 0 0 0.9997645153518242 5.5457425408546438e-18 0.99999999999999978 -2.8043984489646837e-13 2.9707080853184348e-13 1.8707139291758455e-16 0.33365657871124804 0.33325484263104077 0.00040173608020727114 6.9767619111771471e-06
29000 0 0 0.010055198287293197 25.029419629580275 5.10572698686752e-05 6.9767618845012301e-06 5.105726986864779e-05 6.9767618845012073e-06 5.10572698686752e-05 -3.0834709785549663e-17 2.9116986599633981e-17 3.4694469519605808e-22 -2.6664925154280226e-17 1.3390336571902156e-17 49.999999999999403 50.00000000000054 49.999999999999403 -5.9685589803848416e-13 5.4001247917767614e-13 1.0000000000000009 1969.8656512439645 8030.1343487359027 0.02744496980171748 0 0 0.99976451490848062 5.545742868776708e-18 0.99999999999999978 -3.0820671569630674e-13 2.9086388492559387e-13 -3.249157160430837e-17 0.33365657812119393 0.33325484294570429 0.000401735175489637 6.9767618845012301e-06
29500 0 0 0.010055149632950625 25.0294196665104 5.1057707390887406e-05 6.9767619625166974e-06 5.1057707390865302e-05 6.9767619625166856e-06 5.1057707390887406e-05 -2.3804569426792687e-17 3.0882241208792494e-17 -1.8041124150195587e-20 -5.4862247267497519e-19 -2.9380186459875815e-17 49.999999999999389 50.000000000000547 49.999999999999389 -6.1106675275368616e-13 5.4711790653527714e-13 1.000000000000002 1969.8656512438934 8030.1343487356335 0.027444969744394511 0 0 0.99976451395554833 5.5457431275400555e-18 0.99999999999999978 -2.3763612842516304e-13 3.0848419929601186e-13 -1.8446299733193801e-16 0.33365657685306699 0.33325484362205626 0.00040173323101072578 6.9767619625166974e-06
29999 0 0 0.010055102391259231 25.029419702368656 5.1057572579369886e-05 6.9767618935046457e-06 5.1057572579401748e-05 6.9767618935046457e-06 5.1057572579369886e-05 -2.4575480539519581e-17 3.3239383467956248e-17 -5.5511151231373814e-21 -1.3690104945068515e-17 -3.0044010567361652e-17 49.999999999999382 50.000000000000561 49.999999999999382 -6.1817218011128716e-13 5.6132876125047915e-13 1.0000000000000024 1969.8656512438313 8030.1343487353352 0.027444969689332611 0 0 0.99976451303025216 5.5457432390960508e-18 0.99999999999999978 -2.4581033518021189e-13 3.3246950097907913e-13 -9.4422390150323069e-17 0.33365657562177253 0.33325484427878388 0.00040173134298865376 6.9767618935046457e-06
