# step v0 Mach sigma R umax_ref urms_ref umax_mean urms_mean umax_lab mean_x mean_y mean_z drop_ux drop_uy x0 y0 x_unwrapped center_dx center_dy axis_ratio mass_R mass_B min_f negative_total negative_color min_rho min_phi max_phi qx qy qz p_in p_out delta_p urms_lab
0 0 0 -5.560112678108922e-15 25.040521385269312 0.0052126561395491747 0.0010584189702384315 0.0052126561395491747 0.0010584189702384315 0.0052126561395491747 -4.6652209628400026e-23 5.1684120680508949e-20 1.1844843955941292e-20 -1.9039165898165141e-20 3.8042155798112637e-19 50.000000000000007 50.000000000000007 50.000000000000007 7.1054273576010019e-15 7.1054273576010019e-15 1.0000000000000007 1969.8656512480636 8030.1343487520417 0.026582935609667929 0 0 0.99999999999999944 5.1710809399147485e-26 0.99999999999998512 -2.148007287492142e-16 7.5054951901588333e-16 1.038463346302551e-16 0.33333333333333387 0.33333333333333409 -2.2204460492503131e-16 0.0010584189702384315
500 0 0 0.34031943389115044 24.506907889052531 0.025136258891672206 0.013806543767531078 0.025136258891672206 0.013806543767531078 0.025136258891672206 3.8205549834914877e-18 -5.8074205167016109e-19 5.6986615627028026e-21 3.0252169083122547e-18 -1.1345905929220493e-17 50.000000000000007 50.000000000000007 50.000000000000007 7.1054273576010019e-15 7.1054273576010019e-15 1.000000000000002 1969.8656512479699 8030.1343487516106 0.02529132830809603 0 0 0.94762121785046949 3.9733166164478573e-18 0.99999999999999956 3.8427587663574653e-14 3.8607998905076241e-14 9.4303877909551206e-17 0.34762755928930017 0.33374088556318826 0.013886673726111909 0.013806543767531078
1000 0 0 0.79711031577899449 24.072218663233283 0.028475888376464985 0.017399827117276456 0.028475888376464982 0.017399827117276459 0.028475888376464985 3.5166314305005464e-18 -4.38017677684189e-18 -6.3306503401317792e-20 2.1283948429729549e-19 5.541450344095799e-17 50.000000000000007 50.000000000000007 50.000000000000007 7.1054273576010019e-15 7.1054273576010019e-15 1.0000000000000002 1969.8656512478608 8030.1343487511922 0.023983978340045748 0 0 0.95977571009307727 5.7697793379836563e-18 0.99999999999999956 3.4354030037375693e-14 1.8475021859587493e-14 -5.4060003794453509e-16 0.36106756315965299 0.3279542748944354 0.033113288265217589 0.017399827117276456
1500 0 0 1.3505644256862033 23.716131435233724 0.020545477366726916 0.013293421599148226 0.020545477366726926 0.013293421599148224 0.020545477366726916 8.6191470627395646e-18 -1.2349149480785416e-17 -2.7949034131359016e-20 1.6807413418046859e-17 2.6837579569730222e-17 50.000000000000007 49.999999999999993 50.000000000000007 7.1054273576010019e-15 -7.1054273576010019e-15 1.0000000000000004 1969.8656512478055 8030.1343487507502 0.024759093287460995 0 0 0.9490137698262866 5.9090261469381067e-18 0.99999999999999967 8.5302858526814518e-14 -6.4636013555330329e-14 -5.1982207909088509e-16 0.37922716510849613 0.32228008546464892 0.056947079643847209 0.013293421599148226
2000 0 0 1.4972649534732578 23.558826371539642 0.010931165044389167 0.005599605828872767 0.010931165044389176 0.0055996058288727679 0.010931165044389167 9.4368957093156601e-18 5.2320127397208634e-18 -2.1326258474784206e-19 1.2843011898231004e-17 6.0662471238989093e-18 50.000000000000007 49.999999999999993 50.000000000000007 7.1054273576010019e-15 -7.1054273576010019e-15 1.0000000000000007 1969.8656512477094 8030.1343487504182 0.025708500504039278 0 0 0.95617753468473277 5.4332724817997738e-18 0.99999999999999967 9.4376004407259462e-14 7.9494245387723428e-15 -2.2099196540811497e-15 0.38376708690591887 0.32021277694750616 0.063554309958412714 0.005599605828872767
2500 0 0 1.4729083961971055 23.568012574154 0.012048766763394192 0.005544320496627916 0.012048766763394191 0.0055443204966279134 0.012048766763394192 1.2964976314758614e-17 -2.2336299476682801e-18 -9.9484019536928208e-20 1.0813622455933495e-17 -5.8373759844739652e-17 50.000000000000014 49.999999999999993 50.000000000000014 1.4210854715202004e-14 -7.1054273576010019e-15 1.0000000000000009 1969.8656512476152 8030.1343487499535 0.0260460301281219 0 0 0.9638284067641868 5.1444713364998397e-18 0.99999999999999967 1.3013548572082811e-13 -5.5927484865492261e-15 -9.7439272775343413e-16 0.38498954308286715 0.3224934632134776 0.062496079869389543 0.005544320496627916
3000 0 0 1.2564078182082865 23.750635232516839 0.011680071975782988 0.0081576608921518617 0.011680071975782979 0.0081576608921518634 0.011680071975782988 7.8839712536215506e-18 -4.2271741662614404e-18 5.7352382211059938e-20 -1.8376819111336717e-17 -6.4043689855037764e-17 50.000000000000021 49.999999999999993 50.000000000000021 2.1316282072803006e-14 -7.1054273576010019e-15 1.0000000000000007 1969.8656512475459 8030.1343487496661 0.02584968948766584 0 0 0.96652506366786994 5.4149270414362821e-18 0.99999999999999978 8.0068547278489e-14 -4.1805101047565074e-14 7.9437075560567379e-16 0.37830307788935885 0.32540311096602592 0.052899966923332931 0.0081576608921518617
3500 0 0 0.91482548034013278 23.978564897885519 0.012201635694305215 0.0076186542520155403 0.012201635694305211 0.0076186542520155394 0.012201635694305215 2.0640433806569129e-17 4.113723250932733e-18 -1.6917692866217531e-19 2.1010948913723225e-17 -1.7931016303521397e-17 50.000000000000036 50.000000000000007 50.000000000000036 3.5527136788005009e-14 7.1054273576010019e-15 1.0000000000000011 1969.8656512474593 8030.1343487492904 0.026135921132455477 0 0 0.96262641430668638 4.5346520453732845e-18 0.99999999999999956 2.0612656546903363e-13 1.6041096402574784e-14 -1.6272922514466599e-15 0.36549172597773061 0.32733992313898758 0.038151802838743032 0.0076186542520155403
4000 0 0 0.7707866071957088 24.113021692490211 0.0081401981036365346 0.004647916814343035 0.0081401981036365346 0.0046479168143430324 0.0081401981036365346 2.970922119428515e-17 -5.6309124030228295e-19 3.1133224766732667e-20 -5.3001511054946071e-17 5.1364740968708713e-17 50.00000000000005 50.000000000000007 50.00000000000005 4.9737991503207013e-14 7.1054273576010019e-15 1.0000000000000013 1969.8656512473713 8030.1343487488566 0.026565695365255576 0 0 0.96774863473235784 4.5274078344285995e-18 0.99999999999999956 2.9678700903118527e-13 2.7514503262576762e-14 4.4711009908941348e-16 0.3603853428636507 0.32841976770573661 0.031965575157914095 0.004647916814343035
4500 0 0 0.7864928624328037 24.125391978411681 0.0092126077195177382 0.0035374257478461972 0.0092126077195177694 0.0035374257478461985 0.0092126077195177382 3.0903057890454235e-17 -2.5416301008284881e-18 -1.2415358390540661e-19 -5.5731883411746158e-17 9.5653873121666894e-17 50.000000000000071 50.000000000000014 50.000000000000071 7.1054273576010019e-14 1.4210854715202004e-14 1.0000000000000027 1969.8656512472949 8030.1343487485265 0.026274344772421958 0 0 0.9711390437998092 5.67088013880565e-18 0.99999999999999956 3.094400820649601e-13 -2.8394821216526367e-14 -1.1869981655441425e-15 0.36085523027641064 0.32825501954671193 0.032600210729698709 0.0035374257478461972
5000 0 0 0.88135553441214209 24.050637170229734 0.008951501853379706 0.0041352870245780935 0.0089515018533797355 0.0041352870245780979 0.008951501853379706 2.9829611003520797e-17 -1.5072144921031569e-17 1.2670396520329946e-19 -1.5413361078289604e-17 6.4193637231010843e-17 50.000000000000085 50.000000000000007 50.000000000000085 8.5265128291212022e-14 7.1054273576010019e-15 1.0000000000000033 1969.8656512472123 8030.1343487481254 0.026326115594502649 0 0 0.97339243298224065 5.2353746854538356e-18 0.99999999999999956 2.9825446989538082e-13 -1.0569756875300484e-13 1.3121475338965937e-15 0.36375536264954261 0.32710953376052265 0.03664582888901996 0.0041352870245780935
5500 0 0 0.97824672181352068 23.968660374373275 0.0064691738125286311 0.00404356129970352 0.0064691738125286008 0.0040435612997035226 0.0064691738125286311 2.8384933292728115e-17 -1.3835807499703039e-17 3.8418973690851458e-20 2.5754738623728344e-17 2.1903285852647279e-17 50.000000000000092 50.000000000000007 50.000000000000092 9.2370555648813024e-14 7.1054273576010019e-15 1.0000000000000002 1969.8656512471343 8030.1343487477034 0.026274895299838074 0 0 0.96562962168762956 4.8307066292437651e-18 0.99999999999999956 2.8461239441612829e-13 -8.1762721593214849e-14 3.1820106280484053e-16 0.3659384648515035 0.32512488968568243 0.04081357516582107 0.00404356129970352
6000 0 0 1.0649713856845517 23.898653720336775 0.0043636580550697173 0.0025586135299122915 0.0043636580550696826 0.0025586135299122893 0.0043636580550697173 3.489812605563543e-17 -7.2259039030116508e-18 2.5413443166158673e-21 4.0878727549834074e-17 -4.0938768458003166e-17 50.000000000000107 49.999999999999993 50.000000000000107 1.0658141036401503e-13 -7.1054273576010019e-15 1.0000000000000004 1969.8656512470511 8030.1343487472905 0.026483559328266317 0 0 0.95904284348898483 4.7309150102911177e-18 0.99999999999999956 3.4935593372191487e-13 -7.835141498276077e-14 3.3285848330703422e-17 0.36853232903105249 0.32397034666389074 0.044561982367161745 0.0025586135299122915
6500 0 0 1.1088473463906388 23.861085228525479 0.004850372053079797 0.0021417783409659569 0.0048503720530798074 0.0021417783409659556 0.004850372053079797 3.1056060501041251e-17 -1.0381105697294312e-17 9.1700179174043678e-20 1.0896393933137769e-17 -3.3068189906101929e-17 50.000000000000128 49.999999999999993 50.000000000000128 1.2789769243681803e-13 -7.1054273576010019e-15 1.0000000000000004 1969.8656512469402 8030.1343487469576 0.026788390939497052 0 0 0.96645664316520996 4.8004349495323703e-18 0.99999999999999956 3.108797941298036e-13 -8.9019937254963821e-14 8.0910833945405634e-16 0.37065523935325589 0.32418428735040933 0.046470952002846566 0.0021417783409659569
7000 0 0 1.0989064429482009 23.871223392560136 0.0068357749105910958 0.0025768804661743206 0.006835774910591107 0.0025768804661743206 0.0068357749105910958 3.6723055152367523e-17 -1.1285417045322123e-17 -1.2368375000367602e-20 -2.0845941535216348e-17 -3.335161835531636e-17 50.000000000000142 49.999999999999986 50.000000000000142 1.4210854715202004e-13 -1.4210854715202004e-14 1.0000000000000004 1969.8656512468688 8030.1343487465365 0.02668786436610094 0 0 0.97432864859370449 5.2267711642104201e-18 0.99999999999999956 3.6754583836222593e-13 -9.2877965653668029e-14 -4.591155862900897e-17 0.37112052452542638 0.3250857476362497 0.046034776889176676 0.0025768804661743206
7500 0 0 1.0386232879437478 23.914345985990835 0.00524211394438637 0.0024739846265619701 0.0052421139443864081 0.0024739846265619697 0.00524211394438637 3.7767011740213091e-17 -1.5788108667658232e-17 -1.2899619806781581e-20 -9.6858552588467308e-18 7.5665970302545228e-19 50.000000000000149 49.999999999999986 50.000000000000149 1.4921397450962104e-13 -1.4210854715202004e-14 1.0000000000000004 1969.8656512467821 8030.1343487462236 0.026674644589577443 0 0 0.97425607011596149 5.6785248710033728e-18 0.99999999999999956 3.7829459074815996e-13 -1.4736996345465769e-13 -1.4225394562939775e-16 0.36944283546745976 0.32601186359174217 0.043430971875717594 0.0024739846265619701
8000 0 0 0.97361978825536444 23.957224118591121 0.0021055697246123942 0.0014641155610950361 0.0021055697246124294 0.0014641155610950365 0.0021055697246123942 3.6178005036218267e-17 -2.0058173871865663e-17 2.3651587322337145e-20 3.0355959989276597e-17 -4.3547613367265261e-18 50.000000000000171 49.999999999999979 50.000000000000171 1.7053025658242404e-13 -2.1316282072803006e-14 1.0000000000000013 1969.8656512466898 8030.134348745828 0.026893146430243278 0 0 0.97178361682005387 5.5968220880482579e-18 0.99999999999999956 3.6193964492170494e-13 -2.0996702640441178e-13 2.7792232018500017e-16 0.3672575072009493 0.32661758233169774 0.040639924869251554 0.0014641155610950361
8500 0 0 0.95379744195796134 23.97500238770775 0.0015723297107071955 0.00074107567343802898 0.0015723297107072124 0.00074107567343802876 0.0015723297107071955 3.4933514414553465e-17 -1.6884302116173608e-17 3.4984667241307986e-20 3.452659062430062e-17 -3.1373316587601455e-17 50.000000000000178 49.999999999999964 50.000000000000178 1.7763568394002505e-13 -3.5527136788005009e-14 1.000000000000002 1969.8656512466032 8030.1343487454133 0.026965363337850084 0 0 0.97334930120489627 5.5672596070500112e-18 0.99999999999999956 3.4931432746354574e-13 -1.7070460984428687e-13 2.5595908372956977e-16 0.36660833329341141 0.32682533654814377 0.03978299674526764 0.00074107567343802898
9000 0 0 0.96801388040685998 23.967810082710706 0.0037109123214420074 0.0013829106732415014 0.0037109123214419705 0.0013829106732415038 0.0037109123214420074 3.6992978125236589e-17 -1.7830962401059229e-17 -8.952380282113681e-20 7.3386393933221691e-18 -6.4622085380119009e-17 50.000000000000199 49.999999999999957 50.000000000000199 1.9895196601282805e-13 -4.2632564145606011e-14 1.0000000000000009 1969.8656512465477 8030.134348745054 0.026814787405986196 0 0 0.9757241500795818 5.3906462464150699e-18 0.99999999999999956 3.6988205602767402e-13 -1.8776603535886061e-13 -8.484804056401736e-16 0.36695920613441774 0.32657112407492489 0.040388082059492847 0.0013829106732415014
9500 0 0 0.9952091758310373 23.949801122547225 0.0037905377336104134 0.0016181359706983649 0.0037905377336104268 0.0016181359706983652 0.0037905377336104134 3.8370348565164886e-17 -2.3294387252479934e-17 1.1533183484360942e-19 7.607391421836969e-17 -8.7973210911230443e-17 50.00000000000022 49.99999999999995 50.00000000000022 2.2026824808563106e-13 -4.9737991503207013e-14 1.000000000000002 1969.8656512464465 8030.1343487446566 0.026838276348684 0 0 0.97673753330477864 5.052035348641883e-18 0.99999999999999956 3.8388735956349992e-13 -1.979896349407935e-13 1.1629317510909943e-15 0.36753767301976809 0.32598370892884665 0.041553964090921436 0.0016181359706983649
10000 0 0 1.0184167608860208 23.933599470289593 0.0023668387212095565 0.0011568548678804133 0.0023668387212095214 0.0011568548678804139 0.0023668387212095565 3.4948433036451767e-17 -2.3411220878588247e-17 2.3656024604222458e-20 8.8074859187893438e-18 -8.8372711142711465e-17 50.000000000000242 49.999999999999936 50.000000000000242 2.4158453015843406e-13 -6.3948846218409017e-14 1.0000000000000011 1969.8656512463579 8030.1343487442527 0.026995652566432642 0 0 0.97322225389820993 4.8704694118781462e-18 0.99999999999999956 3.492362581308632e-13 -2.3675245791610067e-13 4.3258842957151712e-16 0.36795370722343179 0.32540194804695477 0.042551759176477022 0.0011568548678804133
10500 0 0 1.0299620086607431 23.92477734505972 0.00064982944000772339 0.00032029736868002622 0.00064982944000767948 0.00032029736868002627 0.00064982944000772339 3.6772798348053274e-17 -2.5492517710519599e-17 8.5123796581663928e-20 2.5160972097917334e-17 -9.3603685076326579e-17 50.000000000000263 49.999999999999936 50.000000000000263 2.6290081223123707e-13 -6.3948846218409017e-14 1.0000000000000009 1969.8656512462794 8030.1343487439426 0.026983932599090689 0 0 0.97142014401048316 4.9063685254875492e-18 0.99999999999999956 3.6716766864446299e-13 -2.5073159109847173e-13 8.5439889369438436e-16 0.36822327997128645 0.32517326559472959 0.043050014376556867 0.00032029736868002622
11000 0 0 1.0276361095799429 23.926148729118179 0.0014313314523948821 0.00053516097516743846 0.0014313314523949051 0.00053516097516743846 0.0014313314523948821 3.9786750283306928e-17 -2.3020843044364914e-17 5.0364775796901196e-20 1.95292933243993e-17 -1.7683399498413313e-17 50.000000000000284 49.999999999999915 50.000000000000284 2.8421709430404007e-13 -8.5265128291212022e-14 1.0000000000000009 1969.8656512461928 8030.1343487435333 0.027017181133627673 0 0 0.97288673945484416 5.0668840540276656e-18 0.99999999999999956 3.9775908261541204e-13 -2.2654295973867367e-13 5.3841324531902306e-16 0.36827669873918395 0.3253263634715064 0.042950335267677553 0.00053516097516743846
11500 0 0 1.0132703842963102 23.93630418862314 0.0021881893984677992 0.00089914775120879351 0.0021881893984678417 0.00089914775120879383 0.0021881893984677992 4.2526225596574364e-17 -2.5978720043257257e-17 -3.4258772918761582e-21 5.0099213579368816e-17 1.769145018102844e-17 50.000000000000306 49.999999999999908 50.000000000000306 3.0553337637684308e-13 -9.2370555648813024e-14 1.0000000000000013 1969.8656512461182 8030.1343487430995 0.026996924870393898 0 0 0.97576013291139485 5.2352236877799412e-18 0.99999999999999956 4.2532903096065017e-13 -2.5330259062678918e-13 -8.1936374651165676e-17 0.36799046705190397 0.32565851904892384 0.042331948002980124 0.00089914775120879351
12000 0 0 0.99596299624470286 23.948046577835161 0.0018573619829171215 0.00081505790397329032 0.0018573619829171635 0.00081505790397329064 0.0018573619829171215 4.2110932796427015e-17 -2.3225627150706377e-17 2.2491242058431467e-20 2.8673511936997184e-17 5.191565138411293e-18 50.000000000000327 49.999999999999893 50.000000000000327 3.2684965844964609e-13 -1.0658141036401503e-13 1.0000000000000004 1969.8656512460259 8030.134348742813 0.02699578483093586 0 0 0.9770236662529016 5.3312573248891572e-18 0.99999999999999956 4.212272904307137e-13 -2.4549481286668734e-13 3.1936563684966292e-16 0.36755987190944783 0.3259713860591445 0.041588485850303336 0.00081505790397329032
12500 0 0 0.98698683860266889 23.953815380205846 0.00085939669669744909 0.00042894442620663677 0.00085939669669742394 0.00042894442620663618 0.00085939669669744909 4.2118045162680377e-17 -2.5185468944770514e-17 -2.5431626499142481e-20 3.2886858433559352e-17 4.4498003011335246e-19 50.000000000000348 49.999999999999879 50.000000000000348 3.4816594052244909e-13 -1.2079226507921703e-13 1.0000000000000004 1969.8656512459554 8030.1343487424519 0.027065499856482211 0 0 0.97640892920805733 5.3456807717795927e-18 0.99999999999999956 4.2119953527861454e-13 -2.4741618428775636e-13 -1.6857439395158235e-16 0.36735223282243912 0.32614849041494515 0.041203742407493971 0.00042894442620663677
13000 0 0 0.99062201142865214 23.950971686041449 0.0004154899025779243 0.00023975304228695678 0.00041548990257789877 0.00023975304228695732 0.0004154899025779243 4.5695738859541279e-17 -2.5559879191502014e-17 5.579371401269142e-20 6.5237704950033619e-17 -2.5542023623506281e-17 50.000000000000369 49.999999999999872 50.000000000000369 3.694822225952521e-13 -1.2789769243681803e-13 1.0000000000000004 1969.8656512458635 8030.1343487420345 0.027102075080040363 0 0 0.97640984818486909 5.2772616778289618e-18 0.99999999999999956 4.568810573737838e-13 -2.5633569702629422e-13 5.4997614083783114e-16 0.36751445078734857 0.32615404067897774 0.041360410108370826 0.00023975304228695678
13500 0 0 1.0016791143255031 23.942830195741394 0.00092087149811220846 0.00045570573994963394 0.00092087149811225693 0.00045570573994963318 0.00092087149811220846 4.8476327119190121e-17 -2.6820050087090115e-17 5.5993795289153366e-20 9.7375185083533007e-17 -6.9735145419871795e-17 50.000000000000391 49.999999999999851 50.000000000000391 3.907985046680551e-13 -1.4921397450962104e-13 1.0000000000000009 1969.8656512457787 8030.1343487415788 0.027060720040420518 0 0 0.97668693073533708 5.1947978653142999e-18 0.99999999999999956 4.8509806604589076e-13 -2.5535834297790716e-13 5.3341386941158837e-16 0.36784787851699013 0.32601159157278137 0.041836286944208767 0.00045570573994963394
14000 0 0 1.0128141719460304 23.934780987174374 0.0010185247989520515 0.00048727840897552294 0.0010185247989519955 0.00048727840897552256 0.0010185247989520515 5.5880820804061523e-17 -2.7188277670933136e-17 -2.8897781393062478e-20 9.1176153805014086e-17 -3.2760976467476655e-17 50.000000000000419 49.999999999999837 50.000000000000419 4.1922021409845911e-13 -1.6342482922482304e-13 1.0000000000000004 1969.8656512456907 8030.1343487412551 0.027067100002509201 0 0 0.97700000518523855 5.1306546633660113e-18 0.99999999999999956 5.5856275822056128e-13 -2.6638847377968844e-13 -1.5170511738745375e-16 0.36812392221468709 0.3258083408651542 0.042315581349532894 0.00048727840897552294
14500 0 0 1.0189148612922863 23.930631726308228 0.00070301659349334897 0.00032721972641791661 0.00070301659349329324 0.00032721972641791617 0.00070301659349334897 5.5705586627936323e-17 -3.0739392151535511e-17 -5.9902423515316062e-20 -2.9903257761132399e-17 6.5908908815862247e-19 50.000000000000448 49.999999999999829 50.000000000000448 4.4764192352886312e-13 -1.7053025658242404e-13 1.0000000000000004 1969.8656512456073 8030.1343487408367 0.027105539979528824 0 0 0.9765405366235016 5.0999290512894787e-18 0.99999999999999956 5.5674952494153448e-13 -3.0806905418127377e-13 -6.5591209306947776e-16 0.36823506739299533 0.32565721683955012 0.042577850553445207 0.00032721972641791661
15000 0 0 1.0182398058277622 23.93157448415749 0.00039917919102043834 0.0001869155711433385 0.00039917919102041172 0.00018691557114333915 0.00039917919102043834 5.936275776505268e-17 -2.4920733879309587e-17 -1.0545471077421388e-19 3.1436126320755567e-18 -2.5584253995394431e-17 50.000000000000476 49.999999999999815 50.000000000000476 4.7606363295926712e-13 -1.8474111129762605e-13 1.0000000000000007 1969.8656512455243 8030.1343487404265 0.027097991878921885 0 0 0.97602752776716872 5.1263170328285725e-18 0.99999999999999956 5.9353390258198857e-13 -2.4946239735382236e-13 -1.0929929442748758e-15 0.36817237301123745 0.3256244074980687 0.042547965513168751 0.0001869155711433385
15500 0 0 1.0120677274004835 23.93652460110113 0.00049276083683462413 0.0002603569679966795 0.00049276083683459887 0.00026035696799667934 0.00049276083683462413 6.2269286949058513e-17 -2.9596789429030139e-17 -7.4801300959048046e-21 -2.6723002657055394e-17 -4.6710826120232471e-17 50.000000000000512 49.999999999999801 50.000000000000512 5.1159076974727213e-13 -1.9895196601282805e-13 1.0000000000000007 1969.8656512454299 8030.1343487400418 0.027092053426235774 0 0 0.97631050048591517 5.1715598169805727e-18 0.99999999999999956 6.2294787384065131e-13 -2.939338259822042e-13 -1.8633690104326833e-16 0.36797719062631329 0.32569587601333366 0.042281314612979626 0.0002603569679966795
16000 0 0 1.0038030104592952 23.94275813121784 0.00057452895280238618 0.00029071828101323647 0.00057452895280237567 0.00029071828101323582 0.00057452895280238618 6.2470167927580276e-17 -2.3679300707770753e-17 1.8397762920453398e-19 3.8602142932364195e-17 -5.1523658040863329e-17 50.000000000000547 49.999999999999794 50.000000000000547 5.4711790653527714e-13 -2.0605739337042905e-13 1.0000000000000011 1969.8656512453681 8030.1343487396789 0.027102262209812152 0 0 0.97697904073408703 5.210652353882646e-18 0.99999999999999956 6.2434865627123901e-13 -2.3562022558737405e-13 1.8174988288316294e-15 0.36773401293192504 0.32580889282011621 0.041925120111808822 0.00029071828101323647
16500 0 0 0.9977087957271189 23.947141011543131 0.00048916291006978344 0.00021102221276761825 0.00048916291006985294 0.00021102221276761822 0.00048916291006978344 6.8092319977058756e-17 -2.5207586669098864e-17 3.4460884888121166e-20 8.6517982282012813e-17 -9.5392909071820692e-18 50.000000000000583 49.999999999999787 50.000000000000583 5.8264504332328215e-13 -2.1316282072803006e-13 1.0000000000000018 1969.8656512452728 8030.1343487392633 0.027110223153347528 0 0 0.9773580720145949 5.2247107302086502e-18 0.99999999999999956 6.8104679881719754e-13 -2.5264312126724309e-13 4.9392607178519818e-16 0.36756470307438377 0.32590174233739233 0.041662960736991439 0.00021102221276761825
17000 0 0 0.9964981989986843 23.947822333885298 0.00030499867108726796 0.00012001325723684804 0.00030499867108721668 0.00012001325723684866 0.00030499867108726796 6.8751948578803011e-17 -2.607946614201725e-17 -2.1689507436163273e-20 1.873376639542357e-16 2.1868018502076056e-17 50.000000000000618 49.999999999999773 50.000000000000618 6.1817218011128716e-13 -2.2737367544323206e-13 1.0000000000000004 1969.865651245188 8030.1343487389286 0.02712546413808007 0 0 0.9772438559660539 5.2213549752422016e-18 0.99999999999999956 6.8771290999560626e-13 -2.596826206624275e-13 -2.3206925003378201e-16 0.36755029563350117 0.32593907165224273 0.041611223981258438 0.00012001325723684804
17500 0 0 0.9999092140616882 23.945084400861631 0.00028116032829930611 0.00015807922455965859 0.0002811603282993265 0.00015807922455965832 0.00028116032829930611 7.0024888665479455e-17 -3.148675981409355e-17 1.1518449232933544e-19 2.0925271427739035e-16 7.4114395898186286e-17 50.000000000000661 49.999999999999737 50.000000000000661 6.6080474425689317e-13 -2.6290081223123707e-13 1.0000000000000007 1969.8656512451048 8030.134348738532 0.027132786985795378 0 0 0.97727831068291549 5.2088351950650613e-18 0.99999999999999956 7.0036944824116831e-13 -3.1562930776483401e-13 1.1491937374140453e-15 0.36767541630456468 0.32591698282726578 0.041758433477298906 0.00015807922455965859
18000 0 0 1.0054092668092631 23.940825523666259 0.00029889838402730873 0.00019042472756217359 0.0002988983840272421 0.00019042472756217407 0.00029889838402730873 6.6627519473950706e-17 -3.2558650870913966e-17 1.5348863540155439e-19 1.3796790464836814e-16 2.8215833674801869e-17 50.000000000000703 49.999999999999737 50.000000000000703 7.0343730840249918e-13 -2.6290081223123707e-13 1.0000000000000013 1969.8656512450175 8030.13434873808 0.027125796361839864 0 0 0.97733915647945313 5.1783245586690901e-18 0.99999999999999956 6.6607916759746887e-13 -3.2497962654254309e-13 1.5737263309890159e-15 0.36785314123630425 0.32585754397440597 0.041995597261898276 0.00019042472756217359
18500 0 0 1.0100895162384858 23.937244298202668 0.00023989179224044168 0.00015062796421615307 0.00023989179224047485 0.00015062796421615331 0.00023989179224044168 6.9764159727046757e-17 -3.3172157512239224e-17 5.9229735384445755e-20 4.6391500781023962e-17 -6.7420810570082779e-17 50.000000000000746 49.999999999999716 50.000000000000746 7.460698725481052e-13 -2.8421709430404007e-13 1.0000000000000009 1969.8656512449393 8030.1343487377344 0.027128863617077115 0 0 0.97729292912034182 5.1374218145749572e-18 0.99999999999999956 6.9744903788122956e-13 -3.3513708470975668e-13 5.9358629672812783e-16 0.36799376274130469 0.32579636091613601 0.042197401825168679 0.00015062796421615307
19000 0 0 1.0120954515871519 23.935754639026747 0.00027601668504036392 7.9144255718600117e-05 0.00027601668504043916 7.9144255718600049e-05 0.00027601668504036392 6.9973128853774797e-17 -3.2170367579762973e-17 -1.2755192816310178e-19 1.4274221583512339e-17 -9.8489264373184827e-17 50.000000000000789 49.999999999999687 50.000000000000789 7.8870243669371121e-13 -3.1263880373444408e-13 1.0000000000000018 1969.8656512448683 8030.1343487373806 0.027138175208275796 0 0 0.97725482505860151 5.1691493198411769e-18 0.99999999999999956 6.9938369353176862e-13 -3.2134101017036384e-13 -1.385309482978324e-15 0.36804749958686306 0.32576366659933104 0.042283832987532022 7.9144255718600117e-05
19500 0 0 1.0111055309789927 23.936584635352549 0.00032678407390479498 8.556326002821552e-05 0.00032678407390484892 8.5563260028215601e-05 0.00032678407390479498 6.8172572621885209e-17 -3.1589623495214468e-17 2.4985258574888641e-20 1.0361360252053457e-17 -7.4558122816346291e-17 50.000000000000838 49.999999999999666 50.000000000000838 8.3844042819691822e-13 -3.3395508580724709e-13 1 1969.8656512447799 8030.134348736995 0.027134313852558323 0 0 0.97722213102198585 5.1879820646473106e-18 0.99999999999999956 6.8178666176783344e-13 -3.1631717559800271e-13 2.0535842670785328e-16 0.3680100881127733 0.32576907727592797 0.042241010836845339 8.556326002821552e-05
20000 0 0 1.0081247169718019 23.938932792117598 0.00036036085288790434 0.00012197188095874481 0.00036036085288797541 0.00012197188095874501 0.00036036085288790434 6.6216476746329835e-17 -2.9572140092651142e-17 -1.0488078557858883e-19 7.2831569706296552e-17 -7.0259627709606579e-17 50.000000000000881 49.999999999999638 50.000000000000881 8.8107299234252423e-13 -3.6237679523765109e-13 1.0000000000000018 1969.8656512446887 8030.1343487365702 0.027127743015282514 0 0 0.97734024441005574 5.2086007303564276e-18 0.99999999999999956 6.6237163493063512e-13 -2.9754340267681978e-13 -1.0918150317148012e-15 0.36791330395993943 0.32580095393472241 0.042112350025217016 0.00012197188095874481
20500 0 0 1.0048351283732071 23.941486981362836 0.00035224616072325449 0.00011569435910094324 0.00035224616072318526 0.00011569435910094338 0.00035224616072325449 6.5524842496459376e-17 -2.5179223940275846e-17 -7.897478489102199e-20 1.0569034489779157e-16 -7.4674225342507879e-17 50.000000000000924 49.999999999999616 50.000000000000924 9.2370555648813024e-13 -3.836930773104541e-13 1.0000000000000002 1969.8656512446034 8030.1343487362201 0.027128475893095482 0 0 0.9774675961764645 5.2197478913306221e-18 0.99999999999999956 6.5536334869955703e-13 -2.5281735086229561e-13 -6.2503049277070021e-16 0.36780823929283463 0.32583778319061268 0.041970456102221942 0.00011569435910094324
21000 0 0 1.0027616550000364 23.943086175292315 0.00031171075505002585 8.0037879804043644e-05 0.00031171075504998085 8.0037879804043807e-05 0.00031171075505002585 6.9301639080280247e-17 -2.7194278729975867e-17 -6.7983768625875465e-20 7.9252983852866105e-17 -7.5756233496730571e-17 50.000000000000966 49.999999999999602 50.000000000000966 9.6633812063373625e-13 -3.979039320256561e-13 1.0000000000000009 1969.8656512445227 8030.1343487358408 0.027132797553604378 0 0 0.97742643101239257 5.2176423508950953e-18 0.99999999999999956 6.9280844251882068e-13 -2.7134924166692881e-13 -5.1321754708709929e-16 0.36774228529138359 0.32586123254577637 0.041881052745607217 8.0037879804043644e-05
21500 0 0 1.0025771810274986 23.94322912119048 0.00026963040044807366 6.5221512225037347e-05 0.00026963040044812689 6.5221512225037252e-05 0.00026963040044807366 7.1901143893082665e-17 -3.0497829874646014e-17 -3.4275170041595763e-20 1.115300948295557e-16 -7.7902297690332205e-17 50.000000000001009 49.999999999999574 50.000000000001009 1.0089706847793423e-12 -4.2632564145606011e-13 1.0000000000000016 1969.8656512444336 8030.1343487354707 0.027138491253693511 0 0 0.97743042828834803 5.2058134401731195e-18 0.99999999999999956 7.1819676931109973e-13 -3.0537826082139918e-13 -3.7214899072462261e-16 0.36773657375938196 0.32586347569258078 0.041873098066801173 6.5221512225037347e-05
22000 0 0 1.0039426704606027 23.942177386921546 0.00024782547598762959 8.2306508441176891e-05 0.00024782547598755972 8.2306508441177081e-05 0.00024782547598762959 7.4191781190987698e-17 -3.7111444153284547e-17 9.3462197468107949e-20 8.8796440370273136e-17 -1.0069777856359066e-16 50.000000000001059 49.999999999999552 50.000000000001059 1.0587086762825493e-12 -4.4764192352886312e-13 1.0000000000000004 1969.865651244349 8030.1343487350232 0.027138711946800943 0 0 0.9774644518163278 5.191605496776134e-18 0.99999999999999956 7.4178423904773744e-13 -3.7280059275073343e-13 9.1473399369740906e-16 0.36777999787993004 0.32584802760687509 0.041931970273054953 8.2306508441176891e-05
22500 0 0 1.0058954433104761 23.940665257477093 0.00024668587748655945 8.7080162946026165e-05 0.00024668587748648822 8.708016294602626e-05 0.00024668587748655945 7.7668513981551072e-17 -3.631065581681854e-17 -9.9657850098774794e-20 7.8866020239632982e-17 -4.5983477723532704e-17 50.000000000001094 49.999999999999524 50.000000000001094 1.0942358130705543e-12 -4.7606363295926712e-13 1.0000000000000007 1969.8656512442649 8030.134348734704 0.027139841955533251 0 0 0.97744822775058837 5.1824604278261759e-18 0.99999999999999956 7.7608709220147298e-13 -3.6360595608763086e-13 -1.07549770218622e-15 0.36784201805714128 0.32582583210356519 0.042016185953576091 8.7080162946026165e-05
23000 0 0 1.0074426685997813 23.939455647247303 0.00026087173605894419 7.3800722849560148e-05 0.00026087173605894413 7.3800722849560053e-05 0.00026087173605894419 8.1199456880739448e-17 -3.9084177788810327e-17 -6.1048714516087118e-21 5.3499889114775466e-17 -4.4910197002427781e-18 50.000000000001137 49.999999999999496 50.000000000001137 1.1368683772161603e-12 -5.0448534238967113e-13 1.0000000000000016 1969.8656512441876 8030.1343487342883 0.027142203104318089 0 0 0.97737982158643322 5.1814847587221945e-18 0.99999999999999956 8.1293478723556533e-13 -3.8962799407340912e-13 -1.2558241708604413e-16 0.36789179742708905 0.32580885772099666 0.042082939706092393 7.3800722849560148e-05
23500 0 0 1.0080078684435336 23.93899790247934 0.00028350661607521357 6.2594165652697225e-05 0.0002835066160752771 6.2594165652697184e-05 0.00028350661607521357 7.734075966481643e-17 -4.0020984708829896e-17 -4.6561606821365907e-20 6.9847996988425065e-17 5.6592769374948027e-17 50.00000000000118 49.999999999999474 50.00000000000118 1.1795009413617663e-12 -5.2580162446247414e-13 1.0000000000000004 1969.8656512441066 8030.1343487339318 0.027141216185219204 0 0 0.97737538826603043 5.1875345321770967e-18 0.99999999999999956 7.7359689749874122e-13 -4.0016450371968375e-13 -4.6939081375602588e-16 0.36791152005471905 0.32580416566378462 0.042107354390934437 6.2594165652697225e-05
24000 0 0 1.007577445183667 23.939309499672198 0.00030246224081585091 6.6307394948152511e-05 0.00030246224081578412 6.6307394948152538e-05 0.00030246224081585091 7.8594379268780125e-17 -4.7270008545557089e-17 -7.1046006141385018e-20 1.1674454560453998e-16 -2.3601369058933323e-17 50.000000000001215 49.999999999999439 50.000000000001215 1.2150280781497713e-12 -5.6132876125047915e-13 1.0000000000000004 1969.8656512440173 8030.1343487335189 0.027137680314452767 0 0 0.97742831947747255 5.1967682242701526e-18 0.99999999999999956 7.8663418510090707e-13 -4.7302905928693921e-13 -5.840107818070175e-16 0.36790021690271385 0.32581139035583856 0.042088826546875291 6.6307394948152511e-05
24500 0 0 1.006577361131108 23.940068346509555 0.00030801715206414936 7.0943200635558746e-05 0.00030801715206405796 7.0943200635558502e-05 0.00030801715206414936 8.2760426116568785e-17 -4.3730343239896504e-17 -1.7382812121536269e-20 1.1863603415413863e-16 -9.623599935060071e-17 50.000000000001258 49.99999999999941 50.000000000001258 1.2576606422953773e-12 -5.8975047068088315e-13 1.0000000000000002 1969.8656512439434 8030.1343487331706 0.027135939748263033 0 0 0.97744172784367933 5.2039402684777367e-18 0.99999999999999956 8.277221664559865e-13 -4.3824530593025712e-13 -2.0875008854877004e-16 0.36787023548499581 0.32582451754627212 0.042045717938723692 7.0943200635558746e-05
25000 0 0 1.0055890468472037 23.940830663572381 0.00030022020552980229 6.8179338534047243e-05 0.00030022020552972835 6.817933853404704e-05 0.00030022020552980229 8.6199878615432875e-17 -4.968521660732477e-17 -7.1219546953124898e-20 7.948437162991121e-17 -1.7800940323153119e-16 50.000000000001307 49.999999999999382 50.000000000001307 1.3073986337985843e-12 -6.1817218011128716e-13 1.0000000000000007 1969.8656512438467 8030.1343487328031 0.027136442056885642 0 0 0.97745353401638668 5.2062815617741995e-18 0.99999999999999956 8.6239712160696732e-13 -4.9722162151488725e-13 -6.1760377772441971e-16 0.36783917330509758 0.32583607571094114 0.042003097594156436 6.8179338534047243e-05
25500 0 0 1.0050534377668834 23.941257082026379 0.00028692857143078029 6.3823599739368006e-05 0.00028692857143070743 6.3823599739368386e-05 0.00028692857143078029 8.5741559252072389e-17 -4.3708422027226057e-17 1.1928963049906983e-19 1.071651809904135e-16 -2.0010473791742693e-16 50.000000000001364 49.999999999999353 50.000000000001364 1.3642420526593924e-12 -6.4659388954169117e-13 1.0000000000000009 1969.8656512437735 8030.1343487323529 0.027138317188069722 0 0 0.97745287476621434 5.204114201664448e-18 0.99999999999999956 8.5734414232495706e-13 -4.3719368424481304e-13 1.2037688959429164e-15 0.36782096947636439 0.32584099180337012 0.041979977672994273 6.3823599739368006e-05
26000 0 0 1.005099571853892 23.941242750578098 0.00027623921817912712 6.3874653112805325e-05 0.00027623921817909053 6.3874653112805244e-05 0.00027623921817912712 9.2871955785726957e-17 -4.7677186092455067e-17 4.4090358022637874e-20 1.3388324286929246e-16 -1.7932498155314654e-16 50.000000000001407 49.999999999999332 50.000000000001407 1.4068746168049984e-12 -6.6791017161449417e-13 1.0000000000000009 1969.8656512436919 8030.13434873198 0.027140493743066842 0 0 0.97746686802319338 5.1982753651530782e-18 0.99999999999999956 9.2857015448461829e-13 -4.7726575566392014e-13 6.1249650521415328e-16 0.36782030898594803 0.3258383792120802 0.041981929773867832 6.3874653112805325e-05
26500 0 0 1.005558420303051 23.940908838333378 0.00027165204017547329 6.5381856475074418e-05 0.00027165204017555515 6.5381856475074323e-05 0.00027165204017547329 9.3227443994046711e-17 -4.9902910851040414e-17 -9.4732031630222613e-21 1.4981905824571666e-16 -3.1807081832488527e-17 50.000000000001464 49.999999999999297 50.000000000001464 1.4637180356658064e-12 -7.0343730840249918e-13 1.0000000000000018 1969.8656512435975 8030.134348731568 0.027141013246075908 0 0 0.97747656300877506 5.1930862939992122e-18 0.99999999999999956 9.3229243737657808e-13 -4.9882821590511967e-13 3.5259582312834227e-17 0.36783270799545303 0.32583102681061077 0.042001681184842266 6.5381856475074418e-05
27000 0 0 1.0061146420462266 23.940490692540116 0.00027318999665790585 6.4438958142532283e-05 0.00027318999665780497 6.4438958142532039e-05 0.00027318999665790585 8.9176864677634172e-17 -4.7346803940700318e-17 -5.4051755414210053e-20 1.7920426210302476e-16 1.6870274107193359e-17 50.000000000001506 49.999999999999268 50.000000000001506 1.5063505998114124e-12 -7.3185901783290319e-13 1.0000000000000004 1969.8656512435198 8030.1343487312088 0.027142002218072961 0 0 0.97743812139063047 5.1904477552741783e-18 0.99999999999999956 8.9153858013188349e-13 -4.7345699409617747e-13 -5.6735686137763788e-16 0.36784899952660538 0.32582335122359324 0.042025648303012142 6.4438958142532283e-05
27500 0 0 1.006488138258067 23.940201404720394 0.00027918351683170695 6.2430959990957682e-05 0.00027918351683160189 6.2430959990957899e-05 0.00027918351683170695 9.4498866197688441e-17 -4.6396195804655676e-17 -1.4482970570361382e-20 1.9349692231066379e-16 7.6069906741766608e-17 50.000000000001556 49.99999999999924 50.000000000001556 1.5560885913146194e-12 -7.602807272633072e-13 1.0000000000000002 1969.8656512434359 8030.1343487307659 0.027141056470028405 0 0 0.97741811875505946 5.1908801340241263e-18 0.99999999999999956 9.4531110370055238e-13 -4.6436140523076208e-13 -3.2306095279873984e-16 0.36786076734540507 0.32581900999997132 0.04204175734543375 6.2430959990957682e-05
28000 0 0 1.0065531602172555 23.940140274634103 0.00028624206744332651 6.2092687916816624e-05 0.00028624206744325408 6.2092687916816475e-05 0.00028624206744332651 9.3155669810241614e-17 -4.5267767670301531e-17 1.8281741099610475e-20 1.6136208374748089e-16 1.0018544585128723e-16 50.000000000001606 49.999999999999204 50.000000000001606 1.6058265828178264e-12 -7.9580786405131221e-13 1.0000000000000002 1969.8656512433568 8030.1343487304775 0.027139700255389299 0 0 0.97742934793226743 5.19342856560623e-18 0.99999999999999956 9.3115164019479597e-13 -4.5287874199471251e-13 1.866970229922428e-16 0.36786391514109129 0.32581933442141381 0.042044580719677482 6.2092687916816624e-05
28500 0 0 1.0063576942402475 23.940275915874142 0.00029049575294658392 6.293547955994287e-05 0.00029049575294650689 6.2935479559942937e-05 0.00029049575294658392 9.4761427437808302e-17 -4.9837915641313945e-17 1.2603748834079694e-20 6.0901361246717885e-17 -8.6578513069907005e-17 50.000000000001656 49.999999999999176 50.000000000001656 1.6555645743210334e-12 -8.2422957348171622e-13 1.0000000000000004 1969.8656512432701 8030.1343487300392 0.0271386469414726 0 0 0.977461332934214 5.1968985793100621e-18 0.99999999999999956 9.4772377805383054e-13 -4.9836039971423024e-13 1.5284459144924348e-16 0.36785936255385843 0.32582318478478939 0.042036177769069039 6.293547955994287e-05
29000 0 0 1.0060595415735392 23.940492962990707 0.00029015387741447059 6.3094920035257075e-05 0.00029015387741435631 6.3094920035257048e-05 0.00029015387741447059 1.0161023498322696e-16 -5.6329933935807886e-17 -3.8652713315604082e-20 6.3635784517165435e-17 -1.6795512570333203e-16 50.000000000001712 49.999999999999126 50.000000000001712 1.7124079931818414e-12 -8.7396756498492323e-13 1.000000000000002 1969.8656512431778 8030.1343487296726 0.027138325152464747 0 0 0.97747142749674687 5.1992896394993178e-18 0.99999999999999956 1.0162667148788662e-12 -5.6350567668838329e-13 -2.2318601435371482e-16 0.36785136116945982 0.32582801841169817 0.04202334275776165 6.3094920035257075e-05
29500 0 0 1.0058266970047223 23.940666428539547 0.00028644870667692593 6.2513671702861033e-05 0.00028644870667683968 6.2513671702860843e-05 0.00028644870667692593 9.9480374025486472e-17 -5.5454944835536131e-17 -6.5587117531100207e-20 6.6099571666185247e-17 -2.0416302275195312e-16 50.000000000001755 49.999999999999105 50.000000000001755 1.7550405573274475e-12 -8.9528384705772623e-13 1.0000000000000009 1969.8656512431028 8030.1343487293725 0.027138733113053957 0 0 0.977469647500401 5.1995220358791897e-18 0.99999999999999956 9.9468838114097347e-13 -5.5449148414224856e-13 -6.4952122443601211e-16 0.36784469873011993 0.32583138636026537 0.042013312369854561 6.2513671702861033e-05
29999 0 0 1.0057572814031548 23.940721612964037 0.00028191991475225099 6.2246491088855901e-05 0.00028191991475231876 6.2246491088855887e-05 0.00028191991475225099 9.4286579412337784e-17 -5.2261701775149166e-17 1.5456931403849845e-20 3.0034370585536827e-17 -1.8399567103715369e-16 50.000000000001812 49.999999999999062 50.000000000001812 1.8118839761882555e-12 -9.3791641120333225e-13 1.0000000000000004 1969.8656512430105 8030.1343487288968 0.027139562624658626 0 0 0.97747047249504992 5.1984127302680376e-18 0.99999999999999956 9.4306691362372463e-13 -5.23097068577447e-13 8.6806570160192382e-17 0.36784236626759131 0.3258320502185324 0.042010316049058916 6.2246491088855901e-05
