# 1:passo  2:raio_area  3:raio_grad  4:raio_linha  5:p_in  6:p_out  7:delta_p  8:sigma  9:|u-v0|max  10:|u-v0|rms  11:Ca  12:massa_R  13:massa_B  14:|q|  15:sd_p_in  16:sd_p_out  17:sigma_2pontos  18:K_perfil  19:r_perfil  20:espessura_10_90  21:residuo_ajuste  22:n_camadas
0 25.04052139 25.08111096 25 0.3333333333 0.3333333333 -2.220446049e-16 -5.560112678e-15 2.501853777e-17 7.466810864e-18 0 1969.865651 8030.134349 4.475712767e-16 2.731879552e-08 0 -1.387778781e-15 1.273345395 25.01411833 3.451105388 0.08159937045 12
500 25.03971554 25.07531393 25.0010617 0.333354655 0.3333294978 2.515723521e-05 0.0006299300135 6.097594114e-05 1.185958345e-05 0.03226598714 1969.865651 8030.134349 2.662379919e-15 6.432901079e-07 4.347950879e-07 0.0005856174658 1.296492871 25.01661347 3.389489641 0.07274889524 12
1000 25.03944641 25.07503669 24.99931536 0.3333645115 0.3333257984 3.871304752e-05 0.0009693532788 6.186399072e-05 1.098232434e-05 0.02127328673 1969.865651 8030.134349 2.024050868e-14 7.246641842e-08 1.327776164e-07 0.0009688831592 1.29625981 25.01637656 3.390099054 0.07538084603 12
1500 25.03937032 25.07495638 24.99781305 0.3333672409 0.3333246285 4.261234506e-05 0.001066986288 6.258911169e-05 9.926229025e-06 0.01955323837 1969.865651 8030.134349 7.771839015e-16 7.612667896e-08 4.923805859e-07 0.001090157943 1.296464645 25.01633876 3.389563435 0.0723406702 12
2000 25.03937438 25.074959 24.9964467 0.3333671103 0.3333247196 4.239061216e-05 0.001061434408 6.304666185e-05 9.667944417e-06 0.01979920171 1969.865651 8030.134349 2.191103571e-14 7.179903729e-08 4.170273098e-07 0.001081068208 1.296451172 25.01638188 3.38959866 0.07213066685 12
2500 25.03939614 25.07498085 24.99516365 0.3333663587 0.3333251093 4.124945098e-05 0.001032861344 6.322371799e-05 9.669818574e-06 0.02040406759 1969.865651 8030.134349 1.761039811e-14 3.237845147e-08 1.975331056e-07 0.001041478108 1.296219815 25.01644263 3.390203655 0.07475646854 12
3000 25.03941196 25.07499726 24.99394464 0.3333658129 0.3333253935 4.041942251e-05 0.001012078571 6.323773249e-05 9.679640932e-06 0.0208276756 1969.865651 8030.134349 2.515307516e-14 0 3.670987176e-08 0.001012599129 1.296206852 25.01649528 3.390237559 0.07455999899 12
3500 25.03941863 25.07500452 24.99278694 0.3333655828 0.3333255137 4.006904414e-05 0.00100330557 6.320154978e-05 9.683485226e-06 0.02099777364 1969.865651 8030.134349 1.69888453e-14 1.207516262e-08 4.648534728e-08 0.001000357673 1.296414907 25.01654098 3.389693478 0.07153693251 12
4000 25.03941969 25.07500603 24.99169257 0.3333655461 0.3333255325 4.001354736e-05 0.001001916006 6.316903662e-05 9.689260068e-06 0.02101607861 1969.865651 8030.134349 1.250591622e-14 1.842652747e-09 2.899087779e-08 0.0009984013309 1.296182022 25.01656998 3.390302504 0.07419719053 12
4500 25.03941875 25.07500542 24.9906628 0.3333655782 0.333325515 4.006321525e-05 0.001003159623 6.31521158e-05 9.696250593e-06 0.02098440246 1969.865651 8030.134349 6.85373253e-15 1.34678079e-08 3.9479797e-08 0.001000121734 1.296391377 25.01660438 3.389755002 0.07119192992 12
5000 25.03941772 25.07500468 24.98969682 0.3333656133 0.333325496 4.011733562e-05 0.001004514724 6.314643721e-05 9.703175205e-06 0.02095420992 1969.865651 8030.134349 3.014854565e-14 0 0 0.001001995594 1.296380267 25.01663202 3.389784052 0.07103436377 12
5500 25.03941716 25.07500439 24.98879224 0.3333656325 0.3333254856 4.014690922e-05 0.001005255207 6.314556548e-05 9.709792147e-06 0.02093848574 1969.865651 8030.134349 5.661851991e-14 0 2.837203111e-08 0.001003006958 1.296369609 25.01665832 3.389811921 0.07088635911 12
6000 25.03941698 25.07500449 24.9879459 0.3333656382 0.3333254823 4.015589672e-05 0.001005480242 6.314556324e-05 9.716121954e-06 0.02093379879 1969.865651 8030.134349 6.60303291e-14 9.651965523e-09 0 0.001003295976 1.296342563 25.01618042 3.389882644 0.07137867226 12
6500 25.039417 25.07500477 24.98715447 0.3333656376 0.3333254824 4.015518641e-05 0.001005462457 6.31450198e-05 9.72217069e-06 0.02093398892 1969.865651 8030.134349 6.657984436e-14 0 2.37810329e-08 0.001003245429 1.296332735 25.01620352 3.389908344 0.07124911085 12
7000 25.03941705 25.0750051 24.98641467 0.3333656356 0.3333254833 4.015231022e-05 0.001005390441 6.314386622e-05 9.727935818e-06 0.02093510595 1969.865651 8030.134349 7.1806562e-14 1.070436054e-08 3.129985058e-09 0.001003120363 1.296335737 25.01671914 3.389900493 0.07050275632 12
7500 25.03941709 25.0750054 24.98572337 0.3333656342 0.3333254839 4.015031628e-05 0.001005340516 6.314242138e-05 9.733419502e-06 0.02093566654 1969.865651 8030.134349 2.612309579e-14 1.258210814e-08 2.493121233e-08 0.001003027793 1.296314453 25.01624532 3.389956151 0.0710145363 12
8000 25.0394171 25.07500567 24.98507759 0.3333656336 0.3333254841 4.014958389e-05 0.001005322177 6.314095256e-05 9.738627207e-06 0.02093556141 1969.865651 8030.134349 2.35569721e-14 0 0 0.001002981328 1.296318127 25.01675809 3.389946545 0.0702832902 12
8500 25.0394171 25.07500591 24.98447449 0.3333656336 0.3333254839 4.014962005e-05 0.001005323083 6.313958303e-05 9.743565814e-06 0.02093508846 1969.865651 8030.134349 2.733438924e-14 1.02611878e-08 2.334501846e-08 0.001002963048 1.296297952 25.0162817 3.389999303 0.07080969311 12
9000 25.0394171 25.07500613 24.98391136 0.3333656337 0.3333254838 4.014990731e-05 0.001005330276 6.31383364e-05 9.748243143e-06 0.02093452534 1969.865651 8030.134349 5.853735675e-14 0 1.225544095e-08 0.001002955117 1.296302284 25.01679197 3.389987976 0.07009180723 12
9500 25.03941709 25.07500635 24.98338563 0.3333656338 0.3333254836 4.015019546e-05 0.00100533749 6.313719612e-05 9.75266777e-06 0.02093399703 1969.865651 8030.134349 3.611910645e-14 0 8.972622026e-09 0.001002948206 1.29628314 25.01631335 3.39003804 0.07063108491 12
10000 25.03941709 25.07500656 24.98289488 0.3333656338 0.3333254834 4.015040011e-05 0.001005342615 6.313614066e-05 9.756848832e-06 0.02093354038 1969.865651 8030.134349 9.113766429e-14 8.989699715e-09 3.480122121e-08 0.001002939694 1.296288101 25.01682147 3.390025065 0.06992493011 12
10500 25.03941708 25.07500676 24.98243683 0.3333656338 0.3333254833 4.015054644e-05 0.001005346278 6.313515534e-05 9.760795851e-06 0.0209331374 1969.865651 8030.134349 5.223654812e-14 0 0 0.001002929984 1.296287324 25.01684674 3.390027099 0.06984127103 12
11000 25.03941708 25.07500695 24.98200931 0.3333656338 0.3333254832 4.015065617e-05 0.001005349026 6.313423241e-05 9.764518575e-06 0.02093277418 1969.865651 8030.134349 2.543159236e-14 1.114388376e-08 1.887326201e-08 0.001002920072 1.29605833 25.01685214 3.390626065 0.07262286338 12
11500 25.03941708 25.07500713 24.98161033 0.3333656338 0.3333254831 4.015075283e-05 0.001005351446 6.313336777e-05 9.768026865e-06 0.02093243711 1969.865651 8030.134349 3.29364314e-14 7.681293825e-09 0 0.001002910621 1.296258123 25.01636489 3.390103466 0.07033999739 12
12000 25.03941708 25.0750073 24.98123798 0.3333656338 0.333325483 4.015084485e-05 0.00100535375 6.313255854e-05 9.771330581e-06 0.02093212083 1969.865651 8030.134349 3.180412461e-14 0 0 0.001002901865 1.296252738 25.01637569 3.390117549 0.07027897967 12
12500 25.03941707 25.07500746 24.98089051 0.3333656338 0.3333254829 4.015093362e-05 0.001005355973 6.313180186e-05 9.774439504e-06 0.02093182368 1969.865651 8030.134349 6.464025809e-14 0 0 0.001002893798 1.296247669 25.01638576 3.390130806 0.07022205132 12
13000 25.03941707 25.07500762 24.98056626 0.3333656338 0.3333254828 4.015101818e-05 0.00100535809 6.313109473e-05 9.777363266e-06 0.02093154514 1969.865651 8030.134349 3.415977672e-14 0 0 0.001002886332 1.296242901 25.01639516 3.390143276 0.07016893961 12
13500 25.03941707 25.07500776 24.98026368 0.3333656338 0.3333254827 4.015109763e-05 0.001005360079 6.313043405e-05 9.780111292e-06 0.02093128467 1969.865651 8030.134349 3.871357063e-14 0 0 0.001002879385 1.296238419 25.01640393 3.390154999 0.07011938945 12
14000 25.03941707 25.0750079 24.97998133 0.3333656338 0.3333254827 4.015117166e-05 0.001005361933 6.312981683e-05 9.782692763e-06 0.02093104143 1969.865651 8030.134349 5.074758198e-14 1.586573485e-08 0 0.001002872899 1.296234207 25.0164121 3.390166014 0.07007316242 12
14500 25.03941707 25.07500803 24.97971786 0.3333656338 0.3333254826 4.015124048e-05 0.001005363656 6.312924022e-05 9.785116578e-06 0.02093081438 1969.865651 8030.134349 6.106899131e-14 0 0 0.001002866839 1.296230252 25.01641973 3.390176359 0.07003003583 12
15000 25.03941707 25.07500815 24.97947201 0.3333656339 0.3333254825 4.015130447e-05 0.001005365258 6.312870158e-05 9.787391333e-06 0.02093060244 1969.865651 8030.134349 1.96757919e-14 1.714815734e-08 0 0.001002861176 1.296244265 25.01693426 3.390139707 0.06935392838 12
15500 25.03941706 25.07500826 24.9792426 0.3333656339 0.3333254825 4.015136403e-05 0.00100536675 6.312819844e-05 9.789525299e-06 0.02093040457 1969.865651 8030.134349 3.853075685e-14 9.029379889e-09 0 0.001002855889 1.296240806 25.01694102 3.390148756 0.06931626445 12
16000 25.03941706 25.07500837 24.97902854 0.3333656339 0.3333254824 4.015141954e-05 0.001005368139 6.312772851e-05 9.791526418e-06 0.02093021983 1969.865651 8030.134349 4.143292146e-14 1.788733515e-08 1.582578573e-08 0.001002850952 1.296219788 25.01643967 3.390203725 0.06991724764 12
16500 25.03941706 25.07500847 24.97882879 0.3333656339 0.3333254824 4.015147127e-05 0.001005369435 6.312728961e-05 9.793402291e-06 0.02093004735 1969.865651 8030.134349 5.751313577e-14 0 2.520162641e-08 0.001002846344 1.296216725 25.01644545 3.390211737 0.0698845775 12
17000 25.03941706 25.07500857 24.97864241 0.3333656339 0.3333254823 4.015151753e-05 0.001005370593 6.312687974e-05 9.795160176e-06 0.02092988734 1969.865651 8030.134349 7.448583361e-14 0 3.492173917e-08 0.001002842044 1.296213854 25.01645084 3.390219246 0.06985409796 12
17500 25.03941706 25.07500866 24.97846849 0.3333656339 0.3333254823 4.015156446e-05 0.001005371768 6.312649699e-05 9.796806993e-06 0.02092973597 1969.865651 8030.134349 1.141355891e-13 1.690570143e-08 0 0.00100283803 1.296211164 25.01645586 3.390226281 0.06982566193 12
18000 25.03941706 25.07500874 24.97830621 0.3333656339 0.3333254823 4.015160638e-05 0.001005372818 6.312613959e-05 9.798349325e-06 0.02092959563 1969.865651 8030.134349 1.182513985e-13 1.325467788e-08 0 0.001002834284 1.296208644 25.01646055 3.390232872 0.0697991322 12
18500 25.03941706 25.07500882 24.97815479 0.3333656339 0.3333254822 4.015164359e-05 0.001005373749 6.312580588e-05 9.799793423e-06 0.02092946559 1969.865651 8030.134349 1.340827839e-13 1.752727146e-08 1.820456255e-08 0.001002830787 1.296206285 25.01646493 3.390239043 0.06977438078 12
19000 25.03941706 25.0750089 24.9780135 0.3333656339 0.3333254822 4.01516819e-05 0.001005374709 6.31254943e-05 9.801145219e-06 0.02092934232 1969.865651 8030.134349 1.581212256e-13 0 0 0.001002827524 1.296204076 25.01646901 3.39024482 0.06975128832 12
19500 25.03941706 25.07500896 24.97788166 0.3333656339 0.3333254821 4.015171587e-05 0.001005375559 6.312520339e-05 9.802410327e-06 0.02092922816 1969.865651 8030.134349 2.262680194e-13 1.542181709e-08 0 0.001002824478 1.296202009 25.01647282 3.390250228 0.06972974344 12
20000 25.03941706 25.07500903 24.97775864 0.3333656339 0.3333254821 4.015174754e-05 0.001005376352 6.31249318e-05 9.803594062e-06 0.0209291216 1969.865651 8030.134349 2.459579312e-13 8.798429116e-09 2.974685881e-08 0.001002821635 1.296200074 25.01647637 3.390255288 0.0697096423 12
20500 25.03941706 25.07500909 24.97764385 0.3333656339 0.3333254821 4.015177708e-05 0.001005377092 6.312467826e-05 9.804701443e-06 0.02092902214 1969.865651 8030.134349 2.514131565e-13 0 0 0.001002818982 1.296198264 25.01647969 3.390260022 0.06969088802 12
21000 25.03941706 25.07500915 24.97753674 0.3333656339 0.3333254821 4.015180462e-05 0.001005377781 6.312444156e-05 9.805737212e-06 0.02092892931 1969.865651 8030.134349 3.262249188e-13 0 0 0.001002816506 1.296196571 25.01648278 3.390264451 0.06967339024 12
21500 25.03941705 25.0750092 24.97743679 0.3333656339 0.333325482 4.015183031e-05 0.001005378425 6.31242206e-05 9.806705838e-06 0.02092884267 1969.865651 8030.134349 4.179925986e-13 9.81571138e-09 0 0.001002814196 1.296194987 25.01648566 3.390268593 0.06965706468 12
22000 25.03941705 25.07500925 24.97734353 0.3333656339 0.333325482 4.015185426e-05 0.001005379024 6.312401435e-05 9.807611535e-06 0.02092876179 1969.865651 8030.134349 5.165246595e-13 1.190678279e-08 0 0.001002812039 1.296193506 25.01648836 3.390272466 0.0696418327 12
22500 25.03941705 25.0750093 24.97725652 0.3333656339 0.333325482 4.015187661e-05 0.001005379584 6.312382181e-05 9.808458269e-06 0.02092868632 1969.865651 8030.134349 6.533908173e-13 0 0 0.001002810027 1.296192122 25.01649087 3.390276087 0.06962762098 12
23000 25.03941705 25.07500934 24.97717532 0.3333656339 0.333325482 4.015189577e-05 0.001005380064 6.31236421e-05 9.809249775e-06 0.02092861674 1969.865651 8030.134349 8.458357447e-13 0 0 0.001002808149 1.296190827 25.01649321 3.390279473 0.06961436111 12
23500 25.03941705 25.07500938 24.97709955 0.3333656339 0.3333254819 4.015191688e-05 0.001005380592 6.312347435e-05 9.809989562e-06 0.02092855013 1969.865651 8030.134349 1.022189692e-12 0 1.942889024e-09 0.001002806396 1.296189618 25.0164954 3.390282637 0.06960198927 12
24000 25.03941705 25.07500942 24.97702886 0.3333656339 0.3333254819 4.0151935e-05 0.001005381046 6.312331778e-05 9.810680932e-06 0.02092848877 1969.865651 8030.134349 1.20177283e-12 1.706358831e-08 0 0.001002804761 1.296188487 25.01649744 3.390285594 0.06959044594 12
24500 25.03941705 25.07500946 24.97696289 0.3333656339 0.3333254819 4.015195191e-05 0.001005381469 6.312317165e-05 9.811326983e-06 0.0209284315 1969.865651 8030.134349 1.356119588e-12 3.445405102e-09 0 0.001002803234 1.29618743 25.01649934 3.390288358 0.06957967558 12
25000 25.03941705 25.07500949 24.97690134 0.3333656339 0.3333254819 4.015196768e-05 0.001005381864 6.312303525e-05 9.811930628e-06 0.02092837806 1969.865651 8030.134349 1.568942659e-12 5.862821296e-09 0 0.00100280181 1.296186443 25.01650112 3.39029094 0.0695696264 12
25500 25.03941705 25.07500952 24.97684391 0.3333656339 0.3333254819 4.015198239e-05 0.001005382232 6.312290794e-05 9.812494596e-06 0.02092832819 1969.865651 8030.134349 1.73569861e-12 1.148605076e-08 0 0.001002800481 1.296185521 25.01650277 3.390293353 0.06956025006 12
26000 25.03941705 25.07500955 24.97679032 0.3333656339 0.3333254819 4.015199611e-05 0.001005382576 6.312278913e-05 9.813021451e-06 0.02092828164 1969.865651 8030.134349 1.831958887e-12 0 1.298935382e-08 0.001002799241 1.296184659 25.01650432 3.390295607 0.06955150149 12
26500 25.03941705 25.07500958 24.97674031 0.3333656339 0.3333254819 4.015200891e-05 0.001005382897 6.312267824e-05 9.813513596e-06 0.02092823821 1969.865651 8030.134349 1.968793833e-12 1.655897431e-08 3.329174692e-09 0.001002798083 1.296183854 25.01650576 3.390297713 0.06954333862 12
27000 25.03941705 25.0750096 24.97669365 0.3333656339 0.3333254818 4.015202085e-05 0.001005383196 6.312257475e-05 9.813973283e-06 0.02092819767 1969.865651 8030.134349 2.100408147e-12 0 1.709836844e-08 0.001002797003 1.296183102 25.01650711 3.39029968 0.06953572222 12
27500 25.03941705 25.07500963 24.97665011 0.3333656339 0.3333254818 4.015203199e-05 0.001005383474 6.312247816e-05 9.814402623e-06 0.02092815984 1969.865651 8030.134349 2.245856221e-12 2.760488819e-09 0 0.001002795995 1.296182399 25.01650836 3.390301517 0.06952861568 12
28000 25.03941705 25.07500965 24.97660948 0.3333656339 0.3333254818 4.015204238e-05 0.001005383735 6.312238802e-05 9.814803594e-06 0.02092812454 1969.865651 8030.134349 2.366455514e-12 0 0 0.001002795055 1.296181743 25.01650953 3.390303233 0.06952198486 12
28500 25.03941705 25.07500967 24.97657158 0.3333656339 0.3333254818 4.015205207e-05 0.001005383977 6.31223039e-05 9.815178048e-06 0.0209280916 1969.865651 8030.134349 2.527217909e-12 1.299863774e-08 0 0.001002794177 1.296181131 25.01651063 3.390304835 0.06951579789 12
29000 25.03941705 25.07500969 24.9765362 0.3333656339 0.3333254818 4.015206112e-05 0.001005384204 6.312222539e-05 9.815527718e-06 0.02092806085 1969.865651 8030.134349 2.62823596e-12 1.370930837e-08 1.169077416e-08 0.001002793358 1.296180559 25.01651165 3.390306332 0.06951002505 12
29500 25.03941705 25.07500971 24.9765032 0.3333656339 0.3333254818 4.015206956e-05 0.001005384415 6.312215213e-05 9.815854229e-06 0.02092803217 1969.865651 8030.134349 2.692778732e-12 0 1.948856633e-08 0.001002792594 1.296180024 25.0165126 3.390307729 0.06950463861 12
29999 25.03941705 25.07500973 24.97647246 0.3333656339 0.3333254818 4.015207741e-05 0.001005384612 6.312208389e-05 9.816158509e-06 0.02092800545 1969.865651 8030.134349 2.774520282e-12 1.960557102e-08 3.000439206e-08 0.001002791882 1.296179526 25.01651349 3.390309031 0.06949962239 12
