# step v0 Mach sigma R umax_ref urms_ref umax_mean urms_mean umax_lab mean_x mean_y mean_z drop_ux drop_uy x0 y0 x_unwrapped center_dx center_dy axis_ratio mass_R mass_B min_f negative_total negative_color min_rho min_phi max_phi qx qy qz p_in p_out delta_p urms_lab
0 0 0 -5.560112678108922e-15 25.040521385269312 0.0019846305619504513 0.00024201668813258025 0.0019846305619504513 0.00024201668813258025 0.0019846305619504513 -1.2737587977873964e-20 2.0033782619307044e-20 -2.077568543662845e-21 -1.2105802732856576e-20 2.4501124512719474e-20 50.000000000000007 50.000000000000007 50.000000000000007 7.1054273576010019e-15 7.1054273576010019e-15 1.0000000000000007 1969.8656512480641 8030.1343487520408 0.027326783171444269 0 0 0.99999999999999956 5.1710809399147474e-26 0.99999999999998501 -1.2629184795158337e-16 -3.600813564460615e-16 -1.8433860815205722e-17 0.33333333333333387 0.33333333333333409 -2.2204460492503131e-16 0.00024201668813258025
500 0 0 0.017329885660026627 24.997654042939935 0.0022943809280109475 0.0013931636054062238 0.0022943809280109441 0.0013931636054062245 0.0022943809280109475 -1.8735013540550372e-20 4.6920800578222822e-18 1.1382956772454935e-19 -3.7855904007139373e-17 -5.0171659367901787e-17 49.999999999999993 49.999999999999986 49.999999999999993 -7.1054273576010019e-15 -1.4210854715202004e-14 1.0000000000000013 1969.8656512479386 8030.1343487514832 0.027234821524359666 0 0 0.99407806517994324 4.085990890703482e-18 1 -1.1797474889357895e-16 4.388198517665115e-14 1.2715033998412323e-15 0.33393253985424093 0.33323927937346709 0.00069326048077383851 0.0013931636054062238
1000 0 0 0.066154605578482309 24.953616772448701 0.0032675798488531189 0.0019153665999023604 0.0032675798488531224 0.0019153665999023604 0.0032675798488531189 -3.3723024372992571e-19 7.6175177277101326e-18 5.2701062780724423e-19 -2.8339052595633355e-17 -4.860683458996393e-17 49.999999999999993 49.999999999999993 49.999999999999993 -7.1054273576010019e-15 -7.1054273576010019e-15 1.000000000000002 1969.8656512478437 8030.1343487511331 0.027317126030449404 0 0 0.99578861210010883 5.7440079704470714e-18 1 -3.3168590487034355e-15 7.1532189893641629e-14 5.2725826457907886e-15 0.33542854696845414 0.33277744407696774 0.002651102891486401 0.0019153665999023604
1500 0 0 0.12268945359422311 24.909617424492492 0.002725064224727632 0.0016935145902419249 0.002725064224727639 0.0016935145902419243 0.002725064224727632 -4.5231179912626096e-18 5.7096688488309247e-18 7.9069829159310641e-19 -1.8413261110620171e-17 1.1583311631524911e-19 49.999999999999986 49.999999999999986 49.999999999999986 -1.4210854715202004e-14 -1.4210854715202004e-14 1.0000000000000002 1969.8656512477464 8030.1343487507202 0.027345502761618422 0 0 0.99324837211832595 5.7637938631000777e-18 1 -4.552258635152906e-14 6.8736683012105004e-14 7.8847790291658739e-15 0.33710002368330655 0.33217463878062281 0.0049253849026837382 0.0016935145902419249
2000 0 0 0.14844528137665047 24.88367652069212 0.0019418276841016626 0.00095058352235114689 0.0019418276841016522 0.00095058352235114711 0.0019418276841016626 -9.5305707770185083e-18 7.4697192875576429e-18 2.1535072943809906e-18 -7.6840179383843602e-18 3.7256585257234062e-17 49.999999999999986 49.999999999999979 49.999999999999986 -1.4210854715202004e-14 -2.1316282072803006e-14 1.0000000000000009 1969.8656512476423 8030.1343487502809 0.027346370803274702 0 0 0.99386295230546384 5.8738771714077139e-18 1 -9.5055921142152278e-14 6.6077988892208894e-14 2.1445731115193282e-14 0.33775866865589682 0.33179309997261924 0.0059655686832775778 0.00095058352235114689
2500 0 0 0.15740356616862686 24.881584588563307 0.0020027004613055771 0.00068501574558126499 0.0020027004613055776 0.00068501574558126586 0.0020027004613055771 -1.1592636572913291e-17 1.2682216388174615e-17 4.3538227555656594e-18 7.9056350768345074e-17 5.6886600269983116e-17 49.999999999999979 49.999999999999986 49.999999999999979 -2.1316282072803006e-14 -1.4210854715202004e-14 1.0000000000000024 1969.8656512475361 8030.1343487499207 0.02724857597368955 0 0 0.99498289606108914 5.4608060533628638e-18 1 -1.1601363722772359e-13 1.181358613364103e-13 4.3559891948163849e-14 0.3381911108572847 0.33186500386806278 0.0063261069892219246 0.00068501574558126499
3000 0 0 0.13632495092627114 24.900161104627511 0.0025627257572814447 0.0011538062060696406 0.0025627257572814316 0.0011538062060696406 0.0025627257572814447 -1.1714240688579822e-17 1.1146639167240034e-17 5.3283768571606213e-18 1.2200154910561867e-16 6.735309931874227e-17 49.999999999999964 49.999999999999986 49.999999999999964 -3.5527136788005009e-14 -1.4210854715202004e-14 1.0000000000000024 1969.8656512474365 8030.1343487495069 0.027122006733736392 0 0 0.99571075627151173 5.6874812077755701e-18 1 -1.1729159988095941e-13 1.0512121365437513e-13 5.338799259963019e-14 0.33773325265167015 0.33225839044682537 0.005474862204844777 0.0011538062060696406
3500 0 0 0.095891495404223717 24.930208895233331 0.0027699559989388502 0.0012754385786255538 0.0027699559989388563 0.0012754385786255538 0.0027699559989388502 -5.0844745080898143e-18 6.5364380574829137e-18 5.5078135498761618e-18 6.8225388275988156e-17 1.3117311249799748e-16 49.99999999999995 49.999999999999979 49.99999999999995 -4.9737991503207013e-14 -2.1316282072803006e-14 1.0000000000000031 1969.8656512473435 8030.134348749094 0.027086880068777561 0 0 0.99595321321952868 6.2441968320233795e-18 1 -5.1025156322381804e-14 6.4482273687271885e-14 5.5107667029813327e-14 0.33658367856063726 0.33273728097098215 0.0038463975896551039 0.0012754385786255538
4000 0 0 0.060017855562405902 24.957601194268182 0.0023917785431421847 0.00094047822532050858 0.0023917785431421851 0.0009404782253205088 0.0023917785431421847 1.0800388361436062e-18 2.865763182314869e-19 3.8195059857539137e-18 8.7786815684825904e-17 1.4956490566245135e-17 49.99999999999995 49.999999999999993 49.99999999999995 -4.9737991503207013e-14 -7.1054273576010019e-15 1.000000000000002 1969.8656512472467 8030.134348748601 0.027136833709708302 0 0 0.99518426857131159 6.5214667572386708e-18 1 1.0273032424734652e-14 -1.0114088386248277e-14 3.8104103440339648e-14 0.33546825377880174 0.33306346114287366 0.0024047926359280769 0.00094047822532050858
4500 0 0 0.045218648786853895 24.969975468400779 0.0019759633949088342 0.00060767754881039268 0.0019759633949088312 0.00060767754881039301 0.0019759633949088342 6.3490879220780682e-19 4.2989917181677235e-18 1.854081937219073e-18 1.7550816411908904e-17 -2.6963050549498256e-17 49.999999999999943 49.999999999999986 49.999999999999943 -5.6843418860808015e-14 -1.4210854715202004e-14 1.0000000000000016 1969.8656512471334 8030.1343487482327 0.027251504940616962 0 0 0.99515532168236431 6.3328538640494909e-18 1 6.0888658481514368e-15 4.3249258341315766e-14 1.8787433087460096e-14 0.33496161977442201 0.33315069894095634 0.001810920833465679 0.00060767754881039268
5000 0 0 0.054409974148813295 24.964300135067784 0.0024590912573468019 0.00082593086448110205 0.0024590912573467993 0.00082593086448110216 0.0024590912573468019 -2.0042127679708258e-18 -1.3815337762686333e-18 9.7160286178560509e-20 -3.4327640405658823e-17 -9.5005835948615198e-17 49.999999999999936 49.999999999999986 49.999999999999936 -6.3948846218409017e-14 -1.4210854715202004e-14 1.000000000000002 1969.8656512470372 8030.1343487478371 0.027329878025295087 0 0 0.99542313032028784 5.5409277476712482e-18 1 -1.9914408663779248e-14 -6.7235171423429829e-15 1.176505637038545e-15 0.33518423955765342 0.33300472826134503 0.0021795112963083896 0.00082593086448110205
5500 0 0 0.075906114672453853 24.94824234332637 0.0024670604285010216 0.00099801427587468267 0.0024670604285010234 0.00099801427587468288 0.0024670604285010216 4.5019543648575723e-18 -4.5890374833516578e-18 -3.8063810716362678e-18 -8.7494269192307901e-17 3.5015003829812854e-17 49.999999999999929 49.999999999999979 49.999999999999929 -7.1054273576010019e-14 -2.1316282072803006e-14 1.0000000000000033 1969.8656512469436 8030.1343487474123 0.027355128176077083 0 0 0.99606939634511638 5.2104249928677334e-18 1 4.500219641379033e-14 -3.1355987413755199e-14 -3.8058737329195049e-14 0.3356908336832794 0.33264829009933194 0.0030425435839474546 0.00099801427587468267
6000 0 0 0.09952606413568188 24.930587795654056 0.0021461268020790303 0.00082034768136666613 0.0021461268020790307 0.00082034768136666526 0.0021461268020790303 8.7999052489405997e-18 -4.3434006391534206e-18 -1.0387513058767575e-17 -8.1826513690153994e-17 1.0263203492688245e-16 49.999999999999929 49.999999999999979 49.999999999999929 -7.1054273576010019e-14 -2.1316282072803006e-14 1.0000000000000011 1969.8656512468249 8030.1343487469512 0.027366068959405382 0 0 0.99456359377297809 5.0791229810524221e-18 1 8.8096197004006171e-14 -4.2693272691001621e-14 -1.0395143247438548e-13 0.33626921610833899 0.33227708945045764 0.0039921266578813452 0.00082034768136666613
6500 0 0 0.11374623079800346 24.918662167815683 0.0018101032808741661 0.00043866872150740956 0.0018101032808741729 0.00043866872150740929 0.0018101032808741661 1.3156142841816976e-17 -3.9881292712733688e-18 -1.5932716596735702e-17 -3.2232478347671206e-17 6.3733708541034382e-17 49.999999999999929 49.999999999999972 49.999999999999929 -7.1054273576010019e-14 -2.8421709430404007e-14 1.0000000000000022 1969.8656512467405 8030.1343487465756 0.02730967043354017 0 0 0.99367523750164399 5.0741475711878425e-18 1 1.3205581444433907e-13 -4.0657042755251963e-14 -1.5925409039798867e-13 0.33664507348554218 0.33208037293974341 0.0045647005457987722 0.00043866872150740956
7000 0 0 0.1164899810873896 24.916466022242183 0.001910619228433718 0.00049055956808121423 0.0019106192284337182 0.00049055956808121391 0.001910619228433718 1.1408408939769735e-17 -5.6621374255924e-19 -2.2718255649078323e-17 -1.8895549953259732e-17 -6.9137782608261271e-18 49.999999999999922 49.999999999999972 49.999999999999922 -7.815970093361102e-14 -2.8421709430404007e-14 1.0000000000000013 1969.8656512466414 8030.1343487461827 0.027219880858731942 0 0 0.99454318215613335 5.1622020119579295e-18 1 1.1348344139405775e-13 -8.2789677890993119e-15 -2.269936083372956e-13 0.33681556933318396 0.33214034849795787 0.0046752208352260904 0.00049055956808121423
7500 0 0 0.10578834861718528 24.924332099906362 0.002264755966776999 0.00076292228031511289 0.0022647559667769868 0.00076292228031511332 0.002264755966776999 1.1509890263115088e-17 -4.334033132383834e-18 -2.9261616584228087e-17 5.8762854544569666e-17 -8.1207569806313002e-17 49.999999999999929 49.999999999999964 49.999999999999929 -7.1054273576010019e-14 -3.5527136788005009e-14 1.0000000000000047 1969.8656512465393 8030.134348745687 0.027139844942745923 0 0 0.99660295513287189 5.4274756212921715e-18 1 1.1512492009506901e-13 -3.4493458436757329e-14 -2.9279670562800975e-13 0.33661385897768398 0.33236947849867476 0.0042443804790092132 0.00076292228031511289
8000 0 0 0.088235543325300453 24.936983077078498 0.002340325830989181 0.00077738943656962948 0.0023403258309891884 0.00077738943656962981 0.002340325830989181 1.2332496135424524e-17 5.4879711886047694e-18 -3.3462150110366337e-17 5.7713963653737738e-17 -8.6651887039646592e-17 49.999999999999922 49.999999999999957 49.999999999999922 -7.815970093361102e-14 -4.2632564145606011e-14 1.0000000000000022 1969.8656512464363 8030.1343487452759 0.027113629836312866 0 0 0.99630445554969604 5.5637860702867142e-18 1 1.2357649625815981e-13 5.7220939751333362e-14 -3.3466254413976061e-13 0.33618441967414081 0.33264607892728421 0.0035383407468566053 0.00077738943656962948
8500 0 0 0.073922577463886516 24.947343525356867 0.0020844279681695253 0.0005173963853373993 0.0020844279681695144 0.00051739638533739908 0.0020844279681695253 1.0726142196669151e-17 2.6985358392318752e-18 -3.4178585986894208e-17 1.940627915371903e-17 -6.1290080721332209e-17 49.999999999999929 49.999999999999957 49.999999999999929 -7.1054273576010019e-14 -4.2632564145606011e-14 1.0000000000000011 1969.8656512463249 8030.1343487449103 0.027150422493097542 0 0 0.99570635159767451 5.608296536099395e-18 1 1.0750515061497268e-13 1.6117532655735012e-14 -3.4173988153059638e-13 0.335815955173487 0.33285281092573371 0.002963144247753291 0.0005173963853373993
9000 0 0 0.070404040306040472 24.950123859757326 0.0018357346098334046 0.00028443169280592453 0.0018357346098334165 0.00028443169280592475 0.0018357346098334046 1.3558099955247994e-17 3.319566843632306e-18 -3.7709460282489062e-17 2.0719130717469366e-17 -4.4369559420260338e-18 49.999999999999929 49.999999999999957 49.999999999999929 -7.1054273576010019e-14 -4.2632564145606011e-14 1.0000000000000002 1969.8656512462242 8030.1343487445483 0.027220961458201364 0 0 0.99555893548221897 5.5853885790855265e-18 1 1.3567424263325346e-13 3.3589205872817159e-14 -3.7685800619965182e-13 0.33574584767399801 0.33292405645958256 0.0028217912144154478 0.00028443169280592453
9500 0 0 0.077148745389190893 24.945138990723812 0.0019352533863451413 0.00047943583173273423 0.001935253386345145 0.00047943583173273445 0.0019352533863451413 7.0820085906822075e-18 -2.3168966745168783e-18 -3.7045718634718536e-17 -8.2208449043327134e-17 5.7019530018816525e-17 49.999999999999929 49.99999999999995 49.999999999999929 -7.1054273576010019e-14 -4.9737991503207013e-14 1.0000000000000018 1969.8656512461298 8030.1343487440881 0.02728885733198055 0 0 0.99584917803003126 5.4681245462904062e-18 1 7.1092425634020247e-14 -1.9911156057261792e-14 -3.7037935357128001e-13 0.33592720337542431 0.33283446673371309 0.0030927366417112245 0.00047943583173273423
10000 0 0 0.089301184766569883 24.936148210243442 0.0020363258231887666 0.00062564604301970823 0.0020363258231887748 0.0006256460430197078 0.0020363258231887666 7.9079104375960068e-18 -2.4830831835157559e-18 -3.7974849130630828e-17 -8.8768490374247606e-17 2.1930053413883966e-17 49.999999999999936 49.999999999999943 49.999999999999936 -6.3948846218409017e-14 -5.6843418860808015e-14 1.0000000000000033 1969.8656512460188 8030.1343487437289 0.027330911679908015 0 0 0.99638872540933832 5.245681311885823e-18 1 7.9316778432746496e-14 -1.8737398785328985e-14 -3.7976022060207578e-13 0.33620807652234902 0.33262688250578931 0.0035811940165597078 0.00062564604301970823
10500 0 0 0.10084589732486694 24.927721813550363 0.0019807177892552721 0.0005485795626056011 0.00198071778925527 0.00054857956260560121 0.0019807177892552721 4.6310177914726777e-18 -4.9061449347628964e-18 -3.8356131066894182e-17 -1.2156327054638636e-16 3.9129371688337087e-18 49.999999999999936 49.999999999999943 49.999999999999936 -6.3948846218409017e-14 -5.6843418860808015e-14 1.0000000000000013 1969.8656512459279 8030.1343487433005 0.027337144725893586 0 0 0.99672758127460825 5.166400568215516e-18 1 4.6032628934784131e-14 -3.8564203913571404e-14 -3.8362601072826341e-13 0.33645771132159069 0.33241217927982791 0.0040455320417627783 0.0005485795626056011
11000 0 0 0.10679886310266987 24.923490832535801 0.0018526506348935214 0.00035185985394691149 0.0018526506348935229 0.00035185985394691117 0.0018526506348935214 6.5338034462088595e-18 -5.5101756490989626e-18 -3.8469936794880154e-17 -5.4206936859261946e-18 2.6885591765744166e-17 49.999999999999943 49.999999999999936 49.999999999999943 -5.6843418860808015e-14 -6.3948846218409017e-14 1.0000000000000002 1969.8656512458313 8030.1343487428803 0.02730630439042208 0 0 0.99582200507932006 5.1676387696921939e-18 1 6.5563333367523076e-14 -5.7025781666220077e-14 -3.8468924425366072e-13 0.33658318582441132 0.33229811741965753 0.004285068404753789 0.00035185985394691149
11500 0 0 0.10498216167329548 24.92523798543256 0.0019216987698317449 0.00033369007004155473 0.0019216987698317482 0.00033369007004155452 0.0019216987698317449 4.8698892141154516e-18 -5.5809523669191867e-18 -3.9557603340015234e-17 9.4180987790672743e-18 3.4368499976982448e-18 49.99999999999995 49.999999999999929 49.99999999999995 -4.9737991503207013e-14 -7.1054273576010019e-14 1.0000000000000007 1969.8656512457351 8030.1343487424683 0.027250356968432882 0 0 0.9958768607949442 5.2611688376597195e-18 1 4.9134300957303506e-14 -5.7813349512445336e-14 -3.9570015388656188e-13 0.33653341561164113 0.3323215335933169 0.0042118820183242311 0.00033369007004155473
12000 0 0 0.096056165731229812 24.932083177937166 0.0020563677089791331 0.00046493783872528737 0.0020563677089791401 0.00046493783872528623 0.0020563677089791331 8.1407103280740385e-18 -1.1239273400867648e-17 -4.0327773719314291e-17 9.7223050070970338e-17 -5.165988579096884e-17 49.999999999999957 49.999999999999922 49.999999999999957 -4.2632564145606011e-14 -7.815970093361102e-14 1.0000000000000024 1969.8656512456448 8030.1343487419981 0.02719822645233036 0 0 0.99660827309791022 5.4012874921381705e-18 1 8.1476488831546887e-14 -1.1235348927802515e-13 -4.033182504065474e-13 0.33629704792101556 0.33244433473031709 0.0038527131906984646 0.00046493783872528737
12500 0 0 0.084671318842051826 24.940489385717594 0.0020812392325795961 0.00048542703791829478 0.0020812392325796026 0.00048542703791829478 0.0020812392325795961 6.1787380767421176e-18 -7.2900019354542848e-18 -4.0868736996758041e-17 6.0607874830496152e-17 -1.0163298282755592e-16 49.999999999999957 49.999999999999922 49.999999999999957 -4.2632564145606011e-14 -7.815970093361102e-14 1.000000000000004 1969.8656512455257 8030.1343487416516 0.027175436854457037 0 0 0.99641120089451241 5.4687081988084156e-18 1 6.1855892180247632e-14 -7.2584841782907805e-14 -4.0867867643473016e-13 0.3359948960149084 0.33259996187658553 0.0033949341383228693 0.00048542703791829478
13000 0 0 0.076723681013305567 24.946281230544777 0.0019624635595810276 0.00037857166315284873 0.0019624635595810237 0.00037857166315284895 0.0019624635595810276 6.1141196272621676e-18 -1.1780507125374127e-17 -4.0831220134747598e-17 7.423267131636497e-17 -1.1638326099050083e-17 49.999999999999964 49.999999999999908 49.999999999999964 -3.5527136788005009e-14 -9.2370555648813024e-14 1.0000000000000016 1969.8656512454288 8030.134348741286 0.027187193404351849 0 0 0.99616561340417076 5.4941914275220638e-18 1 6.1429594050421699e-14 -1.2291361335583628e-13 -4.0800067334397231e-13 0.33579731343542518 0.33272175759188072 0.0030755558435444641 0.00037857166315284873
13500 0 0 0.075790372746650084 24.946884265400762 0.0018297209794677527 0.0002984230923609233 0.0018297209794677493 0.00029842309236092346 0.0018297209794677527 7.800444318261876e-18 -1.3533098253156544e-17 -4.1356106154919132e-17 2.8098081129615626e-17 5.319272276446333e-17 49.999999999999957 49.999999999999908 49.999999999999957 -4.2632564145606011e-14 -9.2370555648813024e-14 1.0000000000000024 1969.865651245326 8030.1343487407867 0.027220053482721097 0 0 0.99605142450364781 5.4773281783969998e-18 1 7.8072968147943969e-14 -1.3535540503234684e-13 -4.1335791934683714e-13 0.33580234306904377 0.33276427338706088 0.0030380696819828912 0.0002984230923609233
14000 0 0 0.081254687437772366 24.942590711325508 0.0018021605942906758 0.00036392976100405993 0.0018021605942906908 0.00036392976100405988 0.0018021605942906758 8.9053764362872965e-18 -1.6932635849033876e-17 -4.0229949769566031e-17 1.2244066291752974e-17 1.2704435366220887e-16 49.999999999999964 49.999999999999901 49.999999999999964 -3.5527136788005009e-14 -9.9475983006414026e-14 1.0000000000000016 1969.8656512452187 8030.1343487403956 0.027256204328928293 0 0 0.99618381314721904 5.4029889129595865e-18 1 8.8535082043428304e-14 -1.7303963912250996e-13 -4.0224392932651433e-13 0.33597069070547764 0.3327130223911402 0.0032576683143374363 0.00036392976100405993
14500 0 0 0.089995966347135803 24.935820899905409 0.0018296090598811196 0.00041939341690328414 0.0018296090598811329 0.00041939341690328392 0.0018296090598811196 1.0860756738411757e-17 -1.689932915829601e-17 -4.0104713626733479e-17 -5.2534769984813193e-17 7.1250911649700236e-17 49.999999999999957 49.999999999999886 49.999999999999957 -4.2632564145606011e-14 -1.1368683772161603e-13 1.0000000000000031 1969.8656512451241 8030.13434874004 0.027281917877435231 0 0 0.99646835897399511 5.2542042194755372e-18 1 1.0857286952630461e-13 -1.6863301458892345e-13 -4.0085905188647367e-13 0.33620712350448151 0.33259801968919556 0.0036091038152859523 0.00041939341690328414
15000 0 0 0.098057317030814065 24.929627218980464 0.0018110321305215601 0.00037741573069173252 0.0018110321305215523 0.00037741573069173203 0.0018110321305215601 9.8691887995424019e-18 -1.5162524014146159e-17 -4.03323353518395e-17 -1.072241028714985e-16 1.1975730849042459e-16 49.999999999999957 49.999999999999872 49.999999999999957 -4.2632564145606011e-14 -1.2789769243681803e-13 1.0000000000000002 1969.8656512450286 8030.1343487396398 0.027289114421834737 0 0 0.99673742411240551 5.3361940999008096e-18 1 9.8665873919396435e-14 -1.5162133701340785e-13 -4.0331092662010977e-13 0.33641468135987446 0.33248131660598207 0.0039333647538923877 0.00037741573069173252
15500 0 0 0.10224695316488763 24.926494158889444 0.0018388172807791254 0.0002973169437622617 0.0018388172807791219 0.00029731694376226148 0.0018388172807791254 1.0905686076440697e-17 -1.5984089052370856e-17 -4.1404731189810545e-17 -4.6680900170522854e-17 1.1038519024396089e-16 49.999999999999964 49.999999999999872 49.999999999999964 -3.5527136788005009e-14 -1.2789769243681803e-13 1.0000000000000016 1969.8656512449359 8030.1343487392332 0.027275796427912911 0 0 0.99685004490523832 5.3387919839715471e-18 1 1.0869668880253425e-13 -1.5855621936927689e-13 -4.1422356018520822e-13 0.33652151098455718 0.3324195721995386 0.0041019387850185773 0.0002973169437622617
16000 0 0 0.10106865630129958 24.927546501571765 0.0019052023052653422 0.0003009043432744147 0.0019052023052653459 0.00030090434327441454 0.0019052023052653422 8.260839928788844e-18 -1.7880835701007735e-17 -4.1887995368279768e-17 3.2124619792780066e-18 -2.1722400817923848e-17 49.999999999999964 49.999999999999865 49.999999999999964 -3.5527136788005009e-14 -1.3500311979441904e-13 1.0000000000000018 1969.8656512448165 8030.1343487387448 0.027249224467409787 0 0 0.99678357955912011 5.3713698065875337e-18 1 8.248740232530416e-14 -1.7988800553314643e-13 -4.1889769254941807e-13 0.33648649848318785 0.3324320017321768 0.0040544967510110497 0.0003009043432744147
16500 0 0 0.095316624244933992 24.932043957710679 0.0019711086090135163 0.00035734614415146423 0.0019711086090135298 0.00035734614415146445 0.0019711086090135163 9.9921806939908769e-18 -1.785134540191707e-17 -4.3017336724171853e-17 -9.1199081247638875e-18 -9.3552277236934679e-17 49.999999999999972 49.999999999999858 49.999999999999972 -2.8421709430404007e-14 -1.4210854715202004e-13 1.0000000000000033 1969.8656512447335 8030.134348738412 0.027224159069171805 0 0 0.99663080969332973 5.4178854086185481e-18 1 1.0023232921820349e-13 -1.8310233971391421e-13 -4.3021663408773597e-13 0.33632360541349687 0.33250054845087446 0.0038230569626224176 0.00035734614415146423
17000 0 0 0.087943609292947394 24.937701057570653 0.0019790350852679035 0.00036323448708157493 0.0019790350852679074 0.00036323448708157493 0.0019790350852679035 8.1521595030195848e-18 -1.7376031169499504e-17 -4.3906882319476937e-17 1.74757624729379e-17 -6.1189527615142126e-17 49.999999999999979 49.999999999999851 49.999999999999979 -2.1316282072803006e-14 -1.4921397450962104e-13 1.000000000000002 1969.8656512446335 8030.1343487380118 0.027213137899323211 0 0 0.9964680893225627 5.4520198048414676e-18 1 8.1252719667541246e-14 -1.7293339069773817e-13 -4.3904335367593494e-13 0.33611472811688253 0.33258819577575283 0.0035265323411297067 0.00036323448708157493
17500 0 0 0.082488269081483309 24.941893791350754 0.0019268112363844357 0.00031376925436160631 0.0019268112363844392 0.00031376925436160625 0.0019268112363844357 8.63033602917385e-18 -1.8972323712097077e-17 -4.4826954225295197e-17 -1.7702028008992018e-17 -4.9272941739256862e-17 49.999999999999979 49.999999999999851 49.999999999999979 -2.1316282072803006e-14 -1.4921397450962104e-13 1.0000000000000022 1969.8656512445132 8030.1343487375862 0.027218874287402141 0 0 0.99633027135398289 5.4620575425802661e-18 1 8.6537983335775899e-14 -1.9018570355730513e-13 -4.4835208959734577e-13 0.33596348364619483 0.33265626608799609 0.0033072175581987384 0.00031376925436160631
18000 0 0 0.081111874288036401 24.942979503328967 0.0018642699305929718 0.00028199437188823547 0.0018642699305929701 0.00028199437188823541 0.0018642699305929718 8.2193583536711745e-18 -1.8282901234656683e-17 -4.6900325246602447e-17 -4.4632656569814676e-17 -4.5278682863520383e-17 49.999999999999979 49.999999999999837 49.999999999999979 -2.1316282072803006e-14 -1.6342482922482304e-13 1.000000000000004 1969.8656512444263 8030.1343487371068 0.027235264391252512 0 0 0.99626718177123696 5.4400695793104787e-18 1 8.25148249110924e-14 -1.8292062742980564e-13 -4.6873241141746397e-13 0.33592933875701619 0.33267744680572742 0.0032518919512887767 0.00028199437188823547
18500 0 0 0.083767078197370962 24.940940282109384 0.0018266105139580287 0.00030857564825286275 0.0018266105139580061 0.00030857564825286247 0.0018266105139580287 9.2007998442507614e-18 -2.0369469999653328e-17 -4.5997578630291214e-17 3.4190269600247702e-17 -1.2287001512397499e-17 49.999999999999993 49.999999999999829 49.999999999999993 -7.1054273576010019e-15 -1.7053025658242404e-13 1.0000000000000033 1969.8656512443235 8030.1343487367876 0.027253306366962077 0 0 0.99632394682068404 5.4067435437908816e-18 1 9.2019270756795932e-14 -2.015494433675602e-13 -4.5991983574421265e-13 0.33600404464541822 0.33264542715746975 0.0033586174879484676 0.00030857564825286275
19000 0 0 0.088769328495902952 24.937071773582343 0.001812826442862053 0.00033365745103206983 0.0018128264428620695 0.00033365745103207037 0.001812826442862053 1.0368615688281154e-17 -1.3386514119443879e-17 -4.7676474250923136e-17 8.1180968827673617e-17 1.8017837606526821e-17 50.000000000000007 49.999999999999829 50.000000000000007 7.1054273576010019e-15 -1.7053025658242404e-13 1.0000000000000027 1969.8656512442215 8030.1343487363265 0.027265369849674027 0 0 0.9964726872530022 5.3741615919043506e-18 1 1.0391253829622471e-13 -1.329130490564101e-13 -4.7698244450163823e-13 0.33613909413475668 0.33257936068642363 0.0035597334483330467 0.00033365745103206983
19500 0 0 0.093755582392533246 24.933206642897762 0.0018159299513040102 0.00031792541680506376 0.0018159299513040019 0.00031792541680506392 0.0018159299513040102 1.5661430485844877e-17 -1.4979684159784641e-17 -4.9237743596076344e-17 8.3370194625811189e-17 1.054572110957598e-16 50.000000000000021 49.999999999999829 50.000000000000021 2.1316282072803006e-14 -1.7053025658242404e-13 1.0000000000000018 1969.865651244123 8030.1343487358845 0.027266938776535979 0 0 0.99662342740672072 5.3558942041066489e-18 1 1.5631072316764447e-13 -1.4829961260745539e-13 -4.9232234180054482e-13 0.33627437346090155 0.33251410372362572 0.0037602697372758342 0.00031792541680506376
20000 0 0 0.096671032687293768 24.930945758710948 0.0018396994627323457 0.0002877486046766513 0.0018396994627323661 0.00028774860467665103 0.0018396994627323457 1.5833341582315655e-17 -1.5807841147218744e-17 -5.0152577383587171e-17 4.5921444146857329e-17 2.9290057071418433e-17 50.000000000000028 49.999999999999822 50.000000000000028 2.8421709430404007e-14 -1.7763568394002505e-13 1.0000000000000031 1969.8656512440241 8030.1343487355289 0.027257763995173854 0 0 0.99669522449266257 5.3588821873559683e-18 1 1.5819680634909794e-13 -1.583921253704712e-13 -5.0159484673004251e-13 0.33635774118332601 0.33248018942003132 0.0038775517632946843 0.0002877486046766513
20500 0 0 0.096489568290505076 24.931068507488721 0.001881846769401367 0.00028745584752521883 0.0018818467694013464 0.00028745584752521878 0.001881846769401367 1.772173987422515e-17 -1.5961884591886442e-17 -5.0284455377214475e-17 1.0512118955855891e-16 -3.6648760113356283e-17 50.000000000000043 49.999999999999822 50.000000000000043 4.2632564145606011e-14 -1.7763568394002505e-13 1.0000000000000013 1969.865651243917 8030.134348735105 0.027242764003602388 0 0 0.99667312900280935 5.3819289706692567e-18 1 1.7753029864182651e-13 -1.5922238028910629e-13 -5.0290962691326857e-13 0.3363586821631398 0.33248842813606022 0.0038702540270795782 0.00028745584752521883
21000 0 0 0.093618113125042965 24.933238577927408 0.001918348778510518 0.00030729187371369927 0.0019183487785104972 0.00030729187371369889 0.001918348778510518 1.9075453022750844e-17 -8.7960888573068471e-18 -5.0985552933159681e-17 7.5503795572767894e-17 -9.0420899213747999e-19 50.00000000000005 49.999999999999808 50.00000000000005 4.9737991503207013e-14 -1.9184653865522705e-13 1.0000000000000009 1969.8656512438238 8030.1343487347531 0.027229908061501398 0 0 0.99659347173308355 5.4086234077352006e-18 1 1.9046353375213633e-13 -8.9266592402171326e-14 -5.0992140038937792e-13 0.33628391317155665 0.33252916174476366 0.0037547514267929905 0.00030729187371369927
21500 0 0 0.089676018470650765 24.936228326422228 0.0019241609484553152 0.00030992326244163546 0.0019241609484553319 0.00030992326244163562 0.0019241609484553152 1.6053477991419831e-17 -4.3503395330641926e-18 -4.936817199944463e-17 2.4798812924016137e-17 2.7420685726140649e-17 50.000000000000064 49.999999999999808 50.000000000000064 6.3948846218409017e-14 -1.9184653865522705e-13 1.000000000000002 1969.8656512437085 8030.1343487342801 0.02722539487687349 0 0 0.99649673186492527 5.4297302195729022e-18 1 1.6038646952697914e-13 -4.624160043320124e-14 -4.9376431093535392e-13 0.33617702387765047 0.33258080967489428 0.0035962142027561872 0.00030992326244163546
22000 0 0 0.086602894574181494 24.938588231781978 0.0019009997318412295 0.00029261321418638391 0.001900999731841246 0.00029261321418638407 0.0019009997318412295 1.857207963811011e-17 -4.6521814178850505e-18 -5.0868715050915189e-17 -4.4623326766253309e-17 -3.21883961582174e-17 50.000000000000078 49.999999999999808 50.000000000000078 7.815970093361102e-14 -1.9184653865522705e-13 1.0000000000000022 1969.8656512436346 8030.1343487338909 0.02723027537715977 0 0 0.99641497546520597 5.4365822746987209e-18 1 1.8545083003973506e-13 -4.5801577828530945e-14 -5.0841689239372126e-13 0.33609284903130482 0.33262020279450566 0.0034726462367991595 0.00029261321418638391
22500 0 0 0.085639138420852176 24.939365511203839 0.001870959695078676 0.00028244383716329914 0.0018709596950786805 0.00028244383716329941 0.001870959695078676 1.2352597243720589e-17 -4.1893571944936177e-19 -4.9241139355493378e-17 -8.9192173749063885e-17 4.4399153715532309e-17 50.000000000000085 49.999999999999801 50.000000000000085 8.5265128291212022e-14 -1.9895196601282805e-13 1.0000000000000013 1969.8656512435241 8030.134348733498 0.02724098977004789 0 0 0.99638111949402608 5.4274021121740739e-18 1 1.235844117810519e-13 -4.002007059078494e-15 -4.9233423768405607e-13 0.33606524315939235 0.33263134912618691 0.0034338940332054313 0.00028244383716329914
23000 0 0 0.086874094243641689 24.938463226852463 0.0018502420372116589 0.00029132056251363715 0.0018502420372116602 0.0002913205625136372 0.0018502420372116589 9.7641512930797776e-18 -5.3002741085119789e-18 -5.0532504439891504e-17 -9.1886464402094422e-17 -5.8061597510379745e-18 50.000000000000092 49.999999999999808 50.000000000000092 9.2370555648813024e-14 -1.9184653865522705e-13 1.0000000000000002 1969.8656512434429 8030.1343487330132 0.02725215988314782 0 0 0.99641323570511664 5.4066687654670079e-18 1 9.7617660482773871e-14 -5.2825501134848296e-14 -5.055277788837822e-13 0.33609518013421719 0.33261164173598501 0.0034835383982321777 0.00029132056251363715
23500 0 0 0.089445415113807145 24.936526343927433 0.0018411382642650321 0.00029967034800078567 0.00184113826426502 0.00029967034800078556 0.0018411382642650321 1.031280096044621e-17 -8.8349466631711161e-18 -4.9963129721058315e-17 -7.7808375187257162e-17 -4.5946106855206369e-17 50.000000000000099 49.999999999999815 50.000000000000099 9.9475983006414026e-14 -1.8474111129762605e-13 1.0000000000000022 1969.865651243322 8030.1343487327113 0.02725907200691222 0 0 0.99649219445700188 5.3866188664529449e-18 1 1.0297014637976852e-13 -8.6861073889110685e-14 -4.9962920197621668e-13 0.336159856596706 0.33257293298592855 0.0035869236107774483 0.00029967034800078567
24000 0 0 0.092058702996696079 24.934544048197061 0.0018425733318392238 0.00029363133341284202 0.0018425733318392303 0.00029363133341284213 0.0018425733318392238 1.1630106600019788e-17 -1.1730894033974288e-17 -5.0120645443698498e-17 -8.2131432881342625e-17 -1.2252693064151065e-17 50.000000000000107 49.999999999999815 50.000000000000107 1.0658141036401503e-13 -1.8474111129762605e-13 1.0000000000000038 1969.8656512432133 8030.1343487322602 0.02725913633006407 0 0 0.99657138703611148 5.3730090863683978e-18 1 1.164454808822552e-13 -1.1769342468784033e-13 -5.0091883920424822e-13 0.3362271070517921 0.33253509235849144 0.0036920146933006603 0.00029363133341284202
24500 0 0 0.093562841603472932 24.933399370616325 0.0018555889836941097 0.00028342713039192029 0.0018555889836940963 0.00028342713039192073 0.0018555889836941097 1.0031038499861007e-17 -1.0664732985636921e-17 -5.131936919947269e-17 -4.6540614890975364e-18 -7.9866410932492739e-17 50.000000000000114 49.999999999999801 50.000000000000114 1.1368683772161603e-13 -1.9895196601282805e-13 1.0000000000000002 1969.8656512431121 8030.1343487318754 0.027252724667006151 0 0 0.99661069645631462 5.3753852772071491e-18 1 1.0104352250739357e-13 -1.0701140155749099e-13 -5.1324097929396686e-13 0.33626774511137753 0.33251523466493854 0.0037525104464389836 0.00028342713039192029
25000 0 0 0.093404340380793247 24.933510491710404 0.0018766511308952675 0.00028381088790620782 0.0018766511308952768 0.00028381088790620782 0.0018766511308952675 1.2811464129185933e-17 -9.4006399886899067e-18 -5.1217685652592371e-17 8.9522766772620047e-17 -7.2500475130416613e-17 50.000000000000114 49.999999999999808 50.000000000000114 1.1368683772161603e-13 -1.9184653865522705e-13 1.0000000000000011 1969.865651243013 8030.1343487313852 0.027243165627764993 0 0 0.99660048641230303 5.3859324654295393e-18 1 1.2826469550747909e-13 -9.3294214584607738e-14 -5.1240581716269467e-13 0.33626591890248958 0.33251978213559319 0.0037461367668963907 0.00028381088790620782
25500 0 0 0.091835681554744905 24.934680736497054 0.0018937124599133358 0.00029077310996410849 0.0018937124599133232 0.00029077310996410843 0.0018937124599133358 1.0895190999422169e-17 -1.0215786550054078e-17 -5.1183716187621221e-17 9.2708034055404372e-17 -5.0063310214837259e-17 50.000000000000128 49.999999999999808 50.000000000000128 1.2789769243681803e-13 -1.9184653865522705e-13 1.0000000000000002 1969.8656512429118 8030.134348731005 0.027235152360182879 0 0 0.99655620416711754 5.402413023784931e-18 1 1.0903149043339777e-13 -1.0273691077554437e-13 -5.117411324557723e-13 0.33622655830913367 0.33254350808181216 0.003683050227321516 0.00029077310996410849
26000 0 0 0.089746990588398454 24.936242199825834 0.0018957788574150212 0.00029151950030049289 0.0018957788574150286 0.00029151950030049299 0.0018957788574150212 1.2433131781097606e-17 -1.1490461360205844e-17 -5.1510514924323406e-17 7.3242699835558927e-17 -1.8238867576669819e-17 50.000000000000128 49.999999999999815 50.000000000000128 1.2789769243681803e-13 -1.8474111129762605e-13 1.0000000000000011 1969.8656512428167 8030.1343487305858 0.027232199388880614 0 0 0.99650060367833537 5.4164327339068683e-18 1 1.2445339770471666e-13 -1.1374316160096018e-13 -5.1522238340444296e-13 0.3361728875958126 0.332573829250565 0.0035990583452475966 0.00029151950030049289
26500 0 0 0.088173627222407999 24.937422594666412 0.0018836782400199429 0.00028532007686886212 0.0018836782400199366 0.00028532007686886217 0.0018836782400199429 1.1172920227927855e-17 -1.0156805951871692e-17 -5.2398310699804167e-17 5.03507456921513e-17 -1.1712026164798254e-17 50.000000000000135 49.999999999999815 50.000000000000135 1.3500311979441904e-13 -1.8474111129762605e-13 1.0000000000000009 1969.8656512427165 8030.1343487301929 0.027234975599699382 0 0 0.99645572348768718 5.4209062249594924e-18 1 1.1176547053571174e-13 -1.0146468126481204e-13 -5.239863723967061e-13 0.33613274106650098 0.33259694554121416 0.0035357955252868223 0.00028532007686886212
27000 0 0 0.087772096051660503 24.937725193925576 0.0018673845369727988 0.00028186133079795034 0.0018673845369727826 0.00028186133079795018 0.0018673845369727988 1.164565405917684e-17 -1.3244180058250424e-17 -5.2289764272034529e-17 3.1696034349107041e-17 -1.6487490362940543e-17 50.000000000000142 49.999999999999822 50.000000000000142 1.4210854715202004e-13 -1.7763568394002505e-13 1.0000000000000002 1969.8656512426214 8030.1343487298172 0.027241498706809003 0 0 0.99644038864829632 5.4158840038570637e-18 1 1.1638910300456066e-13 -1.3266818877201783e-13 -5.2303231045724069e-13 0.33612314709288604 0.33260349582681786 0.00351965126606818 0.00028186133079795034
27500 0 0 0.088574747905296736 24.937119573719798 0.0018555805020064986 0.00028492793891289587 0.0018555805020065103 0.00028492793891289614 0.0018555805020064986 8.4818436996386657e-18 -1.5812004483573088e-17 -5.2710257365863984e-17 -9.2638192117708877e-17 1.2329523598737349e-17 50.000000000000149 49.999999999999815 50.000000000000149 1.4921397450962104e-13 -1.8474111129762605e-13 1.0000000000000016 1969.8656512425048 8030.1343487293407 0.027248531865634369 0 0 0.99646130160294133 5.4037206949081194e-18 1 8.5268812037499631e-14 -1.5715054405286938e-13 -5.2714498743585338e-13 0.33614414457540603 0.33259222079994955 0.0035519237754564892 0.00028492793891289587
28000 0 0 0.090077997842405541 24.935985204253214 0.0018511928319224292 0.00028787036857840073 0.0018511928319224109 0.00028787036857840057 0.0018511928319224292 8.1966117921007839e-18 -1.6233195343542248e-17 -5.483915427254574e-17 -1.2223081076374396e-16 -7.4102622242662034e-18 50.000000000000156 49.999999999999808 50.000000000000156 1.5631940186722204e-13 -1.9184653865522705e-13 1.0000000000000031 1969.8656512424229 8030.1343487290014 0.027253083139317454 0 0 0.99650595975637657 5.3930318287423045e-18 1 8.163695414120653e-14 -1.6255872787186015e-13 -5.484692604658655e-13 0.33618245693970678 0.33257008722162396 0.0036123697180828196 0.00028787036857840073
28500 0 0 0.091535586242398909 24.934889312911324 0.0018541280197582851 0.00028584434547146128 0.0018541280197582844 0.00028584434547146111 0.0018541280197582851 6.3007325052006097e-18 -1.8137574775475925e-17 -5.2203350217338116e-17 -1.2715912778018992e-16 -1.2152829936522809e-16 50.000000000000156 49.999999999999808 50.000000000000156 1.5631940186722204e-13 -1.9184653865522705e-13 1.0000000000000002 1969.8656512423152 8030.1343487285449 0.027253487040909893 0 0 0.99654951101486577 5.385700305819146e-18 1 6.2842744009072252e-14 -1.8211780240261796e-13 -5.2202576532643599e-13 0.33621934680019361 0.33254836253819403 0.0036709842619995769 0.00028584434547146128
29000 0 0 0.092300594630761679 24.934321906054752 0.0018633277665006996 0.00028241431084177017 0.0018633277665006842 0.00028241431084177028 0.0018633277665006996 2.9884081320740897e-18 -1.7617938358246391e-17 -5.1830781725560264e-17 -6.7847534526070163e-17 -1.3328502613744101e-16 50.000000000000156 49.999999999999815 50.000000000000156 1.5631940186722204e-13 -1.8474111129762605e-13 1.0000000000000016 1969.8656512422281 8030.1343487281674 0.027249968948587527 0 0 0.99657103480866549 5.3857293266170474e-18 1 2.9885165311066705e-14 -1.7614247623884828e-13 -5.1854060128439306e-13 0.33623850121147431 0.33253675247419068 0.0037017487372836277 0.00028241431084177017
29500 0 0 0.092093339101529878 24.934489789532353 0.0018752814299035729 0.00028251883562219893 0.0018752814299035703 0.00028251883562219903 0.0018752814299035729 2.9294058498474027e-18 -1.6798021307324379e-17 -5.1612881366787012e-17 -2.1525406960012481e-18 -7.8792645889862032e-17 50.000000000000156 49.999999999999808 50.000000000000156 1.5631940186722204e-13 -1.9184653865522705e-13 1.0000000000000018 1969.8656512421203 8030.1343487277172 0.027244488608259593 0 0 0.99656455312895109 5.3919663355583078e-18 1 2.9142921139057839e-14 -1.6794015116719009e-13 -5.1607614147877383e-13 0.33623249993925619 0.33253908812779048 0.0036934118114657077 0.00028251883562219893
29999 0 0 0.091039633300634165 24.935292266432111 0.0018842003705762183 0.00028493314246122827 0.001884200370576237 0.0002849331424612287 0.0018842003705762183 6.6665206341557994e-18 -1.7669893326353772e-17 -5.1660030967507109e-17 2.6092640132337584e-17 5.6376773503598574e-17 50.000000000000149 49.999999999999794 50.000000000000149 1.4921397450962104e-13 -2.0605739337042905e-13 1.0000000000000051 1969.8656512420107 8030.1343487274107 0.027239566030283061 0 0 0.99653602563305699 5.4017950371511872e-18 1 6.6835534502651672e-14 -1.776197190630352e-13 -5.1663754328460549e-13 0.33620442879277779 0.33255339345186896 0.0036510353409088259 0.00028493314246122827
