# 1:passo  2:R0  3:|a2|/R0  4:|a4|/R0  5:|a8|/R0  6:rmin  7:rmax
0 24.99530979 1.272839352e-16 9.52226216e-05 8.27724819e-05 24.98429581 25.00965244
500 24.97126445 2.244311355e-17 0.0004829665037 2.193004401e-05 24.95395948 24.99034865
1000 24.96322115 1.733686122e-16 0.0005256013408 2.4502861e-05 24.94491012 24.98334545
1500 24.96097534 9.579654299e-17 0.0005158023124 2.527594791e-05 24.94288133 24.98084186
2000 24.96111407 4.290985738e-17 0.0005158039845 2.521924608e-05 24.9430206 24.98098246
2500 24.9617706 1.712257783e-16 0.0005185797061 2.498938998e-05 24.94361575 24.98171296
3000 24.96224459 1.162430343e-16 0.0005206234689 2.482380792e-05 24.94404453 24.98224107
3500 24.96244416 1.100556152e-16 0.0005214925204 2.475440256e-05 24.94422487 24.98246354
4000 24.96247594 1.643311152e-16 0.0005216301548 2.474371063e-05 24.94425361 24.9824989
4500 24.96244797 6.678248713e-17 0.0005215035588 2.47537256e-05 24.94422843 24.98246754
5000 24.96241737 9.944041541e-18 0.0005213653452 2.476447718e-05 24.9442009 24.9824333
5500 24.96240064 1.030616057e-16 0.0005212894881 2.477030398e-05 24.94418585 24.98241457
6000 24.96239558 8.045526015e-17 0.0005212663607 2.477204119e-05 24.9441813 24.9824089
6500 24.96239605 7.884897952e-17 0.0005212683518 2.477185765e-05 24.94418173 24.98240943
7000 24.96239778 1.664827198e-16 0.0005212761265 2.477124712e-05 24.94418328 24.98241136
7500 24.96239902 2.534645724e-16 0.0005212817553 2.477081252e-05 24.9441844 24.98241275
8000 24.96239954 2.133188072e-16 0.0005212841338 2.477063168e-05 24.94418487 24.98241334
8500 24.96239963 1.750137884e-16 0.0005212845112 2.477060476e-05 24.94418494 24.98241343
9000 24.96239955 6.249007593e-17 0.0005212841732 2.477063187e-05 24.94418488 24.98241334
9500 24.96239947 1.373896186e-16 0.0005212838044 2.477066056e-05 24.9441848 24.98241325
10000 24.96239942 4.396666511e-16 0.0005212836026 2.477067603e-05 24.94418476 24.9824132
10500 24.96239941 1.945388065e-16 0.0005212835415 2.477068061e-05 24.94418475 24.98241319
11000 24.96239941 1.054551262e-16 0.0005212835471 2.477068009e-05 24.94418475 24.98241319
11500 24.96239942 6.647514406e-17 0.000521283568 2.477067846e-05 24.94418476 24.98241319
12000 24.96239942 7.481240895e-17 0.0005212835829 2.47706773e-05 24.94418476 24.9824132
12500 24.96239942 1.5496308e-16 0.0005212835892 2.477067682e-05 24.94418476 24.9824132
13000 24.96239942 1.47808954e-16 0.0005212835902 2.477067675e-05 24.94418476 24.9824132
13500 24.96239942 3.198388357e-16 0.0005212835893 2.477067682e-05 24.94418476 24.9824132
14000 24.96239942 1.303877259e-16 0.0005212835883 2.47706769e-05 24.94418476 24.9824132
14500 24.96239942 3.871400798e-17 0.0005212835878 2.477067694e-05 24.94418476 24.9824132
15000 24.96239942 5.571677545e-17 0.0005212835876 2.477067695e-05 24.94418476 24.9824132
15500 24.96239942 1.530890668e-16 0.0005212835876 2.477067695e-05 24.94418476 24.9824132
16000 24.96239942 3.15818077e-17 0.0005212835877 2.477067695e-05 24.94418476 24.9824132
16500 24.96239942 9.871124038e-17 0.0005212835877 2.477067695e-05 24.94418476 24.9824132
17000 24.96239942 6.467916015e-17 0.0005212835878 2.477067694e-05 24.94418476 24.9824132
17500 24.96239942 2.001678946e-16 0.0005212835878 2.477067694e-05 24.94418476 24.9824132
18000 24.96239942 1.069598025e-16 0.0005212835878 2.477067694e-05 24.94418476 24.9824132
18500 24.96239942 1.171636041e-16 0.0005212835878 2.477067694e-05 24.94418476 24.9824132
19000 24.96239942 4.562526328e-17 0.0005212835878 2.477067694e-05 24.94418476 24.9824132
19500 24.96239942 1.258606385e-16 0.0005212835878 2.477067694e-05 24.94418476 24.9824132
20000 24.96239942 8.618588961e-17 0.0005212835878 2.477067694e-05 24.94418476 24.9824132
20500 24.96239942 9.786669371e-17 0.0005212835878 2.477067694e-05 24.94418476 24.9824132
21000 24.96239942 1.41314548e-16 0.0005212835878 2.477067694e-05 24.94418476 24.9824132
21500 24.96239942 4.139985498e-16 0.0005212835878 2.477067694e-05 24.94418476 24.9824132
22000 24.96239942 9.920003204e-17 0.0005212835878 2.477067694e-05 24.94418476 24.9824132
22500 24.96239942 4.063459665e-16 0.0005212835878 2.477067694e-05 24.94418476 24.9824132
23000 24.96239942 3.228618767e-16 0.0005212835878 2.477067694e-05 24.94418476 24.9824132
23500 24.96239942 5.625557576e-16 0.0005212835878 2.477067694e-05 24.94418476 24.9824132
24000 24.96239942 4.085020301e-16 0.0005212835878 2.477067694e-05 24.94418476 24.9824132
24500 24.96239942 4.14665557e-16 0.0005212835878 2.477067694e-05 24.94418476 24.9824132
25000 24.96239942 3.963143895e-16 0.0005212835878 2.477067694e-05 24.94418476 24.9824132
25500 24.96239942 5.997655429e-16 0.0005212835878 2.477067694e-05 24.94418476 24.9824132
26000 24.96239942 7.834252864e-16 0.0005212835878 2.477067694e-05 24.94418476 24.9824132
26500 24.96239942 7.692594223e-16 0.0005212835878 2.477067694e-05 24.94418476 24.9824132
27000 24.96239942 4.428498961e-16 0.0005212835878 2.477067694e-05 24.94418476 24.9824132
27500 24.96239942 4.528946531e-16 0.0005212835878 2.477067694e-05 24.94418476 24.9824132
28000 24.96239942 5.922089662e-16 0.0005212835878 2.477067694e-05 24.94418476 24.9824132
28500 24.96239942 7.01997338e-16 0.0005212835878 2.477067694e-05 24.94418476 24.9824132
29000 24.96239942 9.869404776e-16 0.0005212835878 2.477067694e-05 24.94418476 24.9824132
29500 24.96239942 1.22306997e-15 0.0005212835878 2.477067694e-05 24.94418476 24.9824132
29999 24.96239942 1.128275616e-15 0.0005212835878 2.477067694e-05 24.94418476 24.9824132
