# 1:passo  2:raio_area  3:raio_grad  4:raio_linha  5:p_in  6:p_out  7:delta_p  8:sigma  9:|u-v0|max  10:|u-v0|rms  11:Ca  12:massa_R  13:massa_B  14:|q|  15:sd_p_in  16:sd_p_out  17:sigma_2pontos  18:K_perfil  19:r_perfil  20:espessura_10_90  21:residuo_ajuste  22:n_camadas
0 25.04052139 25.08111096 25 0.3333333333 0.3333333333 -2.220446049e-16 -5.560112678e-15 2.94392336e-17 7.571983521e-18 0 1969.865651 8030.134349 7.776279992e-17 2.706360658e-08 0 -1.387778781e-15 1.273345395 25.01411833 3.451105388 0.08159937045 12
500 25.01640672 25.05009628 24.96823176 0.333974831 0.3332183663 0.0007564647202 0.01892402911 0.0003973570058 0.0002125838778 0.006999161463 1969.865651 8030.134349 1.181326401e-15 1.91930826e-05 1.246676991e-05 0.01762326984 1.296598556 24.99291322 3.389213364 0.07191462412 12
1000 25.00835345 25.04179662 24.95899026 0.3342700373 0.3331075186 0.001162518715 0.02907267891 0.0003573116064 0.0001646602009 0.004096762777 1969.865651 8030.134349 1.189580615e-14 2.266229965e-06 5.002936441e-06 0.02905860356 1.296575764 24.98461612 3.389272942 0.07213399967 12
1500 25.00606594 25.03937671 24.95685379 0.334352274 0.3330722995 0.001279974517 0.03200712716 0.0003113190546 8.47152269e-05 0.003242184707 1969.865651 8030.134349 5.619950808e-15 2.199274856e-06 1.583318744e-05 0.03270645178 1.296374139 24.98221581 3.389800076 0.07516062943 12
2000 25.00617568 25.03943618 24.95692612 0.3343487708 0.3330748262 0.001273944632 0.03185648327 0.0002945451308 4.942278863e-05 0.003082000904 1969.865651 8030.134349 2.80208222e-14 2.092914536e-06 1.362786967e-05 0.03245718052 1.296600857 24.98231078 3.389207351 0.07236883736 12
2500 25.00682094 25.04007591 24.95749652 0.334326419 0.3330863834 0.001240035658 0.03100934965 0.0002918558627 4.815071981e-05 0.003137288872 1969.865651 8030.134349 3.043530388e-14 1.037763094e-06 7.182455253e-06 0.03128508914 1.296385389 24.9829678 3.38977066 0.07517138206 12
3000 25.00729405 25.04055832 24.95792452 0.3343100476 0.3330948894 0.001215158144 0.03038781702 0.000291678474 4.851766003e-05 0.003199511104 1969.865651 8030.134349 7.538035544e-15 2.748752709e-07 2.420281612e-06 0.03042291932 1.296603005 24.98345941 3.389201735 0.07231635868 12
3500 25.00749604 25.04076934 24.95811128 0.3343030664 0.3330985349 0.001204531508 0.03012231692 0.0002919065209 4.783907379e-05 0.003230235373 1969.865651 8030.134349 1.275266095e-14 9.923824193e-08 5.926153831e-07 0.03005363278 1.296602249 24.98367023 3.389203711 0.07230059731 12
4000 25.00753001 25.04080804 24.95814545 0.3343018909 0.333099144 0.001202746822 0.03007772725 0.0002922042511 4.753142093e-05 0.003238323702 1969.865651 8030.134349 7.450633692e-15 1.405744588e-07 5.19652827e-07 0.02999191061 1.296601737 24.98370697 3.389205049 0.07229559412 12
4500 25.00750311 25.0407825 24.95812289 0.3343028155 0.3330986498 0.001204165699 0.03011317747 0.0002923825328 4.749358021e-05 0.003236484902 1969.865651 8030.134349 2.477156953e-15 1.049001224e-07 5.71858415e-07 0.03004190074 1.296383694 24.98367744 3.38977509 0.07512265646 12
5000 25.00747279 25.04075199 24.95809599 0.334303859 0.3330980943 0.001205764717 0.03015312835 0.0002924318605 4.749649228e-05 0.00323274208 1969.865651 8030.134349 5.98704729e-15 8.03342181e-08 7.704783845e-07 0.03009804255 1.296601521 24.98364874 3.389205613 0.07229738811 12
5500 25.00745599 25.04073467 24.95808073 0.3343044373 0.3330977867 0.001206650626 0.03017526243 0.0002924200182 4.749529293e-05 0.00323023999 1969.865651 8030.134349 6.472045768e-15 7.255329805e-08 9.13460714e-07 0.03012914163 1.29660156 24.9836313 3.389205513 0.07229854176 12
6000 25.0074508 25.04072912 24.95807586 0.334304616 0.3330976916 0.001206924364 0.03018210164 0.000292397578 4.749388617e-05 0.003229260192 1969.865651 8030.134349 2.23184379e-14 7.589310664e-08 9.594055104e-07 0.0301387494 1.296601595 24.98362583 3.389205421 0.07229904341 12
6500 25.00745118 25.04072936 24.95807607 0.3343046027 0.3330976987 0.001206904029 0.03018159359 0.0002923831058 4.749356814e-05 0.003229154715 1969.865651 8030.134349 3.954441082e-15 7.604332133e-08 9.567703162e-07 0.03013803406 1.296601613 24.98362617 3.389205375 0.07229913199 12
7000 25.00745288 25.04073104 24.95807755 0.3343045444 0.3330977297 0.001206814619 0.03017935973 0.0002923776215 4.749357084e-05 0.003229333162 1969.865651 8030.134349 9.057731118e-15 7.590447639e-08 9.408344446e-07 0.0301348942 1.296601617 24.9836279 3.389205363 0.07229906785 12
7500 25.00745412 25.0407323 24.95807867 0.3343045017 0.3330977525 0.001206749222 0.0301777258 0.0002923771314 4.749357455e-05 0.003229502596 1969.865651 8030.134349 1.081044461e-14 7.228903576e-08 9.297447442e-07 0.03013259775 1.296601616 24.98362918 3.389205366 0.0722989933 12
8000 25.00745465 25.04073285 24.95807915 0.3343044835 0.3330977621 0.001206721347 0.03017702935 0.0002923782093 4.749356758e-05 0.003229589035 1969.865651 8030.134349 2.795267018e-14 7.520527128e-08 9.248233189e-07 0.03013161892 1.296601614 24.98362973 3.389205371 0.0722989514 12
8500 25.00745474 25.04073295 24.95807924 0.3343044805 0.3330977637 0.001206716773 0.03017691507 0.0002923791953 4.749356346e-05 0.003229612156 1969.865651 8030.134349 3.484168408e-14 7.743180037e-08 9.246169391e-07 0.03013145829 1.296601613 24.98362982 3.389205375 0.07229893817 12
9000 25.00745466 25.04073288 24.95807918 0.334304483 0.3330977626 0.001206720359 0.03017700468 0.0002923796879 4.749356221e-05 0.003229608007 1969.865651 8030.134349 1.804988078e-14 7.440709478e-08 9.248639518e-07 0.03013159315 1.296383766 24.98362726 3.389774904 0.07512575725 12
9500 25.00745458 25.0407328 24.95807911 0.3343044858 0.3330977612 0.001206724628 0.03017711132 0.000292379814 4.749356197e-05 0.003229597988 1969.865651 8030.134349 2.966791001e-14 7.128700789e-08 9.256598522e-07 0.03013174303 1.296383766 24.98362718 3.389774904 0.07512576138 12
10000 25.00745454 25.04073276 24.95807907 0.3343044873 0.3330977603 0.001206726982 0.03017717013 0.0002923797821 4.749356202e-05 0.003229591342 1969.865651 8030.134349 1.666596347e-14 7.823302974e-08 9.257793606e-07 0.03013182568 1.296383766 24.98362713 3.389774904 0.07512576447 12
10500 25.00745452 25.04073274 24.95807905 0.3343044878 0.3330977601 0.001206727703 0.03017718817 0.000292379723 4.749356212e-05 0.003229588758 1969.865651 8030.134349 7.306023538e-16 7.361930677e-08 9.265223979e-07 0.03013185103 1.296383766 24.98362712 3.389774904 0.0751257658 12
11000 25.00745452 25.04073274 24.95807906 0.3343044878 0.3330977601 0.001206727645 0.03017718671 0.0002923796847 4.74935622e-05 0.003229588491 1969.865651 8030.134349 6.278916458e-15 7.679963598e-08 9.255813711e-07 0.03013184899 1.296383766 24.98362712 3.389774904 0.07512576603 12
11500 25.00745453 25.04073275 24.95807906 0.3343044876 0.3330977599 0.00120672766 0.03017718707 0.0002923796702 4.749356223e-05 0.003229588292 1969.865651 8030.134349 6.341658194e-15 7.717019226e-08 9.268083418e-07 0.03013184058 1.29658848 24.98313535 3.389239702 0.07292317317 12
12000 25.00745453 25.04073275 24.95807906 0.3343044875 0.3330977603 0.001206727232 0.03017717638 0.000292379669 4.749356223e-05 0.003229589423 1969.865651 8030.134349 2.181449171e-14 7.615816993e-08 9.259142144e-07 0.03013183446 1.296383766 24.98362713 3.389774904 0.07512576566 12
12500 25.00745453 25.04073275 24.95807906 0.3343044874 0.3330977603 0.001206727158 0.03017717453 0.0002923796719 4.749356222e-05 0.003229589653 1969.865651 8030.134349 8.413633551e-15 7.410493096e-08 9.259773574e-07 0.03013183187 1.296383766 24.98362713 3.389774904 0.07512576555 12
13000 25.00745453 25.04073275 24.95807906 0.3343044874 0.3330977603 0.001206727146 0.03017717423 0.0002923796745 4.749356222e-05 0.003229589714 1969.865651 8030.134349 2.680181502e-15 7.599505066e-08 9.265079536e-07 0.03013183145 1.296383766 24.98362713 3.389774904 0.07512576551 12
13500 25.00745453 25.04073275 24.95807906 0.3343044874 0.3330977603 0.001206727156 0.03017717449 0.0002923796758 4.749356222e-05 0.003229589701 1969.865651 8030.134349 8.656835136e-15 7.626949781e-08 9.264578631e-07 0.03013183181 1.296383766 24.98362713 3.389774904 0.07512576551 12
14000 25.00745453 25.04073275 24.95807906 0.3343044874 0.3330977603 0.001206727168 0.03017717478 0.0002923796761 4.749356222e-05 0.003229589674 1969.865651 8030.134349 1.919163675e-14 7.268899819e-08 9.268581161e-07 0.03013183221 1.296383766 24.98362713 3.389774904 0.07512576552 12
14500 25.00745453 25.04073275 24.95807906 0.3343044875 0.3330977603 0.001206727174 0.03017717493 0.000292379676 4.749356222e-05 0.003229589656 1969.865651 8030.134349 3.720192865e-15 7.734696503e-08 9.263665853e-07 0.03013183243 1.296383766 24.98362713 3.389774904 0.07512576553 12
15000 25.00745453 25.04073275 24.95807906 0.3343044875 0.3330977603 0.001206727176 0.03017717498 0.0002923796759 4.749356222e-05 0.003229589649 1969.865651 8030.134349 3.04875281e-14 7.652566879e-08 9.263541493e-07 0.0301318325 1.296383766 24.98362713 3.389774904 0.07512576554 12
15500 25.00745453 25.04073275 24.95807906 0.3343044875 0.33309776 0.001206727429 0.03017718132 0.0002923796758 4.749356222e-05 0.003229588969 1969.865651 8030.134349 2.661910099e-14 7.515224308e-08 9.25875301e-07 0.03013183249 1.296601612 24.98362962 3.389205376 0.07229894717 12
16000 25.00745453 25.04073275 24.95807906 0.3343044875 0.3330977603 0.001206727175 0.03017717496 0.0002923796757 4.749356222e-05 0.00322958965 1969.865651 8030.134349 2.633393143e-14 7.504630401e-08 9.261426048e-07 0.03013183247 1.296383766 24.98362713 3.389774904 0.07512576554 12
16500 25.00745453 25.04073275 24.95807906 0.3343044875 0.3330977603 0.001206727174 0.03017717495 0.0002923796757 4.749356222e-05 0.003229589651 1969.865651 8030.134349 3.162248063e-14 7.117518606e-08 9.262141802e-07 0.03013183246 1.296383766 24.98362713 3.389774904 0.07512576553 12
17000 25.00745453 25.04073275 24.95807906 0.3343044875 0.3330977603 0.001206727174 0.03017717494 0.0002923796757 4.749356222e-05 0.003229589652 1969.865651 8030.134349 2.660828191e-14 7.636559535e-08 9.265766976e-07 0.03013183245 1.296383766 24.98362713 3.389774904 0.07512576553 12
17500 25.00745453 25.04073275 24.95807906 0.3343044875 0.33309776 0.001206727428 0.03017718129 0.0002923796758 4.749356222e-05 0.003229588973 1969.865651 8030.134349 1.150501876e-14 7.296013364e-08 9.263481415e-07 0.03013183245 1.296601612 24.98362962 3.389205376 0.07229894717 12
18000 25.00745453 25.04073275 24.95807906 0.3343044875 0.3330977603 0.001206727174 0.03017717494 0.0002923796758 4.749356222e-05 0.003229589652 1969.865651 8030.134349 2.570224294e-14 7.567400956e-08 9.260796822e-07 0.03013183245 1.296383766 24.98362713 3.389774904 0.07512576553 12
18500 25.00745453 25.04073275 24.95807906 0.3343044875 0.3330977603 0.001206727174 0.03017717494 0.0002923796758 4.749356222e-05 0.003229589652 1969.865651 8030.134349 2.202882152e-14 7.713725235e-08 9.262425723e-07 0.03013183245 1.296383766 24.98362713 3.389774904 0.07512576553 12
19000 25.00745453 25.04073275 24.95807906 0.3343044875 0.3330977603 0.001206727174 0.03017717494 0.0002923796758 4.749356222e-05 0.003229589652 1969.865651 8030.134349 1.110609258e-14 7.191218008e-08 9.262344579e-07 0.03013183245 1.296383766 24.98362713 3.389774904 0.07512576553 12
19500 25.00745453 25.04073275 24.95807906 0.3343044875 0.3330977603 0.001206727174 0.03017717494 0.0002923796758 4.749356222e-05 0.003229589652 1969.865651 8030.134349 3.557388768e-14 7.357381535e-08 9.264096085e-07 0.03013183245 1.296383766 24.98362713 3.389774904 0.07512576553 12
20000 25.00745453 25.04073275 24.95807906 0.3343044875 0.3330977603 0.001206727174 0.03017717494 0.0002923796758 4.749356222e-05 0.003229589652 1969.865651 8030.134349 3.169675258e-14 7.540887463e-08 9.264257442e-07 0.03013183245 1.296383766 24.98362713 3.389774904 0.07512576553 12
20500 25.00745453 25.04073275 24.95807906 0.3343044875 0.3330977603 0.001206727174 0.03017717494 0.0002923796758 4.749356222e-05 0.003229589652 1969.865651 8030.134349 9.910108325e-14 7.389158694e-08 9.268239094e-07 0.03013183245 1.296383766 24.98362713 3.389774904 0.07512576553 12
21000 25.00745453 25.04073275 24.95807906 0.3343044875 0.3330977605 0.00120672692 0.03017716859 0.0002923796758 4.749356222e-05 0.003229590331 1969.865651 8030.134349 1.672284939e-13 7.297314968e-08 9.264091126e-07 0.03013183245 1.296604903 24.98363642 3.389196773 0.07229429424 12
21500 25.00745453 25.04073275 24.95807906 0.3343044875 0.3330977605 0.00120672692 0.03017716859 0.0002923796758 4.749356222e-05 0.003229590331 1969.865651 8030.134349 3.140450742e-13 7.335920136e-08 9.262185251e-07 0.03013183245 1.296604903 24.98363642 3.389196773 0.07229429424 12
22000 25.00745453 25.04073275 24.95807906 0.3343044875 0.3330977605 0.00120672692 0.03017716859 0.0002923796758 4.749356222e-05 0.003229590331 1969.865651 8030.134349 3.895833515e-13 7.283832646e-08 9.264146547e-07 0.03013183245 1.29658848 24.98313535 3.389239702 0.07292317285 12
22500 25.00745453 25.04073275 24.95807906 0.3343044875 0.3330977605 0.00120672692 0.03017716859 0.0002923796758 4.749356222e-05 0.003229590331 1969.865651 8030.134349 5.267743173e-13 7.283180669e-08 9.264262346e-07 0.03013183245 1.29658848 24.98313535 3.389239702 0.07292317285 12
23000 25.00745453 25.04073275 24.95807906 0.3343044875 0.3330977605 0.00120672692 0.03017716859 0.0002923796758 4.749356222e-05 0.003229590331 1969.865651 8030.134349 7.337359855e-13 7.623751641e-08 9.264876044e-07 0.03013183245 1.29658848 24.98313535 3.389239702 0.07292317285 12
23500 25.00745453 25.04073275 24.95807906 0.3343044875 0.3330977605 0.00120672692 0.03017716859 0.0002923796758 4.749356222e-05 0.003229590331 1969.865651 8030.134349 9.32144045e-13 7.524908436e-08 9.264293506e-07 0.03013183245 1.29658848 24.98313535 3.389239702 0.07292317285 12
24000 25.00745453 25.04073275 24.95807906 0.3343044875 0.3330977605 0.00120672692 0.03017716859 0.0002923796758 4.749356222e-05 0.003229590331 1969.865651 8030.134349 1.070024406e-12 7.415397965e-08 9.259465961e-07 0.03013183245 1.29658848 24.98313535 3.389239702 0.07292317285 12
24500 25.00745453 25.04073275 24.95807906 0.3343044875 0.3330977605 0.00120672692 0.03017716859 0.0002923796758 4.749356222e-05 0.003229590331 1969.865651 8030.134349 1.151078655e-12 7.65736705e-08 9.256733758e-07 0.03013183245 1.29658848 24.98313535 3.389239702 0.07292317285 12
25000 25.00745453 25.04073275 24.95807906 0.3343044875 0.3330977605 0.00120672692 0.03017716859 0.0002923796758 4.749356222e-05 0.003229590331 1969.865651 8030.134349 1.138682227e-12 7.280801398e-08 9.25382607e-07 0.03013183245 1.296383766 24.98362713 3.389774904 0.07512576553 12
25500 25.00745453 25.04073275 24.95807906 0.3343044875 0.3330977605 0.00120672692 0.03017716859 0.0002923796758 4.749356222e-05 0.003229590331 1969.865651 8030.134349 1.1990538e-12 7.301838076e-08 9.255014716e-07 0.03013183245 1.29658848 24.98313535 3.389239702 0.07292317285 12
26000 25.00745453 25.04073275 24.95807906 0.3343044875 0.3330977605 0.00120672692 0.03017716859 0.0002923796758 4.749356222e-05 0.003229590331 1969.865651 8030.134349 1.316210391e-12 7.470513927e-08 9.256851892e-07 0.03013183245 1.29658848 24.98313535 3.389239702 0.07292317285 12
26500 25.00745453 25.04073275 24.95807906 0.3343044875 0.3330977605 0.00120672692 0.03017716859 0.0002923796758 4.749356222e-05 0.003229590331 1969.865651 8030.134349 1.437735165e-12 7.45452486e-08 9.254168764e-07 0.03013183245 1.29658848 24.98313535 3.389239702 0.07292317285 12
27000 25.00745453 25.04073275 24.95807906 0.3343044875 0.3330977605 0.00120672692 0.03017716859 0.0002923796758 4.749356222e-05 0.003229590331 1969.865651 8030.134349 1.520526696e-12 7.561143643e-08 9.254956944e-07 0.03013183245 1.29658848 24.98313535 3.389239702 0.07292317285 12
27500 25.00745453 25.04073275 24.95807906 0.3343044875 0.3330977605 0.00120672692 0.03017716859 0.0002923796758 4.749356222e-05 0.003229590331 1969.865651 8030.134349 1.653508844e-12 7.554751368e-08 9.259367542e-07 0.03013183245 1.29658848 24.98313535 3.389239702 0.07292317285 12
28000 25.00745453 25.04073275 24.95807906 0.3343044875 0.3330977605 0.00120672692 0.03017716859 0.0002923796758 4.749356222e-05 0.003229590331 1969.865651 8030.134349 1.800135518e-12 7.542151317e-08 9.256884472e-07 0.03013183245 1.29658848 24.98313535 3.389239702 0.07292317285 12
28500 25.00745453 25.04073275 24.95807906 0.3343044875 0.3330977605 0.00120672692 0.03017716859 0.0002923796758 4.749356222e-05 0.003229590331 1969.865651 8030.134349 1.835936152e-12 7.291297808e-08 9.256049711e-07 0.03013183245 1.29658848 24.98313535 3.389239702 0.07292317285 12
29000 25.00745453 25.04073275 24.95807906 0.3343044875 0.3330977605 0.00120672692 0.03017716859 0.0002923796758 4.749356222e-05 0.003229590331 1969.865651 8030.134349 1.884116146e-12 7.064699915e-08 9.253715297e-07 0.03013183245 1.29658848 24.98313535 3.389239702 0.07292317285 12
29500 25.00745453 25.04073275 24.95807906 0.3343044875 0.3330977605 0.00120672692 0.03017716859 0.0002923796758 4.749356222e-05 0.003229590331 1969.865651 8030.134349 1.939989026e-12 7.626233681e-08 9.252705551e-07 0.03013183245 1.29658848 24.98313535 3.389239702 0.07292317285 12
29999 25.00745453 25.04073275 24.95807906 0.3343044875 0.3330977605 0.00120672692 0.03017716859 0.0002923796758 4.749356222e-05 0.003229590331 1969.865651 8030.134349 2.048106022e-12 7.524851237e-08 9.254942354e-07 0.03013183245 1.29658848 24.98313535 3.389239702 0.07292317285 12
