# 1:passo  2:R0  3:|a2|/R0  4:|a4|/R0  5:|a8|/R0  6:rmin  7:rmax
0 24.99530979 7.439154633e-17 9.52226216e-05 8.27724819e-05 24.98429581 25.00965244
500 24.97843259 1.695058268e-16 0.0001020293193 7.538244904e-05 24.96888101 24.99011703
1000 24.96567929 9.658838524e-17 3.542804915e-05 7.961511035e-05 24.95759371 24.97850124
1500 24.95672292 2.098258311e-16 4.809970992e-05 8.375627299e-05 24.94828914 24.96951308
2000 24.95346239 1.5655404e-16 4.652019036e-05 8.500113702e-05 24.94504963 24.96631627
2500 24.95500898 1.506823523e-16 5.666385813e-05 8.447875291e-05 24.94636972 24.96770532
3000 24.95903529 1.356164422e-16 7.102459803e-05 8.300154334e-05 24.95008499 24.97148164
3500 24.96295628 1.983498963e-16 8.408374404e-05 8.14924337e-05 24.95372637 24.97516622
4000 24.96512619 7.3636156e-17 8.955850085e-05 8.06128241e-05 24.95578284 24.97722677
4500 24.96523188 1.191242676e-16 8.69176851e-05 8.054915494e-05 24.95595003 24.97736669
5000 24.96395353 1.773931523e-16 7.959784972e-05 8.104484749e-05 24.95483272 24.9762088
5500 24.96232636 1.625125625e-16 7.187379752e-05 8.167161907e-05 24.95337419 24.97471236
6000 24.96117839 5.806112137e-17 6.691742812e-05 8.210501109e-05 24.95233414 24.97364928
6500 24.96085073 2.402815504e-16 6.585759441e-05 8.222545217e-05 24.95202922 24.97334086
7000 24.96121542 1.781938268e-17 6.791532245e-05 8.208735016e-05 24.95234855 24.97367201
7500 24.96188644 1.7837291e-16 7.125094342e-05 8.183465613e-05 24.95294642 24.97428742
8000 24.96247179 1.930455349e-16 7.406263566e-05 8.161406561e-05 24.95347023 24.97482551
8500 24.9627452 4.034779028e-16 7.534940884e-05 8.151231369e-05 24.95371548 24.9750772
9000 24.9626895 3.248196625e-16 7.508103989e-05 8.153625363e-05 24.9536656 24.97502607
9500 24.96243534 2.911713973e-16 7.38901409e-05 8.163492343e-05 24.95343742 24.9747921
10000 24.96215643 1.54708823e-16 7.258660422e-05 8.174125988e-05 24.95318698 24.97453523
10500 24.96198069 1.093234991e-16 7.176010261e-05 8.180701766e-05 24.95302932 24.97437342
11000 24.96195016 2.762470985e-16 7.16045116e-05 8.181725087e-05 24.95300224 24.97434547
11500 24.96203089 1.866122847e-16 7.196472782e-05 8.178557556e-05 24.95307513 24.97442004
12000 24.96215217 2.527231081e-16 7.251624124e-05 8.173906552e-05 24.95318438 24.97453194
12500 24.96224887 2.255053612e-16 7.29593086e-05 8.170242091e-05 24.95327141 24.97462112
13000 24.96228755 1.5512315e-16 7.313936316e-05 8.16881602e-05 24.95330616 24.97465677
13500 24.96227055 9.992386514e-17 7.306550687e-05 8.169513665e-05 24.95329075 24.97464104
14000 24.96222327 1.390855807e-16 7.285270245e-05 8.171344787e-05 24.9532481 24.97459739
14500 24.96217582 8.543595902e-17 7.263776387e-05 8.173155568e-05 24.95320534 24.97455359
15000 24.96214857 8.776602666e-17 7.251365077e-05 8.174177909e-05 24.9531808 24.97452845
15500 24.9621466 2.513267885e-16 7.250400734e-05 8.174231938e-05 24.95317904 24.97452664
16000 24.96216251 1.947991053e-16 7.25756509e-05 8.173610461e-05 24.9531934 24.97454133
16500 24.96218365 1.529025086e-16 7.267133799e-05 8.172799744e-05 24.95321245 24.97456084
17000 24.96219927 2.547837125e-16 7.274217756e-05 8.172208667e-05 24.95322652 24.97457525
17500 24.96220446 1.816790262e-16 7.276588603e-05 8.172018836e-05 24.9532312 24.97458005
18000 24.96220042 1.883755071e-16 7.274766125e-05 8.172180693e-05 24.95322755 24.97457631
18500 24.96219188 2.943885215e-16 7.27089835e-05 8.172510107e-05 24.95321985 24.97456843
19000 24.96218397 1.249606756e-16 7.267309559e-05 8.172811239e-05 24.95321273 24.97456113
19500 24.96217988 2.959522062e-16 7.265446748e-05 8.172964301e-05 24.95320904 24.97455735
20000 24.9621801 1.965444159e-16 7.265545565e-05 8.172952036e-05 24.95320925 24.97455757
20500 24.96218315 1.356532993e-16 7.266924187e-05 8.172833639e-05 24.95321199 24.97456038
21000 24.96218679 7.632783897e-17 7.268574615e-05 8.172694461e-05 24.95321527 24.97456373
21500 24.96218926 1.954459221e-16 7.269701036e-05 8.172600923e-05 24.9532175 24.97456602
22000 24.9621899 1.771174619e-16 7.269991699e-05 8.172578224e-05 24.95321807 24.9745666
22500 24.96218902 1.598295308e-16 7.269594637e-05 8.172612985e-05 24.95321728 24.97456579
23000 24.9621875 1.023574726e-16 7.268904279e-05 8.172671568e-05 24.95321591 24.97456439
23500 24.96218619 2.492834845e-16 7.268312079e-05 8.172721097e-05 24.95321473 24.97456319
24000 24.9621856 3.285145114e-16 7.268039761e-05 8.172743302e-05 24.9532142 24.97456263
24500 24.96218573 1.537156579e-16 7.268099674e-05 8.17273758e-05 24.95321432 24.97456276
25000 24.9621863 9.99312279e-17 7.26835778e-05 8.172715492e-05 24.95321483 24.97456328
25500 24.96218692 1.869940158e-16 7.268638839e-05 8.17269184e-05 24.95321539 24.97456386
26000 24.96218731 2.647708446e-16 7.268814931e-05 8.17267727e-05 24.95321574 24.97456421
26500 24.96218737 5.478422096e-16 7.268844839e-05 8.172675063e-05 24.9532158 24.97456427
27000 24.96218719 4.309864186e-16 7.26876343e-05 8.172682132e-05 24.95321563 24.97456411
27500 24.96218692 1.5507352e-16 7.268641897e-05 8.172692423e-05 24.95321539 24.97456386
28000 24.96218671 1.96727037e-16 7.268545404e-05 8.172700475e-05 24.9532152 24.97456366
28500 24.96218663 3.939506817e-16 7.268507132e-05 8.172703568e-05 24.95321512 24.97456359
29000 24.96218667 5.129870784e-16 7.26852449e-05 8.172701994e-05 24.95321516 24.97456362
29500 24.96218677 8.583585675e-17 7.268571895e-05 8.17269795e-05 24.95321525 24.97456372
29999 24.96218688 1.029277591e-16 7.268621355e-05 8.172693797e-05 24.95321535 24.97456382
