# step v0 Mach sigma R umax_ref urms_ref umax_mean urms_mean umax_lab mean_x mean_y mean_z drop_ux drop_uy x0 y0 x_unwrapped center_dx center_dy axis_ratio mass_R mass_B min_f negative_total negative_color min_rho min_phi max_phi qx qy qz p_in p_out delta_p urms_lab
0 0 0 -5.560112678108922e-15 25.040521385269312 2.5018537765542006e-17 7.3336306919828157e-18 2.5041150814492693e-17 7.3335953515587915e-18 2.5018537765542006e-17 -1.7347234759768071e-20 1.4745149545802861e-20 0 -3.6010898926564839e-20 3.3951996830145819e-20 50.000000000000007 50.000000000000007 50.000000000000007 7.1054273576010019e-15 7.1054273576010019e-15 1.0000000000000007 1969.8656512480634 8030.1343487520408 -0.0015259829097304916 192 672 0.99999999999999956 5.1710809399147485e-26 0.99999999999998512 -2.9163723693863404e-17 -5.90517012605349e-17 -6.4647950690014359e-18 0.33333333333333387 0.33333333333333409 -2.2204460492503131e-16 7.3336306919828157e-18
500 0 0 0.18326611917318231 24.755200997047826 0.0088957965877575901 0.005550428648614855 0.0088957965877575918 0.005550428648614855 0.0088957965877575901 -3.0517255389385144e-18 1.7066209556660474e-18 6.3317406873155852e-21 1.0811218825210957e-17 1.5255639676882425e-17 49.999999999999993 49.999999999999993 49.999999999999993 -7.1054273576010019e-15 -7.1054273576010019e-15 1.0000000000000018 1969.8656512479715 8030.1343487516751 0.0046527974138913485 0 0 0.97890786829167209 4.2874228246427423e-18 0.99999999999999978 -3.0350667725581593e-14 -1.8535249290269062e-15 4.0259451267760686e-17 0.3403287028904875 0.33292556691130326 0.0074031359791842388 0.005550428648614855
1000 0 0 0.40973860755255609 24.560197801616926 0.010392997143062584 0.0068388302813945281 0.01039299714306258 0.0068388302813945263 0.010392997143062584 -2.5295737726695422e-18 -2.6142282782972157e-18 -6.9388939039076724e-21 1.1151774029190446e-17 2.2023675189603574e-17 49.999999999999993 50.000000000000014 49.999999999999993 -7.1054273576010019e-15 1.4210854715202004e-14 1.0000000000000024 1969.8656512479286 8030.1343487513714 0.0051950868686508559 0 0 0.98501224908979446 5.6101702674386554e-18 0.99999999999999978 -2.4519015290325186e-14 -1.510944147575799e-14 -7.4865104383248887e-17 0.34710288512980725 0.33041985143186281 0.016683033697944438 0.0068388302813945281
1500 0 0 0.59028946895765932 24.42127444884806 0.0082536893203440376 0.0053041371263132381 0.0082536893203440393 0.0053041371263132381 0.0082536893203440376 -4.2393172305925433e-18 -1.3385126340638375e-18 5.637851296925184e-21 1.5571622715970308e-17 1.6662585130823382e-17 49.999999999999993 50.000000000000014 49.999999999999993 -7.1054273576010019e-15 1.4210854715202004e-14 1.0000000000000044 1969.8656512478503 8030.1343487510521 0.0058188979403522136 0 0 0.97994823444598411 5.6345363452243536e-18 0.99999999999999978 -4.2379511358547894e-14 -4.098641998712127e-14 1.0576228527907212e-16 0.35243908052902673 0.32826796406276454 0.024171116466262188 0.0053041371263132381
2000 0 0 0.66819398659398599 24.357840229976343 0.003813474245646876 0.0024271717541959632 0.0038134742456468734 0.0024271717541959627 0.003813474245646876 -2.6704333189190768e-18 -6.8531985641949488e-18 -2.1076890233121205e-20 4.5518385061838004e-17 -1.3600382312469601e-17 49.999999999999993 50.000000000000014 49.999999999999993 -7.1054273576010019e-15 1.4210854715202004e-14 1.0000000000000022 1969.8656512477805 8030.1343487507793 0.0057386854094723314 0 0 0.97701324743393347 4.9625996057608139e-18 0.99999999999999978 -2.6565555311108824e-14 -7.6109257785006434e-14 -1.8523121913519011e-16 0.35477611002021026 0.32734371124079537 0.02743239877941489 0.0024271717541959632
2500 0 0 0.6633126875320573 24.361848436752858 0.0020216076225639855 0.00072762629822400093 0.0020216076225639808 0.0007276262982240005 0.0020216076225639855 3.6280006776585302e-18 -3.2789743142919356e-18 -1.6826817716977978e-20 3.8155146734363171e-17 -2.2849001736419913e-17 49.999999999999993 50.000000000000021 49.999999999999993 -7.1054273576010019e-15 2.1316282072803006e-14 1.0000000000000031 1969.865651247726 8030.134348750491 0.0057187422929582997 0 0 0.97962911878831382 4.6326364822631453e-18 0.99999999999999978 3.6544531777874673e-14 -3.8617112979588697e-14 -1.438577475515063e-16 0.35484093439557374 0.3276134155455932 0.027227518849980537 0.00072762629822400093
3000 0 0 0.60027440287853651 24.410823480184277 0.0042603671629460639 0.0020685785897348093 0.0042603671629460691 0.0020685785897348093 0.0042603671629460639 8.344713808840607e-18 -1.5175360967848335e-18 -4.9439619065349514e-21 6.4589691285368123e-18 8.7641097673343622e-18 49.999999999999993 50.000000000000021 49.999999999999993 -7.1054273576010019e-15 2.1316282072803006e-14 1.0000000000000016 1969.8656512476407 8030.1343487502127 0.0057733680852996823 0 0 0.9843134399254968 4.8496508921710602e-18 0.99999999999999978 8.3398701356332539e-14 -3.9951494803375232e-14 -3.9517393454043104e-17 0.35305076404329994 0.32846026207331047 0.024590501969989464 0.0020685785897348093
3500 0 0 0.52147835699616485 24.470822189787778 0.0047186569740312835 0.0023561209272300885 0.0047186569740312774 0.0023561209272300876 0.0047186569740312835 5.5434823398328348e-18 -3.3053421111270132e-18 1.7520707107370018e-20 9.5465617379518209e-18 8.5436448557350614e-18 50.000000000000007 50.000000000000028 50.000000000000007 7.1054273576010019e-15 2.8421709430404007e-14 1.000000000000004 1969.8656512475916 8030.1343487499544 0.0055521453635111531 0 0 0.98729788141859176 4.979126045559736e-18 0.99999999999999978 5.5226602371089006e-14 -5.5272626753311016e-14 1.5929541062877552e-16 0.35069138348165335 0.32938117359365909 0.021310209887994258 0.0023561209272300885
4000 0 0 0.46437314076867742 24.514682881798045 0.0037250243637212415 0.0016843198438858589 0.0037250243637212284 0.0016843198438858576 0.0037250243637212415 8.4890428020425148e-18 -9.908046605391946e-18 6.9388939039091996e-21 -3.6594385507354401e-18 1.6349357405164053e-17 50.000000000000014 50.000000000000028 50.000000000000014 1.4210854715202004e-14 2.8421709430404007e-14 1.0000000000000013 1969.8656512475254 8030.134348749697 0.0053353984316208873 0 0 0.98721394586990996 5.3791986897379603e-18 0.99999999999999978 8.4626777157106869e-14 -1.0807847672378301e-13 4.7993537741952443e-17 0.34899426117996774 0.33005160779106868 0.018942653388899056 0.0016843198438858589
4500 0 0 0.44293363043434864 24.53170058374603 0.0022184665260493622 0.00064415320825721449 0.0022184665260493648 0.00064415320825721482 0.0022184665260493622 9.0864815671694033e-19 -4.8867160318282182e-18 -2.08166817117283e-21 -1.1029197511544237e-17 1.1250633854294233e-17 50.000000000000014 50.000000000000028 50.000000000000014 1.4210854715202004e-14 2.8421709430404007e-14 1.0000000000000004 1969.8656512474618 8030.1343487494132 0.0052598034914795189 0 0 0.9868284074556618 5.1433587826178134e-18 0.99999999999999978 9.0413855330546966e-15 -4.6469548857768633e-14 -3.547665113552369e-18 0.3483700316710574 0.33031447009585119 0.018055561575206214 0.00064415320825721449
5000 0 0 0.4516642609355741 24.525509970361504 0.0018986061367096583 0.00040630273143003279 0.0018986061367096555 0.00040630273143003344 0.0018986061367096583 1.5130258157474984e-18 -5.751996101645902e-18 -2.8622937353627293e-21 -4.3753656277743526e-17 6.4642212019690574e-18 50.000000000000014 50.000000000000028 50.000000000000014 1.4210854715202004e-14 2.8421709430404007e-14 1.0000000000000002 1969.8656512473763 8030.1343487491049 0.0052915211339168832 0 0 0.98716291962050406 4.9321526773309402e-18 0.99999999999999978 1.5230868730944577e-14 -5.5936810698241531e-14 -3.40540432754211e-17 0.34860764486721751 0.33019154418342339 0.018416100683794123 0.00040630273143003279
5500 0 0 0.47626807193992959 24.506884750988434 0.00249836321073627 0.00086298259961657556 0.0024983632107362709 0.00086298259961657578 0.00249836321073627 -3.7182062984101308e-18 -2.4417967647859012e-18 1.3010426069831102e-21 -7.0210040235576956e-18 8.6040902446872553e-18 50.000000000000014 50.000000000000028 50.000000000000014 1.4210854715202004e-14 2.8421709430404007e-14 1.0000000000000002 1969.8656512473092 8030.1343487487839 0.0053857174572595548 0 0 0.98787775608364958 4.7640144596690241e-18 0.99999999999999978 -3.6606148342589739e-14 -3.1997408195261201e-14 9.9573563298512996e-18 0.34927849966324237 0.32984444769053212 0.019434051972710253 0.00086298259961657556
6000 0 0 0.50233364473021014 24.486990724067606 0.0025249103835941222 0.00088141048337202026 0.0025249103835941183 0.00088141048337202015 0.0025249103835941222 -8.6597395920799126e-18 -3.6748382115108348e-18 -2.9490299091618294e-21 -2.8771866816770898e-17 1.7826720522836387e-17 50.000000000000007 50.000000000000036 50.000000000000007 7.1054273576010019e-15 3.5527136788005009e-14 1.0000000000000018 1969.8656512472687 8030.1343487485574 0.0054914094090983932 0 0 0.98820273727179098 4.6871873044199829e-18 0.99999999999999978 -8.6285152471349963e-14 -2.0923787333836097e-14 -4.3343779857514245e-17 0.34999279695462204 0.32947848997461082 0.020514306980011221 0.00088141048337202026
6500 0 0 0.51991584330585539 24.473535031621367 0.0021455004337088395 0.00058506901397869463 0.0021455004337088265 0.00058506901397869506 0.0021455004337088395 -9.7529623266412997e-18 -8.9359075694558475e-18 7.3725747729048281e-21 -3.1472295279812035e-17 -1.2260513307176032e-17 49.999999999999993 50.000000000000036 49.999999999999993 -7.1054273576010019e-15 3.5527136788005009e-14 1.000000000000004 1969.8656512471882 8030.1343487482245 0.0055650071294438613 0 0 0.98682118323457857 4.6697666777166098e-18 0.99999999999999978 -9.7560834736408475e-14 -8.8616390430101138e-14 9.0016825338746646e-17 0.35048460326116054 0.32924060060138577 0.021244002659774774 0.00058506901397869463
7000 0 0 0.52532644210335522 24.469364499207913 0.0016135559486408269 0.00023480587726274719 0.0016135559486408139 0.00023480587726274686 0.0016135559486408269 -9.8333667597531473e-18 -8.676392937449849e-18 -7.8062556418994561e-21 -1.8200258927792939e-17 2.4855578117045219e-17 49.999999999999993 50.000000000000036 49.999999999999993 -7.1054273576010019e-15 3.5527136788005009e-14 1.0000000000000027 1969.8656512471259 8030.134348747958 0.0055867539144788293 0 0 0.98651296875515815 4.6928606937243126e-18 0.99999999999999978 -9.836663581385633e-14 -8.7562120707905707e-14 -7.1570565129481454e-17 0.35064562028101937 0.32917687955747665 0.021468740723542712 0.00023480587726274719
7500 0 0 0.52049883422474652 24.472985148030364 0.0017351820634224165 0.00026273884781345718 0.0017351820634224236 0.00026273884781345712 0.0017351820634224165 -1.9752255386872772e-17 -9.7297170320638656e-18 9.0205620750841722e-21 -1.3434554890974146e-17 -9.5805637769938249e-18 49.999999999999979 50.000000000000043 49.999999999999979 -2.1316282072803006e-14 4.2632564145606011e-14 1.0000000000000031 1969.865651247072 8030.1343487476533 0.0055645473468946115 0 0 0.98701507983348336 4.7498500114853481e-18 0.99999999999999978 -1.9766263617744008e-13 -1.043542422612953e-13 6.2765264663901889e-17 0.35051967952950536 0.3292513777233958 0.021268301806109557 0.00026273884781345718
8000 0 0 0.51060639845980182 24.480453540646138 0.0019626710165099098 0.00038498738714928728 0.0019626710165099189 0.00038498738714928712 0.0019626710165099098 -1.8970242043902632e-17 -6.6016636601810466e-18 7.3725747729055729e-21 1.5309344198378521e-17 5.815364077231604e-18 49.999999999999972 50.000000000000043 49.999999999999972 -2.8421709430404007e-14 4.2632564145606011e-14 1.0000000000000009 1969.8656512470013 8030.1343487474023 0.0055220674997686469 0 0 0.9878730835591204 4.793882822572161e-18 0.99999999999999978 -1.8974407413113389e-13 -6.5459573525550319e-14 8.1843634032117985e-17 0.35024797488857579 0.32939025680700446 0.02085771808157133 0.00038498738714928728
8500 0 0 0.50108010514219792 24.487662313790413 0.0019391551361955881 0.00036425251215989611 0.0019391551361955994 0.00036425251215989622 0.0019391551361955881 -2.0429838376591191e-17 -4.5245057700454401e-18 -4.0766001685479577e-21 2.268296057480482e-17 1.2159809732095803e-17 49.999999999999957 50.000000000000043 49.999999999999957 -4.2632564145606011e-14 4.2632564145606011e-14 1.0000000000000013 1969.8656512469345 8030.1343487470604 0.0054825907146527561 0 0 0.98843230169719443 4.8393538024693125e-18 0.99999999999999978 -2.0484309371350887e-13 -4.7371933714060108e-14 -5.1043258834349401e-17 0.34998415568061836 0.32952160197821734 0.020462553702401021 0.00036425251215989611
9000 0 0 0.4954000001857754 24.491977325382059 0.0017571529029432691 0.00025863278409712898 0.0017571529029432908 0.00025863278409712871 0.0017571529029432691 -2.0491421059989001e-17 -9.9743130421777571e-18 9.8011876392751631e-21 -3.0865895235781301e-17 1.6664297766589884e-17 49.99999999999995 50.000000000000043 49.99999999999995 -4.9737991503207013e-14 4.2632564145606011e-14 1.0000000000000002 1969.8656512468715 8030.1343487467475 0.0054596261527914275 0 0 0.98829369628238828 4.8410458650388072e-18 0.99999999999999978 -2.0538432066175005e-13 -1.0041419735637436e-13 8.2588627542424572e-17 0.34982688682435925 0.32959985518847856 0.020227031635880688 0.00025863278409712898
9500 0 0 0.49440794618429862 24.492746719238454 0.0015381216484113178 0.00018516873869788478 0.0015381216484113302 0.00018516873869788461 0.0015381216484113178 -2.307772029032538e-17 -5.8997945418010895e-18 -5.98479599212401e-21 -4.0604161798717556e-17 1.1273210648500802e-17 49.999999999999936 50.000000000000036 49.999999999999936 -6.3948846218409017e-14 3.5527136788005009e-14 1 1969.8656512468012 8030.134348746541 0.0054558208501034842 0 0 0.98827362004778074 4.8180770710004153e-18 0.99999999999999978 -2.3098320004532138e-13 -5.9108357644953465e-14 -3.9640457309193473e-17 0.34979931744851911 0.32961342519838804 0.020185892250131066 0.00018516873869788478
10000 0 0 0.49690524464725577 24.49086615070442 0.0015110776931828046 0.0002032113372732721 0.001511077693182831 0.00020321133727327194 0.0015110776931828046 -2.5347866167164697e-17 -1.0692488561233349e-17 -3.8163916471516548e-21 -6.9522521229972654e-17 -1.3786742329885735e-17 49.999999999999922 50.000000000000043 49.999999999999922 -7.815970093361102e-14 4.2632564145606011e-14 1.0000000000000013 1969.8656512467423 8030.1343487461681 0.00546615690211966 0 0 0.98834157511743437 4.79047085595984e-18 0.99999999999999978 -2.5368162431815833e-13 -1.0933644939946363e-13 -6.0487994975785411e-17 0.34986769555325525 0.32957828473415429 0.020289410819100961 0.0002032113372732721
10500 0 0 0.50080477821299973 24.487914764652231 0.0015733881317120603 0.00022562587666354335 0.001573388131712085 0.00022562587666354365 0.0015733881317120603 -2.9039097515525598e-17 -7.8399092773353722e-18 2.7755575615649412e-21 -8.7442117749082496e-17 -3.2990959637915097e-19 49.999999999999908 50.000000000000028 49.999999999999908 -9.2370555648813024e-14 2.8421709430404007e-14 1.0000000000000018 1969.8656512466673 8030.1343487459499 0.0054822465637148991 0 0 0.98844218832069808 4.7703696898620126e-18 0.99999999999999978 -2.9048898364330243e-13 -7.7965413598367513e-14 5.5034956344708112e-17 0.34997456528341003 0.32952346591353227 0.020451099369877768 0.00022562587666354335
11000 0 0 0.50419869034444376 24.485342195445011 0.001551962123067963 0.00021486517745366592 0.001551962123067961 0.00021486517745366611 0.001551962123067963 -2.8880023372779635e-17 -9.3092200614892092e-18 -5.0306980803366696e-21 -6.4002390318635039e-17 -4.1494688014020026e-17 49.999999999999886 50.000000000000028 49.999999999999886 -1.1368683772161603e-13 2.8421709430404007e-14 1.0000000000000013 1969.8656512466043 8030.1343487456088 0.0054962739013140064 0 0 0.9883682751565932 4.7613817433789903e-18 0.99999999999999978 -2.8880413685539175e-13 -9.2217844925785494e-14 -5.9962284177154585e-17 0.35006775813515179 0.3294759001035234 0.020591858031628385 0.00021486517745366592
11500 0 0 0.50599467166431822 24.48397956545049 0.0014820744931362663 0.00019225898635327228 0.0014820744931362364 0.0001922589863532725 0.0014820744931362663 -2.9453956634807963e-17 -1.14762366276815e-17 -3.035766082961882e-21 -3.2338572907736185e-17 -1.0130805273234092e-17 49.999999999999872 50.000000000000021 49.999999999999872 -1.2789769243681803e-13 2.1316282072803006e-14 1.0000000000000033 1969.8656512465318 8030.1343487453159 0.0055036534610552398 0 0 0.98821623375303025 4.7624891868849925e-18 0.99999999999999978 -2.9490776225264909e-13 -1.1553017115022157e-13 -2.2672621552107025e-17 0.3501172549444066 0.32945089756930362 0.020666357375102973 0.00019225898635327228
12000 0 0 0.50604935991894717 24.48393653947517 0.0014880091304518735 0.00018373465010216352 0.001488009130451904 0.00018373465010216355 0.0014880091304518735 -3.2403593697188604e-17 -1.1156006674016291e-17 -5.7245874707283098e-21 1.0434411285837888e-17 2.4601546762966348e-19 49.999999999999858 50.000000000000021 49.999999999999858 -1.4210854715202004e-13 2.1316282072803006e-14 1.0000000000000004 1969.8656512464624 8030.1343487449994 0.0055037751151938707 0 0 0.98821323773550118 4.7704455452088001e-18 0.99999999999999978 -3.2391298845848674e-13 -1.1155942299502855e-13 -4.2492391529139802e-17 0.35011888202015867 0.32945025468962097 0.020668627330537703 0.00018373465010216352
12500 0 0 0.50491337734023756 24.484796015315947 0.0015441507238395913 0.00018801105962309311 0.0015441507238396197 0.00018801105962309316 0.0015441507238395913 -3.080148983095001e-17 -9.2755664260561835e-18 6.158268339723107e-21 4.4016439322372086e-17 1.5863612709702186e-17 49.999999999999844 50.000000000000014 49.999999999999844 -1.5631940186722204e-13 1.4210854715202004e-14 1.0000000000000027 1969.8656512464045 8030.1343487447402 0.0054989808993073418 0 0 0.98831054602950363 4.7803922477585472e-18 0.99999999999999978 -3.0854339308172244e-13 -9.2731215501490327e-14 6.2805036149498342e-17 0.35008763802896015 0.32946613164498212 0.020621506383978028 0.00018801105962309311
13000 0 0 0.50340089160095325 24.485941391398093 0.0015623324190720655 0.00019068460354369231 0.0015623324190720982 0.00019068460354369237 0.0015623324190720655 -3.7520160589589001e-17 -8.7260060288664988e-18 5.2041704279351708e-22 8.2978583680283551e-18 -3.60865420373642e-17 49.999999999999829 50.000000000000014 49.999999999999829 -1.7053025658242404e-13 1.4210854715202004e-14 1.0000000000000011 1969.8656512463504 8030.1343487444919 0.0054926920341971811 0 0 0.9884389844980036 4.7877313541814772e-18 0.99999999999999978 -3.7519900211626777e-13 -8.7099489946840247e-14 2.2155199770783455e-17 0.35004596078861377 0.3294871885709445 0.020558772217669274 0.00019068460354369231
13500 0 0 0.50219887845113464 24.486852331151006 0.0015483221642147657 0.00018791890615410035 0.0015483221642147919 0.0001879189061541004 0.0015483221642147657 -4.1406635065172575e-17 -3.9124953277218114e-18 -9.5409791178815129e-21 -4.1313442251020346e-18 -6.2383799536459019e-18 49.999999999999822 49.999999999999993 49.999999999999822 -1.7763568394002505e-13 -7.1054273576010019e-15 1.0000000000000016 1969.8656512462894 8030.1343487442291 0.0054877427770798322 0 0 0.9884689438263583 4.7903104671751111e-18 0.99999999999999978 -4.1420577905071365e-13 -3.8458711042188565e-14 -9.3819861109764507e-17 0.35001284332734195 0.32950392402405276 0.020508919303289186 0.00018791890615410035
14000 0 0 0.50165189348358152 24.487267443648413 0.0015179952143384249 0.00018442600282634868 0.0015179952143383952 0.00018442600282634862 0.0015179952143384249 -4.0718296789905831e-17 -1.2791850911865613e-18 -1.1449174941458237e-20 -3.9274972234022973e-17 7.077099290215078e-18 49.999999999999801 50.000000000000007 49.999999999999801 -1.9895196601282805e-13 7.1054273576010019e-15 1.0000000000000011 1969.8656512462126 8030.1343487439426 0.0054855203095532734 0 0 0.98845919961242656 4.7892416298820019e-18 0.99999999999999978 -4.0744604913229318e-13 -1.3610545313065699e-14 -9.7536777017602994e-17 0.34999779653815238 0.32951156243146762 0.020486234106684764 0.00018442600282634868
14500 0 0 0.50174687903175108 24.487196075256399 0.0014880153073860455 0.00018356909823257276 0.0014880153073860121 0.00018356909823257292 0.0014880153073860455 -4.0622973734902338e-17 -6.7458191810379278e-18 -3.6429192995550307e-21 -4.5323541698752258e-17 -1.5135893557076263e-18 49.999999999999787 50.000000000000007 49.999999999999787 -2.1316282072803006e-13 7.1054273576010019e-15 1.0000000000000002 1969.8656512461582 8030.134348743667 0.0054859438049174817 0 0 0.98846059865720814 4.7855272626284851e-18 0.99999999999999978 -4.0572439061013218e-13 -6.7456734807761702e-14 -2.1021181819920139e-17 0.35000043849220386 0.32951026568966107 0.020490172802542783 0.00018356909823257276
15000 0 0 0.50223674991216827 24.486825131504009 0.0014693742537610379 0.00018425531708411231 0.0014693742537610264 0.00018425531708411239 0.0014693742537610379 -4.4794289805241867e-17 -5.1868231931761363e-18 7.1123662515124283e-21 -2.5629852534778223e-17 3.848791260203509e-18 49.999999999999773 50.000000000000007 49.999999999999773 -2.2737367544323206e-13 7.1054273576010019e-15 1.0000000000000011 1969.8656512460859 8030.1343487432932 0.0054879846420950971 0 0 0.98846901280895239 4.7816973939659141e-18 0.99999999999999978 -4.4814260809211692e-13 -5.1491082041612082e-14 5.4005722796756661e-17 0.35001394638383065 0.32950345769389405 0.020510488689936601 0.00018425531708411231
15500 0 0 0.50280963118987998 24.486390951943175 0.0014652252594630497 0.00018449820776954867 0.0014652252594630803 0.00018449820776954897 0.0014652252594630497 -4.1355807667332249e-17 -2.057728987205936e-18 9.9746599868775342e-21 -5.2107600275336287e-17 -1.0474598851609106e-17 49.999999999999751 50.000000000000007 49.999999999999751 -2.4868995751603507e-13 7.1054273576010019e-15 1.0000000000000011 1969.8656512460259 8030.1343487430568 0.0054903552061351078 0 0 0.98847779718090723 4.7792827639666606e-18 0.99999999999999978 -4.1357260498198212e-13 -2.0670721206009061e-14 7.7507115673171498e-17 0.35002973151635886 0.32949548324038014 0.020534248275978717 0.00018449820776954867
16000 0 0 0.50322574520697949 24.48607540382152 0.0014723233353541245 0.00018405035795087529 0.0014723233353541526 0.00018405035795087543 0.0014723233353541245 -4.348041024453893e-17 -3.7723296708634385e-18 5.0306980803384398e-21 -8.546796491867455e-17 3.471981227947035e-17 49.999999999999737 50.000000000000007 49.999999999999737 -2.6290081223123707e-13 7.1054273576010019e-15 1.0000000000000002 1969.8656512459522 8030.1343487427075 0.005492067467055225 0 0 0.9884543756370805 4.7785503873098481e-18 0.99999999999999978 -4.3446301170027899e-13 -3.7000540223600261e-14 5.9828624295517781e-17 0.3500411950393712 0.32948968823773644 0.020551506801634756 0.00018405035795087529
16500 0 0 0.503382404065852 24.485956456082775 0.0014843312330352666 0.00018365578442188863 0.0014843312330352974 0.00018365578442188884 0.0014843312330352666 -4.6769532691169758e-17 -3.2158303797695357e-18 -1.0061396160677153e-20 -5.0909841154641614e-17 4.9333859385323009e-17 49.999999999999716 50.000000000000014 49.999999999999716 -2.8421709430404007e-13 1.4210854715202004e-14 1.0000000000000018 1969.8656512458751 8030.1343487424674 0.00549270167983636 0 0 0.98844108923827134 4.7792763580766474e-18 0.99999999999999978 -4.6768134070312994e-13 -3.2518828336822029e-14 -6.7935036598374171e-17 0.35004550874715451 0.32948750420407275 0.020558004543081765 0.00018365578442188863
17000 0 0 0.50330695364025735 24.486013473100762 0.0014951768292937003 0.00018364211208854689 0.0014951768292936702 0.00018364211208854667 0.0014951768292937003 -4.796328265116639e-17 -5.275814507494583e-18 -1.3010426069841638e-21 -4.1382776163748771e-17 -8.3969223425604466e-20 49.999999999999702 50.000000000000028 49.999999999999702 -2.9842794901924208e-13 2.8421709430404007e-14 1.0000000000000004 1969.8656512458185 8030.1343487422064 0.0054923771431343131 0 0 0.98844744930082906 4.7807271092433897e-18 0.99999999999999978 -4.7957698999332728e-13 -5.2642548741565386e-14 -2.9333153793522158e-17 0.35004342459267995 0.32948854928832844 0.020554875304351516 0.00018364211208854689
17500 0 0 0.50310387182371241 24.486167315070876 0.0015012172608482564 0.00018375870234478849 0.0015012172608482961 0.00018375870234478832 0.0015012172608482564 -4.7714089623844126e-17 -8.7461288211907272e-18 -1.8474805019175938e-20 -5.8889559243379026e-17 -2.3093304304387436e-17 49.99999999999968 50.000000000000036 49.99999999999968 -3.1974423109204508e-13 3.5527136788005009e-14 1.0000000000000013 1969.8656512457515 8030.1343487418935 0.0054915306286729224 0 0 0.98846460280765991 4.7821047619431297e-18 0.99999999999999978 -4.7682203211422294e-13 -8.7551954512593642e-14 -1.8087503710565001e-16 0.35003782241866627 0.32949136999309375 0.020546452425572514 0.00018375870234478849
18000 0 0 0.50289059628268418 24.486328978954546 0.0015017945512141573 0.00018375748204558498 0.0015017945512141992 0.00018375748204558506 0.0015017945512141573 -5.1840216147634771e-17 -7.2282457797092599e-18 -2.1684043449737387e-21 -5.9896745977261182e-17 -2.751845908960439e-17 49.999999999999659 50.000000000000036 49.999999999999659 -3.4106051316484809e-13 3.5527136788005009e-14 1.0000000000000027 1969.8656512457003 8030.1343487416425 0.0054906486910267348 0 0 0.98847870709564323 4.7829067379405851e-18 0.99999999999999978 -5.1829081391258081e-13 -7.2129165162339304e-14 -3.758997702135405e-17 0.35003194109796348 0.32949433430868497 0.020537606789278517 0.00018375748204558498
18500 0 0 0.50274963222070101 24.48643589992253 0.0014984972546889918 0.00018366160818474402 0.0014984972546890278 0.00018366160818474392 0.0014984972546889918 -5.731057989296312e-17 -6.4049460180098982e-18 -3.4694469519581273e-22 -9.0100676923847526e-17 -1.6443123271572967e-17 49.999999999999645 50.000000000000028 49.999999999999645 -3.5527136788005009e-13 2.8421709430404007e-14 1.0000000000000002 1969.8656512456264 8030.1343487413524 0.0054900701780348166 0 0 0.98847739520877453 4.7830205047696455e-18 0.99999999999999978 -5.7268783899139253e-13 -6.399392869999368e-14 2.8443163908432615e-17 0.3500280556610077 0.3294962953723537 0.020531760288654 0.00018366160818474402
19000 0 0 0.50270943073219265 24.486466463362575 0.0014938281664933532 0.00018359255361759659 0.0014938281664934026 0.00018359255361759681 0.0014938281664933532 -6.0000789059513823e-17 -9.7834934598271102e-18 -4.1633363423499173e-21 -9.0749338083155345e-17 -7.9734533045725979e-18 49.999999999999623 50.000000000000036 49.999999999999623 -3.765876499528531e-13 3.5527136788005009e-14 1.000000000000006 1969.865651245558 8030.1343487410413 0.0054899094384010935 0 0 0.98847700269427041 4.7826386398540275e-18 0.99999999999999978 -5.9958266652875498e-13 -9.8251247903583666e-14 -4.70651852828886e-17 0.35002694939438844 0.32949685651698768 0.020530092877400763 0.00018359255361759659
19500 0 0 0.50275166717147768 24.486434516250746 0.0014899724913473556 0.00018358511240617776 0.0014899724913474076 0.00018358511240617771 0.0014899724913473556 -6.4364485963341573e-17 -9.3897112307801741e-18 -1.4051260155431459e-20 -8.3642908908996625e-17 -8.1357683749903404e-18 49.999999999999602 50.000000000000028 49.999999999999602 -3.979039320256561e-13 2.8421709430404007e-14 1.0000000000000049 1969.8656512454911 8030.1343487406984 0.00549008824306523 0 0 0.98847737398818847 4.7820629670323647e-18 0.99999999999999978 -6.4360094952395427e-13 -9.3503153842833291e-14 -1.836838607744817e-16 0.35002811571231118 0.32949627115822472 0.020531844554086465 0.00018358511240617776
20000 0 0 0.50283348098976277 24.486372527455497 0.0014880920981746638 0.00018359784157906042 0.0014880920981747074 0.00018359784157906015 0.0014880920981746638 -6.4639786578981908e-17 -2.8256910700226132e-18 1.5612511283813321e-21 -7.1926204510687402e-17 -3.3435960507624955e-17 49.999999999999581 50.000000000000021 49.999999999999581 -4.1922021409845911e-13 2.1316282072803006e-14 1.0000000000000029 1969.8656512454224 8030.1343487405074 0.005490428324002896 0 0 0.98847812016147407 4.781529821982228e-18 0.99999999999999978 -6.462108408347427e-13 -2.8323778948583593e-14 3.3914883745601806e-17 0.35003037232142714 0.32949513459170798 0.020535237729719158 0.00018359784157906042
20500 0 0 0.50291147013560922 24.486313399928299 0.0014882328585734737 0.00018359925929469488 0.0014882328585735199 0.00018359925929469479 0.0014882328585734737 -6.6147694960479347e-17 -1.1648668141201154e-18 9.6277152916852428e-21 -6.3200035226753016e-17 1.8140558015336055e-19 49.999999999999552 50.000000000000021 49.999999999999552 -4.4764192352886312e-13 2.1316282072803006e-14 1.0000000000000002 1969.8656512453622 8030.1343487402319 0.0054907503656148231 0 0 0.98847884006260878 4.7814266866367372e-18 0.99999999999999978 -6.6137297461549283e-13 -1.153641933501412e-14 8.6546643207384229e-17 0.35003252269446389 0.32949405036824259 0.020538472326221302 0.00018359925929469488
21000 0 0 0.50295796546921634 24.486278123976156 0.0014896759580783263 0.00018359381966987764 0.0014896759580783764 0.00018359381966987799 0.0014896759580783263 -7.1080814845297907e-17 -1.9506965487388132e-19 -5.6378512969329863e-21 -2.5744197634741001e-17 1.1139673174756384e-17 49.999999999999524 50.000000000000021 49.999999999999524 -4.7606363295926712e-13 2.1316282072803006e-14 1.0000000000000024 1969.8656512453038 8030.1343487398199 0.0054909408258628552 0 0 0.98847696540450147 4.7814098845214235e-18 0.99999999999999978 -7.1085812985443886e-13 -2.0310292725675256e-15 -1.9807734423119501e-17 0.35003380428093167 0.32949340353392159 0.020540400747010079 0.00018359381966987764
21500 0 0 0.50296610462746272 24.486271919992987 0.0014914565320859566 0.0001835935945571863 0.0014914565320860058 0.00018359359455718627 0.0014914565320859566 -7.4899288160626178e-17 5.263064289947814e-18 6.6786853825208345e-21 7.6718263391462768e-18 1.0266684428880418e-17 49.999999999999488 50.000000000000028 49.999999999999488 -5.1159076974727213e-13 2.8421709430404007e-14 1.0000000000000002 1969.8656512452205 8030.1343487396098 0.0054909724128347111 0 0 0.98847627600831478 4.7815712058990876e-18 0.99999999999999978 -7.4887394472606613e-13 5.2720977348566454e-14 6.1256309770483392e-17 0.35003402815005552 0.32949328980201847 0.020540738348037046 0.0001835935945571863
22000 0 0 0.50294551774894736 24.486287501535443 0.0014928026243529924 0.00018359797365475385 0.0014928026243530561 0.00018359797365475366 0.0014928026243529924 -8.0800643953563569e-17 9.1506663357918652e-18 -1.9081958235774505e-21 -4.4036165064197961e-18 -6.5253294147462779e-18 49.99999999999946 50.000000000000036 49.99999999999946 -5.4001247917767614e-13 3.5527136788005009e-14 1.0000000000000002 1969.8656512451535 8030.1343487392787 0.0054908858018594938 0 0 0.98847801437205662 4.7817700741276309e-18 0.99999999999999978 -8.0778396098388929e-13 9.148318359786124e-14 -5.6620481658123493e-18 0.35003346003638308 0.32949357551050673 0.020539884525876351 0.00018359797365475385
22500 0 0 0.50291331711198239 24.486311902456062 0.0014933580403666674 0.00018359991986199124 0.0014933580403667418 0.00018359991986199162 0.0014933580403666674 -9.1028920512637383e-17 1.4003034842802259e-17 -5.3776427755366571e-21 -2.0857855629427201e-17 8.9688691363683569e-18 49.999999999999417 50.000000000000028 49.999999999999417 -5.8264504332328215e-13 2.8421709430404007e-14 1.0000000000000011 1969.8656512451023 8030.1343487390113 0.0054907521205147473 0 0 0.9884788786757277 4.781935676695631e-18 0.99999999999999978 -9.1021959910722403e-13 1.399047571983492e-13 -4.9792249582471126e-17 0.35003257191250547 0.32949402290131125 0.020538549011194229 0.00018359991986199124
23000 0 0 0.50288528037624192 24.486333160795787 0.0014931774754055576 0.00018359719679682468 0.0014931774754056153 0.00018359719679682463 0.0014931774754055576 -9.5070132322282319e-17 1.3338028598285904e-17 -9.2807705964909698e-21 -8.2501257622409647e-17 3.2408453043422181e-17 49.999999999999382 50.000000000000036 49.999999999999382 -6.1817218011128716e-13 3.5527136788005009e-14 1.0000000000000044 1969.8656512450304 8030.1343487387412 0.00549063649571843 0 0 0.9884786196816977 4.7820119564064255e-18 0.99999999999999978 -9.5014989789047607e-13 1.3348454561375904e-13 -1.1063233101624231e-16 0.35003179884808117 0.32949441266314622 0.020537386184934947 0.00018359719679682468
23500 0 0 0.50287043619592842 24.486344426042052 0.0014925706971877007 0.00018359296133169616 0.0014925706971877827 0.00018359296133169627 0.0014925706971877007 -9.902842434977577e-17 1.6599829150170914e-17 3.0357660829644323e-21 -1.1262781914680174e-16 1.1346266744987324e-17 49.999999999999339 50.000000000000043 49.999999999999339 -6.6080474425689317e-13 4.2632564145606011e-14 1.0000000000000013 1969.8656512449531 8030.1343487384665 0.0054905758661683325 0 0 0.98847848032751673 4.7820000566365434e-18 0.99999999999999978 -9.9023491222448011e-13 1.6596412558709163e-13 5.9810986151965297e-17 0.35003138971364361 0.32949461919998912 0.02053677051365449 0.00018359296133169616
24000 0 0 0.50286994031539767 24.48634481492839 0.0014919034334338467 0.00018359030906667546 0.0014919034334339319 0.00018359030906667551 0.0014919034334338467 -9.9540688192236462e-17 2.1170131619987796e-17 1.0668549377275422e-20 -1.3194732011027755e-16 4.0702583822169351e-17 49.999999999999297 50.00000000000005 49.999999999999297 -7.0343730840249918e-13 4.9737991503207013e-14 1.0000000000000027 1969.8656512449031 8030.1343487381519 0.0054905745824790162 0 0 0.98847847288185031 4.7819353518374378e-18 0.99999999999999978 -9.9540829106421212e-13 2.1189084825209255e-13 7.1017956492492259e-17 0.35003137625147079 0.32949462631528526 0.020536749936185539 0.00018359030906667546
24500 0 0 0.50287924387475613 24.486337770751632 0.0014914432013575063 0.00018358963429197952 0.0014914432013575652 0.00018358963429197968 0.0014914432013575063 -1.0352092447170255e-16 1.9892247571408158e-17 5.7245874707333955e-21 -1.5891624879437926e-16 2.4584864577069857e-17 49.999999999999247 50.000000000000057 49.999999999999247 -7.531752999057062e-13 5.6843418860808015e-14 1.0000000000000002 1969.8656512448269 8030.1343487378826 0.0054906135459673079 0 0 0.98847855663730844 4.7818630550010821e-18 0.99999999999999978 -1.0354908120061891e-12 1.9916377842666303e-13 4.2970047465076634e-18 0.35003163293600609 0.3294944971428605 0.020537135793145589 0.00018358963429197952
25000 0 0 0.50289166288326415 24.486328358711553 0.0014912924613151525 0.00018358994963311529 0.0014912924613152336 0.00018358994963311512 0.0014912924613151525 -9.8169302548308637e-17 1.6447260220460478e-17 0 -1.214814328686519e-16 1.0193557359705799e-17 49.999999999999197 50.000000000000064 49.999999999999197 -8.0291329140891321e-13 6.3948846218409017e-14 1.0000000000000007 1969.865651244771 8030.1343487375234 0.0054906650269580907 0 0 0.98847867043887194 4.7818064912945888e-18 0.99999999999999978 -9.8182779194373381e-13 1.6455999568891383e-13 -7.2454809974378866e-18 0.35003197542899434 0.32949432456047001 0.020537650868524326 0.00018358994963311529
25500 0 0 0.50290156221238946 24.486320851758762 0.0014914050578206238 0.00018359057041675181 0.0014914050578207114 0.00018359057041675135 0.0014914050578206238 -1.0194622923638777e-16 2.1855260656828182e-17 -1.0234868508281511e-20 -6.497244637005556e-17 2.0406984370398949e-17 49.999999999999154 50.000000000000071 49.999999999999154 -8.4554585555451922e-13 7.1054273576010019e-14 1.0000000000000002 1969.8656512446998 8030.1343487373315 0.0054907057970002976 0 0 0.9884787621371689 4.7817825454726138e-18 0.99999999999999978 -1.0191748703330369e-12 2.1858711125901595e-13 -8.7074498378074128e-17 0.35003224836335667 0.32949418691847987 0.020538061444876798 0.00018359057041675181
26000 0 0 0.5029061002079932 24.486317406670214 0.0014916523615445378 0.00018359129917060318 0.0014916523615446217 0.0001835912991706031 0.0014916523615445378 -1.044536852847486e-16 2.4214571320335981e-17 1.6479873021810106e-21 1.0199460366639847e-17 1.3156754633723324e-17 49.999999999999105 50.000000000000078 49.999999999999105 -8.9528384705772623e-13 7.815970093361102e-14 1.0000000000000049 1969.8656512446357 8030.1343487369877 0.005490724262156796 0 0 0.98847880499476881 4.7817888661338837e-18 0.99999999999999978 -1.0445864008856665e-12 2.418894280620271e-13 1.4782304697808527e-17 0.35003237342245735 0.32949412376017867 0.020538249662278685 0.00018359129917060318
26500 0 0 0.50290536157540255 24.486317961859953 0.0014918981894233257 0.00018359195405047459 0.0014918981894233825 0.00018359195405047448 0.0014918981894233257 -1.0597486430083817e-16 2.5982081070012676e-17 6.5052130349252071e-21 -5.4533329088375279e-17 -2.3033134614656757e-19 49.999999999999055 50.000000000000092 49.999999999999055 -9.4502183856093325e-13 9.2370555648813024e-14 1.0000000000000013 1969.8656512445657 8030.1343487367103 0.0054907209281416271 0 0 0.98847879922560788 4.781814919574814e-18 0.99999999999999978 -1.0598684473787171e-12 2.596690223731584e-13 5.8752151756753522e-17 0.35003235298198726 0.32949413395049665 0.020538219031490612 0.00018359195405047459
27000 0 0 0.50290136078232239 24.486320991899383 0.0014920518210376223 0.00018359227911479185 0.0014920518210377106 0.00018359227911479188 0.0014920518210376223 -1.0134011685389169e-16 2.3427527279285191e-17 1.6566609195610056e-20 -7.8518962928956781e-17 -1.2715292535855805e-17 49.999999999999012 50.000000000000099 49.999999999999012 -9.8765440270653926e-13 9.9475983006414026e-14 1.0000000000000013 1969.8656512444973 8030.1343487364693 0.005490704222190057 0 0 0.98847876301372695 4.7818389122086926e-18 0.99999999999999978 -1.0133709192450895e-12 2.3454438532414384e-13 1.2685630408173142e-16 0.35003224261635801 0.32949418951525339 0.020538053101104625 0.00018359227911479185
27500 0 0 0.50289665817747686 24.486324556291162 0.00149208666479909 0.00018359218009565161 0.001492086664799146 0.00018359218009565128 0.00149208666479909 -1.0583409149077001e-16 2.6704246453065096e-17 1.222980050566027e-20 -1.4087097723371794e-16 1.1627409088583324e-17 49.999999999998963 50.000000000000121 49.999999999998963 -1.0373923942097463e-12 1.2079226507921703e-13 1.0000000000000022 1969.8656512444318 8030.1343487361428 0.0054906847532445397 0 0 0.98847871983467139 4.7818564689734215e-18 0.99999999999999978 -1.0584212542717341e-12 2.6668778135516511e-13 1.5924982070330811e-16 0.3500321129341179 0.32949425487292228 0.020537858061195624 0.00018359218009565161
28000 0 0 0.50289322999587793 24.486327156334607 0.00149202897346349 0.00018359181253582821 0.0014920289734635854 0.00018359181253582788 0.00149202897346349 -1.0395252367255218e-16 3.1064994326985291e-17 -6.1582683397298809e-21 -1.1885495761333771e-16 3.9794754040382968e-17 49.99999999999892 50.000000000000128 49.99999999999892 -1.0800249583553523e-12 1.2789769243681803e-13 1.0000000000000016 1969.8656512443622 8030.1343487358181 0.005490670655949925 0 0 0.98847868800420957 4.7818639598060191e-18 0.99999999999999978 -1.0392534272801767e-12 3.102139720231531e-13 -3.15990619813699e-17 0.35003201842136639 0.32949430254486428 0.020537715876502105 0.00018359181253582821
28500 0 0 0.502891927794339 24.486328145451992 0.0014919306733533586 0.00018359142492664751 0.0014919306733534574 0.00018359142492664732 0.0014919306733533586 -1.081630444934549e-16 3.1603799438625766e-17 -1.9949319973773493e-21 -1.4330050692059166e-16 8.054893927622811e-17 49.99999999999887 50.000000000000142 49.99999999999887 -1.1297629498585593e-12 1.4210854715202004e-13 1.0000000000000027 1969.8656512443081 8030.134348735618 0.0054906653887474097 0 0 0.98847867558827862 4.7818633806719476e-18 0.99999999999999978 -1.0820477543485585e-12 3.1581528575980452e-13 -1.914716015450737e-17 0.35003198254358758 0.32949432067745987 0.02053766186612771 0.00018359142492664751
29000 0 0 0.50289253347523855 24.486327688014221 0.0014918416298322628 0.00018359118120738095 0.0014918416298323636 0.00018359118120738093 0.0014918416298322628 -1.1088985632535175e-16 3.1867130462280557e-17 7.8062556419116062e-22 -1.0496852556394054e-16 6.8851322916214374e-17 49.99999999999882 50.000000000000149 49.99999999999882 -1.1795009413617663e-12 1.4921397450962104e-13 1.0000000000000044 1969.8656512442433 8030.1343487353088 0.0054906679932916393 0 0 0.98847868079064927 4.7818597790080748e-18 0.99999999999999978 -1.1086339093950654e-12 3.1886278818611089e-13 -2.2424613390085476e-17 0.35003199927159451 0.32949431228632237 0.020537686985272141 0.00018359118120738095
29500 0 0 0.50289419302526606 24.486326430869621 0.0014917918261442523 0.00018359111569615707 0.0014917918261443553 0.00018359111569615696 0.0014917918261442523 -1.1178349912400712e-16 3.3913150066026825e-17 -2.3418766925735676e-20 -1.2045671330238774e-16 2.5848444998671903e-17 49.999999999998771 50.000000000000171 49.999999999998771 -1.2292389328649733e-12 1.7053025658242404e-13 1.0000000000000002 1969.865651244163 8030.1343487349859 0.0054906749068668343 0 0 0.98847869587050863 4.781848279551178e-18 0.99999999999999978 -1.1175410644520916e-12 3.3911197146462126e-13 -2.3903523661141564e-16 0.35003204504741831 0.32949428923316626 0.020537755814252046 0.00018359111569615707
29999 0 0 0.50289602874717876 24.486325039299899 0.0014917866949769663 0.00018359118668474634 0.0014917866949770199 0.00018359118668474683 0.0014917866949769663 -1.1236714683750503e-16 3.6750550519515614e-17 -6.6786853825248751e-21 -1.541782846985111e-16 1.8617672472005971e-17 49.999999999998721 50.000000000000178 49.999999999998721 -1.2789769243681803e-12 1.7763568394002505e-13 1.0000000000000013 1969.8656512440978 8030.1343487346994 0.0054906824970597269 0 0 0.98847871276335342 4.7818412156319925e-18 0.99999999999999978 -1.1237635172231375e-12 3.67769115426559e-13 -7.4148906923437052e-17 0.35003209566759524 0.3294942637169026 0.020537831950692642 0.00018359118668474634
