# 1:passo  2:sigma_pop  3:int_grad  4:K  5:espessura_10_90  6:residuo  7:d0  8:|u|max  9:|u|rms  10:|u_n|max  11:|u_t|max  12:massa_R  13:massa_B  14:qx  15:qy  16:soma_Fx  17:soma_Fy  18:min_f  19:neg_total  20:neg_cor
0 8.436641235e-06 2.00000311 1.273753378 3.45 7.549516567e-15 -3.620393508e-16 0.001246638204 0.0002507651738 0.00124663677 1.890537421e-06 20000 20000 -6.791605039e-15 1.853389404e-15 1.093201051e-15 4.565575348e-16 0.02749973623 0 0
500 8.14679192e-07 2.000001893 1.294809395 3.393896562 0.07324294457 3.188774265e-13 0.0003497184259 6.082961126e-05 0.0002207866081 0.0002712125571 20000 20000 7.688591316e-11 3.699701597e-11 1.902167659e-14 9.334763865e-15 0.02763844462 0 0
1000 8.05161062e-07 2.000001892 1.294721213 3.394127717 0.07321269827 -6.279455411e-13 0.000349220806 6.059583236e-05 0.0002199235596 0.0002712725553 20000 20000 8.534387616e-11 4.30577189e-11 2.019174758e-14 1.008210442e-14 0.02763525943 0 0
1500 8.074951803e-07 2.000001892 1.294738285 3.394082963 0.07321852799 -1.69195738e-12 0.0003494039649 6.055795308e-05 0.0002202049613 0.0002712801241 20000 20000 9.485214532e-11 5.071837281e-11 1.765601554e-14 8.496350325e-15 0.02763575241 0 0
2000 8.068396351e-07 2.000001892 1.294735128 3.394091239 0.07321745302 -2.915774005e-12 0.0003493616033 6.055612302e-05 0.0002201353106 0.0002712820946 20000 20000 1.042124685e-10 5.793107754e-11 1.802551164e-14 9.031946198e-15 0.02763567971 0 0
2500 8.069777693e-07 2.000001892 1.294735693 3.394089758 0.07321764485 -4.263269596e-12 0.0003493715125 6.055616293e-05 0.0002201506389 0.0002712824174 20000 20000 1.097265416e-10 6.457060049e-11 1.9980545e-14 9.636388909e-15 0.02763568963 0 0
3000 8.069490698e-07 2.000001892 1.294735595 3.394090015 0.07321761163 -5.705065737e-12 0.000349369585 6.055620075e-05 0.0002201474982 0.0002712824836 20000 20000 1.129633534e-10 7.112272248e-11 1.762045371e-14 8.84828235e-15 0.02763568841 0 0
3500 8.069546002e-07 2.000001892 1.294735611 3.394089971 0.07321761721 -7.24221793e-12 0.0003493699807 6.055620801e-05 0.00022014811 0.0002712824967 20000 20000 1.161466805e-10 7.775720771e-11 1.38814741e-14 7.085261197e-15 0.02763568853 0 0
4000 8.069535575e-07 2.000001892 1.294735609 3.394089979 0.0732176163 -8.830394702e-12 0.0003493699103 6.055620963e-05 0.0002201479955 0.000271282499 20000 20000 1.15140286e-10 8.45776987e-11 1.853031617e-14 9.331836519e-15 0.02763568852 0 0
4500 8.069537443e-07 2.000001892 1.294735609 3.394089977 0.07321761644 -1.04162528e-11 0.0003493699237 6.055620992e-05 0.0002201480162 0.0002712824995 20000 20000 1.132911035e-10 9.259147493e-11 1.850971633e-14 9.177446129e-15 0.02763568852 0 0
5000 8.069537114e-07 2.000001892 1.294735609 3.394089978 0.07321761642 -1.207555837e-11 0.0003493699215 6.055620998e-05 0.0002201480126 0.0002712824996 20000 20000 1.108720807e-10 1.004759958e-10 1.307417716e-14 6.622198449e-15 0.02763568852 0 0
5500 8.069537168e-07 2.000001892 1.294735609 3.394089978 0.07321761642 -1.369297448e-11 0.0003493699219 6.055620999e-05 0.0002201480132 0.0002712824996 20000 20000 1.037987701e-10 1.074676409e-10 1.55622043e-14 8.046298003e-15 0.02763568852 0 0
6000 8.06953716e-07 2.000001892 1.294735609 3.394089978 0.07321761642 -1.523708641e-11 0.0003493699218 6.055620999e-05 0.0002201480131 0.0002712824996 20000 20000 9.857641661e-11 1.07720036e-10 1.453524801e-14 6.958843224e-15 0.02763568852 0 0
6500 8.069537161e-07 2.000001892 1.294735609 3.394089978 0.07321761642 -1.670574025e-11 0.0003493699218 6.055620999e-05 0.0002201480131 0.0002712824996 20000 20000 8.972294938e-11 1.141991753e-10 2.178899422e-14 1.058430687e-14 0.02763568852 0 0
7000 8.069537158e-07 2.000001892 1.294735609 3.394089978 0.07321761642 -1.809794054e-11 0.0003493699218 6.055620999e-05 0.0002201480131 0.0002712824996 20000 20000 8.08226441e-11 1.23557736e-10 2.672536671e-14 1.325556418e-14 0.02763568852 0 0
7500 8.06953716e-07 2.000001892 1.294735609 3.394089978 0.07321761643 -1.93672861e-11 0.0003493699218 6.055620999e-05 0.0002201480131 0.0002712824996 20000 20000 7.441470498e-11 1.300188484e-10 2.237359603e-14 1.125586169e-14 0.02763568852 0 0
8000 8.06953716e-07 2.000001892 1.294735609 3.394089978 0.07321761643 -2.067288767e-11 0.0003493699218 6.055620999e-05 0.0002201480131 0.0002712824996 20000 20000 7.337855994e-11 1.401275432e-10 3.10734511e-14 1.512093402e-14 0.02763568852 0 0
8500 8.069537159e-07 2.000001892 1.294735609 3.394089978 0.07321761643 -2.200956982e-11 0.0003493699218 6.055620999e-05 0.0002201480131 0.0002712824996 20000 20000 6.714785507e-11 1.50465212e-10 2.739562049e-14 1.360240046e-14 0.02763568852 0 0
9000 8.069537161e-07 2.000001892 1.294735609 3.394089978 0.07321761643 -2.330224281e-11 0.0003493699218 6.055620999e-05 0.0002201480131 0.0002712824996 20000 20000 5.666318272e-11 1.593184716e-10 3.290792118e-14 1.648345089e-14 0.02763568852 0 0
9500 8.069537159e-07 2.000001892 1.294735609 3.394089978 0.07321761643 -2.452177228e-11 0.0003493699218 6.055620999e-05 0.0002201480131 0.0002712824996 20000 20000 4.819813624e-11 1.70216774e-10 2.516194718e-14 1.218198719e-14 0.02763568852 0 0
10000 8.06953716e-07 2.000001892 1.294735609 3.394089978 0.07321761643 -2.570458733e-11 0.0003493699218 6.055620999e-05 0.0002201480131 0.0002712824996 20000 20000 3.389708677e-11 1.881817204e-10 3.216827846e-14 1.600553457e-14 0.02763568852 0 0
10500 8.069537163e-07 2.000001892 1.294735609 3.394089978 0.07321761643 -2.685330962e-11 0.0003493699218 6.055620999e-05 0.0002201480131 0.0002712824996 20000 20000 2.922592124e-11 2.049214373e-10 3.040558257e-14 1.539762241e-14 0.02763568852 0 0
11000 8.069537161e-07 2.000001892 1.294735609 3.394089978 0.07321761643 -2.801685726e-11 0.0003493699218 6.055620999e-05 0.0002201480131 0.0002712824996 20000 20000 2.485027931e-11 2.120477052e-10 3.330408865e-14 1.673845524e-14 0.02763568852 0 0
11500 8.069537159e-07 2.000001892 1.294735609 3.394089978 0.07321761643 -2.922019033e-11 0.0003493699218 6.055620999e-05 0.0002201480131 0.0002712824996 20000 20000 2.822393107e-11 2.198771423e-10 2.926977237e-14 1.482570577e-14 0.02763568852 0 0
12000 8.069537159e-07 2.000001892 1.294735609 3.394089978 0.07321761643 -3.059043399e-11 0.0003493699218 6.055620999e-05 0.0002201480131 0.0002712824996 20000 20000 2.606912995e-11 2.34035809e-10 2.698232263e-14 1.366777785e-14 0.02763568852 0 0
12500 8.069537161e-07 2.000001892 1.294735609 3.394089978 0.07321761643 -3.194231087e-11 0.0003493699218 6.055620999e-05 0.0002201480131 0.0002712824996 20000 20000 2.718296901e-11 2.423820487e-10 2.94458468e-14 1.475414842e-14 0.02763568852 0 0
13000 8.069537161e-07 2.000001892 1.294735609 3.394089978 0.07321761643 -3.333856932e-11 0.0003493699218 6.055620999e-05 0.0002201480131 0.0002712824996 20000 20000 3.07808262e-11 2.454873604e-10 2.933764343e-14 1.445826965e-14 0.02763568852 0 0
13500 8.069537159e-07 2.000001892 1.294735609 3.394089978 0.07321761643 -3.487255389e-11 0.0003493699219 6.055620999e-05 0.0002201480131 0.0002712824996 20000 20000 3.425999842e-11 2.591650094e-10 2.513657685e-14 1.232987237e-14 0.02763568852 0 0
14000 8.06953716e-07 2.000001892 1.294735609 3.394089978 0.07321761643 -3.650885629e-11 0.0003493699219 6.055620999e-05 0.0002201480131 0.0002712824996 20000 20000 4.150648851e-11 2.684305099e-10 2.763132605e-14 1.364631064e-14 0.02763568852 0 0
14500 8.069537159e-07 2.000001892 1.294735609 3.394089978 0.07321761643 -3.828552324e-11 0.0003493699219 6.055620999e-05 0.0002201480131 0.0002712824996 20000 20000 4.200381328e-11 2.774027302e-10 2.377395156e-14 1.186659278e-14 0.02763568852 0 0
15000 8.06953716e-07 2.000001892 1.294735609 3.394089978 0.07321761643 -4.009669875e-11 0.0003493699219 6.055620999e-05 0.0002201480131 0.0002712824996 20000 20000 4.326830363e-11 2.941693408e-10 2.883891043e-14 1.423156298e-14 0.02763568852 0 0
15500 8.069537158e-07 2.000001892 1.294735609 3.394089978 0.07321761643 -4.196898376e-11 0.0003493699219 6.055620999e-05 0.0002201480131 0.0002712824996 20000 20000 4.370002616e-11 3.071853928e-10 2.312711654e-14 1.132590115e-14 0.02763568852 0 0
16000 8.069537162e-07 2.000001892 1.294735609 3.394089978 0.07321761643 -4.404031057e-11 0.0003493699219 6.055620999e-05 0.0002201480131 0.0002712824996 20000 20000 4.762198342e-11 3.215402709e-10 2.141949812e-14 1.059016156e-14 0.02763568852 0 0
16500 8.06953716e-07 2.000001892 1.294735609 3.394089978 0.07321761643 -4.618799503e-11 0.0003493699219 6.055620999e-05 0.0002201480131 0.0002712824996 20000 20000 4.636655612e-11 3.358811224e-10 2.054823325e-14 1.014726497e-14 0.02763568852 0 0
17000 8.069537159e-07 2.000001892 1.294735609 3.394089978 0.07321761643 -4.837969089e-11 0.0003493699219 6.055620999e-05 0.0002201480131 0.0002712824997 20000 20000 3.983976931e-11 3.473558642e-10 2.061740535e-14 1.02991617e-14 0.02763568852 0 0
17500 8.069537158e-07 2.000001892 1.294735609 3.394089978 0.07321761643 -5.055206197e-11 0.0003493699219 6.055620999e-05 0.0002201480131 0.0002712824997 20000 20000 3.822845423e-11 3.641186577e-10 2.357207311e-14 1.20597976e-14 0.02763568852 0 0
18000 8.069537163e-07 2.000001892 1.294735609 3.394089978 0.07321761643 -5.279441703e-11 0.0003493699219 6.055620999e-05 0.0002201480131 0.0002712824997 20000 20000 3.954326035e-11 3.840506674e-10 2.099102142e-14 1.065000952e-14 0.02763568852 0 0
18500 8.06953716e-07 2.000001892 1.294735609 3.394089978 0.07321761643 -5.527928944e-11 0.0003493699219 6.055620999e-05 0.0002201480131 0.0002712824997 20000 20000 3.994295845e-11 4.089083266e-10 2.518558279e-14 1.248870798e-14 0.02763568852 0 0
19000 8.06953716e-07 2.000001892 1.294735609 3.394089978 0.07321761643 -5.787535193e-11 0.0003493699219 6.055620999e-05 0.0002201480131 0.0002712824997 20000 20000 3.49867363e-11 4.347671443e-10 1.771542982e-14 9.020562075e-15 0.02763568852 0 0
19500 8.069537161e-07 2.000001892 1.294735609 3.394089978 0.07321761643 -6.062021667e-11 0.0003493699219 6.055620999e-05 0.0002201480131 0.0002712824997 20000 20000 3.680318303e-11 4.548041459e-10 1.668565459e-14 8.524756422e-15 0.02763568852 0 0
19999 8.069537161e-07 2.000001892 1.294735609 3.394089978 0.07321761643 -6.346180563e-11 0.0003493699219 6.055620999e-05 0.0002201480131 0.0002712824997 20000 20000 3.570231776e-11 4.810301943e-10 1.186485805e-14 6.146558956e-15 0.02763568852 0 0
