# 1:passo  2:raio_area  3:raio_grad  4:raio_linha  5:p_in  6:p_out  7:delta_p  8:sigma  9:|u-v0|max  10:|u-v0|rms  11:Ca  12:massa_R  13:massa_B  14:|q|  15:sd_p_in  16:sd_p_out  17:sigma_2pontos  18:K_perfil  19:r_perfil  20:espessura_10_90  21:residuo_ajuste  22:n_camadas
0 25.04052139 25.08111096 25 0.3333333333 0.3333333333 -2.220446049e-16 -5.560112678e-15 1.698705917e-05 3.303691188e-06 0 1969.865651 8030.134349 1.294129104e-16 2.731879552e-08 0 -2.775557562e-15 1.273345395 25.01411833 3.451105388 0.08159937045 12
500 25.0381087 25.07355721 25.00265551 0.3333967688 0.3333222226 7.454619583e-05 0.001866495754 2.864262046e-05 2.011015782e-05 0.005115222006 1969.865651 8030.134349 2.228038356e-14 1.951134665e-06 1.583905568e-06 0.001720683684 1.296476891 25.01485786 3.389531417 0.07338355775 12
1000 25.03729837 25.07272316 25.00331343 0.3334264306 0.3333110393 0.0001153913764 0.002889088319 2.273601381e-05 1.56917702e-05 0.002623205119 1969.865651 8030.134349 2.8703968e-14 2.406160981e-07 1.932560556e-07 0.002876839214 1.296482998 25.01397594 3.38951545 0.07367791265 12
1500 25.03706212 25.07247383 25.0042829 0.3334348765 0.3333073482 0.0001275282959 0.003192933866 1.070393646e-05 7.149831801e-06 0.001117460921 1969.865651 8030.134349 7.063549112e-14 2.135132579e-07 1.40391099e-06 0.003259164097 1.296490106 25.01369285 3.389496868 0.0739017963 12
2000 25.03706857 25.07247519 25.00527453 0.3334346748 0.3333075038 0.0001271710294 0.003183989783 3.281434223e-06 1.620691244e-06 0.000343534836 1969.865651 8030.134349 6.322203156e-14 2.085092736e-07 1.257944917e-06 0.003243981191 1.296495719 25.01366777 3.389482194 0.07407363363 12
2500 25.03713159 25.07253761 25.00614833 0.3334324963 0.3333086284 0.0001238678997 0.003101296905 2.899019773e-06 1.086413867e-06 0.0003115921996 1969.865651 8030.134349 4.427680884e-14 1.052335911e-07 6.350625011e-07 0.003129888121 1.296499865 25.01370764 3.389471355 0.07420990917 12
3000 25.03717889 25.07258584 25.00686732 0.3334308646 0.3333094783 0.0001213862472 0.003039169186 3.342488881e-06 1.322241952e-06 0.0003666011637 1969.865651 8030.134349 6.238188555e-14 2.629685865e-08 1.553425766e-07 0.003043748739 1.296283683 25.01373189 3.390036619 0.07714700643 12
3500 25.03719944 25.07260733 25.0074456 0.3334301569 0.3333098494 0.0001203075219 0.00301216342 3.139477638e-06 1.127683485e-06 0.0003474222344 1969.865651 8030.134349 6.20322831e-14 0 5.590842275e-08 0.003006206417 1.296286 25.01373637 3.390030561 0.07723917923 12
4000 25.03720309 25.0726115 25.00791214 0.3334300311 0.3333099151 0.0001201159998 0.003007368681 2.925647781e-06 1.054506525e-06 0.0003242754815 1969.865651 8030.134349 4.204650889e-14 1.359063786e-08 9.729227277e-08 0.002999600732 1.296287816 25.01372627 3.39002581 0.07731625574 12
4500 25.03720051 25.0726091 25.00829323 0.3334301197 0.3333098678 0.000120251953 0.003010772259 2.86960159e-06 1.091816348e-06 0.0003177038251 1969.865651 8030.134349 4.32202166e-14 0 7.111229556e-08 0.003004440982 1.29628927 25.01371205 3.390022008 0.07738050918 12
5000 25.0371975 25.07260611 25.00860797 0.3334302231 0.3333098128 0.0001204102119 0.003014734256 2.931871001e-06 1.13862967e-06 0.0003241713036 1969.865651 8030.134349 1.368774072e-14 0 3.618489959e-08 0.003010045701 1.296509796 25.01370423 3.389445393 0.07461075098 12
5500 25.03719582 25.07260441 25.00886939 0.3334302809 0.3333097821 0.0001204987521 0.003016950853 3.036984933e-06 1.175908776e-06 0.0003355468354 1969.865651 8030.134349 5.773746691e-14 2.100985499e-08 2.821890454e-08 0.003013188579 1.296493901 25.01319932 3.389486947 0.0752765381 12
6000 25.0371953 25.07260388 25.00908674 0.3334302989 0.3333097727 0.0001205262726 0.003017639826 3.137232111e-06 1.206635193e-06 0.0003465436889 1969.865651 8030.134349 5.310821288e-14 0 1.740132974e-08 0.003014178997 1.29651155 25.01368749 3.389440808 0.07469212403 12
6500 25.03719533 25.07260393 25.00926727 0.3334302977 0.3333097734 0.0001205242618 0.003017589484 3.216336421e-06 1.232449537e-06 0.0003552876049 1969.865651 8030.134349 3.680612459e-14 1.629359246e-08 2.826220973e-08 0.003014125652 1.296495259 25.01318682 3.389483397 0.07534381018 12
7000 25.03719551 25.07260412 25.00941699 0.3334302919 0.3333097766 0.0001205152352 0.003017363506 3.275220855e-06 1.253955944e-06 0.000361819278 1969.865651 8030.134349 2.028473822e-14 0 2.746060471e-08 0.003013822496 1.296293315 25.01367261 3.390011431 0.0775698696 12
7500 25.03719563 25.07260426 25.00954105 0.3334302876 0.333309779 0.0001205085863 0.003017197051 3.319804293e-06 1.271784962e-06 0.0003667647198 1969.865651 8030.134349 3.435321692e-14 8.690931858e-09 3.337535304e-08 0.003013600571 1.296293733 25.01366898 3.390010337 0.077590627 12
8000 25.03719569 25.07260433 25.00964381 0.3334302858 0.3333097801 0.0001205057028 0.003017124861 3.355203097e-06 1.286559259e-06 0.0003706843712 1969.865651 8030.134349 7.55861924e-14 0 0 0.00301350916 1.296294076 25.01366592 3.390009441 0.07760783148 12
8500 25.0371957 25.07260435 25.00972895 0.3334302854 0.3333097803 0.000120505167 0.00301711145 3.384442579e-06 1.298804859e-06 0.0003739164248 1969.865651 8030.134349 1.130455645e-13 3.734113561e-09 2.070721037e-08 0.003013498698 1.29649676 25.01317332 3.389479472 0.07542163477 12
9000 25.03719569 25.07260436 25.00979948 0.3334302857 0.3333097802 0.0001205054856 0.003017119425 3.409012275e-06 1.308954403e-06 0.0003766299125 1969.865651 8030.134349 9.891533781e-14 0 2.203308708e-08 0.003013516883 1.296496983 25.01317119 3.389478889 0.07543353885 12
9500 25.03719568 25.07260436 25.00985794 0.3334302859 0.3333097801 0.0001205058561 0.003017128701 3.429667013e-06 1.317366225e-06 0.0003789106965 1969.865651 8030.134349 9.046248314e-14 2.325110856e-08 1.247017009e-08 0.003013535705 1.296497167 25.01316942 3.38947841 0.07544340497 12
10000 25.03719568 25.07260436 25.00990639 0.3334302861 0.33330978 0.0001205060432 0.003017133385 3.446925499e-06 1.324337744e-06 0.0003808168283 1969.865651 8030.134349 1.145848623e-13 0 3.186464874e-08 0.003013547079 1.296497318 25.01316796 3.389478014 0.07545158172 12
10500 25.03719568 25.07260437 25.00994654 0.3334302861 0.33330978 0.0001205060749 0.003017134179 3.461261473e-06 1.330115571e-06 0.0003824005682 1969.865651 8030.134349 9.864682753e-14 0 2.351557642e-08 0.00301355216 1.296295064 25.01365671 3.390006857 0.07765855562 12
11000 25.03719568 25.07260437 25.00997982 0.3334302861 0.3333097801 0.0001205060358 0.003017133198 3.473130795e-06 1.33490409e-06 0.0003837120169 1969.865651 8030.134349 9.723129024e-14 2.19484551e-08 1.760398812e-08 0.003013554067 1.296497545 25.01316575 3.38947742 0.07546397449 12
11500 25.03719568 25.07260438 25.0100074 0.3334302861 0.3333097801 0.0001205059846 0.003017131918 3.482949501e-06 1.338872687e-06 0.0003847969524 1969.865651 8030.134349 1.13640941e-13 1.864173572e-08 3.587184608e-08 0.003013554989 1.29649763 25.01316492 3.389477198 0.07546862902 12
12000 25.03719568 25.07260438 25.01003026 0.3334302861 0.3333097801 0.000120505945 0.003017130925 3.491075671e-06 1.342161748e-06 0.0003856948602 1969.865651 8030.134349 1.295591998e-13 7.177896386e-09 1.289520165e-08 0.003013555849 1.296295331 25.01365417 3.390006158 0.07767258389 12
12500 25.03719568 25.07260438 25.0100492 0.3334302861 0.3333097801 0.0001205059193 0.003017130281 3.497806326e-06 1.344887624e-06 0.000386438547 1969.865651 8030.134349 1.069498048e-13 0 2.335629861e-08 0.003013556814 1.296497758 25.01316366 3.389476863 0.07547568364 12
13000 25.03719568 25.07260439 25.0100649 0.3334302861 0.3333097802 0.0001205059029 0.003017129872 3.503384267e-06 1.347146746e-06 0.0003870548519 1969.865651 8030.134349 4.382087504e-14 1.035346091e-08 2.592452136e-08 0.003013557788 1.296497806 25.01316319 3.389476737 0.07547833328 12
13500 25.03719568 25.07260439 25.01007791 0.3334302861 0.3333097802 0.0001205058913 0.003017129582 3.508007991e-06 1.349019035e-06 0.0003875657194 1969.865651 8030.134349 5.481471348e-14 1.992635007e-08 0 0.003013558665 1.296497846 25.0131628 3.389476633 0.07548052924 12
14000 25.03719568 25.07260439 25.01008869 0.3334302861 0.3333097802 0.000120505882 0.003017129348 3.511840748e-06 1.350570727e-06 0.0003879891936 1969.865651 8030.134349 6.330685268e-14 1.577277577e-08 2.281451661e-08 0.0030135594 1.296497879 25.01316247 3.389476547 0.07548234919 12
14500 25.03719568 25.07260439 25.01009763 0.3334302861 0.3333097802 0.0001205058739 0.003017129145 3.515017567e-06 1.351856718e-06 0.0003883401955 1969.865651 8030.134349 1.060574028e-13 5.608929218e-09 2.329952455e-08 0.003013559998 1.296497906 25.01316221 3.389476476 0.0754838575 12
15000 25.03719568 25.07260439 25.01010504 0.333430286 0.3333097802 0.0001205058668 0.003017128969 3.517650481e-06 1.352922505e-06 0.0003886311035 1969.865651 8030.134349 7.485036792e-14 2.218068218e-08 1.826095085e-08 0.003013560482 1.296497929 25.01316198 3.389476417 0.07548510755 12
15500 25.03719568 25.07260439 25.01011117 0.333430286 0.3333097802 0.0001205058608 0.003017128819 3.519832513e-06 1.353805793e-06 0.0003888721943 1969.865651 8030.134349 8.625978363e-14 0 1.5786604e-08 0.003013560876 1.296497947 25.0131618 3.389476369 0.07548614355 12
16000 25.03719568 25.0726044 25.01011626 0.333430286 0.3333097802 0.0001205058558 0.003017128693 3.521640853e-06 1.354537832e-06 0.0003890719965 1969.865651 8030.134349 1.036353555e-13 2.048603751e-08 0 0.003013561202 1.296497963 25.01316164 3.389476328 0.07548700216 12
16500 25.03719568 25.0726044 25.01012048 0.333430286 0.3333097802 0.0001205058517 0.003017128589 3.523139511e-06 1.355144521e-06 0.0003892375821 1969.865651 8030.134349 1.319960108e-13 0 3.942511307e-08 0.003013561472 1.296497976 25.01316152 3.389476295 0.07548771374 12
17000 25.03719568 25.0726044 25.01012397 0.333430286 0.3333097802 0.0001205058482 0.003017128503 3.524381535e-06 1.355647323e-06 0.0003893748124 1969.865651 8030.134349 1.699621878e-13 0 3.237883782e-08 0.003013561696 1.296497986 25.01316141 3.389476267 0.07548830348 12
17500 25.03719568 25.0726044 25.01012687 0.333430286 0.3333097802 0.0001205058454 0.003017128432 3.52541088e-06 1.356064029e-06 0.000389488544 1969.865651 8030.134349 1.440956573e-13 1.664622041e-08 4.729988234e-08 0.003013561883 1.296497995 25.01316133 3.389476244 0.07548879223 12
18000 25.03719568 25.0726044 25.01012927 0.333430286 0.3333097802 0.0001205058431 0.003017128374 3.526263967e-06 1.35640938e-06 0.0003895828008 1969.865651 8030.134349 1.405567563e-13 0 2.344805414e-08 0.003013562037 1.296498002 25.01316125 3.389476225 0.07548919729 12
18500 25.03719568 25.0726044 25.01013126 0.333430286 0.3333097802 0.0001205058411 0.003017128326 3.526970978e-06 1.356695594e-06 0.0003896609178 1969.865651 8030.134349 1.372798039e-13 0 3.810726432e-08 0.003013562166 1.296498008 25.01316119 3.389476209 0.075489533 12
19000 25.03719568 25.0726044 25.0101329 0.333430286 0.3333097802 0.0001205058395 0.003017128285 3.527556923e-06 1.356932799e-06 0.0003897256585 1969.865651 8030.134349 8.170966136e-14 0 3.164150512e-08 0.003013562272 1.296498013 25.01316114 3.389476196 0.07548981122 12
19500 25.03719568 25.0726044 25.01013427 0.333430286 0.3333097802 0.0001205058382 0.003017128252 3.528042535e-06 1.357129386e-06 0.0003897793133 1969.865651 8030.134349 4.892764496e-14 6.428316831e-09 2.818797862e-08 0.00301356236 1.296498017 25.0131611 3.389476185 0.07549004179 12
20000 25.03719568 25.0726044 25.0101354 0.333430286 0.3333097802 0.0001205058371 0.003017128224 3.528444992e-06 1.35729231e-06 0.0003898237805 1969.865651 8030.134349 3.698018626e-14 8.586156565e-09 2.872157677e-08 0.003013562433 1.296498021 25.01316107 3.389476176 0.07549023289 12
20500 25.03719568 25.0726044 25.01013634 0.333430286 0.3333097802 0.0001205058362 0.003017128202 3.528778534e-06 1.357427336e-06 0.0003898606333 1969.865651 8030.134349 1.051608524e-14 1.034192392e-08 3.082564487e-08 0.003013562493 1.296498024 25.01316104 3.389476169 0.07549039126 12
21000 25.03719568 25.0726044 25.01013712 0.333430286 0.3333097802 0.0001205058354 0.003017128182 3.529054962e-06 1.357539241e-06 0.0003898911756 1969.865651 8030.134349 2.768133913e-14 4.693604086e-09 0 0.003013562544 1.296498026 25.01316102 3.389476163 0.07549052252 12
21500 25.03719568 25.0726044 25.01013776 0.333430286 0.3333097802 0.0001205058348 0.003017128167 3.529284056e-06 1.357631983e-06 0.000389916488 1969.865651 8030.134349 3.076294556e-14 0 1.362405372e-08 0.003013562585 1.296498028 25.013161 3.389476158 0.07549063129 12
22000 25.03719568 25.0726044 25.0101383 0.333430286 0.3333097802 0.0001205058343 0.003017128154 3.52947392e-06 1.357708845e-06 0.0003899374659 1969.865651 8030.134349 3.920249549e-14 0 3.042536529e-08 0.003013562619 1.29649803 25.01316098 3.389476154 0.07549072145 12
22500 25.03719568 25.0726044 25.01013874 0.333430286 0.3333097802 0.0001205058338 0.003017128143 3.529631273e-06 1.357772546e-06 0.0003899548517 1969.865651 8030.134349 6.017008991e-14 1.608827988e-08 2.079030631e-08 0.003013562648 1.296498031 25.01316097 3.38947615 0.07549079616 12
23000 25.03719568 25.0726044 25.01013911 0.333430286 0.3333097802 0.0001205058335 0.003017128134 3.529761681e-06 1.357825338e-06 0.0003899692605 1969.865651 8030.134349 1.115990686e-13 1.779954728e-09 1.996391581e-08 0.003013562672 1.296512072 25.01364992 3.389439443 0.07487428019 12
23500 25.03719568 25.0726044 25.01013941 0.333430286 0.3333097802 0.0001205058332 0.003017128127 3.529869759e-06 1.357869091e-06 0.0003899812019 1969.865651 8030.134349 1.096122832e-13 0 2.166016041e-08 0.003013562691 1.296512073 25.01364991 3.38943944 0.07487433168 12
24000 25.03719568 25.0726044 25.01013966 0.333430286 0.3333097802 0.0001205058329 0.00301712812 3.529959331e-06 1.357905351e-06 0.0003899910986 1969.865651 8030.134349 8.528815793e-14 0 1.613446058e-08 0.003013562707 1.296512074 25.0136499 3.389439438 0.07487437436 12
24500 25.03719568 25.0726044 25.01013987 0.333430286 0.3333097802 0.0001205058206 0.003017127812 3.530033564e-06 1.357935403e-06 0.0003899993398 1969.865651 8030.134349 7.674534904e-14 0 1.642954576e-08 0.003013562721 1.296498034 25.01316093 3.389476141 0.07549098718 12
25000 25.03719568 25.0726044 25.01014004 0.333430286 0.3333097802 0.0001205058204 0.003017127807 3.530095086e-06 1.357960309e-06 0.0003900061373 1969.865651 8030.134349 1.164498788e-13 8.232484106e-09 2.410409107e-08 0.003013562732 1.296498035 25.01316093 3.38947614 0.07549101639 12
25500 25.03719568 25.0726044 25.01014019 0.333430286 0.3333097802 0.0001205058264 0.003017127956 3.530146073e-06 1.357980949e-06 0.0003900117512 1969.865651 8030.134349 1.365709e-13 0 0 0.003013562741 1.296295679 25.01365083 3.390005249 0.07769100655 12
26000 25.03719568 25.0726044 25.01014031 0.333430286 0.3333097802 0.0001205058262 0.003017127953 3.53018833e-06 1.357998056e-06 0.0003900164201 1969.865651 8030.134349 1.63341554e-13 2.114695642e-08 9.306354655e-09 0.003013562749 1.296498036 25.01316092 3.389476138 0.07549106066 12
26500 25.03719568 25.0726044 25.01014041 0.333430286 0.3333097802 0.0001205058261 0.00301712795 3.53022335e-06 1.358012233e-06 0.0003900202895 1969.865651 8030.134349 1.868083216e-13 0 2.20815982e-08 0.003013562755 1.296515114 25.01365623 3.38943149 0.07487002461 12
27000 25.03719568 25.0726044 25.01014049 0.333430286 0.3333097802 0.0001205058321 0.0030171281 3.530252374e-06 1.358023983e-06 0.0003900234767 1969.865651 8030.134349 1.48962127e-13 1.408659033e-08 3.75104001e-08 0.003013562761 1.296498036 25.01316092 3.389476136 0.07549109107 12
27500 25.03719568 25.0726044 25.01014055 0.333430286 0.3333097802 0.0001205058321 0.003017128099 3.530276428e-06 1.35803372e-06 0.0003900261344 1969.865651 8030.134349 1.090714506e-13 1.423141167e-08 0 0.003013562765 1.296498037 25.01316091 3.389476136 0.0754911025 12
28000 25.03719568 25.0726044 25.01014061 0.333430286 0.3333097802 0.000120505832 0.003017128097 3.530296363e-06 1.35804179e-06 0.000390028337 1969.865651 8030.134349 1.508804713e-13 0 0 0.003013562769 1.296498037 25.01316091 3.389476135 0.07549111196 12
28500 25.03719568 25.0726044 25.01014066 0.333430286 0.3333097802 0.000120505832 0.003017128096 3.530312884e-06 1.358048479e-06 0.0003900301624 1969.865651 8030.134349 1.792362836e-13 0 0 0.003013562772 1.296498037 25.01316091 3.389476135 0.07549111981 12
29000 25.03719568 25.0726044 25.0101407 0.333430286 0.3333097802 0.0001205058319 0.003017128095 3.530326577e-06 1.358054022e-06 0.0003900316753 1969.865651 8030.134349 2.024968974e-13 1.007096516e-08 2.17762641e-08 0.003013562774 1.296498037 25.01316091 3.389476135 0.07549112631 12
29500 25.03719568 25.0726044 25.01014073 0.333430286 0.3333097802 0.0001205058319 0.003017128095 3.530337924e-06 1.358058616e-06 0.0003900329291 1969.865651 8030.134349 2.376403763e-13 0 0 0.003013562776 1.296498037 25.01316091 3.389476134 0.0754911317 12
29999 25.03719568 25.0726044 25.01014075 0.333430286 0.3333097802 0.0001205058319 0.003017128094 3.530347312e-06 1.358062416e-06 0.0003900339663 1969.865651 8030.134349 2.780237659e-13 1.17813539e-08 2.876133707e-08 0.003013562778 1.296498037 25.01316091 3.389476134 0.07549113615 12
