# 1:passo  2:raio_area  3:raio_grad  4:raio_linha  5:p_in  6:p_out  7:delta_p  8:sigma  9:|u-v0|max  10:|u-v0|rms  11:Ca  12:massa_R  13:massa_B  14:|q|  15:sd_p_in  16:sd_p_out  17:sigma_2pontos  18:K_perfil  19:r_perfil  20:espessura_10_90  21:residuo_ajuste  22:n_camadas
0 25.04052139 25.08111096 25 0.3333333333 0.3333333333 -2.220446049e-16 -5.560112678e-15 1.94320004e-16 7.682174291e-17 0 1969.865651 8030.134349 1500 2.731879552e-08 0 -1.387778781e-15 1.273345395 25.01411833 3.451105388 0.08159937045 12
500 24.97645513 25.00598805 24.92694033 0.3348756399 0.3331313259 0.001744314043 0.04356678142 0.001877635172 0.001064293907 0.007182977145 1969.865651 8030.134349 1500 9.205303949e-05 9.542050156e-05 0.0431127633 1.299623467 24.9505127 3.381324872 0.1526101792 12
1000 24.93855209 24.96713328 24.88639631 0.3362406042 0.3326351034 0.00360550087 0.08991597125 0.002018836412 0.001161336294 0.003742079752 1969.865651 8030.134349 1500 2.338700707e-05 8.709179047e-05 0.09061180247 1.292989697 24.90944098 3.398672986 0.114195923 12
1500 24.91733646 24.9451138 24.86400982 0.3370151645 0.3323222069 0.004692957631 0.1169360043 0.002052576278 0.0008260748439 0.002925497997 1969.865651 8030.134349 1500 2.054746291e-05 0.0001412202516 0.1236855093 1.293080597 24.88172038 3.398434068 0.1180253834 12
2000 24.91207368 24.93935001 24.85762994 0.337207427 0.3322502528 0.004957174179 0.1234934884 0.002149063943 0.0005222672585 0.002900374169 1969.865651 8030.134349 1500 3.166461364e-05 0.0001472467737 0.1309829723 1.293164379 24.87741664 3.39821389 0.1089593319 12
2500 24.91679525 24.94390917 24.8616999 0.3370460858 0.3323380824 0.004708003391 0.1173083565 0.002268762987 0.0005209779759 0.003223360856 1969.865651 8030.134349 1500 2.504374876e-05 9.790463622e-05 0.1222451605 1.304502267 24.89087749 3.368678819 0.1540007336 12
3000 24.9246535 24.95185953 24.86932107 0.3367689963 0.3324737863 0.004295210019 0.1070566214 0.002303520623 0.0005769013262 0.003586140668 1969.865651 8030.134349 1500 1.061034743e-05 2.860187089e-05 0.1084204237 1.291632111 24.9082272 3.402245205 0.1111689286 12
3500 24.93084019 24.95824333 24.87549485 0.3365492371 0.3325790104 0.003970226722 0.09898108792 0.002316790186 0.0005653784636 0.003901065403 1969.865651 8030.134349 1500 2.203853575e-06 2.565901431e-05 0.09765112616 1.294907286 24.90201179 3.393639995 0.1074555252 12
4000 24.93357147 24.96115222 24.87837585 0.3364518822 0.3326243837 0.003827498532 0.09543320819 0.002263850419 0.0005377422338 0.00395363847 1969.865651 8030.134349 1500 7.723382896e-06 4.738361779e-05 0.09299645744 1.305327487 24.90961935 3.366549161 0.1536070905 12
4500 24.93336216 24.96104088 24.87833202 0.3364580804 0.332618553 0.003839527471 0.09573232895 0.002200729616 0.000532497712 0.003831393985 1969.865651 8030.134349 1500 7.515641821e-06 4.138935739e-05 0.09357993578 1.289808329 24.91393491 3.407055961 0.1076135067 12
5000 24.93170342 24.95939952 24.87671558 0.3365154676 0.3325875793 0.003927888263 0.09792894523 0.002199813319 0.0005388598173 0.003743893619 1969.865651 8030.134349 1500 4.185802255e-06 2.146116072e-05 0.09668980198 1.293055673 24.89776896 3.398499576 0.1051976765 12
5500 24.9299789 24.95764291 24.87492105 0.3365752283 0.3325559726 0.004019255696 0.1001999597 0.002191947898 0.0005416944463 0.003645956056 1969.865651 8030.134349 1500 6.114675378e-07 2.033837058e-06 0.09988148055 1.299998109 24.90485279 3.38035042 0.145472111 12
6000 24.92894427 24.95656289 24.87378868 0.3366112034 0.3325372064 0.004073996972 0.1015604435 0.002184008931 0.0005409577678 0.00358408723 1969.865651 8030.134349 1500 2.350751126e-06 1.0292109e-05 0.101773722 1.290433802 24.89817607 3.40540456 0.1152051833 12
6500 24.92871096 24.95629559 24.87348978 0.3366193473 0.3325331162 0.004086231077 0.1018644734 0.002222257977 0.0005406652506 0.003635971571 1969.865651 8030.134349 1500 2.948924503e-06 1.275724553e-05 0.1021928096 1.297532252 24.89565794 3.386774508 0.1024598384 12
7000 24.92900278 24.95657326 24.87376431 0.3366093263 0.3325385574 0.004070768912 0.1014802095 0.002224110447 0.0005414313774 0.00365278192 1969.865651 8030.134349 1500 2.011708392e-06 9.055369396e-06 0.1016467668 1.298512594 24.89842148 3.384217586 0.1086580377 12
7500 24.92945282 24.95702559 24.8742344 0.3365937282 0.3325468626 0.004046865597 0.100886145 0.002219686483 0.0005421402975 0.003666982689 1969.865651 8030.134349 1500 6.702147963e-07 3.486579265e-06 0.1008073262 1.288013974 24.8957241 3.411802389 0.09365935563 12
8000 24.92979934 24.95738217 24.87461692 0.3365817134 0.3325532203 0.004028493102 0.1004295247 0.002236093119 0.0005424092534 0.003710882709 1969.865651 8030.134349 1500 5.650289321e-07 1.210249462e-06 0.1001661593 1.296958137 24.90197405 3.388273708 0.08756466072 12
8500 24.92994602 24.95753898 24.87478995 0.3365766184 0.3325559021 0.004020716277 0.1002362397 0.002216307434 0.0005425170144 0.003685139958 1969.865651 8030.134349 1500 9.666272471e-07 2.934163682e-06 0.09989350032 1.294247474 24.89920045 3.395370085 0.1132576922 12
9000 24.92992491 24.95752387 24.87477664 0.3365773648 0.332555503 0.004021861747 0.1002647113 0.002213866349 0.0005426520877 0.003680035776 1969.865651 8030.134349 1500 8.383846732e-07 2.652402347e-06 0.09993558352 1.291366432 24.89738723 3.402945164 0.08832395904 12
9500 24.92982305 24.95742348 24.87466814 0.3365808867 0.332553644 0.004027242694 0.1003984477 0.002224313567 0.000542787557 0.003692476688 1969.865651 8030.134349 1500 4.272222254e-07 1.332984235e-06 0.1001231957 1.301944406 24.90194223 3.375297082 0.09122379173 12
10000 24.92972049 24.95731927 24.87455187 0.336584453 0.3325517604 0.004032692594 0.1005338992 0.002207331715 0.0005428776986 0.003659348958 1969.865651 8030.134349 1500 2.598927584e-07 5.551562036e-07 0.1003133217 1.291175183 24.89631699 3.403449209 0.09906922673 12
10500 24.92966015 24.9572563 24.87447918 0.3365865341 0.3325506558 0.004035878334 0.1006130753 0.002217097174 0.0005429319734 0.003672645873 1969.865651 8030.134349 1500 4.081120249e-07 1.126663975e-06 0.1004245919 1.295147057 24.89325087 3.393011728 0.1082129417 12
11000 24.92964734 24.95724143 24.874461 0.3365869839 0.3325504235 0.004036560399 0.1006300272 0.002225768504 0.0005429721147 0.00368638892 1969.865651 8030.134349 1500 4.288288927e-07 1.275459553e-06 0.1004487604 1.298471197 24.89721625 3.384325478 0.1258913347 12
11500 24.92966514 24.95725831 24.87447872 0.3365863738 0.3325507474 0.004035626356 0.1006068137 0.002208730865 0.0005430038733 0.003659014707 1969.865651 8030.134349 1500 3.30883339e-07 1.031292475e-06 0.1004160545 1.291302749 24.89966396 3.403112987 0.09875176771 12
12000 24.92969183 24.95728502 24.87450831 0.3365854394 0.332551236 0.00403420342 0.100571448 0.002223551818 0.0005430257249 0.003684862622 1969.865651 8030.134349 1500 2.489780645e-07 7.236108171e-07 0.1003661751 1.292127698 24.89852738 3.400940296 0.1219652864 12
12500 24.92971219 24.95730595 24.87453326 0.336584735 0.3325516097 0.004033125357 0.1005446544 0.002224768348 0.0005430391018 0.003687861149 1969.865651 8030.134349 1500 2.379241183e-07 5.826087469e-07 0.1003284841 1.296614831 24.90174784 3.389170824 0.1519683089 12
13000 24.92972075 24.95731507 24.87454436 0.3365844456 0.3325517657 0.004032679914 0.1005335841 0.002205386755 0.0005430476217 0.00365613603 1969.865651 8030.134349 1500 2.381096318e-07 5.620311992e-07 0.1003129502 1.291564361 24.91255771 3.40242367 0.1088526892 12
13500 24.92971952 24.95731425 24.87454348 0.3365844813 0.3325517432 0.004032738164 0.1005350313 0.00222513133 0.0005430537683 0.003688815895 1969.865651 8030.134349 1500 2.378528127e-07 5.627994512e-07 0.1003150133 1.292271529 24.89657792 3.400561766 0.1086499874 12
14000 24.92971361 24.95730852 24.87453719 0.3365846857 0.3325516343 0.004033051349 0.1005428151 0.002220629575 0.0005430584419 0.003681067899 1969.865651 8030.134349 1500 2.380395639e-07 5.73295979e-07 0.1003258746 1.300221606 24.90561047 3.379769368 0.1434167615 12
14500 24.92970767 24.95730252 24.87452977 0.3365848973 0.332551525 0.004033372357 0.1005507938 0.002203242957 0.0005430619455 0.003651956844 1969.865651 8030.134349 1500 2.347181377e-07 5.996524962e-07 0.1003368582 1.290223914 24.89974812 3.405958537 0.1169808202 12
15000 24.92970416 24.95729887 24.87452556 0.3365850104 0.3325514629 0.004033547566 0.1005551475 0.002226686587 0.00054306456 0.003690655726 1969.865651 8030.134349 1500 2.447042127e-07 6.265794363e-07 0.1003433529 1.298127085 24.89799222 3.385222606 0.09860661597 12
15500 24.92970339 24.95729792 24.87452445 0.3365850413 0.3325514468 0.004033594444 0.1005563131 0.00221677386 0.000543066493 0.00367418314 1969.865651 8030.134349 1500 2.51359168e-07 6.291839392e-07 0.1003448447 1.298991027 24.90124666 3.38297114 0.1038649175 12
16000 24.92970437 24.95729883 24.87452463 0.3365850063 0.3325514646 0.004033541632 0.1005550005 0.002209911978 0.0005430678066 0.003662857753 1969.865651 8030.134349 1500 2.330511722e-07 6.20238766e-07 0.1003429422 1.289593965 24.90117356 3.4076223 0.09677564705 12
16500 24.92970588 24.95730038 24.87452746 0.3365849502 0.3325514953 0.004033454876 0.1005528437 0.002227572659 0.0005430686509 0.003692208952 1969.865651 8030.134349 1500 2.388874318e-07 6.149882421e-07 0.1003402022 1.301024004 24.90695203 3.377684918 0.07791217326 12
17000 24.92970704 24.95730157 24.87452846 0.3365849149 0.3325515136 0.00403340135 0.100551514 0.002211894715 0.00054306916 0.003666271192 1969.865651 8030.134349 1500 2.384337979e-07 6.033368534e-07 0.1003380522 1.293046005 24.90356059 3.398524986 0.123918805 12
17500 24.92970754 24.95730211 24.87452892 0.3365848964 0.3325515224 0.004033374084 0.1005508363 0.002215272804 0.0005430694609 0.003671895208 1969.865651 8030.134349 1500 2.320232142e-07 6.018866022e-07 0.1003371389 1.292366053 24.89483078 3.400313051 0.09717621922 12
18000 24.9297075 24.95730207 24.87452966 0.3365848944 0.3325515249 0.004033369554 0.1005507232 0.002227153318 0.0005430696826 0.003691591745 1969.865651 8030.134349 1500 2.390590406e-07 6.056715517e-07 0.1003372286 1.301537281 24.90038868 3.376352885 0.1041299306 12
18500 24.92970718 24.95730167 24.87452894 0.3365849129 0.332551517 0.004033395848 0.1005513774 0.002210007949 0.0005430698639 0.003663148807 1969.865651 8030.134349 1500 2.428496091e-07 6.028548705e-07 0.1003378256 1.289354173 24.8952192 3.408256046 0.1120241443 12
19000 24.92970685 24.95730134 24.87452812 0.3365849189 0.3325515097 0.004033409268 0.1005517106 0.002219646364 0.0005430700065 0.003679112551 1969.865651 8030.134349 1500 2.361048405e-07 6.05163144e-07 0.1003384269 1.294062661 24.89758503 3.395854997 0.09742508474 12
19500 24.92970665 24.95730114 24.87452858 0.3365849273 0.3325515089 0.004033418461 0.100551939 0.002225826499 0.0005430701345 0.003689347881 1969.865651 8030.134349 1500 2.40440218e-07 6.086791801e-07 0.100338814 1.300223704 24.90156941 3.379763913 0.1409681838 12
20000 24.9297066 24.9573011 24.87452806 0.3365849353 0.3325515067 0.004033428651 0.1005521929 0.002207581273 0.0005430702164 0.003659096851 1969.865651 8030.134349 1500 2.364280471e-07 6.065209539e-07 0.1003389212 1.290841682 24.9008152 3.404328523 0.1201803962 12
20500 24.92970664 24.95730118 24.87452789 0.3365849274 0.3325515068 0.004033420631 0.1005519931 0.002223108328 0.0005430702663 0.003684840482 1969.865651 8030.134349 1500 2.369393857e-07 6.068615085e-07 0.1003388186 1.293453246 24.89642053 3.397454967 0.1228748644 12
21000 24.92970672 24.95730129 24.87452814 0.336584925 0.3325515092 0.004033415794 0.1005518728 0.00222353678 0.0005430703032 0.003685555056 1969.865651 8030.134349 1500 2.417087383e-07 6.076277024e-07 0.1003386151 1.30080735 24.90363121 3.378247481 0.1432480685 12
21500 24.92970679 24.95730134 24.87452839 0.3365849308 0.3325515102 0.00403342068 0.1005519949 0.002204503213 0.000543070315 0.003654002116 1969.865651 8030.134349 1500 2.343967933e-07 6.051454716e-07 0.1003384928 1.289698241 24.90976544 3.407346784 0.1114835162 12
22000 24.92970682 24.95730137 24.87452794 0.3365849195 0.3325515108 0.004033408721 0.1005516969 0.002225560411 0.0005430703214 0.003688915719 1969.865651 8030.134349 1500 2.356280443e-07 6.061804527e-07 0.1003385125 1.293068268 24.89568207 3.398466472 0.1063041714 12
22500 24.92970682 24.9573014 24.87452843 0.3365849216 0.3325515099 0.004033411676 0.1005517705 0.00222024171 0.0005430703311 0.003680097159 1969.865651 8030.134349 1500 2.428545868e-07 6.064050227e-07 0.1003384564 1.298148223 24.90230043 3.385167485 0.1516974436 12
23000 24.9297068 24.95730136 24.87452828 0.3365849253 0.3325515088 0.004033416494 0.1005518906 0.002204691433 0.0005430703295 0.003654317884 1969.865651 8030.134349 1500 2.352834255e-07 6.035450382e-07 0.1003384748 1.2921452 24.89729988 3.40089423 0.1103900652 12
23500 24.92970678 24.95730138 24.87452843 0.3365849185 0.3325515109 0.004033407551 0.1005516676 0.002227025277 0.0005430703341 0.003691344842 1969.865651 8030.134349 1500 2.370634727e-07 6.076246619e-07 0.1003385184 1.296695315 24.89899501 3.388960462 0.1074105368 12
24000 24.92970677 24.95730132 24.87452852 0.3365849234 0.3325515088 0.004033414618 0.1005518437 0.002215975721 0.0005430703442 0.003673023518 1969.865651 8030.134349 1500 2.441932012e-07 6.056818795e-07 0.1003385497 1.295438834 24.89919272 3.392247508 0.1118275239 12
24500 24.92970677 24.95730125 24.87452786 0.3365849212 0.3325515084 0.004033412809 0.1005517986 0.002210879997 0.0005430703468 0.0036645789 1969.865651 8030.134349 1500 2.308187751e-07 6.051064043e-07 0.1003385458 1.291440285 24.90024649 3.402750562 0.09260535534 12
25000 24.92970677 24.95730129 24.87452857 0.3365849193 0.3325515126 0.004033406669 0.1005516456 0.002227506733 0.0005430703554 0.003692143675 1969.865651 8030.134349 1500 2.389496857e-07 6.115885357e-07 0.1003385574 1.298209173 24.91039508 3.385008555 0.07648002888 12
25500 24.92970678 24.95730127 24.87452828 0.3365849243 0.3325515084 0.004033415915 0.1005518761 0.002211563093 0.0005430703631 0.003665708322 1969.865651 8030.134349 1500 2.402395906e-07 6.047324383e-07 0.1003385601 1.292449228 24.90215159 3.400094223 0.1042097813 12
26000 24.92970678 24.95730128 24.87452808 0.3365849211 0.3325515083 0.004033412742 0.100551797 0.002216099955 0.0005430703576 0.003673231147 1969.865651 8030.134349 1500 2.344602649e-07 6.052176805e-07 0.1003385465 1.290196988 24.89229419 3.406029619 0.09980113318 12
26500 24.92970678 24.95730132 24.87452847 0.3365849193 0.3325515108 0.004033408554 0.1005516926 0.002226997965 0.0005430703589 0.003691298654 1969.865651 8030.134349 1500 2.400145894e-07 6.087220537e-07 0.1003385532 1.299871713 24.90241904 3.380679116 0.09161820051 12
27000 24.92970678 24.9573013 24.87452831 0.3365849267 0.3325515089 0.004033417833 0.1005519239 0.002209644241 0.0005430703597 0.003662526046 1969.865651 8030.134349 1500 2.437740991e-07 6.046640665e-07 0.1003385645 1.290148454 24.89418941 3.406157749 0.123663305 12
27500 24.92970678 24.95730127 24.87452763 0.3365849213 0.3325515082 0.004033413105 0.100551806 0.002220344461 0.0005430703567 0.003680266171 1969.865651 8030.134349 1500 2.363341644e-07 6.055694618e-07 0.1003385532 1.292160334 24.8958653 3.400854399 0.1129965994 12
28000 24.92970678 24.9573013 24.87452869 0.3365849229 0.332551511 0.004033411878 0.1005517755 0.002225501909 0.0005430703691 0.003688815868 1969.865651 8030.134349 1500 2.398800629e-07 6.077229965e-07 0.1003385707 1.299777712 24.90182782 3.380923611 0.141057205 12
28500 24.92970678 24.95730129 24.87452821 0.3365849308 0.3325515104 0.004033420409 0.1005519881 0.002207084177 0.0005430703657 0.003658280356 1969.865651 8030.134349 1500 2.330356245e-07 6.045347246e-07 0.1003385796 1.288353202 24.90403775 3.410904051 0.1166969528 12
29000 24.92970678 24.95730128 24.87452802 0.3365849228 0.3325515093 0.004033413567 0.1005518175 0.002223609268 0.0005430703624 0.003685677233 1969.865651 8030.134349 1500 2.373369838e-07 6.059339655e-07 0.1003385729 1.296794814 24.90003858 3.388700438 0.1078614559 12
29500 24.92970678 24.95730131 24.8745283 0.3365849232 0.3325515103 0.004033412899 0.1005518009 0.002223021415 0.0005430703691 0.003684703466 1969.865651 8030.134349 1500 2.402346235e-07 6.07132544e-07 0.1003385147 1.304378989 24.90549244 3.368997195 0.1560362222 12
29999 24.92970678 24.95730128 24.87452798 0.3365849211 0.3325515085 0.004033412648 0.1005517946 0.002214309636 0.0005430703634 0.003670263741 1969.865651 8030.134349 1500 2.319030473e-07 6.051412785e-07 0.1003385394 1.291052257 24.89728812 3.403773264 0.08917655573 12
