# step v0 Mach sigma R umax_ref urms_ref umax_mean urms_mean umax_lab mean_x mean_y mean_z drop_ux drop_uy x0 y0 x_unwrapped center_dx center_dy axis_ratio mass_R mass_B min_f negative_total negative_color min_rho min_phi max_phi qx qy qz p_in p_out delta_p urms_lab
0 0 0 -5.560112678108922e-15 25.040521385269312 2.8609792490763978e-17 7.5375681329871537e-18 2.8619722017606507e-17 7.5375606592930516e-18 2.8609792490763978e-17 -9.0205620750793965e-21 -4.8572257327350598e-21 -2.7755575615628915e-21 -1.4869560396991796e-21 -3.4782942397230853e-20 50.000000000000007 50.000000000000007 50.000000000000007 7.1054273576010019e-15 7.1054273576010019e-15 1.0000000000000007 1969.8656512480636 8030.1343487520408 0.027601955213652732 0 0 0.99999999999999956 5.1710809399147485e-26 0.99999999999998512 -7.0448860241902347e-17 -6.9587400191577546e-17 -8.5595674467032029e-18 0.33333333333333387 0.33333333333333409 -2.2204460492503131e-16 7.5375681329871537e-18
500 0 0 0.0010530849104141054 25.038827695609019 5.3950793460087026e-05 3.4824443701097914e-05 5.3950793460086978e-05 3.4824443701097948e-05 5.3950793460087026e-05 -1.2156942119645843e-18 4.4755865680203013e-20 -6.9388939039074437e-21 1.8927628848978614e-17 3.8592196504225139e-17 49.999999999999993 49.999999999999993 49.999999999999993 -7.1054273576010019e-15 -7.1054273576010019e-15 1.0000000000000016 1969.8656512479788 8030.134348751636 0.027641587946778557 0 0 0.99988602374113777 4.0953868891740908e-18 0.99999999999999978 -1.2207682357801312e-14 5.5019194495492529e-16 -3.4070029735651785e-17 0.33337121423927385 0.33332915616358372 4.2058075690132313e-05 3.4824443701097914e-05
1000 0 0 0.0025836804268890168 25.03755007256273 6.2012556336198438e-05 4.2201992591617465e-05 6.2012556336198547e-05 4.2201992591617546e-05 6.2012556336198438e-05 2.315161951038812e-18 -2.593758541280707e-18 -7.6327832942984948e-21 6.2473114359687655e-18 3.8667164037678911e-17 49.999999999999993 49.999999999999993 49.999999999999993 -7.1054273576010019e-15 -7.1054273576010019e-15 1.000000000000002 1969.8656512478944 8030.1343487513832 0.027643396720615079 0 0 0.99991532828039564 4.7437787222221561e-18 0.99999999999999978 2.3207778641822375e-14 -2.5653863256792919e-14 -7.4283407225317251e-17 0.33341612467492354 0.33331293245286503 0.00010319222205851242 4.2201992591617465e-05
1500 0 0 0.0037403662724685358 25.036647444309825 4.6498685466183876e-05 3.0232054530149843e-05 4.6498685466187224e-05 3.0232054530149769e-05 4.6498685466183876e-05 7.2029188169517006e-18 -2.4688584510104665e-18 1.3183898417425201e-20 3.2379426217233935e-17 4.1155377754531512e-17 50.000000000000007 49.999999999999986 50.000000000000007 7.1054273576010019e-15 -1.4210854715202004e-14 1.0000000000000027 1969.8656512478365 8030.1343487510749 0.027644487942520855 0 0 0.99986740095542459 4.8053494181150546e-18 0.99999999999999978 7.2059763094289549e-14 -2.4102505049721249e-14 1.5578430365435964e-16 0.33344935145967775 0.33329995580753269 0.00014939565214505679 3.0232054530149843e-05
2000 0 0 0.0041449827880808473 25.036316326348967 1.7936052049830601e-05 1.0845628841424747e-05 1.793605204982435e-05 1.0845628841424745e-05 1.7936052049830601e-05 6.2505556286405615e-18 -4.8860221424370017e-18 3.4694469519541306e-22 1.2203444712083345e-17 1.494091054529589e-17 50.000000000000014 49.999999999999979 50.000000000000014 1.4210854715202004e-14 -2.1316282072803006e-14 1.0000000000000011 1969.8656512477612 8030.1343487508448 0.027644972731107741 0 0 0.99985274133594004 5.5460859412116548e-18 0.99999999999999978 6.2214232009682405e-14 -4.8990159666603347e-14 -3.0633564683217093e-17 0.33346087433041649 0.33329531551840713 0.00016555881200935874 1.0845628841424747e-05
2500 0 0 0.0039417010610892419 25.036470015463649 1.7568694764273587e-05 9.3876844477406667e-06 1.7568694764268118e-05 9.387684447740665e-06 1.7568694764273587e-05 6.1242677595895655e-18 -1.6511098044350069e-18 -7.2858385991038337e-21 -3.8593504373772816e-17 -2.1044335960289465e-17 50.000000000000021 49.999999999999979 50.000000000000021 2.1316282072803006e-14 -2.1316282072803006e-14 1.0000000000000013 1969.865651247701 8030.1343487505383 0.027644711990679405 0 0 0.99987597101349457 5.5721890332087556e-18 0.99999999999999978 6.1312229059371024e-14 -1.6462210637823962e-14 -1.2840687963879964e-16 0.33345609625428624 0.33329865788303603 0.00015743837125020699 9.3876844477406667e-06
3000 0 0 0.0034158342883782809 25.03687376454895 2.5275422942396452e-05 1.6279579659787077e-05 2.5275422942402317e-05 1.627957965978709e-05 2.5275422942396452e-05 8.3544282603060175e-18 1.3808398868778219e-19 4.1633363423451913e-21 -3.6899743918124011e-17 -2.9282494644260481e-17 50.000000000000021 49.999999999999979 50.000000000000021 2.1316282072803006e-14 -2.1316282072803006e-14 1.0000000000000024 1969.8656512476107 8030.1343487502672 0.027644112349762134 0 0 0.99991623559346809 5.5831020672868752e-18 0.99999999999999978 8.369720931947211e-14 1.1396862186624501e-15 -1.9081178394345245e-17 0.33344215217431761 0.33330572003344805 0.00013643214086955791 1.6279579659787077e-05
3500 0 0 0.0029042835382622951 25.037267469258548 2.1892834682613103e-05 1.4360345664897804e-05 2.1892834682614733e-05 1.4360345664897818e-05 2.1892834682613103e-05 4.9203696672618209e-18 7.3413497503356468e-19 7.6327832942998219e-21 -3.1950126906346068e-17 -4.2614306232788428e-17 50.000000000000021 49.999999999999986 50.000000000000021 2.1316282072803006e-14 -1.4210854715202004e-14 1.0000000000000002 1969.8656512475532 8030.1343487500171 0.027643556642663339 0 0 0.99992158275710963 5.5877990952178387e-18 0.99999999999999978 4.9254382912411617e-14 7.030332381112751e-15 8.9892985205985952e-17 0.33342823147251083 0.3333122330496866 0.00011599842282422612 1.4360345664897804e-05
4000 0 0 0.0026235106222186433 25.037485482212691 1.223808435051211e-05 7.0929720520248726e-06 1.2238084350504053e-05 7.0929720520248752e-06 1.223808435051211e-05 8.0390555323739271e-18 2.1586898935061318e-18 1.0755285551059159e-20 6.1002494517382569e-18 -5.9265349653787634e-17 50.000000000000028 49.999999999999979 50.000000000000028 2.8421709430404007e-14 -2.1316282072803006e-14 1.0000000000000013 1969.8656512474674 8030.1343487497188 0.027643269293949266 0 0 0.99991644346865416 5.5883673809722901e-18 0.99999999999999978 8.1034625094886616e-14 2.1652862472855763e-14 1.4593901590536204e-16 0.33342038884162217 0.33331560553085071 0.0001047833107714613 7.0929720520248726e-06
4500 0 0 0.0026141655989458164 25.037495852946705 1.3852608985913932e-05 2.3034181303542594e-06 1.3852608985906081e-05 2.3034181303542573e-06 1.3852608985913932e-05 4.8249598760834114e-18 6.2769234254764561e-18 -3.4694469519547071e-22 8.9378979523980224e-18 -2.7392502672002522e-17 50.000000000000028 49.999999999999986 50.000000000000028 2.8421709430404007e-14 -1.4210854715202004e-14 1 1969.8656512473976 8030.1343487494041 0.027643287681640819 0 0 0.99991769620829141 5.587564078775355e-18 0.99999999999999978 4.8450182929066142e-14 6.2967508997587495e-14 1.7756576019924943e-17 0.33341981205737548 0.33331540203113724 0.00010441002623823303 2.3034181303542594e-06
5000 0 0 0.0027862099529415243 25.037366932045295 1.9465801683861227e-05 6.2746931869527502e-06 1.9465801683860526e-05 6.2746931869527425e-06 1.9465801683861227e-05 7.5269651622660152e-18 6.5350502787021278e-18 1.3530843112623858e-20 2.0371828535677865e-17 1.0203844357445428e-17 50.000000000000028 49.999999999999986 50.000000000000028 2.8421709430404007e-14 -1.4210854715202004e-14 1.0000000000000044 1969.8656512473331 8030.1343487491131 0.027643486452790713 0 0 0.99992343743548973 5.5862466466213463e-18 0.99999999999999978 7.5679249756750646e-14 6.5693095426910646e-14 1.0806642804701513e-16 0.33342413816912797 0.33331285610178824 0.00011128206733973522 6.2746931869527502e-06
5500 0 0 0.003002244232241848 25.037203318324313 1.9939043640869445e-05 6.8853216452000264e-06 1.9939043640862056e-05 6.885321645200012e-06 1.9939043640869445e-05 4.6868758873959431e-18 5.7634452765875641e-18 -6.5919492087144068e-21 1.9003499111457903e-17 1.7897553211467455e-17 50.000000000000036 49.999999999999993 50.000000000000036 3.5527136788005009e-14 -7.1054273576010019e-15 1.0000000000000007 1969.8656512472635 8030.1343487487893 0.027643738738376611 0 0 0.99992825245468153 5.5855040957855037e-18 0.99999999999999978 4.6697780244279969e-14 5.7329932615793816e-14 -6.1408327588622312e-17 0.33342972679580613 0.33330981547048472 0.00011991132532140902 6.8853216452000264e-06
6000 0 0 0.003152930005967372 25.037088642613526 1.6692158019465706e-05 4.544387536746932e-06 1.6692158019475338e-05 4.5443875367469363e-06 1.6692158019465706e-05 3.6620012577885724e-18 9.9587005308918221e-18 3.4694469519550663e-22 1.1532747641421912e-17 3.4143513990631524e-17 50.000000000000043 49.999999999999993 50.000000000000043 4.2632564145606011e-14 -7.1054273576010019e-15 1.0000000000000031 1969.8656512472085 8030.1343487485665 0.027643923955954441 0 0 0.99991593017027558 5.5854956864989807e-18 0.99999999999999978 3.6821294605313213e-14 9.9441147876485686e-14 -1.2140094710711218e-17 0.33343367919659345 0.33330774881982428 0.00012593037676916774 4.544387536746932e-06
6500 0 0 0.0031940361090633165 25.037056930050493 1.2276167584432958e-05 1.7828276688427701e-06 1.2276167584425416e-05 1.7828276688427704e-06 1.2276167584432958e-05 9.7942487453695594e-19 9.6846142216877756e-18 3.4694469519552107e-22 2.6068270892260165e-17 1.3418638233652875e-17 50.000000000000043 50.000000000000014 50.000000000000043 4.2632564145606011e-14 1.4210854715202004e-14 1.0000000000000029 1969.8656512471321 8030.1343487482864 0.027643974368566433 0 0 0.99991318226243597 5.58599325485877e-18 0.99999999999999978 9.9015644382678286e-15 9.6756157261400042e-14 -4.8735086635271902e-18 0.33343480089516375 0.33330722854838246 0.00012757234678129059 1.7828276688427701e-06
7000 0 0 0.0031437459396009087 25.037094639979703 8.9320137194119135e-06 2.4881393059127116e-06 8.9320137194225014e-06 2.4881393059127056e-06 8.9320137194119135e-06 2.1017909634945256e-18 1.2871995136449388e-17 1.0755285551061455e-20 3.3007243693744852e-17 -3.4548752067537557e-17 50.00000000000005 50.000000000000021 50.00000000000005 4.9737991503207013e-14 2.1316282072803006e-14 1.0000000000000009 1969.8656512470627 8030.1343487480135 0.027643910318923898 0 0 0.99991809096834083 5.5866875537521343e-18 0.99999999999999978 2.1384607111990547e-14 1.2863902497638253e-13 7.4021861862363043e-17 0.33343353833545042 0.33330797480722135 0.0001255635282290668 2.4881393059127116e-06
7500 0 0 0.0030540188292466491 25.037162432300097 8.6871384106244551e-06 3.300798018128672e-06 8.687138410614699e-06 3.30079801812868e-06 8.6871384106244551e-06 4.1504993886243163e-18 1.2521580994302449e-17 9.0205620750841948e-21 3.2594303898212615e-17 -1.8352804752942683e-17 50.00000000000005 50.000000000000028 50.00000000000005 4.9737991503207013e-14 2.8421709430404007e-14 1.0000000000000011 1969.8656512469713 8030.1343487477552 0.027643802347866411 0 0 0.99992611111053764 5.5870265071787226e-18 0.99999999999999978 4.155207536556127e-14 1.2484114694159658e-13 8.1407036897922046e-17 0.33343123317458245 0.33330925374350656 0.00012197943107589149 3.300798018128672e-06
8000 0 0 0.002976894712209088 25.037220814593837 8.4836634940490903e-06 2.8066955849001705e-06 8.4836634940576149e-06 2.8066955849001676e-06 8.4836634940490903e-06 3.958638972181285e-19 1.1660464260827416e-17 -6.2450045135199939e-21 1.9918016848288188e-17 3.8971707255766879e-17 50.00000000000005 50.000000000000028 50.00000000000005 4.9737991503207013e-14 2.8421709430404007e-14 1.0000000000000013 1969.8656512469124 8030.1343487474733 0.027643711333572962 0 0 0.99992817813943136 5.587164260700355e-18 0.99999999999999978 4.1445932502270531e-15 1.166426845519361e-13 -3.1866578366677732e-17 0.33342924031972931 0.33331034155160111 0.0001188987681282061 2.8066955849001705e-06
8500 0 0 0.0029418710204827288 25.037247357503311 1.023144799283448e-05 1.8469679881831827e-06 1.023144799283046e-05 1.8469679881831872e-06 1.023144799283448e-05 5.6055854402748122e-18 1.1292355939225387e-17 1.4918621893409479e-20 -2.1898631305109409e-17 3.8941333238112508e-17 50.000000000000057 50.000000000000028 50.000000000000057 5.6843418860808015e-14 2.8421709430404007e-14 1.0000000000000011 1969.8656512468401 8030.1343487471249 0.027643670984978771 0 0 0.99992722360215247 5.5870490300689668e-18 0.99999999999999978 5.6070924819529538e-14 1.1278197190582205e-13 1.5755134813123449e-16 0.33342833237234032 0.33331083259377137 0.00011749977856895244 1.8469679881831827e-06
9000 0 0 0.0029505072806467175 25.03724082651468 1.1900715570625313e-05 1.6531634898130135e-06 1.1900715570636338e-05 1.6531634898130141e-06 1.1900715570625313e-05 1.5303730505077041e-18 1.4062015440972058e-17 -8.326672684693923e-21 -2.2947313762410972e-17 3.9807106471232365e-17 50.000000000000064 50.000000000000043 50.000000000000064 6.3948846218409017e-14 4.2632564145606011e-14 1.0000000000000016 1969.8656512467658 8030.1343487468948 0.027643682170173912 0 0 0.99992746508330455 5.5868207568096057e-18 0.99999999999999978 1.5522835912282896e-14 1.4066336579874484e-13 -1.2227291364975691e-16 0.33342855501851087 0.33331071027271436 0.00011784474579651372 1.6531634898130135e-06
9500 0 0 0.0029848984898964725 25.037214767284649 1.2802794161554242e-05 1.9594786187146224e-06 1.2802794161564293e-05 1.9594786187146194e-06 1.2802794161554242e-05 9.128114930595991e-19 1.5128523434003731e-17 -2.1510571102126623e-20 -2.8871736536316865e-17 1.6427625093692784e-17 50.000000000000064 50.000000000000043 50.000000000000064 6.3948846218409017e-14 4.2632564145606011e-14 1.0000000000000018 1969.865651246688 8030.1343487466893 0.027643723256038942 0 0 0.99992840468914657 5.586598429886461e-18 0.99999999999999978 8.6470511179356904e-15 1.5094891989499514e-13 -1.8811730689782838e-16 0.33342944612743258 0.33331022765534452 0.00011921847208806735 1.9594786187146224e-06
10000 0 0 0.0030218056542146779 25.037186795520057 1.280302571090991e-05 1.9582640620620314e-06 1.2803025710897843e-05 1.9582640620620251e-06 1.280302571090991e-05 3.596081765702434e-18 1.3468046122798147e-17 2.0816681711736233e-21 -6.323924206726361e-18 -2.4884067444209129e-17 50.000000000000064 50.000000000000043 50.000000000000064 6.3948846218409017e-14 4.2632564145606011e-14 1.0000000000000011 1969.8656512466343 8030.134348746381 0.027643766774818824 0 0 0.99992895367096191 5.586480279056141e-18 0.99999999999999978 3.6089434448432754e-14 1.3453479527788213e-13 -1.3946021461719055e-17 0.33343040298241394 0.33330971028323436 0.00012069269917958092 1.9582640620620314e-06
10500 0 0 0.0030444546322655626 25.037169633798381 1.2197648903586934e-05 1.7245925392673661e-06 1.2197648903589728e-05 1.7245925392673703e-06 1.2197648903586934e-05 8.8647839069432198e-18 1.2817524819306889e-17 5.2041704279342605e-21 -1.4775778232266744e-17 -2.6468134621891509e-17 50.000000000000071 50.000000000000043 50.000000000000071 7.1054273576010019e-14 4.2632564145606011e-14 1.0000000000000042 1969.8656512465552 8030.1343487459899 0.027643793169616643 0 0 0.99992699951044728 5.586483781797595e-18 0.99999999999999978 8.8595100243737012e-14 1.2865190623654534e-13 3.26008256466849e-17 0.33343098982892344 0.33330939243286012 0.00012159739606332209 1.7245925392673661e-06
11000 0 0 0.0030476854446581545 25.03716719624979 1.1445926392768445e-05 1.6019903946732692e-06 1.1445926392762931e-05 1.6019903946732709e-06 1.1445926392768445e-05 3.0697666630909299e-18 1.0865613964136725e-17 -6.9388939039125899e-22 -1.2843863962782872e-18 -1.5787589187206373e-17 50.000000000000071 50.00000000000005 50.000000000000071 7.1054273576010019e-14 4.9737991503207013e-14 1.0000000000000002 1969.8656512464988 8030.1343487457334 0.027643796646052359 0 0 0.99992670503485503 5.5865652154095082e-18 0.99999999999999978 3.0555087266251819e-14 1.0919072267505124e-13 -1.3318941497518408e-17 0.33343107245005882 0.33330934600150458 0.00012172644855423798 1.6019903946732692e-06
11500 0 0 0.0030364073229757565 25.037175761412566 1.0919587912073261e-05 1.6475838487103258e-06 1.0919587912081731e-05 1.6475838487103254e-06 1.0919587912073261e-05 -3.1120939159049058e-19 1.2290515827305607e-17 2.3592239273303636e-20 -6.8065123536935371e-18 -1.0148733970738392e-17 50.000000000000071 50.00000000000005 50.000000000000071 7.1054273576010019e-14 4.9737991503207013e-14 1.0000000000000011 1969.8656512464152 8030.1343487455206 0.027643783181324846 0 0 0.99992765080473966 5.58667343730122e-18 0.99999999999999978 -3.2645259683989983e-15 1.234135892139023e-13 2.5154507635382979e-16 0.33343077827855899 0.33330950232667406 0.00012127595188493601 1.6475838487103258e-06
12000 0 0 0.0030201967161225265 25.037188064395362 1.0771597890808161e-05 1.6791093383235892e-06 1.0771597890800172e-05 1.6791093383235919e-06 1.0771597890808161e-05 4.4315245917341119e-18 1.5730472480171035e-17 -1.1449174941456642e-20 2.1161813942209206e-19 1.8295333424578833e-17 50.000000000000071 50.000000000000057 50.000000000000071 7.1054273576010019e-14 5.6843418860808015e-14 1.0000000000000013 1969.8656512463535 8030.1343487451877 0.027643764107172852 0 0 0.99992902168642361 5.5867399707458123e-18 0.99999999999999978 4.4489992175984086e-14 1.5749910821550288e-13 -6.4008626449345673e-17 0.33343035626531081 0.3333097278341805 0.00012062843113030963 1.6791093383235892e-06
12500 0 0 0.0030076451669694363 25.037197587549493 1.0941857605392366e-05 1.6428926501574759e-06 1.0941857605388193e-05 1.6428926501574727e-06 1.0941857605392366e-05 7.9984630030408699e-18 1.3899298378928746e-17 1.4571677198217947e-20 1.189202580986063e-17 3.8258448986729707e-17 50.000000000000071 50.000000000000064 50.000000000000071 7.1054273576010019e-14 6.3948846218409017e-14 1.0000000000000031 1969.8656512462746 8030.1343487449785 0.027643749477373154 0 0 0.99992902673055484 5.5867530622504678e-18 0.99999999999999978 8.0023817162610394e-14 1.3923273967103808e-13 9.6768854378441112e-17 0.33343002978659009 0.33330990271739824 0.00012012706919184435 1.6428926501574759e-06
13000 0 0 0.0030029714349621242 25.037201131175738 1.1252771195927878e-05 1.6056987206461656e-06 1.1252771195912304e-05 1.605698720646166e-06 1.1252771195927878e-05 7.9672379804735573e-18 1.4055076547072127e-17 -1.7347234759783919e-21 -9.2318172404447976e-18 3.9565105612813394e-17 50.000000000000071 50.000000000000064 50.000000000000071 7.1054273576010019e-14 6.3948846218409017e-14 1.0000000000000033 1969.8656512461985 8030.1343487446184 0.027643744149876293 0 0 0.99992891136186479 5.5867252121467892e-18 0.99999999999999978 7.9779336348151311e-14 1.4065255977261152e-13 -1.9257518294241874e-17 0.33342990846782161 0.33330996808713653 0.00011994038068507962 1.6056987206461656e-06
13500 0 0 0.003005624574958165 25.037199114587626 1.1524193611350941e-05 1.6049260896836447e-06 1.1524193611352968e-05 1.6049260896836464e-06 1.1524193611350941e-05 9.2908319926454325e-18 1.2156248230266651e-17 -1.0755285551066447e-20 -1.7788605341911963e-18 4.6305472800385527e-17 50.000000000000078 50.000000000000071 50.000000000000078 7.815970093361102e-14 7.1054273576010019e-14 1.0000000000000027 1969.8656512461346 8030.1343487443983 0.027643747387213733 0 0 0.99992897416742832 5.586680115275675e-18 0.99999999999999978 9.3166622621149491e-14 1.2108114016016395e-13 -9.0822789605872327e-17 0.33342997784656936 0.33330993148830051 0.0001200463582688438 1.6049260896836447e-06
14000 0 0 0.0030120746483644489 25.037194217273328 1.1651907265026386e-05 1.6148357374072855e-06 1.1651907265007566e-05 1.6148357374072868e-06 1.1651907265026386e-05 8.0515455414066949e-18 1.8561541192970145e-17 -3.8163916471527404e-21 6.7138160780559611e-18 -1.9205656642891044e-17 50.000000000000078 50.000000000000078 50.000000000000078 7.815970093361102e-14 7.815970093361102e-14 1.0000000000000011 1969.86565124607 8030.1343487440718 0.027643754999717402 0 0 0.99992912968740133 5.5866459026583652e-18 0.99999999999999978 8.0751321053858543e-14 1.8548832226073374e-13 -4.9763875244808794e-17 0.33343014597489512 0.33330984197348723 0.00012030400140788933 1.6148357374072855e-06
14500 0 0 0.0030183052016395798 25.037189487576402 1.1627732731081858e-05 1.6124335193430843e-06 1.1627732731088099e-05 1.6124335193430866e-06 1.1627732731081858e-05 8.5126350413220506e-18 1.7337867253015441e-17 3.1225022567614305e-21 -1.5829806127911323e-17 -1.2177112082021209e-17 50.000000000000078 50.000000000000078 50.000000000000078 7.815970093361102e-14 7.815970093361102e-14 1.0000000000000011 1969.8656512459991 8030.1343487438417 0.027643762278021271 0 0 0.99992919942313419 5.5866212750142786e-18 0.99999999999999978 8.5543614087890035e-14 1.7353252738110463e-13 3.4440014927713047e-17 0.33343030828348963 0.33330975540741153 0.00012055287607809495 1.6124335193430843e-06
15000 0 0 0.0030217033028972313 25.037186908400603 1.1511679109462099e-05 1.6042747373273484e-06 1.1511679109442043e-05 1.6042747373273494e-06 1.1511679109462099e-05 8.5723095288960961e-18 1.9789725413964436e-17 1.8041124150177959e-20 -1.1642166643378706e-17 1.741381192899723e-17 50.000000000000071 50.000000000000078 50.000000000000071 7.1054273576010019e-14 7.815970093361102e-14 1.0000000000000007 1969.8656512459188 8030.134348743496 0.027643766193051457 0 0 0.99992891238796133 5.5866316184080889e-18 0.99999999999999978 8.5361280088215625e-14 1.9790262623497106e-13 1.6206093378359462e-16 0.33343039676744918 0.33330970815678568 0.00012068861066349967 1.6042747373273484e-06
15500 0 0 0.0030217284766084237 25.037186889635635 1.1383798718017602e-05 1.6016054519022216e-06 1.1383798718024343e-05 1.6016054519022203e-06 1.1383798718017602e-05 1.2637807467199975e-17 2.2168031299531718e-17 3.8163916471531249e-21 -7.187530342340419e-18 -2.178876645779537e-19 50.000000000000078 50.000000000000085 50.000000000000078 7.815970093361102e-14 8.5265128291212022e-14 1.0000000000000007 1969.865651245852 8030.1343487432569 0.027643766153920203 0 0 0.99992890976138715 5.5866514135531518e-18 0.99999999999999978 1.2625581224146599e-13 2.2172614520711187e-13 4.8124624988955342e-17 0.3334303973872545 0.33330970777104768 0.00012068961620681495 1.6016054519022216e-06
16000 0 0 0.0030194700048008466 25.037188604169458 1.1303120299374986e-05 1.6033407258903301e-06 1.1303120299381146e-05 1.6033407258903292e-06 1.1303120299374986e-05 1.190610110503266e-17 2.7555388526532302e-17 -5.5511151231320505e-21 -2.6959627448744281e-17 -3.7620202041308564e-17 50.000000000000078 50.000000000000099 50.000000000000078 7.815970093361102e-14 9.9475983006414026e-14 1.0000000000000022 1969.8656512457956 8030.1343487429358 0.027643763467353515 0 0 0.99992909989857504 5.5866702488169598e-18 0.99999999999999978 1.1885417238404498e-13 2.7565701914963664e-13 -5.7773740862541098e-17 0.33343033853645099 0.33330973913319778 0.00012059940325320762 1.6033407258903301e-06
16500 0 0 0.0030166464468867732 25.037190747658553 1.1289051881802644e-05 1.6039123298601674e-06 1.128905188181739e-05 1.6039123298601695e-06 1.1289051881802644e-05 1.289801598859776e-17 3.2228039681429805e-17 1.0061396160677185e-20 -2.9112541604327776e-17 -3.2858622537446552e-18 50.000000000000085 50.000000000000121 50.000000000000085 8.5265128291212022e-14 1.2079226507921703e-13 1.0000000000000007 1969.8656512457067 8030.1343487426639 0.027643760155280604 0 0 0.99992924054313848 5.5866806853765788e-18 0.99999999999999978 1.2862839726722822e-13 3.2186309099183327e-13 7.2982359289246233e-17 0.33343026497479455 0.3333097783564159 0.00012048661837865682 1.6039123298601674e-06
17000 0 0 0.0030146590585472715 25.037192256337644 1.1325938702379701e-05 1.6025795176217447e-06 1.1325938702346486e-05 1.6025795176217436e-06 1.1325938702379701e-05 1.0409728634654167e-17 3.6562419758512025e-17 -2.1510571102138326e-20 -2.3781968804126102e-17 7.8684642011139156e-18 50.000000000000092 50.000000000000128 50.000000000000092 9.2370555648813024e-14 1.2789769243681803e-13 1.0000000000000011 1969.8656512456355 8030.1343487424037 0.027643757849763369 0 0 0.99992919272799274 5.5866814072061726e-18 0.99999999999999978 1.0379903926983801e-13 3.6538935801810437e-13 -1.7853697692438323e-16 0.33343021320200611 0.33330980596833221 0.0001204072336739026 1.6025795176217447e-06
17500 0 0 0.0030140916558607516 25.0371926870735 1.1381254950528069e-05 1.601617401460695e-06 1.1381254950494083e-05 1.6016174014606917e-06 1.1381254950528069e-05 1.4455450725332554e-17 3.9238057247862967e-17 -2.8796409701250495e-20 9.1453833205509184e-18 5.2278272241900081e-17 50.000000000000099 50.000000000000142 50.000000000000099 9.9475983006414026e-14 1.4210854715202004e-13 1.0000000000000011 1969.8656512455655 8030.1343487420972 0.027643757216498512 0 0 0.99992917900315759 5.5866751002037557e-18 0.99999999999999978 1.4477269108055461e-13 3.9224960625554474e-13 -2.1052139214034112e-16 0.33343019842039018 0.33330981385118019 0.00012038456920998586 1.601617401460695e-06
18000 0 0 0.0030147255301461403 25.037192205937711 1.1425135432062991e-05 1.6017392775123642e-06 1.142513543208231e-05 1.6017392775123655e-06 1.1425135432062991e-05 1.6708509575934621e-17 4.4028322654432844e-17 -8.3266726846992449e-21 1.9188095724248102e-17 9.2199146902868489e-17 50.000000000000099 50.000000000000156 50.000000000000099 9.9475983006414026e-14 1.5631940186722204e-13 1.000000000000002 1969.8656512455004 8030.1343487418508 0.027643757983029926 0 0 0.99992919436069627 5.5866672713511482e-18 0.99999999999999978 1.6709582596589248e-13 4.4016213047867209e-13 -1.5684194117541147e-16 0.33343021492914821 0.33330980504031765 0.0001204098888305527 1.6017392775123642e-06
18500 0 0 0.0030158954548619487 25.037191317893729 1.144238716594861e-05 1.6020018614267877e-06 1.1442387165924895e-05 1.6020018614267838e-06 1.144238716594861e-05 1.4931458847142282e-17 4.8468867808245718e-17 -1.0408340855874444e-21 3.0245785421145676e-17 5.5729631064080633e-17 50.000000000000107 50.000000000000178 50.000000000000107 1.0658141036401503e-13 1.7763568394002505e-13 1.0000000000000004 1969.8656512454302 8030.1343487415388 0.027643759362246913 0 0 0.99992922269677309 5.5866613022561036e-18 0.99999999999999978 1.4973158617846559e-13 4.8437684713745688e-13 -4.2567818476386882e-18 0.33343024540044031 0.33330978877986456 0.00012045662057574846 1.6020018614267877e-06
19000 0 0 0.0030169221462401381 25.037190538564321 1.1434255145085797e-05 1.6018635627700879e-06 1.1434255145110808e-05 1.6018635627700887e-06 1.1434255145085797e-05 1.3776133012140601e-17 4.9144022185098139e-17 -3.4694469519582444e-22 -1.029723991318872e-17 -1.9505287150146632e-18 50.000000000000114 50.000000000000192 50.000000000000114 1.1368683772161603e-13 1.9184653865522705e-13 1.0000000000000004 1969.8656512453506 8030.1343487412805 0.027643760559632569 0 0 0.99992924664106675 5.5866591840945702e-18 0.99999999999999978 1.3748548876967728e-13 4.9139125942803327e-13 1.2469681212394245e-18 0.33343027214164728 0.33330977451066934 0.00012049763097793376 1.6018635627700879e-06
19500 0 0 0.0030174096906819348 25.037190168473906 1.1412523827453941e-05 1.6016250005321788e-06 1.1412523827479365e-05 1.6016250005321778e-06 1.1412523827453941e-05 1.3028120249299075e-17 4.8983039846529802e-17 -1.5612511283812905e-20 -1.5604115324699178e-17 -5.5375514411287346e-18 50.000000000000114 50.000000000000206 50.000000000000114 1.1368683772161603e-13 2.0605739337042905e-13 1.0000000000000011 1969.865651245286 8030.1343487409304 0.027643761118240191 0 0 0.99992925729095161 5.5866605815218448e-18 0.99999999999999978 1.3051117194460715e-13 4.9004464295489107e-13 -1.1926158634062508e-16 0.33343028484107773 0.33330976773550886 0.00012051710556887363 1.6016250005321788e-06
20000 0 0 0.0030173237847189128 25.03719023366363 1.1390998101680741e-05 1.6015776878169577e-06 1.1390998101710089e-05 1.6015776878169575e-06 1.1390998101680741e-05 1.3752193828172991e-17 5.5255106046281013e-17 -1.1796119636658804e-20 -1.4463626469087765e-17 2.2424770461925688e-17 50.000000000000121 50.000000000000234 50.000000000000121 1.2079226507921703e-13 2.3447910280083306e-13 1.0000000000000018 1969.8656512452087 8030.1343487406648 0.027643761005592803 0 0 0.99992925540420829 5.5866636818826444e-18 0.99999999999999978 1.3751901601848972e-13 5.5267336767847277e-13 -7.5267103808571078e-17 0.33343028260516294 0.33330976893104219 0.00012051367412074798 1.6015776878169577e-06
20500 0 0 0.00301688855435277 25.037190564012672 1.1378891799943349e-05 1.6016336988437722e-06 1.1378891799890245e-05 1.6016336988437684e-06 1.1378891799943349e-05 1.6244644518460715e-17 5.907635491917084e-17 -1.3183898417442808e-20 1.2668508083327169e-17 3.9028118296517604e-17 50.000000000000135 50.000000000000263 50.000000000000135 1.3500311979441904e-13 2.6290081223123707e-13 1.0000000000000009 1969.8656512451475 8030.1343487403865 0.027643760489223172 0 0 0.9999292458818172 5.5866666479531869e-18 0.99999999999999978 1.6233861958466614e-13 5.9076195571177595e-13 -1.2320661101112824e-16 0.33343027127099928 0.3333097749818234 0.0001204962891758754 1.6016336988437722e-06
21000 0 0 0.0030164056185359662 25.03719093057844 1.1378352301655581e-05 1.6016374547162758e-06 1.1378352301600214e-05 1.6016374547162824e-06 1.1378352301655581e-05 1.4432899320148443e-17 6.3868008104523221e-17 -1.1449174941463908e-20 4.9932557515393166e-17 1.076737308454306e-16 50.000000000000149 50.000000000000306 50.000000000000149 1.4921397450962104e-13 3.0553337637684308e-13 1.0000000000000011 1969.8656512450784 8030.1343487400818 0.027643759923461627 0 0 0.99992923502009989 5.5866682246214551e-18 0.99999999999999978 1.4423216886506971e-13 6.3908535475756887e-13 -1.1946829604099511e-16 0.33343025869393933 0.33330978169526565 0.00012047699867367978 1.6016374547162758e-06
21500 0 0 0.0030160987665321785 25.037191163493556 1.138583947274907e-05 1.6015939834038064e-06 1.1385839472782211e-05 1.6015939834038072e-06 1.138583947274907e-05 1.7516890715745167e-17 6.4383914866281638e-17 -6.5919492087218637e-21 6.0676260811348349e-17 1.6355315547358928e-16 50.000000000000156 50.000000000000327 50.000000000000156 1.5631940186722204e-13 3.2684965844964609e-13 1.0000000000000031 1969.8656512450052 8030.1343487398372 0.027643759568350811 0 0 0.99992922758495917 5.5866682825512939e-18 0.99999999999999978 1.7487692643076518e-13 6.4387993583924574e-13 -9.7877237683497506e-17 0.33343025070239024 0.33330978596068511 0.00012046474170512855 1.6015939834038064e-06
22000 0 0 0.0030160428611585403 25.037191205931602 1.139550715516482e-05 1.6015716352051721e-06 1.1395507155105275e-05 1.6015716352051691e-06 1.139550715516482e-05 1.4198711650892027e-17 7.0009276154189377e-17 -4.5102810375466421e-21 9.8588457237274138e-17 1.3368216816880963e-16 50.000000000000171 50.000000000000348 50.000000000000171 1.7053025658242404e-13 3.4816594052244909e-13 1.0000000000000027 1969.8656512449265 8030.1343487395179 0.027643759508283784 0 0 0.99992922623158731 5.5866672124204937e-18 0.99999999999999978 1.4190298750234032e-13 7.0002384524657499e-13 -2.8923815149129865e-17 0.33343024924617998 0.33330978673757222 0.00012046250860775487 1.6015716352051721e-06
22500 0 0 0.0030161801449273109 25.037191101731299 1.1402475966160172e-05 1.6015791282175449e-06 1.1402475966195931e-05 1.6015791282175421e-06 1.1402475966160172e-05 1.5977497103162126e-17 6.6546768096137435e-17 5.5511151231345873e-21 7.1065751369733027e-17 1.0001047556542347e-16 50.000000000000178 50.000000000000384 50.000000000000178 1.7763568394002505e-13 3.836930773104541e-13 1.0000000000000024 1969.8656512448524 8030.1343487392314 0.027643759672914527 0 0 0.9999292295597435 5.5866658314409936e-18 0.99999999999999978 1.5886097504702181e-13 6.6509732438018538e-13 5.1147280893400296e-17 0.33343025282121719 0.33330978482891438 0.00012046799230280847 1.6015791282175449e-06
23000 0 0 0.0030163884053512392 25.037190943655794 1.1404621720024816e-05 1.6015854561221409e-06 1.1404621719961181e-05 1.6015854561221428e-06 1.1404621720024816e-05 1.6135356939476874e-17 7.3856892823918082e-17 1.3530843112641067e-20 3.5541929686749643e-17 1.0048065159280962e-16 50.000000000000185 50.000000000000412 50.000000000000185 1.8474111129762605e-13 4.1211478674085811e-13 1.0000000000000042 1969.8656512447881 8030.1343487389795 0.027643759917964264 0 0 0.9999292346075267 5.5866649198752359e-18 0.99999999999999978 1.6128130393188898e-13 7.3806959299821265e-13 1.0077285220829942e-16 0.33343025824476635 0.33330978193366023 0.00012047631110612134 1.6015854561221409e-06
23500 0 0 0.003016554694463049 25.03719081743666 1.1402592563181901e-05 1.6015795286984036e-06 1.1402592563114477e-05 1.6015795286984006e-06 1.1402592563181901e-05 1.7713261413228609e-17 7.7638936946251788e-17 -1.1102230246270013e-20 7.1601155408831401e-17 6.7753691726774988e-17 50.000000000000199 50.000000000000448 50.000000000000199 1.9895196601282805e-13 4.4764192352886312e-13 1.0000000000000038 1969.8656512447224 8030.1343487386575 0.027643760111545131 0 0 0.99992923858485294 5.5866646767193906e-18 0.99999999999999978 1.7714479785695531e-13 7.7634697609713057e-13 -9.8483381118101478e-17 0.33343026257533337 0.33330977962193581 0.00012048295339756043 1.6015795286984036e-06
24000 0 0 0.0030166210054270665 25.03719076710389 1.139862521603803e-05 1.601572697846479e-06 1.139862521604371e-05 1.6015726978464792e-06 1.139862521603803e-05 2.0384041676847373e-17 8.3913431758872109e-17 1.0061396160682414e-20 5.1226859039679709e-17 6.6070130219722003e-17 50.000000000000213 50.000000000000483 50.000000000000213 2.1316282072803006e-13 4.8316906031686813e-13 1.0000000000000029 1969.8656512446391 8030.1343487384001 0.027643760186982419 0 0 0.99992924003523731 5.5866649833820548e-18 0.99999999999999978 2.0331297951381512e-13 8.3911993676824902e-13 7.933901491345676e-17 0.33343026430223016 0.33330977870009182 0.0001204856021383427 1.601572697846479e-06
24500 0 0 0.0030165913601582516 25.03719078960512 1.1395062430827513e-05 1.6015719876988305e-06 1.1395062430748054e-05 1.6015719876988324e-06 1.1395062430827513e-05 2.3873958365824671e-17 8.8496224237720106e-17 -1.7000290064602233e-20 9.2411069340410152e-18 4.3272573439781654e-17 50.000000000000227 50.000000000000526 50.000000000000227 2.2737367544323206e-13 5.2580162446247414e-13 1.0000000000000029 1969.8656512445709 8030.1343487381137 0.027643760150289146 0 0 0.99992923938668987 5.5866655317223861e-18 0.99999999999999978 2.3886235768961617e-13 8.8507416867362773e-13 -1.8295656756654421e-16 0.33343026353018268 0.33330977911220194 0.00012048441798073739 1.6015719876988305e-06
25000 0 0 0.0030165098413851288 25.037190851480343 1.1393308326814151e-05 1.601573513159717e-06 1.1393308326803485e-05 1.6015735131597159e-06 1.1393308326814151e-05 1.7095352911086423e-17 8.524327077556523e-17 1.1449174941467143e-20 -1.8497543268274443e-17 6.8261011866244494e-18 50.000000000000242 50.000000000000576 50.000000000000242 2.4158453015843406e-13 5.7553961596568115e-13 1.0000000000000027 1969.8656512444938 8030.1343487379045 0.027643760053862612 0 0 0.99992923755047358 5.5866660473121787e-18 0.99999999999999978 1.7046204840752024e-13 8.5236812297422666e-13 1.2935982518816879e-16 0.33343026140721338 0.33330978024543773 0.00012048116177565404 1.601573513159717e-06
25500 0 0 0.0030164285178723191 25.03719091320761 1.1393529183767763e-05 1.6015732257208606e-06 1.1393529183690776e-05 1.6015732257208619e-06 1.1393529183767763e-05 1.7400317298164333e-17 9.1476132224764313e-17 -1.8388068845387308e-20 2.8667089427773999e-17 1.9551173602945607e-17 50.000000000000249 50.000000000000604 50.000000000000249 2.4868995751603507e-13 6.0396132539608516e-13 1.0000000000000022 1969.8656512444263 8030.1343487375298 0.027643759958762327 0 0 0.99992923557947166 5.5866662630061304e-18 0.99999999999999978 1.738260329831512e-13 9.1480320929497071e-13 -1.4177788718770658e-16 0.33343025928933018 0.33330978137596007 0.00012047791337010949 1.6015732257208606e-06
26000 0 0 0.0030163823892904594 25.037190948220914 1.139498553383041e-05 1.6015719689071293e-06 1.1394985533757194e-05 1.6015719689071274e-06 1.139498553383041e-05 1.2313761121896462e-17 9.1228066767702833e-17 7.9797279895080188e-21 6.6999820283893462e-17 6.1765341347153783e-17 50.000000000000256 50.000000000000647 50.000000000000256 2.5579538487363607e-13 6.4659388954169117e-13 1.000000000000002 1969.8656512443586 8030.1343487372515 0.027643759905558341 0 0 0.99992923446144133 5.5866662191087944e-18 0.99999999999999978 1.2327009225409273e-13 9.1210275348640522e-13 9.1144338458311083e-17 0.33343025808801757 0.33330978201721839 0.00012047607079918032 1.6015719689071293e-06
26500 0 0 0.0030163798637814249 25.037190950137848 1.1396646442018861e-05 1.6015716018485477e-06 1.1396646442047521e-05 1.601571601848549e-06 1.1396646442018861e-05 6.0840221749572302e-18 9.5186011850501299e-17 1.2143064331860347e-20 3.1834429128984274e-17 1.0281702255315005e-16 50.000000000000256 50.000000000000689 50.000000000000256 2.5579538487363607e-13 6.8922645368729718e-13 1.000000000000002 1969.8656512442913 8030.1343487370241 0.027643759903522757 0 0 0.99992923440015757 5.5866660262022061e-18 0.99999999999999978 6.0287451422460333e-14 9.5191152885033007e-13 1.6962399172643206e-16 0.33343025802224646 0.33330978205232681 0.00012047596991965337 1.6015716018485477e-06
27000 0 0 0.00301640780704428 25.037190928928045 1.1397729072601215e-05 1.6015719745217594e-06 1.1397729072526868e-05 1.601571974521756e-06 1.1397729072601215e-05 6.6672362075819206e-18 9.8474700616267204e-17 -4.5102810375482626e-21 1.0926558097918238e-18 1.9025230923122188e-16 50.000000000000263 50.000000000000739 50.000000000000263 2.6290081223123707e-13 7.3896444519050419e-13 1.0000000000000013 1969.8656512442155 8030.1343487367803 0.027643759936841553 0 0 0.99992923507730547 5.5866658013580195e-18 0.99999999999999978 6.6578138136326902e-14 9.8480583037552745e-13 -7.9555589315453782e-17 0.33343025874996024 0.33330978166386832 0.00012047708609191909 1.6015719745217594e-06
27500 0 0 0.0030164442322314672 25.037190901280002 1.1397955281185728e-05 1.6015721213419839e-06 1.1397955281112355e-05 1.6015721213419828e-06 1.1397955281185728e-05 4.3094000590299219e-18 9.9456901048370699e-17 1.3877787807841306e-21 -8.3302527096280716e-18 1.9858552828343431e-16 50.000000000000263 50.000000000000774 50.000000000000263 2.6290081223123707e-13 7.744915819785092e-13 1.0000000000000033 1969.8656512441489 8030.1343487363956 0.027643759979616073 0 0 0.99992923596003136 5.5866656291554116e-18 0.99999999999999978 4.320180755561058e-14 9.9491921508977518e-13 2.4824288503278914e-17 0.33343025969856227 0.3333097811574941 0.00012047854106816969 1.6015721213419839e-06
28000 0 0 0.0030164706676451699 25.037190881214585 1.1397506906063214e-05 1.6015718789783337e-06 1.1397506905992934e-05 1.6015718789783367e-06 1.1397506906063214e-05 5.6881582777391723e-18 9.3700047720986505e-17 5.8980598183327806e-21 3.7330300168490437e-17 1.8500624913473225e-16 50.00000000000027 50.000000000000817 50.00000000000027 2.7000623958883807e-13 8.1712414612411521e-13 1.000000000000002 1969.8656512440659 8030.1343487361792 0.027643760010318937 0 0 0.99992923660066635 5.5866656021949539e-18 0.99999999999999978 5.6862558420489498e-14 9.3658748268291887e-13 6.5742518855089165e-17 0.33343026038699863 0.33330978078998807 0.00012047959701055877 1.6015718789783337e-06
28500 0 0 0.0030164789741136994 25.037190874909584 1.1396797318980315e-05 1.6015716527060279e-06 1.1396797318910799e-05 1.6015716527060303e-06 1.1396797318980315e-05 8.9320911778225541e-18 8.9378504597628092e-17 -2.1857515797351753e-20 4.1579341487137354e-17 1.1365248014154243e-16 50.000000000000277 50.000000000000867 50.000000000000277 2.7711166694643907e-13 8.6686213762732223e-13 1.0000000000000022 1969.8656512440018 8030.1343487358699 0.027643760019649775 0 0 0.99992923680195456 5.5866656741045804e-18 0.99999999999999978 8.9162984178682537e-14 8.9397410468246227e-13 -1.6300687642561339e-16 0.33343026060330638 0.33330978067450029 0.00012047992880609426 1.6015716527060279e-06
29000 0 0 0.0030164714839449923 25.037190880594828 1.1396217670950259e-05 1.6015716155643697e-06 1.1396217671012302e-05 1.6015716155643697e-06 1.1396217670950259e-05 7.5293937751451468e-18 9.5272054134926866e-17 -3.8163916471567879e-21 -4.9126891446146152e-18 7.7925832647536565e-17 50.000000000000284 50.000000000000895 50.000000000000284 2.8421709430404007e-13 8.9528384705772623e-13 1.000000000000002 1969.8656512439295 8030.1343487356553 0.027643760010556719 0 0 0.99992923662040889 5.5866657756276401e-18 0.99999999999999978 7.5599288048239188e-14 9.5260735180476754e-13 -1.2284236075684436e-17 0.33343026040822604 0.33330978077860901 0.00012047962961703185 1.6015716155643697e-06
29500 0 0 0.0030164565794652404 25.037190891907851 1.1395975494317925e-05 1.6015716370818903e-06 1.1395975494349657e-05 1.601571637081889e-06 1.1395975494317925e-05 5.6624843702953224e-18 9.9105793016847604e-17 -6.938893903921723e-22 1.498278895890783e-17 6.3369524011896687e-17 50.000000000000284 50.000000000000931 50.000000000000284 2.8421709430404007e-13 9.3081098384573124e-13 1.000000000000002 1969.865651243852 8030.1343487352888 0.027643759992969804 0 0 0.99992923625917318 5.5866658533433168e-18 0.99999999999999978 5.6977959873595795e-14 9.9054341620251484e-13 -8.166653132637228e-18 0.3334302600200581 0.33330978098578912 0.00012047903426898321 1.6015716370818903e-06
29999 0 0 0.0030164425123575893 25.037190902585323 1.1396071099300754e-05 1.6015716199832751e-06 1.1396071099374925e-05 1.6015716199832768e-06 1.1396071099300754e-05 3.9579450827970664e-18 1.0093800795218107e-16 -6.9388939039219258e-21 2.5076635262127747e-17 6.5838087959061124e-17 50.000000000000284 50.000000000000981 50.000000000000284 2.8421709430404007e-13 9.8054897534893826e-13 1.0000000000000018 1969.8656512437849 8030.1343487350068 0.027643759976550917 0 0 0.99992923591822402 5.5866658814973327e-18 0.99999999999999978 3.9256987081104362e-14 1.0095974748666295e-12 -7.1272381558808661e-17 0.3334302596536991 0.33330978118132998 0.00012047847236912324 1.6015716199832751e-06
