# 1:passo  2:sigma_pop  3:int_grad  4:K  5:espessura_10_90  6:residuo  7:d0  8:|u|max  9:|u|rms  10:|u_n|max  11:|u_t|max  12:massa_R  13:massa_B  14:qx  15:qy  16:soma_Fx  17:soma_Fy  18:min_f  19:neg_total  20:neg_cor
0 0.09999968901 2.00000311 1.273753378 3.45 3.108624469e-15 -3.644530549e-16 2.194270918e-17 6.921524931e-18 1.70674223e-17 2.172217384e-17 20000 20000 0 1.387778781e-15 0 0 0.02729544148 0 0
500 0.09999206727 2.000001157 1.210655889 3.629808598 0.07424192844 -6.158488619e-13 0.002420579917 0.0007419969438 0.000340933878 0.002417020007 20000 20000 -9.922618283e-14 -4.593547764e-13 0 0 0.02534749951 0 0
1000 0.0999897924 2.00000117 1.212927511 3.623010537 0.07491611614 -7.517400816e-13 0.002432310183 0.0007096873546 0.0002314204082 0.002421394854 20000 20000 -1.321859289e-12 -1.126182481e-12 0 0 0.02542303291 0 0
1500 0.09998940383 2.000001167 1.212451515 3.624432895 0.07477247545 -8.77808158e-13 0.002430025181 0.0007043181274 0.0002084381616 0.002422080513 20000 20000 -2.326611126e-12 -7.029099525e-13 0 0 0.02541004987 0 0
2000 0.09998937249 2.000001167 1.212543497 3.624157952 0.07480059439 -9.955619172e-13 0.002431001302 0.0007039589166 0.0002145386942 0.002422313709 20000 20000 -2.668004706e-12 -1.122713034e-12 0 0 0.02541202382 0 0
2500 0.09998937021 2.000001167 1.212526944 3.624207426 0.07479546139 -1.094631333e-12 0.002430838352 0.0007039451532 0.0002131286489 0.002422325853 20000 20000 -2.649269693e-12 -1.811745198e-12 0 0 0.02541176554 0 0
3000 0.09998937005 2.000001167 1.212529685 3.624199233 0.07479632598 -1.220224213e-12 0.002430885888 0.0007039487327 0.0002134260977 0.002422336613 20000 20000 -2.316896675e-12 -1.516148318e-12 0 0 0.02541178763 0 0
3500 0.09998937002 2.000001167 1.212529279 3.624200445 0.07479619472 -1.316408993e-12 0.002430878836 0.0007039489701 0.0002133678768 0.00242233678 20000 20000 -3.191891196e-12 -1.960237528e-12 0 0 0.02541178879 0 0
4000 0.09998937002 2.000001167 1.212529329 3.624200298 0.07479621148 -1.409721764e-12 0.002430880579 0.0007039491709 0.0002133784826 0.002422337209 20000 20000 -2.488287354e-12 -2.980948821e-12 0 0 0.02541178752 0 0
4500 0.09998937002 2.000001167 1.212529325 3.624200308 0.07479621011 -1.502803573e-12 0.002430880364 0.0007039491788 0.0002133766991 0.002422337215 20000 20000 -7.82013343e-13 -4.446443214e-12 0 0 0.02541178794 0 0
5000 0.09998937002 2.000001167 1.212529325 3.62420031 0.07479621 -1.606310694e-12 0.002430880412 0.0007039491864 0.000213376969 0.00242233723 20000 20000 -5.724587471e-13 -4.727468417e-12 0 0 0.02541178783 0 0
5500 0.09998937002 2.000001167 1.212529325 3.624200309 0.07479621009 -1.685196497e-12 0.002430880409 0.0007039491868 0.0002133769347 0.00242233723 20000 20000 2.400857291e-13 -5.0882909e-12 0 0 0.02541178785 0 0
6000 0.09998937002 2.000001167 1.212529325 3.624200309 0.07479621006 -1.779237314e-12 0.002430880409 0.000703949187 0.0002133769375 0.002422337231 20000 20000 -6.716849299e-13 -5.493522304e-12 0 0 0.02541178785 0 0
6500 0.09998937002 2.000001167 1.212529325 3.624200309 0.07479621007 -1.892605441e-12 0.002430880409 0.000703949187 0.0002133769377 0.002422337231 20000 20000 3.518019209e-13 -7.46694373e-12 0 0 0.02541178785 0 0
7000 0.09998937002 2.000001167 1.212529325 3.624200309 0.07479621006 -2.008622825e-12 0.002430880409 0.0007039491871 0.0002133769375 0.002422337231 20000 20000 2.155220447e-12 -1.055960874e-11 0 0 0.02541178785 0 0
7500 0.09998937002 2.000001167 1.212529325 3.624200309 0.07479621007 -2.125317914e-12 0.002430880409 0.0007039491871 0.0002133769376 0.002422337231 20000 20000 3.032296636e-12 -1.302430386e-11 0 0 0.02541178785 0 0
8000 0.09998937002 2.000001167 1.212529325 3.624200309 0.07479621007 -2.266970846e-12 0.002430880409 0.0007039491871 0.0002133769376 0.002422337231 20000 20000 6.347006254e-12 -1.173575126e-11 0 0 0.02541178785 0 0
8500 0.09998937002 2.000001167 1.212529325 3.624200309 0.07479621007 -2.432791648e-12 0.002430880409 0.0007039491871 0.0002133769376 0.002422337231 20000 20000 1.067271271e-11 -1.445024655e-11 0 0 0.02541178785 0 0
9000 0.09998937002 2.000001167 1.212529325 3.624200309 0.07479621007 -2.621556622e-12 0.002430880409 0.0007039491871 0.0002133769376 0.002422337231 20000 20000 1.846578446e-11 -1.68212666e-11 0 0 0.02541178785 0 0
9500 0.09998937002 2.000001167 1.212529325 3.624200309 0.07479621007 -2.838882497e-12 0.002430880409 0.0007039491871 0.0002133769376 0.002422337231 20000 20000 2.81885626e-11 -1.491723411e-11 0 0 0.02541178785 0 0
10000 0.09998937002 2.000001167 1.212529325 3.624200309 0.07479621007 -3.195497581e-12 0.002430880409 0.0007039491871 0.0002133769376 0.002422337231 20000 20000 3.663319648e-11 -1.116468029e-11 0 0 0.02541178785 0 0
10500 0.09998937002 2.000001167 1.212529325 3.624200309 0.07479621007 -3.675510979e-12 0.002430880409 0.0007039491871 0.0002133769376 0.002422337231 20000 20000 4.089437122e-11 -3.361200207e-12 0 0 0.02541178785 0 0
11000 0.09998937002 2.000001167 1.212529325 3.624200309 0.07479621007 -4.186570709e-12 0.002430880409 0.0007039491871 0.0002133769376 0.002422337231 20000 20000 3.875580412e-11 3.93782229e-12 0 0 0.02541178785 0 0
11500 0.09998937002 2.000001167 1.212529325 3.624200309 0.07479621007 -4.807171251e-12 0.002430880409 0.0007039491871 0.0002133769376 0.002422337231 20000 20000 3.254688186e-11 1.437808206e-11 0 0 0.02541178785 0 0
12000 0.09998937002 2.000001167 1.212529325 3.624200309 0.07479621007 -5.398465853e-12 0.002430880409 0.0007039491871 0.0002133769376 0.002422337231 20000 20000 2.726222026e-11 2.467956395e-11 0 0 0.02541178785 0 0
12500 0.09998937002 2.000001167 1.212529325 3.624200309 0.07479621007 -5.926830064e-12 0.002430880409 0.0007039491871 0.0002133769376 0.002422337231 20000 20000 1.735903088e-11 3.663666592e-11 0 0 0.02541178785 0 0
13000 0.09998937002 2.000001167 1.212529325 3.624200309 0.07479621007 -6.366321108e-12 0.002430880409 0.0007039491871 0.0002133769376 0.002422337231 20000 20000 1.144848105e-11 5.243375178e-11 0 0 0.02541178785 0 0
13500 0.09998937002 2.000001167 1.212529325 3.624200309 0.07479621007 -6.899076096e-12 0.002430880409 0.0007039491871 0.0002133769376 0.002422337231 20000 20000 4.085620731e-12 7.178216355e-11 0 0 0.02541178785 0 0
14000 0.09998937002 2.000001167 1.212529325 3.624200309 0.07479621007 -7.454591849e-12 0.002430880409 0.0007039491871 0.0002133769376 0.002422337231 20000 20000 -4.287542543e-12 9.061293382e-11 0 0 0.02541178785 0 0
14500 0.09998937002 2.000001167 1.212529325 3.624200309 0.07479621007 -8.035579887e-12 0.002430880409 0.0007039491871 0.0002133769376 0.002422337231 20000 20000 -9.285627822e-12 1.047099907e-10 0 0 0.02541178785 0 0
15000 0.09998937002 2.000001167 1.212529325 3.624200309 0.07479621007 -8.525570788e-12 0.002430880409 0.0007039491871 0.0002133769376 0.002422337231 20000 20000 -1.628905344e-11 1.134946304e-10 0 0 0.02541178785 0 0
15500 0.09998937002 2.000001167 1.212529325 3.624200309 0.07479621007 -8.983439989e-12 0.002430880409 0.0007039491871 0.0002133769376 0.002422337231 20000 20000 -2.575578639e-11 1.227795643e-10 0 0 0.02541178785 0 0
16000 0.09998937002 2.000001167 1.212529325 3.624200309 0.07479621007 -9.413356124e-12 0.002430880409 0.0007039491871 0.0002133769376 0.002422337231 20000 20000 -3.307146224e-11 1.311298292e-10 0 0 0.02541178785 0 0
16500 0.09998937002 2.000001167 1.212529325 3.624200309 0.07479621007 -9.841529611e-12 0.002430880409 0.0007039491871 0.0002133769376 0.002422337231 20000 20000 -3.929148673e-11 1.391074755e-10 0 0 0.02541178785 0 0
17000 0.09998937002 2.000001167 1.212529325 3.624200309 0.07479621007 -1.02010161e-11 0.00243088041 0.0007039491871 0.0002133769376 0.002422337231 20000 20000 -4.723235691e-11 1.493437318e-10 0 0 0.02541178785 0 0
17500 0.09998937002 2.000001167 1.212529325 3.624200309 0.07479621007 -1.061037883e-11 0.00243088041 0.0007039491871 0.0002133769376 0.002422337231 20000 20000 -5.530020886e-11 1.591532461e-10 0 0 0.02541178785 0 0
18000 0.09998937002 2.000001167 1.212529325 3.624200309 0.07479621007 -1.103009292e-11 0.00243088041 0.0007039491871 0.0002133769376 0.002422337231 20000 20000 -6.206493652e-11 1.704657249e-10 0 0 0.02541178785 0 0
18500 0.09998937002 2.000001167 1.212529325 3.624200309 0.07479621007 -1.137589306e-11 0.00243088041 0.0007039491871 0.0002133769376 0.002422337231 20000 20000 -6.657591145e-11 1.815159134e-10 0 0 0.02541178785 0 0
19000 0.09998937002 2.000001167 1.212529325 3.624200309 0.07479621007 -1.172642529e-11 0.00243088041 0.0007039491871 0.0002133769376 0.002422337231 20000 20000 -6.980527267e-11 1.88042637e-10 0 0 0.02541178785 0 0
19500 0.09998937002 2.000001167 1.212529325 3.624200309 0.07479621007 -1.207808022e-11 0.00243088041 0.0007039491871 0.0002133769376 0.002422337231 20000 20000 -6.969008703e-11 1.904559843e-10 0 0 0.02541178785 0 0
19999 0.09998937002 2.000001167 1.212529325 3.624200309 0.07479621007 -1.249589009e-11 0.00243088041 0.0007039491871 0.0002133769376 0.002422337231 20000 20000 -6.910860773e-11 1.88946081e-10 0 0 0.02541178785 0 0
