# step v0 Mach sigma R umax_ref urms_ref umax_mean urms_mean umax_lab mean_x mean_y mean_z drop_ux drop_uy x0 y0 x_unwrapped center_dx center_dy axis_ratio mass_R mass_B min_f negative_total negative_color min_rho min_phi max_phi qx qy qz p_in p_out delta_p urms_lab
0 0 0 -5.560112678108922e-15 25.040521385269312 0.00156379684186479 0.00031752569107152914 0.00156379684186479 0.00031752569107152919 0.00156379684186479 -1.1065185687078803e-20 4.401081266259239e-20 1.3509510849538454e-21 -1.4521240723385252e-19 -1.3994677800185314e-20 50.000000000000007 50.000000000000007 50.000000000000007 7.1054273576010019e-15 7.1054273576010019e-15 1.0000000000000007 1969.8656512480643 8030.1343487520408 0.027416523469861245 0 0 0.99999999999999956 5.1710809399147474e-26 0.99999999999998501 -1.3998811542740479e-16 -1.2648060161005759e-16 4.9274504665304776e-17 0.33333333333333387 0.33333333333333409 -2.2204460492503131e-16 0.00031752569107152914
500 0 0 0.066591138463451355 24.910666503327846 0.0078573279790162924 0.00463671001896884 0.0078573279790162803 0.0046367100189688383 0.0078573279790162924 -1.2660011927679424e-17 7.3498498953665321e-18 -4.7654266064375786e-18 1.3068781053326524e-17 -5.6637232269437934e-17 49.999999999999993 50.000000000000007 49.999999999999993 -7.1054273576010019e-15 7.1054273576010019e-15 1.0000000000000018 1969.8656512479431 8030.1343487515351 0.026736602220770404 0 0 0.98335966112067885 4.1566117380089128e-18 1 -1.2582206191649389e-13 -6.5546526539783656e-15 -4.7371499127767761e-14 0.3361062920851775 0.33343309430243029 0.0026731977827472164 0.00463671001896884
1000 0 0 0.20253732806927641 24.777491624879751 0.011986621795229161 0.0066789153579482801 0.011986621795229158 0.0066789153579482801 0.011986621795229161 -6.989894774101712e-18 -2.4332966197529336e-18 -8.5785404129667009e-18 -2.5192499648533829e-17 -7.9610437610962971e-17 49.999999999999986 50.000000000000021 49.999999999999986 -1.4210854715202004e-14 2.1316282072803006e-14 1.0000000000000016 1969.865651247846 8030.1343487510594 0.026096182913964986 0 0 0.98387488514557053 5.6522126135781662e-18 1 -6.9663025348276619e-14 3.5998981573470701e-14 -8.5718927414735035e-14 0.34006896029395378 0.33189471363752859 0.0081742466564251881 0.0066789153579482801
1500 0 0 0.42219102914461759 24.61685471260072 0.010865188892082805 0.0064744814224816068 0.010865188892082793 0.0064744814224816068 0.010865188892082805 -8.7835988482623928e-18 -6.5770305868195363e-18 -1.6620967661155862e-17 -7.796389172389965e-17 -8.9192241955381516e-17 49.999999999999979 50.000000000000014 49.999999999999979 -2.1316282072803006e-14 1.4210854715202004e-14 1.0000000000000011 1969.8656512477353 8030.1343487506065 0.026291887503933079 0 0 0.97330037199024533 5.4995425858153769e-18 1 -8.8224566541228455e-14 -6.2477800710780684e-14 -1.6622559477101562e-13 0.34683104586532815 0.32968055957966513 0.017150486285663014 0.0064744814224816068
2000 0 0 0.50606070571524675 24.52022465102549 0.008902872572064062 0.0039991670808852157 0.0089028725720640776 0.0039991670808852157 0.008902872572064062 -1.610517275097213e-17 -4.6625897587314624e-18 -2.8271453684778039e-17 -1.2231532952292869e-16 -8.6826662186159363e-17 49.999999999999964 50.000000000000007 49.999999999999964 -3.5527136788005009e-14 7.1054273576010019e-15 1.0000000000000007 1969.8656512476398 8030.1343487501954 0.026582442740482045 0 0 0.97917732981065042 5.1506891342578805e-18 1 -1.6098884378368261e-13 -4.9195023055226272e-14 -2.8279836455402419e-13 0.34864455978899495 0.32800605778024267 0.02063850200875228 0.0039991670808852157
2500 0 0 0.57320434163522505 24.487347292588307 0.0050556826749538738 0.0029297595942097405 0.005055682674953859 0.0029297595942097397 0.0050556826749538738 -1.4718087859581602e-17 5.6672548598439615e-18 -3.8125984792350447e-17 -5.4253540142678428e-17 -1.2267329887366503e-17 49.99999999999995 49.999999999999993 49.99999999999995 -4.9737991503207013e-14 -7.1054273576010019e-15 1.0000000000000007 1969.8656512475341 8030.134348749807 0.026924401693464439 0 0 0.98222393242535699 5.3440302184370648e-18 1 -1.4708373408112152e-13 6.1506355564233672e-14 -3.8136332134078779e-13 0.351701187822133 0.32829300339177131 0.023408184430361689 0.0029297595942097405
3000 0 0 0.54191562575955443 24.539214111606022 0.0066422574261324422 0.004527889407145505 0.006642257426132424 0.004527889407145505 0.0066422574261324422 -2.2630161633515134e-17 -1.7195446455625643e-18 -4.0507009582536652e-17 -1.1527906859915726e-17 1.5290937409403537e-16 49.999999999999943 49.999999999999986 49.999999999999943 -5.6843418860808015e-14 -1.4210854715202004e-14 1.0000000000000047 1969.865651247432 8030.1343487493714 0.026731000559857963 0 0 0.98354551811712732 5.7098162432374926e-18 1 -2.2526774486031874e-13 5.1512613619131287e-15 -4.0507613171677151e-13 0.35190090953815423 0.32981725097863862 0.022083658559515607 0.004527889407145505
3500 0 0 0.34636351706272328 24.663903142321224 0.0078978126099342287 0.0056517225372271079 0.0078978126099342096 0.0056517225372271088 0.0078978126099342287 -1.9074325452457765e-17 -4.7014475645941136e-18 -5.0653174957637666e-17 1.3805124848030013e-16 1.3333763922222473e-16 49.999999999999922 49.999999999999972 49.999999999999922 -7.815970093361102e-14 -2.8421709430404007e-14 1.0000000000000038 1969.865651247334 8030.1343487488512 0.026757537829775389 0 0 0.98208105661647682 6.2149962684369138e-18 1 -1.9107610459145885e-13 -5.5563192935537131e-15 -5.0641537833630894e-13 0.34553395164551898 0.3314906140981706 0.014043337547348378 0.0056517225372271079
4000 0 0 0.17500447441928099 24.78990614030409 0.0087814934702548312 0.0045582525645254789 0.0087814934702548329 0.0045582525645254807 0.0087814934702548312 -1.7559564913235374e-17 -1.4395602765399881e-18 -5.5651427506378129e-17 6.5509973079205906e-17 9.5809632050270105e-17 49.999999999999915 49.999999999999972 49.999999999999915 -8.5265128291212022e-14 -2.8421709430404007e-14 1.0000000000000022 1969.8656512472185 8030.1343487484519 0.027021583379035572 0 0 0.97853704380999884 6.6310635521166798e-18 1 -1.7556789355666069e-13 -6.6431235512531828e-15 -5.5634498073708125e-13 0.34005217336367688 0.33299266803804944 0.0070595053256274354 0.0045582525645254789
4500 0 0 0.091787258335058602 24.872626084293991 0.0054611471611445677 0.0034712887271771331 0.0054611471611445807 0.0034712887271771322 0.0054611471611445677 -1.517570791254775e-17 2.4922772179371015e-18 -5.5269705066037525e-17 7.496051230494525e-17 5.5566243420967222e-18 49.999999999999908 49.999999999999957 49.999999999999908 -9.2370555648813024e-14 -4.2632564145606011e-14 1.0000000000000016 1969.865651247123 8030.1343487479826 0.027042760561564797 0 0 0.98760556443685377 6.5877544192422757e-18 1 -1.507578784032404e-13 2.1363119606654379e-14 -5.5277148625267578e-13 0.33704996254105579 0.33335967032888691 0.0036902922121688775 0.0034712887271771331
5000 0 0 0.14634145149633823 24.849083891490753 0.0065777792698883536 0.0039108764143379023 0.0065777792698883666 0.0039108764143379023 0.0065777792698883536 -1.6634957300540914e-17 4.7496728772270447e-19 -6.1660829558601495e-17 -1.2251688102511072e-17 -6.1624671549050008e-17 49.999999999999893 49.99999999999995 49.999999999999893 -1.0658141036401503e-13 -4.9737991503207013e-14 1.000000000000002 1969.8656512470197 8030.1343487475579 0.026675409028937041 0 0 0.98497502495440159 6.0598604699701997e-18 1 -1.6618298534151754e-13 -1.8881597674269557e-14 -6.1658513532028581e-13 0.33934130765917964 0.33345209853841801 0.0058892091207616293 0.0039108764143379023
5500 0 0 0.19012946666448419 24.796159409985243 0.0061810244383241758 0.0047328327841474381 0.0061810244383241758 0.0047328327841474381 0.0061810244383241758 -1.0384748616593754e-17 -4.0210890173166382e-19 -6.985077624227996e-17 -1.0856643407431499e-16 -9.3381953706112174e-17 49.999999999999879 49.999999999999943 49.999999999999879 -1.2079226507921703e-13 -5.6843418860808015e-14 1.0000000000000004 1969.8656512469236 8030.1343487472013 0.026847564488173457 0 0 0.98876368511912283 5.3539408021613298e-18 1 -1.042499420123022e-13 -1.8641284262738145e-14 -6.98662034460258e-13 0.3395181855466361 0.33185048735512018 0.0076676981915159148 0.0047328327841474381
6000 0 0 0.31310217505504118 24.723450261633133 0.0073210214600936763 0.0043780591198925665 0.0073210214600936642 0.0043780591198925665 0.0073210214600936763 -8.626085956647819e-18 -8.6758725204083853e-18 -6.9960330262697026e-17 -1.5853809898147706e-17 -1.3266070558746352e-16 49.999999999999879 49.999999999999929 49.999999999999879 -1.2079226507921703e-13 -7.1054273576010019e-14 1.0000000000000024 1969.8656512468187 8030.1343487467138 0.026749385110068625 0 0 0.96930488659765168 4.9040120754685199e-18 1 -8.7218318504944659e-14 7.6727090392997299e-15 -6.996303781159585e-13 0.34228190459013008 0.3296177265833522 0.012664178006777882 0.0043780591198925665
6500 0 0 0.36335280257206604 24.654456475559801 0.0054590196803747867 0.0027756564865208822 0.0054590196803747911 0.002775656486520884 0.0054590196803747867 -4.0412118096383703e-18 -7.7386881625116989e-18 -7.2559434116616825e-17 -1.0063543608603977e-16 -1.2185411461269111e-16 49.999999999999879 49.999999999999915 49.999999999999879 -1.2079226507921703e-13 -8.5265128291212022e-14 1.0000000000000049 1969.8656512467016 8030.1343487462364 0.026894503745712239 0 0 0.969396803413623 4.8217993452574519e-18 1 -4.0190087043957823e-14 -3.6111528535238274e-14 -7.2553285333512515e-13 0.34319940211472627 0.32846158775924611 0.014737814355480161 0.0027756564865208822
7000 0 0 0.42337516414100962 24.599667393234707 0.0051283121857224855 0.0028641021901624274 0.0051283121857224959 0.0028641021901624274 0.0051283121857224855 -1.081183753638124e-17 -8.7342676494194917e-18 -7.3200140192041e-17 -8.7813085924998307e-17 -1.9625308125250653e-17 49.999999999999879 49.999999999999908 49.999999999999879 -1.2079226507921703e-13 -9.2370555648813024e-14 1.0000000000000002 1969.8656512466109 8030.1343487458726 0.027071143100955378 0 0 0.974587188708675 5.1258329613707874e-18 1 -1.0797959748565233e-13 -8.9427382125449768e-14 -7.3209687888545201e-13 0.3460382397983951 0.32882763457462511 0.017210605223769992 0.0028641021901624274
7500 0 0 0.44500150691656831 24.622423949270239 0.0064188584904018263 0.0040597059370256431 0.0064188584904018324 0.0040597059370256448 0.0064188584904018263 -1.4296203110231546e-17 -5.8279336218094632e-18 -7.5607445162243951e-17 3.2069768405676681e-17 1.0414065315927354e-16 49.999999999999872 49.999999999999893 49.999999999999872 -1.2789769243681803e-13 -1.0658141036401503e-13 1.0000000000000016 1969.8656512464975 8030.1343487454496 0.026785792708953392 0 0 0.98596766746890396 5.3563641316253803e-18 1 -1.4276757944256535e-13 9.9800809977290683e-16 -7.5602267664628397e-13 0.34784755463172229 0.32977453680726243 0.018073017824459858 0.0040597059370256431
8000 0 0 0.33327417684413863 24.684370738755472 0.0093848119989754664 0.0048125891543864645 0.0093848119989754786 0.0048125891543864636 0.0093848119989754664 -2.188874081989419e-17 -5.4563558532552451e-18 -7.9188676531679355e-17 1.9561029622994137e-16 9.5721508115266112e-18 49.999999999999858 49.999999999999886 49.999999999999858 -1.4210854715202004e-13 -1.1368683772161603e-13 1.000000000000004 1969.8656512463874 8030.1343487450249 0.026827046066487132 0 0 0.98848305750256449 5.685329709077778e-18 1 -2.1911118752715453e-13 -9.9453919492203946e-14 -7.9191136225580571e-13 0.34444578875708215 0.33094436389309384 0.013501424863988309 0.0048125891543864645
8500 0 0 0.23759901030754652 24.749500527120571 0.0065967537726309916 0.0033984279719673806 0.0065967537726309769 0.0033984279719673788 0.0065967537726309916 -2.7376365063805466e-17 -5.2502707043093155e-18 -8.5642572838984578e-17 1.1539402061607451e-16 -9.048756140592155e-17 49.999999999999851 49.999999999999872 49.999999999999851 -1.4921397450962104e-13 -1.2789769243681803e-13 1.0000000000000002 1969.8656512462903 8030.1343487445574 0.026978419277102223 0 0 0.98301386231216437 5.9454089095778605e-18 1 -2.7427368644479533e-13 -3.2620594051478713e-14 -8.5646435302043138e-13 0.34174140068398051 0.33214124693351654 0.0096001537504639689 0.0033984279719673806
9000 0 0 0.20521523966352015 24.78377537488263 0.0032277744527973379 0.0018272580960273367 0.0032277744527973665 0.0018272580960273382 0.0032277744527973379 -2.8746449665134552e-17 -1.7047734751657095e-17 -8.5994526630539861e-17 5.6934107788320965e-17 -1.8023426676085236e-16 49.999999999999829 49.999999999999858 49.999999999999829 -1.7053025658242404e-13 -1.4210854715202004e-13 1.0000000000000038 1969.8656512461737 8030.1343487441109 0.027207567060081483 0 0 0.9854639250784315 5.9686000773289746e-18 1 -2.8733981340123282e-13 -1.8275138347068065e-13 -8.6028444079377845e-13 0.34121723586731534 0.3329370107377938 0.0082802251295215346 0.0018272580960273367
9500 0 0 0.22617600310438588 24.753462043321694 0.0040430531740998765 0.0021508836594261219 0.0040430531740998973 0.0021508836594261219 0.0040430531740998765 -2.0876009254621404e-17 -9.341746126666039e-18 -8.9702882452930698e-17 -1.2020329534172336e-16 -9.0401484443327598e-17 49.999999999999815 49.999999999999837 49.999999999999815 -1.8474111129762605e-13 -1.6342482922482304e-13 1.0000000000000007 1969.8656512460893 8030.134348743708 0.027076505034584624 0 0 0.98606011550921058 5.8933151762614995e-18 1 -2.0814941567234846e-13 -8.0399228941097078e-14 -8.9671155172412723e-13 0.34253688821504752 0.33339974195613031 0.0091371462589172059 0.0021508836594261219
10000 0 0 0.25363741638209408 24.723746379522787 0.0060003200339872444 0.0038337404483886938 0.0060003200339872271 0.0038337404483886933 0.0060003200339872444 -2.1150789453217607e-17 -1.7491910697683382e-17 -9.4943234997592093e-17 -1.7291444250863664e-16 -1.1743600274284323e-17 49.999999999999794 49.999999999999829 49.999999999999794 -2.0605739337042905e-13 -1.7053025658242404e-13 1.0000000000000013 1969.8656512459738 8030.1343487432523 0.027016304654171285 0 0 0.98891881777945279 5.6493632714484562e-18 1 -2.1205606715035685e-13 -1.7790630080227743e-13 -9.4931641642212917e-13 0.34253918529594118 0.33228032676824787 0.010258858527693315 0.0038337404483886938
10500 0 0 0.33499796623766859 24.690099985665661 0.0071961326328329536 0.0040912062462225684 0.0071961326328329831 0.0040912062462225675 0.0071961326328329536 -2.9350827324170587e-17 -2.1782228798475163e-17 -1.023452646151035e-16 -2.3617685523115932e-16 -2.4288175165260016e-17 49.999999999999773 49.999999999999822 49.999999999999773 -2.2737367544323206e-13 -1.7763568394002505e-13 1.0000000000000018 1969.8656512458888 8030.134348742813 0.026995971520038419 0 0 0.98230551867079907 5.0312992734705544e-18 1 -2.9242931589689575e-13 -2.122616318822601e-13 -1.0232447138135433e-12 0.34387750084330848 0.33030939190765579 0.01356810893565269 0.0040912062462225684
11000 0 0 0.37097128476629176 24.658425804903789 0.0056073459044557825 0.0029152020006881739 0.0056073459044557565 0.0029152020006881717 0.0056073459044557825 -2.5646498813566988e-17 -1.7754070782992769e-17 -1.0708393344637591e-16 -1.5070942780882708e-16 1.5145022904580883e-17 49.999999999999758 49.999999999999808 49.999999999999758 -2.4158453015843406e-13 -1.9184653865522705e-13 1.0000000000000022 1969.8656512457799 8030.1343487424137 0.027140556226323373 0 0 0.98097306680634511 4.9170841434864546e-18 1 -2.5576242512759251e-13 -1.8094466897045081e-13 -1.0709069666229767e-12 0.34419956885302444 0.32915516627431168 0.015044402578712757 0.0029152020006881739
11500 0 0 0.40780478459142322 24.636708639408873 0.0033625862234237134 0.0017488136605632767 0.0033625862234237143 0.0017488136605632763 0.0033625862234237134 -2.197235449144456e-17 -1.67198720147017e-17 -1.0533341636857868e-16 -4.9853599897250089e-18 6.0427907491328703e-17 49.99999999999973 49.999999999999794 49.99999999999973 -2.7000623958883807e-13 -2.0605739337042905e-13 1.000000000000004 1969.8656512456737 8030.1343487418753 0.026980004767021653 0 0 0.97985125645045634 5.0356252038433771e-18 1 -2.1990395615567593e-13 -1.6835878936631576e-13 -1.0533313500603851e-12 0.34571338744339858 0.32916065750856066 0.016552729934837918 0.0017488136605632767
12000 0 0 0.39224169310468615 24.667484001987777 0.0040152707585798669 0.0021474810696389241 0.0040152707585798695 0.0021474810696389241 0.0040152707585798669 -2.1361384883206028e-17 -1.8004955165707963e-17 -1.0964864371630858e-16 3.3937270974878104e-17 1.603747626302035e-16 49.999999999999709 49.999999999999787 49.999999999999709 -2.9132252166164108e-13 -2.1316282072803006e-13 1.0000000000000011 1969.8656512455618 8030.134348741527 0.027067027840684404 0 0 0.98237752647423704 5.1352615921753071e-18 1 -2.1350277231921289e-13 -1.6332638366756136e-13 -1.0965209297371927e-12 0.34561453796112035 0.32971337458859812 0.015901163372522231 0.0021474810696389241
12500 0 0 0.28066372738743156 24.723695978560009 0.0063945768029539368 0.003445510949388361 0.0063945768029539021 0.0034455109493883615 0.0063945768029539368 -2.8377300509457125e-17 -1.9798529135610596e-17 -1.1069874615064682e-16 1.4606019633015597e-16 8.3032401787430291e-17 49.99999999999968 49.999999999999766 49.99999999999968 -3.1974423109204508e-13 -2.3447910280083306e-13 1.0000000000000029 1969.8656512454756 8030.1343487410695 0.027003695565570918 0 0 0.98518037303555261 5.317427596710554e-18 1 -2.8457791678704325e-13 -2.0565322990558077e-13 -1.1070515784419503e-12 0.34193166676380099 0.33057965339044376 0.011352013373357228 0.003445510949388361
13000 0 0 0.19184343778253327 24.778787598640267 0.00572409467842109 0.0030931646282081741 0.0057240946784210892 0.0030931646282081741 0.00572409467842109 -2.3882978927891594e-17 -2.2413212778824743e-17 -1.1440881238665253e-16 1.8845797860803499e-16 1.3868215982716011e-16 49.999999999999659 49.999999999999751 49.999999999999659 -3.4106051316484809e-13 -2.4868995751603507e-13 1.0000000000000024 1969.8656512453679 8030.1343487406511 0.026980516565643636 0 0 0.98892172726883687 5.7462641113644306e-18 1 -2.3898938892057044e-13 -2.5009833952622552e-13 -1.1443785416841911e-12 0.33928437440286507 0.33154212966958924 0.0077422447332758382 0.0030931646282081741
13500 0 0 0.1833152978768843 24.803714196308029 0.0040848864520506472 0.0024016176543397382 0.0040848864520506194 0.0024016176543397391 0.0040848864520506472 -2.6034382982802528e-17 -2.07674155650341e-17 -1.1805508661305066e-16 -9.7229965214336011e-18 5.6242173213248396e-17 49.999999999999631 49.99999999999973 49.999999999999631 -3.694822225952521e-13 -2.7000623958883807e-13 1.0000000000000036 1969.8656512452633 8030.1343487402164 0.027152990821986755 0 0 0.98929372344196009 5.4461837220959146e-18 1 -2.6030569301623008e-13 -2.103846610812532e-13 -1.1804509421872333e-12 0.33974981346700051 0.33235917445116431 0.0073906390158361979 0.0024016176543397382
14000 0 0 0.22269649838057615 24.773066279716023 0.0034275121820868224 0.0018906769696088799 0.0034275121820868388 0.0018906769696088784 0.0034275121820868224 -2.1828025498249034e-17 -2.3629318987619167e-17 -1.1806169561026448e-16 -1.1402722197873223e-16 -5.9813053326620001e-17 49.999999999999602 49.999999999999716 49.999999999999602 -3.979039320256561e-13 -2.8421709430404007e-13 1.0000000000000016 1969.8656512451585 8030.1343487397371 0.027275006168177844 0 0 0.98732079311797083 5.5964938487082243e-18 1 -2.1773904836271119e-13 -2.3956834779848002e-13 -1.1805761226575006e-12 0.34186813733586663 0.33287867693294032 0.0089894604029263081 0.0018906769696088799
14500 0 0 0.26981025863787278 24.73000783203522 0.0047098939151192822 0.0026330886885803251 0.0047098939151192856 0.002633088688580323 0.0047098939151192822 -1.8099757803675113e-17 -2.2326931969942009e-17 -1.2304210791296093e-16 -1.3402092096238364e-16 -1.4875269739237788e-16 49.999999999999574 49.999999999999687 49.999999999999574 -4.2632564145606011e-13 -3.1263880373444408e-13 1.0000000000000002 1969.865651245058 8030.1343487392778 0.027123948679368761 0 0 0.98896318095435354 5.4492232861821339e-18 1 -1.8141391167070253e-13 -1.9697432704010587e-13 -1.2301888968093925e-12 0.34313805513498102 0.33222781764252213 0.010910237492458896 0.0026330886885803251
15000 0 0 0.34416796984924958 24.680417595522822 0.004998985593930895 0.0029281532005372506 0.0049989855939308915 0.0029281532005372493 0.004998985593930895 -1.7004453400942511e-17 -2.231964613134403e-17 -1.2777215267155105e-16 -9.8735824200366487e-17 -2.2511811658938758e-16 49.999999999999552 49.999999999999694 49.999999999999552 -4.4764192352886312e-13 -3.0553337637684308e-13 1.0000000000000036 1969.865651244949 8030.134348738864 0.027124779717346264 0 0 0.98546908558465673 5.3231117887520892e-18 1 -1.6996121307219503e-13 -2.1742503630850507e-13 -1.2777264862147262e-12 0.34475771988436815 0.33081273826008301 0.013944981624285147 0.0029281532005372506
15500 0 0 0.3842381184760888 24.633200335504405 0.0036261505901115905 0.0022364867713920555 0.003626150590111571 0.0022364867713920563 0.0036261505901115905 -1.9454576838417136e-17 -2.3494769498017307e-17 -1.329614221620695e-16 -1.4761413920142276e-16 -1.3793834822129123e-16 49.999999999999538 49.999999999999659 49.999999999999538 -4.6185277824406512e-13 -3.4106051316484809e-13 1.0000000000000047 1969.8656512448451 8030.1343487384665 0.027254583039685552 0 0 0.98533768695973767 4.9429998898150563e-18 1 -1.9449333365628013e-13 -2.8590671496964148e-13 -1.3294761595962704e-12 0.34550209246186597 0.32990370844181327 0.015598384020052702 0.0022364867713920555
16000 0 0 0.42256869063951386 24.603699756553951 0.003394120420277146 0.0015961177376430829 0.0033941204202771421 0.0015961177376430835 0.003394120420277146 -2.0376408893553719e-17 -2.5358274508046257e-17 -1.3440907936329808e-16 -1.3791841813423391e-16 -9.058758634716625e-18 49.99999999999951 49.999999999999645 49.99999999999951 -4.9027448767446913e-13 -3.5527136788005009e-13 1.0000000000000016 1969.8656512447442 8030.1343487381064 0.027231442372367798 0 0 0.98751881023553278 5.1630949712883589e-18 1 -2.0422205593284559e-13 -2.5310482876239604e-13 -1.344007602611979e-12 0.34692952725357568 0.32975452126582988 0.017175005987745795 0.0015961177376430829
16500 0 0 0.41922873287191315 24.6282718784046 0.0034759077136336247 0.0019027210053685229 0.0034759077136336503 0.0019027210053685242 0.0034759077136336247 -2.5598273500949761e-17 -1.9604110002048823e-17 -1.3730274532190079e-16 -1.2085537382665312e-16 1.3976427232390144e-16 49.999999999999481 49.999999999999631 49.999999999999481 -5.1869619710487314e-13 -3.694822225952521e-13 1.0000000000000016 1969.8656512446375 8030.1343487376016 0.027143384608721691 0 0 0.98809690437381137 5.2215581842198396e-18 1 -2.5680155159475693e-13 -2.0119583082900405e-13 -1.3733754771408827e-12 0.34696771102345009 0.32994545566823308 0.017022255355217009 0.0019027210053685229
17000 0 0 0.33421927217775205 24.688508403296254 0.0043349167794565751 0.0028832677453793859 0.0043349167794565968 0.0028832677453793855 0.0043349167794565751 -2.3531523951668368e-17 -2.2092657564516778e-17 -1.3756246483749548e-16 -2.0125595244027956e-17 9.3061188631253456e-17 49.99999999999946 49.999999999999609 49.99999999999946 -5.4001247917767614e-13 -3.907985046680551e-13 1.0000000000000036 1969.8656512445441 8030.1343487371805 0.027140584159319994 0 0 0.98885590070658913 5.2414986684170726e-18 1 -2.3509314070122023e-13 -2.1781965879423548e-13 -1.3755400585572891e-12 0.34396536262892025 0.3304279197539538 0.013537442874966443 0.0028832677453793859
17500 0 0 0.23795251052822738 24.75790812142947 0.0039912342565968468 0.0025760246338638088 0.0039912342565968364 0.0025760246338638088 0.0039912342565968468 -2.6884397486044091e-17 -1.249087638879457e-17 -1.3334683286388129e-16 1.6092983371542005e-16 1.1446648453259183e-16 49.999999999999432 49.999999999999602 49.999999999999432 -5.6843418860808015e-13 -3.979039320256561e-13 1.0000000000000022 1969.8656512444413 8030.1343487367521 0.027218066154868506 0 0 0.9902957630134821 5.1489111668049146e-18 1 -2.6924645781141454e-13 -9.1726946134171317e-14 -1.3335886373809718e-12 0.34073802635235034 0.33112685446492157 0.009611171887428771 0.0025760246338638088
18000 0 0 0.19263055813727839 24.804093497391214 0.0029411127015132859 0.0016816645050250643 0.0029411127015132755 0.0016816645050250656 0.0029411127015132859 -2.927068309960375e-17 -1.4396036446290412e-17 -1.3535386225346619e-16 1.7893369825377266e-17 3.7144805900084431e-18 49.999999999999403 49.999999999999602 49.999999999999403 -5.9685589803848416e-13 -3.979039320256561e-13 1.0000000000000013 1969.8656512443295 8030.1343487362601 0.027353155920320421 0 0 0.9914896222579721 5.6014448279882153e-18 1 -2.9181859836566182e-13 -1.5502527104908903e-13 -1.3534413196940482e-12 0.33966271862976083 0.33189663928654523 0.0077660793432156039 0.0016816645050250643
18500 0 0 0.18720298999705645 24.801098751705627 0.0015003150877873452 0.00083379917339275965 0.0015003150877873751 0.00083379917339275955 0.0015003150877873452 -2.8419627762289472e-17 -1.7646301087061641e-17 -1.3625569876790843e-16 -4.1496628388334515e-17 -1.1453360470872073e-16 49.999999999999368 49.999999999999595 49.999999999999368 -6.3238303482648917e-13 -4.0500935938325711e-13 1.0000000000000013 1969.8656512442358 8030.1343487358417 0.027421233615083567 0 0 0.98841292577256312 5.5105668047080017e-18 1 -2.8459542665212889e-13 -1.7529036490555872e-13 -1.3623058437902926e-12 0.3400223159057682 0.33247414266267017 0.0075481732430980331 0.00083379917339275965
19000 0 0 0.21154735936358701 24.773727772831968 0.0034309510089198174 0.001907397474446902 0.0034309510089198044 0.0019073974744469009 0.0034309510089198174 -3.3018032752419671e-17 -1.387275710976249e-17 -1.3563476356160178e-16 -6.4189255201756205e-17 -1.5590259201614482e-16 49.999999999999332 49.999999999999567 49.999999999999332 -6.6791017161449417e-13 -4.3343106881366111e-13 1.0000000000000007 1969.8656512441221 8030.1343487354507 0.027197314989874266 0 0 0.98968207285633614 5.3024672423635086e-18 1 -3.3087432533412953e-13 -1.6185143503211208e-13 -1.3562283625170792e-12 0.34069968803887329 0.3321605064791413 0.0085391815597319898 0.001907397474446902
19500 0 0 0.27962605845096067 24.729017002586986 0.0046394883225645773 0.0026581112558918905 0.0046394883225646102 0.0026581112558918918 0.0046394883225645773 -3.439332152417873e-17 -1.1170578351228489e-17 -1.3643980023204831e-16 -4.1662876440743844e-17 -1.282988933783543e-16 49.999999999999297 49.999999999999559 49.999999999999297 -7.0343730840249918e-13 -4.4053649617126212e-13 1.0000000000000033 1969.8656512440293 8030.1343487350005 0.027099582400452203 0 0 0.98905084452934311 5.2425365095909543e-18 1 -3.4451602811888526e-13 -7.0908502593919343e-14 -1.3643025224138475e-12 0.34238334124227987 0.33107573211160929 0.011307609130670582 0.0026581112558918905
20000 0 0 0.34463190266449206 24.6750719694837 0.0039154683001092318 0.0022943191887104778 0.0039154683001092006 0.0022943191887104782 0.0039154683001092318 -3.1330146810293857e-17 -1.2850527933455427e-17 -1.3603505743519635e-16 -3.908006925002895e-17 -1.2682032244221729e-16 49.999999999999254 49.999999999999552 49.999999999999254 -7.460698725481052e-13 -4.4764192352886312e-13 1.0000000000000009 1969.8656512439238 8030.1343487344975 0.027206949718690296 0 0 0.98902467633679136 4.8305482385315222e-18 1 -3.1327368542159728e-13 -1.102113192374965e-13 -1.3604627780051803e-12 0.34417212922115276 0.33020532486529486 0.013966804355857898 0.0022943191887104778
20500 0 0 0.40620191533333705 24.626758493599464 0.0025219917567226033 0.001363224969157899 0.0025219917567225751 0.0013632249691578984 0.0025219917567226033 -2.8358218551245774e-17 -1.2477638280272459e-17 -1.3559874865380049e-16 -1.6611353721549742e-16 -2.848102542397594e-17 49.999999999999226 49.999999999999538 49.999999999999226 -7.744915819785092e-13 -4.6185277824406512e-13 1.000000000000002 1969.8656512438158 8030.1343487341519 0.027303484429121422 0 0 0.98847456918682075 4.9818712348639635e-18 1 -2.8374873929431707e-13 -1.29645324694911e-13 -1.3559036559429197e-12 0.34642904641924044 0.32993471504229899 0.016494331376941451 0.001363224969157899
21000 0 0 0.42764613484703379 24.618909178620353 0.001571991866344935 0.00075885207072725713 0.0015719918663449062 0.0007588520707272567 0.001571991866344935 -3.0473887302553306e-17 -1.0099831127702874e-17 -1.3523029704786516e-16 -1.4395447610864612e-16 3.4900645251456888e-17 49.999999999999183 49.999999999999517 49.999999999999183 -8.1712414612411521e-13 -4.8316906031686813e-13 1.0000000000000013 1969.8656512437262 8030.1343487337308 0.027382196904531222 0 0 0.98855892671106393 5.3100475701047939e-18 1 -3.0464516407582506e-13 -1.061511921657092e-13 -1.352293879793104e-12 0.34740334454149674 0.33003270753462188 0.017370637006874856 0.00075885207072725713
21500 0 0 0.37561850224314108 24.649587683708344 0.0029116016422606043 0.0019623820056544538 0.0029116016422605639 0.0019623820056544525 0.0029116016422606043 -3.8833519733306621e-17 -1.7419572728756592e-17 -1.3488723744564705e-16 -1.1422771213525394e-16 9.6183837541714007e-17 49.999999999999147 49.99999999999951 49.999999999999147 -8.5265128291212022e-13 -4.9027448767446913e-13 1.0000000000000011 1969.8656512436062 8030.1343487332842 0.027285179179240292 0 0 0.99009691053576931 5.5727965193988472e-18 1 -3.8862665798118645e-13 -1.4365415866406106e-13 -1.3486658907795328e-12 0.34568958245823495 0.3304512544560429 0.015238328002192048 0.0019623820056544538
22000 0 0 0.29422366001840927 24.702680473781857 0.0033005955379798971 0.0022463069774062996 0.0033005955379798641 0.0022463069774063017 0.0033005955379798971 -3.462681530405495e-17 -1.1191048088248048e-17 -1.3811447804694297e-16 -1.2096659341153326e-17 1.4006576556757982e-16 49.999999999999112 49.999999999999496 49.999999999999112 -8.8817841970012523e-13 -5.0448534238967113e-13 1.0000000000000004 1969.8656512435125 8030.1343487328695 0.027240078777032221 0 0 0.98764113816156118 5.1476175560806519e-18 1 -3.4598376680988752e-13 -1.0860062849005203e-13 -1.3812578054813178e-12 0.34297437165001771 0.33106377513274166 0.011910596517276051 0.0022463069774062996
22500 0 0 0.24414342562267671 24.752435650972565 0.0035807842587622794 0.0018660162213082409 0.0035807842587622396 0.0018660162213082405 0.0035807842587622794 -4.0102643428338286e-17 -1.5993803503849591e-17 -1.3609926977384691e-16 -3.0400241416819989e-17 3.5870358827038356e-18 49.999999999999076 49.999999999999488 49.999999999999076 -9.2370555648813024e-13 -5.1159076974727213e-13 1.000000000000004 1969.8656512434056 8030.1343487323475 0.027263197536029685 0 0 0.99052697917670773 5.3532582032849536e-18 1 -4.0147063191248167e-13 -1.6946950028191854e-13 -1.360876395020411e-12 0.34159585661128222 0.33173244643762184 0.0098634101736603808 0.0018660162213082409
23000 0 0 0.22297609348888883 24.773160706791845 0.0021144159969315231 0.0011156299701912111 0.0021144159969315661 0.0011156299701912111 0.0021144159969315231 -4.328308544920391e-17 -1.6861598922709891e-17 -1.3265133826381319e-16 -1.3491592529523058e-16 -4.4496543120679589e-17 49.999999999999034 49.99999999999946 49.999999999999034 -9.6633812063373625e-13 -5.4001247917767614e-13 1.0000000000000002 1969.8656512432945 8030.1343487319136 0.027412195506879889 0 0 0.98982978657145759 5.5562186535436901e-18 1 -4.3226189229590706e-13 -1.7540740453007853e-13 -1.3267112680128268e-12 0.34122895606673648 0.33222824371807935 0.009000712348657125 0.0011156299701912111
23500 0 0 0.22366669740280481 24.771753481674128 0.0022222468248333464 0.0012828198353802907 0.0022222468248333906 0.0012828198353802898 0.0022222468248333464 -4.4294342499530229e-17 -1.8248163397062865e-17 -1.3617917957626549e-16 -1.277618803459218e-16 -9.0531987736968344e-17 49.999999999998991 49.999999999999453 49.999999999998991 -1.0089706847793423e-12 -5.4711790653527714e-13 1.0000000000000007 1969.8656512431999 8030.1343487314907 0.027347114211221352 0 0 0.9908177395242872 5.4372127209564458e-18 1 -4.4204138233919915e-13 -1.7775018246570309e-13 -1.3617456652117241e-12 0.34110233842484089 0.33207323608179234 0.0090291023430485451 0.0012828198353802907
24000 0 0 0.25710407030758231 24.750694181833811 0.0027408742109412297 0.0019685891615332913 0.0027408742109412097 0.0019685891615332891 0.0027408742109412297 -4.36005398453136e-17 -1.667927948538625e-17 -1.3408194904227967e-16 1.6183739443095315e-17 -1.1515666447749607e-16 49.999999999998956 49.999999999999446 49.999999999998956 -1.0444978215673473e-12 -5.5422333389287814e-13 1.0000000000000036 1969.8656512430921 8030.1343487310651 0.027306620981272019 0 0 0.9908188250105785 5.0764975859608459e-18 1 -4.3590822683230168e-13 -1.7993939671612225e-13 -1.3406257617964022e-12 0.34163773921834933 0.3312499873266756 0.010387751891673735 0.0019685891615332913
24500 0 0 0.29857813480126616 24.713449202272557 0.0029024555396298182 0.0018631557199037894 0.0029024555396297991 0.0018631557199037885 0.0029024555396298182 -4.7109538492531029e-17 -1.9959641578467911e-17 -1.3615724868282931e-16 4.3403617956805637e-17 -1.5168163600106277e-16 49.999999999998927 49.999999999999424 49.999999999998927 -1.0729195309977513e-12 -5.7553961596568115e-13 1.000000000000002 1969.8656512429941 8030.1343487306694 0.027270253225158667 0 0 0.98625436477430095 4.8996027843202699e-18 1 -4.7124802703742835e-13 -1.422330067851578e-13 -1.3615144655620224e-12 0.34253176723206546 0.33045016209643713 0.012081605135628337 0.0018631557199037894
25000 0 0 0.34754154348967969 24.671575477300113 0.0022881743026924128 0.0012980291096706539 0.002288174302692464 0.0012980291096706528 0.0022881743026924128 -5.1340875995147301e-17 -2.4585997300607292e-17 -1.3808336159866881e-16 -2.5683810001811231e-17 -1.125976136602071e-16 49.999999999998884 49.99999999999941 49.999999999998884 -1.1155520951433573e-12 -5.8975047068088315e-13 1.0000000000000016 1969.8656512428895 8030.1343487302156 0.027330809410354154 0 0 0.98510343883264606 4.9268224068281235e-18 1 -5.1357525952247171e-13 -2.2884602876973095e-13 -1.3807127903616815e-12 0.34417240746328626 0.330085688769158 0.014086718694128253 0.0012980291096706539
25500 0 0 0.37940298785521115 24.653592853077448 0.0014988313099434998 0.00085102558138469694 0.0014988313099434454 0.00085102558138469662 0.0014988313099434998 -5.5712379154623892e-17 -2.0984949888948972e-17 -1.3757206045903516e-16 -1.1391604733758089e-16 -3.9379153563744883e-17 49.999999999998835 49.999999999999382 49.999999999998835 -1.1652900866465643e-12 -6.1817218011128716e-13 1.0000000000000027 1969.865651242784 8030.1343487298009 0.027360623136415348 0 0 0.98679246155358469 5.1069874549649068e-18 1 -5.5709598175898711e-13 -2.1295618534648147e-13 -1.3755129781605993e-12 0.34544101059133525 0.33005165172115941 0.01538935887017584 0.00085102558138469694
26000 0 0 0.3630068046243719 24.664878183332547 0.0029269879236205323 0.0016153959138151435 0.0029269879236205015 0.0016153959138151433 0.0029269879236205323 -5.6649390040178293e-17 -1.286069774984174e-17 -1.3727496397734247e-16 -1.4233342023053714e-16 1.5339669013906385e-17 49.999999999998792 49.999999999999375 49.999999999998792 -1.2079226507921703e-12 -6.2527760746888816e-13 1.0000000000000013 1969.8656512426958 8030.1343487293525 0.027329933838292009 0 0 0.98984538786479215 5.3708959419467847e-18 1 -5.6633948968204742e-13 -1.3334462250743154e-13 -1.3725484133200176e-12 0.34505296589336981 0.33033540670146283 0.014717559191906981 0.0016153959138151435
26500 0 0 0.3133610585338919 24.695921017833495 0.0032703349574474357 0.0019280463463697919 0.0032703349574473859 0.0019280463463697943 0.0032703349574474357 -5.898961874545486e-17 -1.1884850742472416e-17 -1.3441900705101639e-16 -1.8382606131563243e-16 2.5381501026166114e-17 49.999999999998742 49.999999999999353 49.999999999998742 -1.2576606422953773e-12 -6.4659388954169117e-13 1.0000000000000029 1969.8656512425684 8030.1343487288568 0.027269901077020053 0 0 0.99007988399113078 5.6477971472555451e-18 1 -5.9020845123106819e-13 -9.6166130614250278e-14 -1.3440357322402424e-12 0.34354476415438057 0.33085598618543555 0.01268877796894502 0.0019280463463697919
27000 0 0 0.27514984448639385 24.728658912748749 0.0024535949282030699 0.0015628704804718839 0.0024535949282030386 0.0015628704804718843 0.0024535949282030699 -6.1170166154767576e-17 -1.7103549479530056e-17 -1.3638564624584379e-16 -2.6797538534868008e-16 -6.5908964161999701e-17 49.9999999999987 49.999999999999353 49.9999999999987 -1.3002932064409833e-12 -6.4659388954169117e-13 1.0000000000000033 1969.8656512424755 8030.1343487284275 0.027328601009149439 0 0 0.98982033488582233 5.6744750608026591e-18 1 -6.114796304934958e-13 -1.3479930333851892e-13 -1.3639213397915359e-12 0.34263493923928462 0.33150817957725776 0.011126759662026864 0.0015628704804718839
27500 0 0 0.25453414005431424 24.743963876268705 0.0013897001382224665 0.00071237602846758107 0.001389700138222522 0.00071237602846758183 0.0013897001382224665 -6.3495042557280634e-17 -1.5126485133954048e-17 -1.3675496834672631e-16 -1.4500451563762416e-16 -3.4793453191738977e-17 49.99999999999865 49.999999999999346 49.99999999999865 -1.3500311979441904e-12 -6.5369931689929217e-13 1.0000000000000069 1969.865651242372 8030.1343487280365 0.027454795239657988 0 0 0.99045593664228049 5.665093974463208e-18 1 -6.3465191760779527e-13 -1.5520568229059062e-13 -1.3675444817977654e-12 0.34234307131329234 0.33205635487096713 0.010286716442325206 0.00071237602846758107
28000 0 0 0.25043329902279604 24.743514589019984 0.0014304407519434128 0.0007936649531305978 0.0014304407519433906 0.00079366495313059812 0.0014304407519434128 -6.3007693680751308e-17 -2.2052823976725828e-17 -1.4018463101046911e-16 -8.6847034802704073e-18 -1.4543156293392706e-16 49.999999999998607 49.999999999999332 49.999999999998607 -1.3926637620897964e-12 -6.6791017161449417e-13 1.0000000000000013 1969.8656512422658 8030.1343487276545 0.027403385600475567 0 0 0.99064148538278674 5.6035478042631306e-18 1 -6.300888628177516e-13 -2.2285808176210762e-13 -1.40184970165797e-12 0.34221540778506382 0.3320942385339532 0.010121169251110618 0.0007936649531305978
28500 0 0 0.27232077017813178 24.730649048828617 0.002636926600429051 0.001686333768031715 0.0026369266004289869 0.0016863337680317158 0.002636926600429051 -6.4094216045892363e-17 -2.6900790622923807e-17 -1.3930644897151191e-16 4.6829771564076704e-17 -5.5148650739417522e-17 49.999999999998565 49.999999999999318 49.999999999998565 -1.4352963262354024e-12 -6.8212102632969618e-13 1.0000000000000004 1969.8656512421746 8030.1343487271488 0.027331657329593195 0 0 0.99152662744428699 5.3049034535378661e-18 1 -6.4123706344787479e-13 -2.6781354911520339e-13 -1.3931850323697774e-12 0.34250951294282622 0.3314980441519968 0.011011468790829426 0.001686333768031715
29000 0 0 0.30468463973676901 24.707291657297784 0.0028212439214899119 0.0018041600681817558 0.0028212439214899371 0.0018041600681817562 0.0028212439214899119 -6.0190394335545579e-17 -2.5313496958358141e-17 -1.3933204643050707e-16 8.7268651209539706e-19 -8.702761782312612e-17 49.999999999998522 49.999999999999304 49.999999999998522 -1.4779288903810084e-12 -6.9633188104489818e-13 1.0000000000000024 1969.8656512420666 8030.1343487267532 0.027315119933712714 0 0 0.9904288870758422 5.118289733807472e-18 1 -6.0217454666330189e-13 -2.511855740766622e-13 -1.3933539070682809e-12 0.34307005062944845 0.33073828056080257 0.012331770068645886 0.0018041600681817558
29500 0 0 0.34065547770620908 24.680408972942807 0.0024546567123200601 0.0012891689215888487 0.0024546567123200865 0.0012891689215888508 0.0024546567123200601 -6.1873596524294074e-17 -2.4478720916662348e-17 -1.4279652605299156e-16 -1.1811771074171545e-16 -9.4092849400092343e-17 49.999999999998479 49.999999999999289 49.999999999998479 -1.5205614545266144e-12 -7.1054273576010019e-13 1.0000000000000004 1969.8656512419664 8030.1343487263439 0.027396702595831508 0 0 0.98755286782884533 5.0651392405793851e-18 1 -6.1848789978391494e-13 -2.4702914952316746e-13 -1.4278508041412837e-12 0.34406665108815471 0.33026398363318382 0.013802667454970885 0.0012891689215888487
29999 0 0 0.36224314403633828 24.668952922127978 0.000771343050757301 0.00035232974168943997 0.00077134305075727595 0.00035232974168943927 0.000771343050757301 -5.6916450719330256e-17 -2.1508413539858551e-17 -1.3771867270844317e-16 -1.0386541113466261e-16 -2.1662503159150176e-17 49.99999999999843 49.999999999999275 49.99999999999843 -1.5702994460298214e-12 -7.2475359047530219e-13 1.0000000000000002 1969.8656512418745 8030.1343487259292 0.027389636538347476 0 0 0.98668816233602052 5.1630194184503205e-18 1 -5.6897023849094772e-13 -2.1464590765603656e-13 -1.3773301492478535e-12 0.34479196663026068 0.33010779478154767 0.014684171848713012 0.00035232974168943997
