# 1:passo  2:R0  3:|a2|/R0  4:|a4|/R0  5:|a8|/R0  6:rmin  7:rmax
0 24.99530979 1.096091932e-16 9.52226216e-05 8.27724819e-05 24.98429581 25.00965244
500 24.99519984 2.231247176e-16 0.0001823448499 5.844170075e-05 24.98351371 25.01018882
1000 24.99476474 2.49464545e-16 0.000376460245 5.391812147e-05 24.97836043 25.01232519
1500 24.99433661 1.07103291e-16 0.0004934991635 5.17072961e-05 24.97507916 25.01391325
2000 24.99410144 1.556564466e-16 0.0005403601434 5.092423855e-05 24.9737006 25.01491723
2500 24.99410431 3.916581818e-16 0.0005376957997 5.097131996e-05 24.97376846 25.01484931
3000 24.99431146 7.137366951e-16 0.0005069620286 5.144782115e-05 24.97472506 25.01424761
3500 24.9946117 1.174127029e-15 0.0004660468017 5.208223669e-05 24.97602278 25.01347175
4000 24.99485031 1.582007481e-15 0.0004277222749 5.27105642e-05 24.97719604 25.0130838
4500 24.99492638 2.094053469e-15 0.0003991027336 5.324457515e-05 24.97797075 25.01277954
5000 24.99482998 2.119729576e-15 0.0003816497855 5.366998957e-05 24.97830096 25.01245577
5500 24.9946436 2.244055195e-15 0.0003736996761 5.395818616e-05 24.97830953 25.01217034
6000 24.99446769 1.921376542e-15 0.0003722030177 5.410944259e-05 24.97817079 25.01198025
6500 24.9943835 1.983061484e-15 0.0003743560174 5.41194586e-05 24.97803433 25.01192711
7000 24.99441563 2.146103672e-15 0.0003778183133 5.402164796e-05 24.9779818 25.01200385
7500 24.99453382 1.811739306e-15 0.0003811178168 5.386798468e-05 24.97801901 25.01216177
8000 24.99466918 1.429226635e-15 0.0003836376759 5.372052192e-05 24.9780924 25.01232605
8500 24.99475231 1.248682829e-15 0.0003853979386 5.362670208e-05 24.97813231 25.01242979
9000 24.99474769 1.251632065e-15 0.0003866208465 5.360564992e-05 24.97809793 25.01244152
9500 24.994667 1.253743573e-15 0.0003874451393 5.364613208e-05 24.97799746 25.01237437
10000 24.99455755 1.318082397e-15 0.0003879085304 5.371364326e-05 24.9778771 25.01227458
10500 24.99447448 1.25111286e-15 0.0003880032219 5.376981609e-05 24.97779199 25.01219543
11000 24.99445463 1.318051418e-15 0.0003877542492 5.378822107e-05 24.97777824 25.0121729
11500 24.9945013 1.181840521e-15 0.0003872418383 5.376547605e-05 24.9778372 25.01221126
12000 24.99458651 1.060372649e-15 0.0003866224126 5.371825133e-05 24.9779372 25.01228553
12500 24.99466706 1.329661444e-15 0.0003860881576 5.367300747e-05 24.9780305 25.01235643
13000 24.99470635 1.395897734e-15 0.0003857942396 5.365196944e-05 24.97807686 25.01239058
13500 24.99469076 1.165545285e-15 0.0003857891211 5.366341211e-05 24.97806149 25.01237546
14000 24.99463341 1.333364227e-15 0.0003860035681 5.369936034e-05 24.97799915 25.01232281
14500 24.99456498 1.496708982e-15 0.0003862966091 5.37411137e-05 24.97792382 25.01226046
15000 24.99451761 1.365183286e-15 0.0003865244496 5.37692078e-05 24.97787104 25.0122176
15500 24.99451009 1.14713612e-15 0.0003865997201 5.377247122e-05 24.97786169 25.01221131
16000 24.99454094 9.350652098e-16 0.0003865184716 5.375227326e-05 24.97789438 25.01224007
16500 24.99459145 5.850030509e-16 0.000386349891 5.372039584e-05 24.97794881 25.01228672
17000 24.99463631 5.460246614e-16 0.0003861938691 5.369247977e-05 24.97799732 25.01232808
17500 24.99465595 3.669679538e-16 0.0003861295676 5.368044787e-05 24.97801848 25.01234626
18000 24.99464479 1.136838113e-16 0.0003861802121 5.368756336e-05 24.97800613 25.01233613
18500 24.99461195 1.905692821e-16 0.0003863097614 5.370801633e-05 24.97797027 25.01230608
19000 24.9945753 3.331094788e-16 0.000386447942 5.373071952e-05 24.97793037 25.01227243
19500 24.99455208 2.857693015e-16 0.0003865276967 5.374504073e-05 24.97790529 25.012251
20000 24.99455118 3.575957319e-16 0.0003865163205 5.374559214e-05 24.97790465 25.01224997
20500 24.99457007 3.981450963e-16 0.000386427087 5.373400571e-05 24.97792564 25.01226706
21000 24.99459746 2.764903354e-16 0.0003863082872 5.371726644e-05 24.97795582 25.01229199
21500 24.99461957 1.491079372e-16 0.0003862170049 5.370381333e-05 24.97798009 25.0123122
22000 24.99462686 3.60686934e-16 0.0003861916287 5.369946687e-05 24.97798798 25.01231892
22500 24.99461781 1.058254336e-15 0.0003862361976 5.370507843e-05 24.97797789 25.01231076
23000 24.99459869 1.092492564e-15 0.0003863225262 5.371676848e-05 24.97795674 25.0122934
23500 24.99457963 1.763637414e-15 0.0003864068583 5.372832331e-05 24.97793568 25.01227607
24000 24.99456947 1.650647292e-15 0.0003864516033 5.373436869e-05 24.97792446 25.01226682
24500 24.99457184 1.924491747e-15 0.0003864416578 5.373275527e-05 24.97792706 25.01226898
25000 24.99458412 2.200592113e-15 0.0003863885513 5.37251542e-05 24.97794059 25.01228016
25500 24.99459943 2.374312893e-15 0.000386321939 5.371581359e-05 24.97795746 25.01229409
26000 24.9946103 2.468269492e-15 0.0003862738187 5.370927717e-05 24.97796947 25.01230398
26500 24.99461224 2.483425096e-15 0.0003862636198 5.370824444e-05 24.97797166 25.01230573
27000 24.99460542 2.414917017e-15 0.0003862909344 5.371254369e-05 24.97796421 25.01229949
27500 24.99459405 2.196976925e-15 0.0003863382633 5.371955789e-05 24.97795172 25.01228911
28000 24.9945839 2.142621426e-15 0.0003863812266 5.372572974e-05 24.97794056 25.01227986
28500 24.99457952 1.986498511e-15 0.0003864006157 5.37283175e-05 24.97793572 25.01227587
29000 24.99458221 1.689533761e-15 0.0003863905501 5.372656034e-05 24.97793864 25.01227834
29500 24.99458989 1.433051085e-15 0.00038635949 5.37217886e-05 24.97794705 25.01228536
30000 24.99459842 1.198282796e-15 0.0003863245198 5.371655778e-05 24.97795639 25.01229315
30500 24.99460377 1.083672884e-15 0.0003863023669 5.371332402e-05 24.97796227 25.01229804
31000 24.99460387 9.486077648e-16 0.0003863017144 5.371332632e-05 24.9779624 25.01229813
31500 24.99459934 1.01519827e-15 0.0003863201978 5.371616536e-05 24.97795743 25.01229399
32000 24.99459281 1.023348355e-15 0.0003863468815 5.372018801e-05 24.97795027 25.01228803
32500 24.99458754 9.431797469e-16 0.000386368379 5.372340173e-05 24.97794449 25.01228321
33000 24.99458579 1.101939574e-15 0.0003863753441 5.372443235e-05 24.97794258 25.0122816
33500 24.99458793 1.379572127e-15 0.0003863662964 5.372307915e-05 24.97794493 25.01228355
34000 24.99459249 1.668443561e-15 0.000386347347 5.372026169e-05 24.97794993 25.01228772
34500 24.99459707 2.348210367e-15 0.0003863284482 5.371745826e-05 24.97795496 25.0122919
35000 24.99459956 2.739021982e-15 0.0003863183258 5.371595663e-05 24.97795769 25.01229418
35500 24.99459908 2.907092503e-15 0.0003863205978 5.371628524e-05 24.97795716 25.01229374
36000 24.99459621 3.127369891e-15 0.0003863327263 5.371806416e-05 24.97795401 25.01229113
36500 24.99459258 2.744041369e-15 0.0003863479385 5.372029282e-05 24.97795001 25.01228781
37000 24.99458995 2.651012446e-15 0.0003863588628 5.372188796e-05 24.97794713 25.01228541
37500 24.99458941 2.449943995e-15 0.0003863609965 5.372219284e-05 24.97794654 25.01228492
37999 24.99459106 2.781736619e-15 0.0003863539772 5.372115791e-05 24.97794835 25.01228642
