# 1:passo  2:sigma_pop  3:int_grad  4:K  5:espessura_10_90  6:residuo  7:d0  8:|u|max  9:|u|rms  10:|u_n|max  11:|u_t|max  12:massa_R  13:massa_B  14:qx  15:qy  16:soma_Fx  17:soma_Fy  18:min_f  19:neg_total  20:neg_cor
0 0.09999966772 2.000003301 1.273753378 3.45 5.950795412e-14 3.697909671e-16 2.194270918e-17 6.206335383e-18 1.755416734e-17 1.755416734e-17 20000 20000 2.775557562e-15 2.775557562e-15 0 0 0.02343312345 0 0
500 0.09999684809 2.000001946 1.298578308 3.384046328 0.09009024579 -7.514319989e-10 0.001294095901 0.0004352817066 0.0001042938831 0.001292001947 20000 20000 -6.994405055e-13 1.727784582e-13 0 0 0.02357368247 0 0
1000 0.09999683668 2.000001946 1.298578434 3.384045999 0.09009029252 -7.519071209e-10 0.001295672876 0.0004361092598 0.0001042347074 0.001293587026 20000 20000 -1.023486851e-12 2.844946501e-14 0 0 0.02357369837 0 0
1500 0.09999683625 2.000001946 1.298578415 3.384046048 0.09009028431 -7.522822832e-10 0.001295731418 0.0004361405796 0.000104231606 0.001293645953 20000 20000 -2.511879593e-12 -8.403000518e-13 0 0 0.02357369841 0 0
2000 0.09999683624 2.000001946 1.298578414 3.384046051 0.09009028382 -7.5180377e-10 0.001295733599 0.0004361417452 0.0001042315339 0.001293648144 20000 20000 -5.459521724e-12 -3.440303598e-12 0 0 0.02357369839 0 0
2500 0.09999683624 2.000001946 1.298578414 3.384046051 0.0900902838 -7.519479362e-10 0.001295733681 0.0004361417885 0.0001042315346 0.001293648226 20000 20000 -7.426004256e-12 -7.085998455e-12 0 0 0.02357369839 0 0
3000 0.09999683624 2.000001946 1.298578414 3.384046051 0.0900902838 -7.516523911e-10 0.001295733684 0.0004361417901 0.0001042315347 0.001293648229 20000 20000 -1.105712744e-11 -1.138880656e-11 0 0 0.02357369839 0 0
3500 0.09999683624 2.000001946 1.298578414 3.384046051 0.0900902838 -7.515281022e-10 0.001295733684 0.0004361417902 0.0001042315347 0.001293648229 20000 20000 -7.526618218e-12 -1.87766469e-11 0 0 0.02357369839 0 0
4000 0.09999683624 2.000001946 1.298578414 3.384046051 0.0900902838 -7.513941625e-10 0.001295733684 0.0004361417902 0.0001042315347 0.001293648229 20000 20000 1.356553758e-12 -2.514377595e-11 0 0 0.02357369839 0 0
4500 0.09999683624 2.000001946 1.298578414 3.384046051 0.0900902838 -7.513737885e-10 0.001295733684 0.0004361417902 0.0001042315347 0.001293648229 20000 20000 1.281960649e-11 -2.738850813e-11 0 0 0.02357369839 0 0
5000 0.09999683624 2.000001946 1.298578414 3.384046051 0.0900902838 -7.514466988e-10 0.001295733684 0.0004361417902 0.0001042315347 0.001293648229 20000 20000 2.111644193e-11 -2.856256898e-11 0 0 0.02357369839 0 0
5500 0.09999683624 2.000001946 1.298578414 3.384046051 0.0900902838 -7.516034318e-10 0.001295733684 0.0004361417902 0.0001042315347 0.001293648229 20000 20000 2.988095882e-11 -2.733924198e-11 0 0 0.02357369839 0 0
6000 0.09999683624 2.000001946 1.298578414 3.384046051 0.0900902838 -7.5186624e-10 0.001295733684 0.0004361417902 0.0001042315347 0.001293648229 20000 20000 4.187206137e-11 -2.713107516e-11 0 0 0.02357369839 0 0
6500 0.09999683624 2.000001946 1.298578414 3.384046051 0.0900902838 -7.522066406e-10 0.001295733684 0.0004361417902 0.0001042315347 0.001293648229 20000 20000 4.698741396e-11 -3.433711648e-11 0 0 0.02357369839 0 0
7000 0.09999683624 2.000001946 1.298578414 3.384046051 0.0900902838 -7.525661839e-10 0.001295733684 0.0004361417902 0.0001042315347 0.001293648229 20000 20000 5.532102554e-11 -3.44148321e-11 0 0 0.02357369839 0 0
7500 0.09999683624 2.000001946 1.298578414 3.384046051 0.0900902838 -7.530934381e-10 0.001295733684 0.0004361417902 0.0001042315347 0.001293648229 20000 20000 6.232445116e-11 -3.310754448e-11 0 0 0.02357369839 0 0
8000 0.09999683624 2.000001946 1.298578414 3.384046051 0.0900902838 -7.536877181e-10 0.001295733684 0.0004361417902 0.0001042315347 0.001293648229 20000 20000 7.137415658e-11 -3.77239906e-11 0 0 0.02357369839 0 0
8500 0.09999683624 2.000001946 1.298578414 3.384046051 0.0900902838 -7.544242793e-10 0.001295733684 0.0004361417902 0.0001042315347 0.001293648229 20000 20000 8.28316582e-11 -3.958083861e-11 0 0 0.02357369839 0 0
9000 0.09999683624 2.000001946 1.298578414 3.384046051 0.0900902838 -7.552611434e-10 0.001295733684 0.0004361417902 0.0001042315347 0.001293648229 20000 20000 9.952316748e-11 -4.229880335e-11 0 0 0.02357369839 0 0
9500 0.09999683624 2.000001946 1.298578414 3.384046051 0.0900902838 -7.562939737e-10 0.001295733684 0.0004361417902 0.0001042315347 0.001293648229 20000 20000 1.160099794e-10 -4.802269693e-11 0 0 0.02357369839 0 0
10000 0.09999683624 2.000001946 1.298578414 3.384046051 0.0900902838 -7.575058111e-10 0.001295733684 0.0004361417902 0.0001042315347 0.001293648229 20000 20000 1.334203581e-10 -5.302078221e-11 0 0 0.02357369839 0 0
10500 0.09999683624 2.000001946 1.298578414 3.384046051 0.0900902838 -7.588772838e-10 0.001295733684 0.0004361417902 0.0001042315347 0.001293648229 20000 20000 1.42862111e-10 -6.416187026e-11 0 0 0.02357369839 0 0
11000 0.09999683624 2.000001946 1.298578414 3.384046051 0.0900902838 -7.603367863e-10 0.001295733684 0.0004361417902 0.0001042315347 0.001293648229 20000 20000 1.524044779e-10 -7.094880239e-11 0 0 0.02357369839 0 0
11500 0.09999683624 2.000001946 1.298578414 3.384046051 0.0900902838 -7.617869351e-10 0.001295733684 0.0004361417902 0.0001042315347 0.001293648229 20000 20000 1.555366946e-10 -7.592398932e-11 0 0 0.02357369839 0 0
12000 0.09999683624 2.000001946 1.298578414 3.384046051 0.0900902838 -7.632442257e-10 0.001295733684 0.0004361417902 0.0001042315347 0.001293648229 20000 20000 1.572832142e-10 -8.627126791e-11 0 0 0.02357369839 0 0
12500 0.09999683624 2.000001946 1.298578414 3.384046051 0.0900902838 -7.646849627e-10 0.001295733684 0.0004361417902 0.0001042315347 0.001293648229 20000 20000 1.650422854e-10 -1.026422003e-10 0 0 0.02357369839 0 0
13000 0.09999683624 2.000001946 1.298578414 3.384046051 0.0900902838 -7.662243129e-10 0.001295733684 0.0004361417902 0.0001042315347 0.001293648229 20000 20000 1.710194486e-10 -1.206042211e-10 0 0 0.02357369839 0 0
13500 0.09999683624 2.000001946 1.298578414 3.384046051 0.09009028381 -7.677393516e-10 0.001295733684 0.0004361417902 0.0001042315347 0.001293648229 20000 20000 1.76117454e-10 -1.317765341e-10 0 0 0.02357369839 0 0
14000 0.09999683624 2.000001946 1.298578414 3.384046051 0.09009028381 -7.692832039e-10 0.001295733684 0.0004361417902 0.0001042315347 0.001293648229 20000 20000 1.751869483e-10 -1.434428964e-10 0 0 0.02357369839 0 0
14500 0.09999683624 2.000001946 1.298578414 3.384046051 0.09009028381 -7.707098583e-10 0.001295733684 0.0004361417902 0.0001042315347 0.001293648229 20000 20000 1.705850738e-10 -1.57767549e-10 0 0 0.02357369839 0 0
15000 0.09999683624 2.000001946 1.298578414 3.384046051 0.09009028381 -7.72080461e-10 0.001295733684 0.0004361417902 0.0001042315347 0.001293648229 20000 20000 1.753104606e-10 -1.724100029e-10 0 0 0.02357369839 0 0
15500 0.09999683624 2.000001946 1.298578414 3.384046051 0.09009028381 -7.734372298e-10 0.001295733684 0.0004361417902 0.0001042315347 0.001293648229 20000 20000 1.842616337e-10 -1.882105582e-10 0 0 0.02357369839 0 0
16000 0.09999683624 2.000001946 1.298578414 3.384046051 0.09009028381 -7.748483515e-10 0.001295733684 0.0004361417902 0.0001042315347 0.001293648229 20000 20000 1.919610304e-10 -2.008865296e-10 0 0 0.02357369839 0 0
16500 0.09999683624 2.000001946 1.298578414 3.384046051 0.09009028381 -7.763437345e-10 0.001295733684 0.0004361417902 0.0001042315347 0.001293648229 20000 20000 2.019481804e-10 -2.168557001e-10 0 0 0.02357369839 0 0
17000 0.09999683624 2.000001946 1.298578414 3.384046051 0.09009028381 -7.778623661e-10 0.001295733684 0.0004361417902 0.0001042315347 0.001293648229 20000 20000 2.133127008e-10 -2.325639681e-10 0 0 0.02357369839 0 0
17500 0.09999683624 2.000001946 1.298578414 3.384046051 0.09009028381 -7.795029654e-10 0.001295733684 0.0004361417902 0.0001042315347 0.001293648229 20000 20000 2.277469879e-10 -2.507251351e-10 0 0 0.02357369839 0 0
18000 0.09999683624 2.000001946 1.298578414 3.384046051 0.09009028381 -7.812307935e-10 0.001295733684 0.0004361417902 0.0001042315347 0.001293648229 20000 20000 2.410203981e-10 -2.608427363e-10 0 0 0.02357369839 0 0
18500 0.09999683624 2.000001946 1.298578414 3.384046051 0.09009028381 -7.830580526e-10 0.001295733684 0.0004361417902 0.0001042315347 0.001293648229 20000 20000 2.514752295e-10 -2.642032426e-10 0 0 0.02357369839 0 0
19000 0.09999683624 2.000001946 1.298578414 3.384046051 0.09009028381 -7.850100609e-10 0.001295733684 0.0004361417902 0.0001042315347 0.001293648229 20000 20000 2.636627028e-10 -2.641900587e-10 0 0 0.02357369839 0 0
19500 0.09999683624 2.000001946 1.298578414 3.384046051 0.09009028381 -7.870556129e-10 0.001295733684 0.0004361417902 0.0001042315347 0.001293648229 20000 20000 2.672209676e-10 -2.700409341e-10 0 0 0.02357369839 0 0
19999 0.09999683624 2.000001946 1.298578414 3.384046051 0.09009028381 -7.892051944e-10 0.001295733684 0.0004361417902 0.0001042315347 0.001293648229 20000 20000 2.72330769e-10 -2.721607661e-10 0 0 0.02357369839 0 0
