# 1:passo  2:raio_area  3:raio_grad  4:raio_linha  5:p_in  6:p_out  7:delta_p  8:sigma  9:|u-v0|max  10:|u-v0|rms  11:Ca  12:massa_R  13:massa_B  14:|q|  15:sd_p_in  16:sd_p_out  17:sigma_2pontos  18:K_perfil  19:r_perfil  20:espessura_10_90  21:residuo_ajuste  22:n_camadas
0 25.04052139 25.08111096 25 0.3333333333 0.3333333333 -2.220446049e-16 -5.560112678e-15 0.001984630562 0.0002420166881 0 1969.865651 8030.134349 5.990441059e-16 2.731879552e-08 0 -2.775557562e-15 1.273345395 25.01411833 3.451105388 0.08159937045 12
500 24.96385516 24.9911868 24.92241674 0.335153439 0.3329542588 0.0021991802 0.05490001598 0.0008834475958 0.0006131269207 0.005363978984 1969.865651 8030.134349 5.706835773e-14 6.0005141e-05 6.048870275e-05 0.04969542516 1.297085547 24.93835343 3.387940883 0.07761971768 12
1000 24.93911742 24.96571238 24.89782949 0.3360651653 0.3326096687 0.003455496661 0.08617703697 0.0006998847414 0.000470622416 0.002707158682 1969.865651 8030.134349 6.281640339e-14 7.475464345e-06 4.718848427e-06 0.0855205793 1.296925454 24.9127551 3.388359092 0.08153189043 12
1500 24.93212562 24.95832498 24.89103436 0.336316475 0.3324989391 0.003817535941 0.09517928564 0.000515011907 0.0002165605081 0.001803655433 1969.865651 8030.134349 3.847497963e-14 5.898358481e-06 3.771551735e-05 0.09691964617 1.297235226 24.90545026 3.387549974 0.07915512845 12
2000 24.93227189 24.95831758 24.89104919 0.3363118699 0.3325022051 0.003809664814 0.09498359896 0.0004056145931 6.387229202e-05 0.001423454848 1969.865651 8030.134349 1.211753255e-14 5.816362705e-06 3.488641838e-05 0.09659660586 1.297271121 24.90554017 3.38745624 0.07926691906 12
2500 24.93400648 24.9600301 24.89258125 0.3362512697 0.3325329985 0.003718271183 0.09271139778 0.0003786029204 4.59245869e-05 0.001361223932 1969.865651 8030.134349 1.26929461e-14 2.947437219e-06 1.80335797e-05 0.0934704741 1.297275804 24.9073106 3.387444012 0.0792239896 12
3000 24.93529527 24.96134133 24.89374076 0.3362063477 0.332556143 0.003650204709 0.09101893221 0.0003815358102 4.948722523e-05 0.001397276372 1969.865651 8030.134349 2.063182129e-14 8.49189119e-07 5.001763008e-06 0.0911239356 1.29727094 24.90864167 3.387456713 0.07916103714 12
3500 24.93585853 24.96192811 24.89425583 0.336186754 0.3325663445 0.00362040949 0.09027801885 0.0003781948032 4.538182431e-05 0.001396407852 1969.865651 8030.134349 4.341537004e-14 2.567043426e-07 8.605596707e-07 0.09009100216 1.297266171 24.90922893 3.387469167 0.07912278907 12
4000 24.93597225 24.96205459 24.89436554 0.3361828016 0.3325684187 0.003614382836 0.09012815009 0.0003776380271 4.31453594e-05 0.001396670654 1969.865651 8030.134349 2.214572648e-14 3.749233556e-07 2.052075796e-06 0.08988133152 1.297263724 24.9093507 3.387475555 0.07910897599 12
4500 24.93591909 24.96200546 24.89432171 0.3361846441 0.3325674517 0.003617192452 0.09019801832 0.0003800881093 4.280202799e-05 0.001404643237 1969.865651 8030.134349 1.389350728e-14 3.125357114e-07 1.485500706e-06 0.08997928694 1.297263033 24.90929776 3.387477361 0.07910791212 12
5000 24.93584932 24.9619356 24.89426025 0.3361870628 0.3325661765 0.003620886298 0.09028987514 0.0003808219127 4.281234475e-05 0.001405923282 1969.865651 8030.134349 3.115528292e-14 2.53717506e-07 7.412811556e-07 0.09010827638 1.297263114 24.90922613 3.387477149 0.07911057656 12
5500 24.93580861 24.9618938 24.89422366 0.3361884737 0.3325654303 0.003623043403 0.09034351688 0.0003807624375 4.280918338e-05 0.00140486907 1969.865651 8030.134349 1.312481429e-14 2.362932224e-07 3.179147794e-07 0.09018370546 1.297263352 24.90918392 3.387476528 0.07911291551 12
6000 24.93579461 24.96187898 24.89421076 0.3361889585 0.3325651728 0.003623785667 0.09036197511 0.0003805306838 4.280163977e-05 0.001403727188 1969.865651 8030.134349 1.168463604e-14 2.329364678e-07 1.911618079e-07 0.09020971202 1.297263516 24.90916923 3.3874761 0.07911405949 12
6500 24.93579402 24.96187803 24.89420998 0.3361889788 0.3325651613 0.003623817506 0.09036276689 0.0003803660384 4.279947573e-05 0.001403107539 1969.865651 8030.134349 6.807285135e-15 2.336536134e-07 1.86633753e-07 0.09021086402 1.297263583 24.90916848 3.387475924 0.07911435739 12
7000 24.93579709 24.96188103 24.89421263 0.3361888722 0.3325652173 0.003623654877 0.09035872276 0.0003802966584 4.279935489e-05 0.001402914394 1969.865651 8030.134349 5.443296489e-15 2.337774435e-07 2.078516254e-07 0.09020519334 1.297263594 24.9091716 3.387475896 0.07911429992 12
7500 24.93579963 24.9618836 24.89421489 0.3361887843 0.3325652637 0.003623520573 0.09035538296 0.0003802843047 4.279939025e-05 0.001402920676 1969.865651 8030.134349 7.506936785e-15 2.3361886e-07 2.307276961e-07 0.09020049937 1.297263585 24.90917422 3.387475918 0.07911418008 12
8000 24.93580082 24.96188483 24.89421597 0.336188743 0.3325652856 0.003623457346 0.09035381067 0.0003802922195 4.279937914e-05 0.001402974288 1969.865651 8030.134349 6.878539123e-15 2.330699277e-07 2.412173268e-07 0.09019828613 1.297263576 24.90917546 3.387475943 0.07911410154 12
8500 24.93580111 24.96188515 24.89421624 0.3361887331 0.3325652909 0.003623442156 0.09035343294 0.0003803014846 4.279936873e-05 0.001403014334 1969.865651 8030.134349 1.744463514e-14 2.341357597e-07 2.442522305e-07 0.09019775256 1.297263571 24.90917576 3.387475956 0.07911407081 12
9000 24.93580103 24.96188508 24.89421618 0.3361887358 0.3325652894 0.003623446392 0.09035353828 0.0003803066809 4.279936536e-05 0.001403031869 1969.865651 8030.134349 3.401672521e-15 2.338783885e-07 2.434920968e-07 0.09019789698 1.297042081 24.90916462 3.388054421 0.08198547214 12
9500 24.93580089 24.96188494 24.89421606 0.3361887404 0.332565287 0.003623453463 0.09035371409 0.0003803083767 4.279936429e-05 0.001403035395 1969.865651 8030.134349 3.695124816e-15 2.343333585e-07 2.413997112e-07 0.09019814381 1.297042081 24.90916449 3.38805442 0.08198547678 12
10000 24.93580081 24.96188486 24.89421598 0.3361887433 0.3325652854 0.0036234579 0.09035382445 0.0003803083817 4.279936389e-05 0.001403033699 1969.865651 8030.134349 1.350355206e-14 2.33236631e-07 2.429742778e-07 0.09019829901 1.297042081 24.9091644 3.388054419 0.0819854814 12
10500 24.93580078 24.96188482 24.89421596 0.3361887444 0.3325652849 0.003623459561 0.09035386576 0.0003803079574 4.279936381e-05 0.001403031493 1969.865651 8030.134349 3.300311582e-14 2.33470057e-07 2.429602766e-07 0.09019835721 1.297042081 24.90916437 3.388054418 0.08198548382 12
11000 24.93580078 24.96188482 24.89421595 0.3361887445 0.3325652848 0.003623459731 0.09035386997 0.0003803076267 4.279936387e-05 0.001403030207 1969.865651 8030.134349 2.716207663e-14 2.337352267e-07 2.404883442e-07 0.09019836322 1.297042081 24.90916436 3.388054418 0.08198548453 12
11500 24.93580078 24.96188483 24.89421596 0.3361887444 0.3325652849 0.003623459443 0.09035386282 0.0003803074771 4.279936394e-05 0.001403029766 1969.865651 8030.134349 7.38953875e-15 2.344439042e-07 2.405689823e-07 0.09019835319 1.297042082 24.90916437 3.388054418 0.08198548447 12
12000 24.93580079 24.96188483 24.89421596 0.3361887442 0.332565285 0.003623459177 0.0903538562 0.0003803074443 4.279936397e-05 0.001403029748 1969.865651 8030.134349 1.594998197e-15 2.338108489e-07 2.421031427e-07 0.09019834389 1.297042082 24.90916437 3.388054418 0.08198548425 12
12500 24.93580079 24.96188483 24.89421596 0.3361887441 0.332565285 0.003623459043 0.09035385286 0.0003803074567 4.279936398e-05 0.001403029846 1969.865651 8030.134349 9.364233891e-15 2.342114783e-07 2.412173633e-07 0.0901983392 1.297042081 24.90916438 3.388054418 0.08198548409 12
13000 24.93580079 24.96188483 24.89421596 0.3361887441 0.3325652851 0.003623458937 0.09035385022 0.0003803074746 4.279936398e-05 0.001403029953 1969.865651 8030.134349 1.041388521e-14 2.335777929e-07 2.445014357e-07 0.09019833791 1.297247833 24.90868384 3.387517053 0.07973070335 12
13500 24.93580079 24.96188483 24.89421596 0.3361887441 0.3325652851 0.003623459011 0.09035385208 0.0003803074853 4.279936397e-05 0.001403029963 1969.865651 8030.134349 2.143788674e-14 2.332395826e-07 2.434025783e-07 0.09019833808 1.297042081 24.90916438 3.388054418 0.08198548401 12
14000 24.93580079 24.96188483 24.89421596 0.3361887441 0.3325652851 0.003623459025 0.09035385241 0.0003803074891 4.279936397e-05 0.001403029972 1969.865651 8030.134349 8.855971773e-15 2.341281212e-07 2.426137808e-07 0.09019833855 1.297042081 24.90916438 3.388054418 0.08198548402 12
14500 24.93580079 24.96188483 24.89421596 0.3361887441 0.332565285 0.003623459034 0.09035385263 0.0003803074894 4.279936397e-05 0.00140302997 1969.865651 8030.134349 1.114877706e-14 2.334452595e-07 2.421590077e-07 0.09019833887 1.297042081 24.90916438 3.388054418 0.08198548402 12
15000 24.93580079 24.96188483 24.89421596 0.3361887441 0.332565285 0.003623459037 0.09035385272 0.0003803074886 4.279936397e-05 0.001403029966 1969.865651 8030.134349 1.199560311e-14 2.342514206e-07 2.403836856e-07 0.090198339 1.297042081 24.90916438 3.388054418 0.08198548403 12
15500 24.93580079 24.96188483 24.89421596 0.3361887441 0.332565285 0.003623459038 0.09035385274 0.000380307488 4.279936397e-05 0.001403029963 1969.865651 8030.134349 4.081948831e-15 2.342574879e-07 2.42461213e-07 0.09019833901 1.297042081 24.90916438 3.388054418 0.08198548403 12
16000 24.93580079 24.96188483 24.89421596 0.3361887441 0.332565285 0.003623459037 0.09035385273 0.0003803074877 4.279936397e-05 0.001403029962 1969.865651 8030.134349 3.389730432e-14 2.332185694e-07 2.398937518e-07 0.090198339 1.297042081 24.90916438 3.388054418 0.08198548403 12
16500 24.93580079 24.96188483 24.89421596 0.3361887441 0.332565285 0.003623459106 0.09035385444 0.0003803074876 4.279936397e-05 0.001403029935 1969.865651 8030.134349 2.15273547e-14 2.347336014e-07 2.423354256e-07 0.09019833898 1.297261893 24.90917206 3.387480337 0.07911620948 12
17000 24.93580079 24.96188483 24.89421596 0.3361887441 0.332565285 0.003623459106 0.09035385443 0.0003803074876 4.279936397e-05 0.001403029935 1969.865651 8030.134349 2.813643559e-14 2.346933988e-07 2.404056513e-07 0.09019833897 1.297261893 24.90917206 3.387480337 0.07911620948 12
17500 24.93580079 24.96188483 24.89421596 0.3361887441 0.332565285 0.003623459106 0.09035385443 0.0003803074876 4.279936397e-05 0.001403029935 1969.865651 8030.134349 2.250066794e-14 2.334578351e-07 2.409120209e-07 0.09019833897 1.297261893 24.90917206 3.387480337 0.07911620948 12
18000 24.93580079 24.96188483 24.89421596 0.3361887441 0.332565285 0.003623459106 0.09035385443 0.0003803074877 4.279936397e-05 0.001403029935 1969.865651 8030.134349 2.062117076e-14 2.337238525e-07 2.412058407e-07 0.09019833897 1.297261893 24.90917206 3.387480337 0.07911620948 12
18500 24.93580079 24.96188483 24.89421596 0.3361887441 0.332565285 0.003623459037 0.0903538527 0.0003803074877 4.279936397e-05 0.001403029962 1969.865651 8030.134349 3.46069134e-14 2.346135621e-07 2.410904149e-07 0.09019833897 1.297247833 24.90868384 3.387517053 0.07973070336 12
19000 24.93580079 24.96188483 24.89421596 0.3361887441 0.332565285 0.003623459106 0.09035385443 0.0003803074877 4.279936397e-05 0.001403029936 1969.865651 8030.134349 1.710955363e-14 2.34458974e-07 2.427903622e-07 0.09019833897 1.297247833 24.90868384 3.387517053 0.07973070336 12
19500 24.93580079 24.96188483 24.89421596 0.3361887441 0.332565285 0.003623459106 0.09035385443 0.0003803074877 4.279936397e-05 0.001403029935 1969.865651 8030.134349 2.233975188e-14 2.342557749e-07 2.448647945e-07 0.09019833897 1.297247833 24.90868384 3.387517053 0.07973070336 12
20000 24.93580079 24.96188483 24.89421596 0.3361887441 0.332565285 0.003623459106 0.09035385443 0.0003803074877 4.279936397e-05 0.001403029935 1969.865651 8030.134349 2.595358637e-14 2.34529949e-07 2.433210324e-07 0.09019833897 1.297261893 24.90917206 3.387480337 0.07911620948 12
20500 24.93580079 24.96188483 24.89421596 0.3361887441 0.332565285 0.003623459106 0.09035385443 0.0003803074877 4.279936397e-05 0.001403029935 1969.865651 8030.134349 6.119699011e-14 2.346946212e-07 2.432966315e-07 0.09019833897 1.297261893 24.90917206 3.387480337 0.07911620948 12
21000 24.93580079 24.96188483 24.89421596 0.3361887441 0.332565285 0.003623459106 0.09035385443 0.0003803074877 4.279936397e-05 0.001403029935 1969.865651 8030.134349 5.092661009e-14 2.336940371e-07 2.442690225e-07 0.09019833897 1.297247833 24.90868384 3.387517053 0.07973070336 12
21500 24.93580079 24.96188483 24.89421596 0.3361887441 0.332565285 0.003623459106 0.09035385443 0.0003803074877 4.279936397e-05 0.001403029935 1969.865651 8030.134349 1.515091849e-13 2.337592668e-07 2.430334101e-07 0.09019833897 1.297261893 24.90917206 3.387480337 0.07911620948 12
22000 24.93580079 24.96188483 24.89421596 0.3361887441 0.332565285 0.003623459106 0.09035385443 0.0003803074877 4.279936397e-05 0.001403029935 1969.865651 8030.134349 2.892208407e-13 2.344600844e-07 2.432286728e-07 0.09019833897 1.297247833 24.90868384 3.387517053 0.07973070336 12
22500 24.93580079 24.96188483 24.89421596 0.3361887441 0.332565285 0.003623459106 0.09035385443 0.0003803074877 4.279936397e-05 0.001403029935 1969.865651 8030.134349 3.472133029e-13 2.336061034e-07 2.426269504e-07 0.09019833897 1.297042081 24.90916438 3.388054418 0.08198548403 12
23000 24.93580079 24.96188483 24.89421596 0.3361887441 0.332565285 0.003623459106 0.09035385443 0.0003803074877 4.279936397e-05 0.001403029935 1969.865651 8030.134349 5.632799142e-13 2.346757175e-07 2.430235421e-07 0.09019833897 1.297247833 24.90868384 3.387517053 0.07973070336 12
23500 24.93580079 24.96188483 24.89421596 0.3361887441 0.332565285 0.003623459106 0.09035385443 0.0003803074877 4.279936397e-05 0.001403029935 1969.865651 8030.134349 8.126534265e-13 2.333954236e-07 2.420494502e-07 0.09019833897 1.297247833 24.90868384 3.387517053 0.07973070336 12
24000 24.93580079 24.96188483 24.89421596 0.3361887441 0.332565285 0.003623459037 0.0903538527 0.0003803074877 4.279936397e-05 0.001403029962 1969.865651 8030.134349 1.03263637e-12 2.341402335e-07 2.421710277e-07 0.09019833897 1.297247833 24.90868384 3.387517053 0.07973070336 12
24500 24.93580079 24.96188483 24.89421596 0.3361887441 0.332565285 0.003623459106 0.09035385443 0.0003803074877 4.279936397e-05 0.001403029935 1969.865651 8030.134349 1.31405935e-12 2.338904552e-07 2.417485433e-07 0.09019833897 1.297247833 24.90868384 3.387517053 0.07973070336 12
25000 24.93580079 24.96188483 24.89421596 0.3361887441 0.332565285 0.003623459106 0.09035385443 0.0003803074877 4.279936397e-05 0.001403029935 1969.865651 8030.134349 1.454555603e-12 2.337929258e-07 2.412756065e-07 0.09019833897 1.297247833 24.90868384 3.387517053 0.07973070336 12
25500 24.93580079 24.96188483 24.89421596 0.3361887441 0.332565285 0.003623459106 0.09035385443 0.0003803074877 4.279936397e-05 0.001403029935 1969.865651 8030.134349 1.62569788e-12 2.344497281e-07 2.408686143e-07 0.09019833897 1.297247833 24.90868384 3.387517053 0.07973070336 12
26000 24.93580079 24.96188483 24.89421596 0.3361887441 0.332565285 0.003623459106 0.09035385443 0.0003803074877 4.279936397e-05 0.001403029935 1969.865651 8030.134349 2.049148417e-12 2.342186776e-07 2.39326777e-07 0.09019833897 1.297247833 24.90868384 3.387517053 0.07973070336 12
26500 24.93580079 24.96188483 24.89421596 0.3361887441 0.332565285 0.003623459106 0.09035385443 0.0003803074877 4.279936397e-05 0.001403029935 1969.865651 8030.134349 2.475813111e-12 2.341601221e-07 2.400955372e-07 0.09019833897 1.297247833 24.90868384 3.387517053 0.07973070336 12
27000 24.93580079 24.96188483 24.89421596 0.3361887441 0.332565285 0.003623459106 0.09035385443 0.0003803074877 4.279936397e-05 0.001403029935 1969.865651 8030.134349 2.781091684e-12 2.340361679e-07 2.406873358e-07 0.09019833897 1.297247833 24.90868384 3.387517053 0.07973070336 12
27500 24.93580079 24.96188483 24.89421596 0.3361887441 0.332565285 0.003623459106 0.09035385443 0.0003803074877 4.279936397e-05 0.001403029935 1969.865651 8030.134349 3.217849471e-12 2.338384522e-07 2.410224281e-07 0.09019833897 1.297247833 24.90868384 3.387517053 0.07973070336 12
28000 24.93580079 24.96188483 24.89421596 0.3361887441 0.332565285 0.003623459106 0.09035385443 0.0003803074877 4.279936397e-05 0.001403029935 1969.865651 8030.134349 3.691484741e-12 2.339056745e-07 2.422137799e-07 0.09019833897 1.297247833 24.90868384 3.387517053 0.07973070336 12
28500 24.93580079 24.96188483 24.89421596 0.3361887441 0.332565285 0.003623459106 0.09035385443 0.0003803074877 4.279936397e-05 0.001403029935 1969.865651 8030.134349 4.17340633e-12 2.339544605e-07 2.418397054e-07 0.09019833897 1.297247833 24.90868384 3.387517053 0.07973070336 12
29000 24.93580079 24.96188483 24.89421596 0.3361887441 0.332565285 0.003623459106 0.09035385443 0.0003803074877 4.279936397e-05 0.001403029935 1969.865651 8030.134349 4.455812659e-12 2.33852891e-07 2.419499092e-07 0.09019833897 1.297247833 24.90868384 3.387517053 0.07973070336 12
29500 24.93580079 24.96188483 24.89421596 0.3361887441 0.332565285 0.003623459106 0.09035385443 0.0003803074877 4.279936397e-05 0.001403029935 1969.865651 8030.134349 4.718914565e-12 2.348368033e-07 2.423103096e-07 0.09019833897 1.297247833 24.90868384 3.387517053 0.07973070336 12
29999 24.93580079 24.96188483 24.89421596 0.3361887441 0.332565285 0.003623459106 0.09035385443 0.0003803074877 4.279936397e-05 0.001403029935 1969.865651 8030.134349 5.075685765e-12 2.35042224e-07 2.427748209e-07 0.09019833897 1.297247833 24.90868384 3.387517053 0.07973070336 12
