# 1:passo  2:R0  3:|a2|/R0  4:|a4|/R0  5:|a8|/R0  6:rmin  7:rmax
0 19.99444645 1.089223604e-16 0.0001263989487 8.819968415e-05 19.98236189 20.00644476
500 19.86617851 5.05547077e-16 0.0003889992505 0.0001201298045 19.85138083 19.87910575
1000 19.89199086 5.99485164e-17 0.0007077077877 0.0001181471841 19.8714062 19.91190609
1500 19.89158382 2.611869555e-16 0.000739982142 0.0001182926737 19.87036328 19.91210199
2000 19.87864799 1.473610091e-16 0.0006508600196 0.0001195707346 19.858973 19.89715807
2500 19.89036258 4.907015025e-17 0.000724697435 0.0001184465824 19.86942071 19.91056525
3000 19.88459943 2.463690687e-16 0.0006844609091 0.0001189195603 19.8643536 19.90388207
3500 19.88592057 1.999807113e-16 0.0006917595618 0.0001188117527 19.8655525 19.9053794
4000 19.88685786 8.858483113e-17 0.0006981580531 0.0001187377791 19.86637858 19.90645986
4500 19.88554676 2.234606924e-16 0.0006893854943 0.0001188371826 19.86521913 19.90494873
5000 19.88641339 1.70698359e-16 0.0006951348055 0.0001187728055 19.86598658 19.90594747
5500 19.88608587 3.759790483e-16 0.0006930417937 0.0001187971583 19.86569493 19.90557121
6000 19.88607459 7.062933314e-17 0.0006929238135 0.0001187983087 19.86568584 19.90555775
6500 19.88620157 1.135318767e-16 0.0006937875582 0.0001187886398 19.86579784 19.9057043
7000 19.88608915 1.620918673e-16 0.0006930397856 0.0001187971027 19.86569833 19.90557476
7500 19.88614675 2.608559823e-16 0.0006934159979 0.0001187928151 19.86574946 19.90564105
8000 19.8861342 1.015713727e-16 0.0006933384988 0.0001187937214 19.86573822 19.90562665
8500 19.88612511 2.076673897e-16 0.0006932748241 0.0001187944252 19.86573024 19.90561614
9000 19.88613793 1.778358354e-16 0.0006933608491 0.0001187934559 19.86574158 19.90563092
9500 19.88612943 2.023644337e-16 0.0006933047915 0.0001187940923 19.86573405 19.90562113
10000 19.88613263 1.094413734e-16 0.0006933253904 0.0001187938559 19.86573689 19.90562481
10500 19.88613274 4.322067815e-16 0.0006933265672 0.0001187938449 19.86573698 19.90562494
11000 19.8861315 6.326256224e-17 0.0006933181218 0.0001187939396 19.86573588 19.90562351
11500 19.8861326 1.159493285e-16 0.0006933254398 0.0001187938568 19.86573686 19.90562478
12000 19.88613203 1.700625456e-16 0.000693321755 0.0001187938988 19.86573636 19.90562413
12500 19.88613216 1.847579889e-16 0.000693322514 0.0001187938899 19.86573647 19.90562427
13000 19.88613225 2.00782566e-16 0.0006933231364 0.000118793883 19.86573654 19.90562437
13500 19.88613212 9.20099088e-17 0.0006933222946 0.0001187938925 19.86573643 19.90562423
14000 19.8861322 2.357014206e-16 0.0006933228433 0.0001187938863 19.86573651 19.90562432
14500 19.88613217 3.029208291e-16 0.0006933226416 0.0001187938886 19.86573648 19.90562429
15000 19.88613217 2.791933195e-16 0.0006933226302 0.0001187938887 19.86573648 19.90562429
15500 19.88613218 3.343189084e-16 0.0006933227128 0.0001187938878 19.86573649 19.9056243
16000 19.88613217 2.961984433e-16 0.0006933226412 0.0001187938886 19.86573648 19.90562429
16500 19.88613218 3.581967506e-16 0.0006933226773 0.0001187938882 19.86573648 19.90562429
17000 19.88613218 1.457498568e-16 0.0006933226698 0.0001187938883 19.86573648 19.90562429
17500 19.88613218 2.123879383e-16 0.0006933226637 0.0001187938883 19.86573648 19.90562429
18000 19.88613218 2.579570621e-16 0.000693322672 0.0001187938882 19.86573648 19.90562429
18500 19.88613218 2.384399713e-16 0.0006933226666 0.0001187938883 19.86573648 19.90562429
19000 19.88613218 2.747955986e-16 0.0006933226686 0.0001187938883 19.86573648 19.90562429
19500 19.88613218 1.504693184e-16 0.0006933226687 0.0001187938883 19.86573648 19.90562429
20000 19.88613218 6.561232285e-17 0.0006933226679 0.0001187938883 19.86573648 19.90562429
20500 19.88613218 2.499908601e-16 0.0006933226686 0.0001187938883 19.86573648 19.90562429
21000 19.88613218 1.415746897e-16 0.0006933226682 0.0001187938883 19.86573648 19.90562429
21500 19.88613218 3.591902904e-16 0.0006933226683 0.0001187938883 19.86573648 19.90562429
22000 19.88613218 1.09490779e-16 0.0006933226684 0.0001187938883 19.86573648 19.90562429
22500 19.88613218 1.757215522e-16 0.0006933226683 0.0001187938883 19.86573648 19.90562429
23000 19.88613218 3.514940755e-16 0.0006933226683 0.0001187938883 19.86573648 19.90562429
23500 19.88613218 2.700144012e-16 0.0006933226683 0.0001187938883 19.86573648 19.90562429
24000 19.88613218 4.316594688e-16 0.0006933226683 0.0001187938883 19.86573648 19.90562429
24500 19.88613218 3.692672883e-16 0.0006933226683 0.0001187938883 19.86573648 19.90562429
25000 19.88613218 4.215660521e-16 0.0006933226683 0.0001187938883 19.86573648 19.90562429
25500 19.88613218 5.405984798e-16 0.0006933226683 0.0001187938883 19.86573648 19.90562429
26000 19.88613218 4.315051375e-16 0.0006933226683 0.0001187938883 19.86573648 19.90562429
26500 19.88613218 3.950512005e-16 0.0006933226683 0.0001187938883 19.86573648 19.90562429
27000 19.88613218 1.561737635e-16 0.0006933226683 0.0001187938883 19.86573648 19.90562429
27500 19.88613218 1.636349559e-16 0.0006933226683 0.0001187938883 19.86573648 19.90562429
28000 19.88613218 1.710424612e-16 0.0006933226683 0.0001187938883 19.86573648 19.90562429
28500 19.88613218 1.598874504e-16 0.0006933226683 0.0001187938883 19.86573648 19.90562429
29000 19.88613218 5.843863532e-17 0.0006933226683 0.0001187938883 19.86573648 19.90562429
29500 19.88613218 2.104813724e-16 0.0006933226683 0.0001187938883 19.86573648 19.90562429
29999 19.88613218 2.416390423e-16 0.0006933226683 0.0001187938883 19.86573648 19.90562429
