# 1:passo  2:sigma_pop  3:int_grad  4:K  5:espessura_10_90  6:residuo  7:d0  8:|u|max  9:|u|rms  10:|u_n|max  11:|u_t|max  12:massa_R  13:massa_B  14:qx  15:qy  16:soma_Fx  17:soma_Fy  18:min_f  19:neg_total  20:neg_cor
0 0.09999968901 2.00000311 1.273753378 3.45 7.549516567e-15 -9.519095225e-17 2.194270918e-17 7.835114356e-18 1.551583846e-17 2.172217384e-17 20000 20000 0 4.163336342e-15 0 0 0.02274167819 0 0
500 0.09999980539 2.000001916 1.293731671 3.396723797 0.07014688362 1.358180265e-14 0.0001296868182 4.207998601e-05 0.0001007379504 0.0001292199929 20000 20000 -2.135791544e-12 -2.428612866e-13 0 0 0.02290115211 0 0
1000 0.09999980508 2.000001916 1.293730313 3.396727363 0.07014640529 8.751529641e-14 0.0001301637412 4.224238768e-05 0.0001006976155 0.0001297070483 20000 20000 -4.167499679e-12 -1.994238108e-12 0 0 0.02290110976 0 0
1500 0.09999980502 2.000001916 1.293730609 3.396726586 0.07014650586 1.995247364e-13 0.0001302576086 4.227603988e-05 0.0001007119969 0.0001297982665 20000 20000 -4.971717482e-12 -2.861599846e-12 0 0 0.02290111673 0 0
2000 0.09999980501 2.000001916 1.293730551 3.396726738 0.07014648596 3.431695483e-13 0.0001302743564 4.228259309e-05 0.0001007082628 0.000129815848 20000 20000 -8.342632141e-12 -5.245803791e-12 0 0 0.02290111575 0 0
2500 0.099999805 2.000001916 1.293730561 3.396726711 0.07014648945 5.475417114e-13 0.000130277913 4.22838754e-05 0.0001007091154 0.0001298192404 20000 20000 -1.19487753e-11 -7.387840339e-12 0 0 0.02290111585 0 0
3000 0.099999805 2.000001916 1.29373056 3.396726715 0.07014648886 8.110599906e-13 0.0001302785278 4.228411986e-05 0.0001007089375 0.0001298198942 20000 20000 -1.602884492e-11 -7.754907827e-12 0 0 0.02290111585 0 0
3500 0.099999805 2.000001916 1.29373056 3.396726715 0.07014648895 1.119995861e-12 0.0001302786606 4.228416762e-05 0.0001007089719 0.0001298200204 20000 20000 -2.130448595e-11 -7.443351491e-12 0 0 0.02290111585 0 0
4000 0.099999805 2.000001916 1.29373056 3.396726715 0.07014648894 1.469649003e-12 0.0001302786836 4.228417672e-05 0.0001007089658 0.0001298200447 20000 20000 -2.51340615e-11 -5.878630915e-12 0 0 0.02290111585 0 0
4500 0.099999805 2.000001916 1.29373056 3.396726715 0.07014648894 1.896561692e-12 0.0001302786885 4.228417849e-05 0.0001007089668 0.0001298200494 20000 20000 -3.33878758e-11 -6.731420976e-12 0 0 0.02290111585 0 0
5000 0.099999805 2.000001916 1.29373056 3.396726715 0.07014648894 2.394982961e-12 0.0001302786893 4.228417883e-05 0.0001007089666 0.0001298200503 20000 20000 -4.094224959e-11 -7.062406215e-12 0 0 0.02290111585 0 0
5500 0.099999805 2.000001916 1.29373056 3.396726715 0.07014648894 2.983865126e-12 0.0001302786895 4.228417889e-05 0.0001007089666 0.0001298200505 20000 20000 -4.738431869e-11 -7.010364511e-12 0 0 0.02290111585 0 0
6000 0.099999805 2.000001916 1.29373056 3.396726715 0.07014648894 3.644663165e-12 0.0001302786895 4.228417891e-05 0.0001007089666 0.0001298200505 20000 20000 -5.404635073e-11 -8.664596818e-12 0 0 0.02290111585 0 0
6500 0.099999805 2.000001916 1.29373056 3.396726715 0.07014648894 4.383529134e-12 0.0001302786896 4.228417891e-05 0.0001007089666 0.0001298200505 20000 20000 -5.998049279e-11 -7.883277364e-12 0 0 0.02290111585 0 0
7000 0.099999805 2.000001916 1.29373056 3.396726715 0.07014648894 5.152228445e-12 0.0001302786896 4.228417891e-05 0.0001007089666 0.0001298200505 20000 20000 -6.610892389e-11 -5.90777427e-12 0 0 0.02290111585 0 0
7500 0.099999805 2.000001916 1.29373056 3.396726715 0.07014648894 5.939936578e-12 0.0001302786896 4.228417891e-05 0.0001007089666 0.0001298200505 20000 20000 -7.352035647e-11 -1.021405183e-12 0 0 0.02290111585 0 0
8000 0.099999805 2.000001916 1.29373056 3.396726715 0.07014648894 6.830830744e-12 0.0001302786896 4.228417891e-05 0.0001007089666 0.0001298200505 20000 20000 -7.906592048e-11 3.134992266e-12 0 0 0.02290111585 0 0
8500 0.099999805 2.000001916 1.29373056 3.396726715 0.07014648894 7.823759297e-12 0.0001302786896 4.228417891e-05 0.0001007089666 0.0001298200505 20000 20000 -8.539696728e-11 5.804384751e-12 0 0 0.02290111585 0 0
9000 0.099999805 2.000001916 1.29373056 3.396726715 0.07014648894 8.825501776e-12 0.0001302786896 4.228417891e-05 0.0001007089666 0.0001298200505 20000 20000 -9.395054179e-11 8.745087987e-12 0 0 0.02290111585 0 0
9500 0.099999805 2.000001916 1.29373056 3.396726715 0.07014648894 9.854709217e-12 0.0001302786896 4.228417891e-05 0.0001007089666 0.0001298200505 20000 20000 -1.030835139e-10 1.122851812e-11 0 0 0.02290111585 0 0
10000 0.099999805 2.000001916 1.29373056 3.396726715 0.07014648894 1.097670065e-11 0.0001302786896 4.228417891e-05 0.0001007089667 0.0001298200505 20000 20000 -1.140358641e-10 1.525446436e-11 0 0 0.02290111585 0 0
10500 0.099999805 2.000001916 1.29373056 3.396726715 0.07014648894 1.228035888e-11 0.0001302786896 4.228417891e-05 0.0001007089667 0.0001298200505 20000 20000 -1.274869099e-10 2.402592014e-11 0 0 0.02290111585 0 0
11000 0.099999805 2.000001916 1.29373056 3.396726715 0.07014648894 1.367886821e-11 0.0001302786896 4.228417891e-05 0.0001007089666 0.0001298200505 20000 20000 -1.425901064e-10 3.038680418e-11 0 0 0.02290111585 0 0
11500 0.099999805 2.000001916 1.29373056 3.396726715 0.07014648894 1.52364813e-11 0.0001302786896 4.228417891e-05 0.0001007089667 0.0001298200505 20000 20000 -1.578029374e-10 3.674421878e-11 0 0 0.02290111585 0 0
12000 0.099999805 2.000001916 1.29373056 3.396726715 0.07014648894 1.686534631e-11 0.0001302786896 4.228417891e-05 0.0001007089667 0.0001298200505 20000 20000 -1.713171272e-10 4.472117121e-11 0 0 0.02290111585 0 0
12500 0.099999805 2.000001916 1.29373056 3.396726715 0.07014648894 1.857046458e-11 0.0001302786896 4.228417891e-05 0.0001007089667 0.0001298200505 20000 20000 -1.841339581e-10 4.979974766e-11 0 0 0.02290111585 0 0
13000 0.099999805 2.000001916 1.29373056 3.396726715 0.07014648894 2.044879827e-11 0.0001302786896 4.228417891e-05 0.0001007089667 0.0001298200505 20000 20000 -1.988735565e-10 5.659014923e-11 0 0 0.02290111585 0 0
13500 0.099999805 2.000001916 1.29373056 3.396726715 0.07014648894 2.246263681e-11 0.0001302786896 4.228417891e-05 0.0001007089667 0.0001298200505 20000 20000 -2.104642849e-10 6.237579897e-11 0 0 0.02290111585 0 0
14000 0.099999805 2.000001916 1.29373056 3.396726715 0.07014648894 2.453377842e-11 0.0001302786896 4.228417891e-05 0.0001007089667 0.0001298200505 20000 20000 -2.211592021e-10 6.994752e-11 0 0 0.02290111585 0 0
14500 0.099999805 2.000001916 1.29373056 3.396726715 0.07014648894 2.667652749e-11 0.0001302786896 4.228417891e-05 0.0001007089667 0.0001298200505 20000 20000 -2.330337312e-10 7.826725379e-11 0 0 0.02290111585 0 0
15000 0.099999805 2.000001916 1.29373056 3.396726715 0.07014648894 2.893566618e-11 0.0001302786896 4.228417891e-05 0.0001007089667 0.0001298200505 20000 20000 -2.450491199e-10 8.628861514e-11 0 0 0.02290111585 0 0
15500 0.099999805 2.000001916 1.29373056 3.396726715 0.07014648894 3.129208825e-11 0.0001302786896 4.228417891e-05 0.0001007089667 0.0001298200505 20000 20000 -2.551896194e-10 9.06601183e-11 0 0 0.02290111585 0 0
16000 0.099999805 2.000001916 1.29373056 3.396726715 0.07014648894 3.369449851e-11 0.0001302786896 4.228417891e-05 0.0001007089667 0.0001298200505 20000 20000 -2.624345186e-10 9.353004482e-11 0 0 0.02290111585 0 0
16500 0.099999805 2.000001916 1.29373056 3.396726715 0.07014648894 3.614053982e-11 0.0001302786896 4.228417891e-05 0.0001007089667 0.0001298200505 20000 20000 -2.713426706e-10 1.007194328e-10 0 0 0.02290111585 0 0
17000 0.099999805 2.000001916 1.29373056 3.396726715 0.07014648894 3.872847675e-11 0.0001302786896 4.228417891e-05 0.0001007089667 0.0001298200505 20000 20000 -2.812090838e-10 1.03717035e-10 0 0 0.02290111585 0 0
17500 0.099999805 2.000001916 1.29373056 3.396726715 0.07014648894 4.142171156e-11 0.0001302786896 4.228417891e-05 0.0001007089667 0.0001298200505 20000 20000 -2.925486242e-10 1.065730837e-10 0 0 0.02290111585 0 0
18000 0.099999805 2.000001916 1.29373056 3.396726715 0.07014648894 4.418587642e-11 0.0001302786896 4.228417891e-05 0.0001007089667 0.0001298200505 20000 20000 -3.056783993e-10 1.115031678e-10 0 0 0.02290111585 0 0
18500 0.099999805 2.000001916 1.29373056 3.396726715 0.07014648894 4.709684133e-11 0.0001302786896 4.228417891e-05 0.0001007089667 0.0001298200505 20000 20000 -3.135554316e-10 1.181672815e-10 0 0 0.02290111585 0 0
19000 0.099999805 2.000001916 1.29373056 3.396726715 0.07014648894 5.003776157e-11 0.0001302786896 4.228417891e-05 0.0001007089667 0.0001298200505 20000 20000 -3.232504542e-10 1.253212811e-10 0 0 0.02290111585 0 0
19500 0.099999805 2.000001916 1.29373056 3.396726715 0.07014648894 5.301336638e-11 0.0001302786896 4.228417891e-05 0.0001007089667 0.0001298200505 20000 20000 -3.328601283e-10 1.317682075e-10 0 0 0.02290111585 0 0
19999 0.099999805 2.000001916 1.29373056 3.396726715 0.07014648894 5.614904743e-11 0.0001302786896 4.228417891e-05 0.0001007089667 0.0001298200505 20000 20000 -3.439047658e-10 1.333287647e-10 0 0 0.02290111585 0 0
