# step v0 Mach sigma R umax_ref urms_ref umax_mean urms_mean umax_lab mean_x mean_y mean_z drop_ux drop_uy x0 y0 x_unwrapped center_dx center_dy axis_ratio mass_R mass_B min_f negative_total negative_color min_rho min_phi max_phi qx qy qz p_in p_out delta_p urms_lab
0 0 0 -5.560112678108922e-15 25.040521385269312 2.5018537765542006e-17 7.5097299283342565e-18 2.5024215160300708e-17 7.5097274118402785e-18 2.5018537765542006e-17 1.3877787807814457e-21 -5.8980598183211438e-21 -1.0408340855860842e-21 8.8608202818907734e-21 -1.780063548823097e-20 50.000000000000007 50.000000000000007 50.000000000000007 7.1054273576010019e-15 7.1054273576010019e-15 1.0000000000000007 1969.8656512480634 8030.1343487520398 0.02387060968611001 0 0 0.99999999999999944 5.1710809399147485e-26 0.99999999999998512 -1.8462197174068664e-16 1.8404269113867808e-16 1.4293990687688916e-18 0.33333333333333387 0.33333333333333409 -2.2204460492503131e-16 7.5097299283342565e-18
500 0 0 0.063074237890069815 24.960195902831924 0.0012929597093482453 0.00070549256208387483 0.0012929597093482472 0.00070549256208387483 0.0012929597093482453 2.2315482794966162e-18 -5.8633653488017434e-20 -5.2041704279305418e-21 1.1774269303198771e-18 9.4678519435655004e-19 50.000000000000007 50.000000000000007 50.000000000000007 7.1054273576010019e-15 7.1054273576010019e-15 1.0000000000000004 1969.8656512480177 8030.1343487517861 0.022167674356239786 0 0 0.99531034616457514 4.0806625685390018e-18 0.99999999999999978 2.1985878558266475e-14 4.7579060374718096e-15 -3.9339088499882645e-17 0.33548164426806476 0.33295465136562069 0.0025269929024440696 0.00070549256208387483
1000 0 0 0.096673177796756424 24.933496780580334 0.0011826692214654704 0.0005479671263902313 0.0011826692214654694 0.00054796712639023119 0.0011826692214654704 5.7003013420599923e-19 -1.329839016683868e-18 6.2450045135167296e-21 7.9686571523793232e-19 -5.8704118733559863e-19 50.000000000000007 50.000000000000007 50.000000000000007 7.1054273576010019e-15 7.1054273576010019e-15 1.0000000000000022 1969.8656512479631 8030.1343487515878 0.022208049578056659 0 0 0.99612988967136784 5.2937894100485476e-18 0.99999999999999978 5.3394924115837683e-15 -1.3114726318819159e-14 3.429323027188797e-17 0.33646392119863899 0.33258668012621745 0.0038772410724215445 0.0005479671263902313
1500 0 0 0.10650326345393539 24.925828788219036 0.001034058495064633 0.00028489191426391041 0.0010340584950646328 0.00028489191426391041 0.001034058495064633 6.9180772221959234e-19 1.4432899320127903e-19 2.081668171172294e-21 -5.3544113693834901e-18 -4.4165533585654792e-18 50.000000000000007 50.000000000000007 50.000000000000007 7.1054273576010019e-15 7.1054273576010019e-15 1.0000000000000002 1969.8656512479351 8030.1343487514823 0.022219678622143711 0 0 0.99638299135693875 5.4147843022254279e-18 0.99999999999999978 7.0499263707651111e-15 2.6751130065456874e-15 -1.6869919916444487e-17 0.33674102291472052 0.33246821560472756 0.0042728073099929653 0.00028489191426391041
2000 0 0 0.10613559249467644 24.926092372129236 0.00098099537316675566 0.00016650940939893022 0.00098099537316675327 0.00016650940939893022 0.00098099537316675566 3.5908775952722462e-18 7.310124727766785e-19 -1.3877787807815444e-20 -2.997311079351224e-18 2.07949205166618e-18 50.000000000000014 50.000000000000007 50.000000000000014 1.4210854715202004e-14 7.1054273576010019e-15 1.0000000000000011 1969.8656512478969 8030.1343487513195 0.022218365374468006 0 0 0.99637141326808665 5.4749584544636529e-18 0.99999999999999978 3.5493743784608929e-14 7.4821668602325069e-15 -1.3189212065961963e-16 0.33673281316502557 0.33247480148352548 0.0042580116815000846 0.00016650940939893022
2500 0 0 0.10339815127266072 24.928177785361409 0.00097333036169860055 0.00016104309921407528 0.00097333036169860142 0.00016104309921407522 0.00097333036169860055 1.2708584185007133e-18 2.5153490401665772e-19 1.3877787807815597e-21 -1.9193109524198987e-18 -2.1857822532522071e-18 50.000000000000014 50.000000000000007 50.000000000000014 1.4210854715202004e-14 7.1054273576010019e-15 1.000000000000004 1969.8656512478628 8030.1343487512231 0.022214266649951082 0 0 0.99629947339460911 5.5127288535472508e-18 0.99999999999999978 1.2589104682081713e-14 2.0641314127904523e-15 1.5765243518271217e-17 0.3366599885220134 0.33251214618219427 0.00414784233981913 0.00016104309921407528
3000 0 0 0.10134643945121058 24.929739624599058 0.00097296775795925584 0.00016246547696343003 0.00097296775795925529 0.00016246547696343005 0.00097296775795925584 1.3305329060743723e-18 -8.5625950774225576e-19 4.5102810375402452e-21 5.0797469957418369e-18 1.7439197712688506e-18 50.000000000000014 50.000000000000007 50.000000000000014 1.4210854715202004e-14 7.1054273576010019e-15 1.0000000000000042 1969.8656512478283 8030.1343487510067 0.022211373752016553 0 0 0.99624580122534101 5.527184588717627e-18 0.99999999999999978 1.3059216014620848e-14 -8.3666255347447649e-15 1.4738859524655951e-17 0.33660550329555683 0.33254022058593685 0.0040652827096199773 0.00016246547696343003
3500 0 0 0.10044552619465663 24.930425051689785 0.00097345882373941865 0.000160373036664236 0.00097345882373941909 0.00016037303666423602 0.00097345882373941865 -3.5735303605126921e-20 7.9346251791189581e-19 -9.3675067702759881e-21 -3.2308794810950531e-18 7.5238607795454328e-19 50.000000000000014 50.000000000000007 50.000000000000014 1.4210854715202004e-14 7.1054273576010019e-15 1.0000000000000002 1969.8656512477905 8030.1343487508266 0.022210166321738639 0 0 0.99622222353264145 5.5304317903232929e-18 0.99999999999999978 -8.9208112400459942e-16 8.0630216096362747e-15 -9.4262723047785116e-17 0.33658163125614438 0.33255259741551002 0.0040290338406343551 0.000160373036664236
4000 0 0 0.10027511879209343 24.930554844236582 0.00097416066885339884 0.00015934344602077492 0.00097416066885340025 0.00015934344602077483 0.00097416066885339884 3.0218882951520577e-19 1.9546864127309636e-18 -3.4694469519541419e-22 -1.2123662087989298e-18 -5.4474983465432722e-18 50.000000000000014 50.000000000000007 50.000000000000014 1.4210854715202004e-14 7.1054273576010019e-15 1.0000000000000016 1969.8656512477519 8030.1343487507775 0.022209977431345895 0 0 0.9962177732036136 5.5300679174022794e-18 0.99999999999999978 2.9444762600361329e-15 1.9671926742023747e-14 -5.8035354056109315e-17 0.33657711216940828 0.33255493458777796 0.0040221775816303151 0.00015934344602077492
4500 0 0 0.10037962806392964 24.930475611344971 0.00097460798851320223 0.00015919777194939159 0.00097460798851320353 0.00015919777194939156 0.00097460798851320223 -1.5137197051376266e-18 5.1035564663246585e-19 -3.4694469519542206e-21 -5.7858986967350541e-19 -1.5897374671022645e-18 50.000000000000014 50.000000000000007 50.000000000000014 1.4210854715202004e-14 7.1054273576010019e-15 1.0000000000000027 1969.8656512477169 8030.134348750652 0.022210149835562201 0 0 0.99622053401654764 5.5281980555047407e-18 0.99999999999999978 -1.5135246026784904e-14 5.4719412727149185e-15 -2.8780318651525828e-17 0.33657986053808592 0.33255347814455266 0.0040263823935332566 0.00015919777194939159
5000 0 0 0.10050824898526919 24.930377988780776 0.00097473825068585538 0.00015920476286552591 0.00097473825068585505 0.00015920476286552588 0.00097473825068585538 -4.5796699765796482e-20 -4.7357950894175908e-19 1.0408340855862835e-21 -3.2113539580194544e-18 5.2893874402470579e-18 50.000000000000014 50.000000000000007 50.000000000000014 1.4210854715202004e-14 7.1054273576010019e-15 1.0000000000000004 1969.8656512476562 8030.1343487503891 0.022210337733756132 0 0 0.99622392346507249 5.5270614341209477e-18 0.99999999999999978 -3.5865415806754367e-16 -4.8538510475940803e-15 1.6341101655202659e-17 0.33658324769895742 0.33255169033426363 0.0040315573646937941 0.00015920476286552591
5500 0 0 0.10058268532597012 24.93032148009668 0.00097471107995087899 0.00015920217315200586 0.00097471107995087737 0.0001592021731520057 0.00097471107995087899 -1.8665624601514369e-19 -1.8228474285568121e-18 1.3877787807817375e-21 -6.2218074148025898e-18 1.675250611376608e-18 50.000000000000014 50.000000000000007 50.000000000000014 1.4210854715202004e-14 7.1054273576010019e-15 1.0000000000000007 1969.8656512476412 8030.1343487503091 0.022210441266827481 0 0 0.9962258839024779 5.526733990920605e-18 0.99999999999999978 -1.8609246088541198e-15 -1.8429891944157784e-14 4.2822212575971072e-17 0.33658520783214185 0.3325506555538541 0.0040345522782877508 0.00015920217315200586
6000 0 0 0.10060756123207824 24.930302607733143 0.00097465476610452252 0.00015919814591216222 0.00097465476610452187 0.0001591981459121622 0.00097465476610452252 -1.4190038033493532e-19 1.023833795521746e-18 -2.0816681711726453e-21 -3.9252176969392379e-18 2.0715360970656966e-18 50.000000000000007 50.000000000000007 50.000000000000007 7.1054273576010019e-15 7.1054273576010019e-15 1.0000000000000022 1969.8656512475991 8030.1343487501554 0.022210473431178747 0 0 0.99622653799613048 5.5267130138955574e-18 0.99999999999999978 -1.0672885524202816e-15 1.0126583842755952e-14 1.5570579526546491e-17 0.33658586213313113 0.33255030898261018 0.0040355531505209541 0.00015919814591216222
6500 0 0 0.10060742803375694 24.930302705749849 0.000974617648894414 0.00015919728294467474 0.00097461764889441476 0.00015919728294467477 0.000974617648894414 2.9871938256328186e-19 -8.5521867365678255e-19 -5.551115123127189e-21 -6.1475596708817513e-18 -3.5999774683733618e-18 50.000000000000007 50.000000000000007 50.000000000000007 7.1054273576010019e-15 7.1054273576010019e-15 1.0000000000000002 1969.8656512475634 8030.1343487499425 0.022210471326464316 0 0 0.99622653408154849 5.5267975602365114e-18 0.99999999999999978 2.7495366068528433e-15 -8.8036402722730052e-15 -5.2299901404092699e-17 0.33658585847395506 0.33255031068212848 0.004035547791826577 0.00015919728294467474
7000 0 0 0.10060066429357552 24.930307838943119 0.00097460309594450472 0.00015919738227066887 0.00097460309594450407 0.00015919738227066884 0.00097460309594450472 1.0946105133416626e-18 -4.8398784979766067e-19 -3.4694469519545569e-21 2.7271009713858238e-18 3.4347009441306234e-19 50.000000000000007 50.000000000000007 50.000000000000007 7.1054273576010019e-15 7.1054273576010019e-15 1.0000000000000018 1969.8656512475295 8030.1343487498107 0.02221046103247603 0 0 0.9962263557492026 5.5268729931655082e-18 0.99999999999999978 1.0878450216401398e-14 -5.0359700001615615e-15 -4.0037258330578982e-17 0.33658568030833702 0.33255040465335978 0.0040352756549772439 0.00015919738227066887
7500 0 0 0.10059531003906473 24.930311903190969 0.0009746013755149791 0.0001591974211053954 0.00097460137551497628 0.00015919742110539532 0.0009746013755149791 -3.6807362713286322e-18 -3.7435332611590108e-19 7.6327832943001138e-21 -6.2190965386088184e-18 4.2938272543500845e-18 50.000000000000007 50.000000000000007 50.000000000000007 7.1054273576010019e-15 7.1054273576010019e-15 1.0000000000000002 1969.8656512474938 8030.1343487496588 0.022210453392769069 0 0 0.99622621468233785 5.5269094954638613e-18 0.99999999999999978 -3.6790015054999651e-14 -3.7743112190742269e-15 6.3391567468933814e-17 0.33658553931758728 0.33255047908931196 0.0040350602282753223 0.0001591974211053954
8000 0 0 0.1005928551309945 24.93031376687129 0.00097460389312090828 0.00015919738623313629 0.00097460389312090773 0.00015919738623313627 0.00097460389312090828 -1.6566609195583628e-18 -4.2674197509042642e-19 -4.5102810375410923e-21 -1.9318711258665588e-18 3.3955615974138164e-18 50.000000000000007 50.000000000000007 50.000000000000007 7.1054273576010019e-15 7.1054273576010019e-15 1.0000000000000004 1969.865651247449 8030.1343487494732 0.022210450062166567 0 0 0.99622615003639914 5.526917005976369e-18 0.99999999999999978 -1.6474668853006098e-14 -4.0956414708541346e-15 -5.0130754306545005e-17 0.3365854746918 0.33255051323597318 0.0040349614558268243 0.00015919738623313629
8500 0 0 0.1005923331483215 24.930314163276321 0.00097460636183894426 0.00015919735473882509 0.00097460636183894622 0.00015919735473882539 0.00097460636183894426 9.1246454836409931e-20 -2.4740626214389322e-18 6.2450045135185502e-21 4.8680806133428637e-18 5.6925688119522792e-19 50.000000000000007 50.000000000000007 50.000000000000007 7.1054273576010019e-15 7.1054273576010019e-15 1.0000000000000002 1969.8656512474042 8030.1343487494014 0.022210449454562124 0 0 0.99622613630956836 5.5269139303871153e-18 0.99999999999999978 8.9641826356678646e-16 -2.4537107914078538e-14 5.142689504411708e-17 0.33658546096145725 0.3325505205074577 0.004034940453999547 0.00015919735473882509
9000 0 0 0.100592553365824 24.930313979900859 0.00097460765497109033 0.00015919734007982072 0.00097460765497108871 0.0001591973400798207 0.00097460765497109033 -1.9945850526788337e-18 3.3518327002835644e-18 -6.9388939039096675e-21 -4.5922458253484096e-18 -2.852557738158137e-18 50.000000000000007 50.000000000000014 50.000000000000007 7.1054273576010019e-15 1.4210854715202004e-14 1.0000000000000016 1969.8656512473694 8030.1343487492086 0.022210449862614608 0 0 0.99622614268895848 5.5269100460763886e-18 0.99999999999999978 -1.993240626102383e-14 3.3530619065545082e-14 -7.1005432099554905e-17 0.33658546733269312 0.33255051801569202 0.0040349493170011019 0.00015919734007982072
9500 0 0 0.10059290729157361 24.930313727562154 0.00097460802386979033 0.00015919733582482357 0.00097460802386978903 0.00015919733582482346 0.00097460802386979033 -1.8249290967282667e-19 2.6117996654316334e-18 -7.6327832943007352e-21 4.2460329331883035e-18 2.6736276461993757e-18 50.000000000000007 50.000000000000007 50.000000000000007 7.1054273576010019e-15 7.1054273576010019e-15 1.0000000000000011 1969.8656512473467 8030.1343487490276 0.022210450350590449 0 0 0.99622615145046278 5.5269071077697356e-18 0.99999999999999978 -2.0443715651534692e-15 2.5995861319280985e-14 -4.4567241177124161e-17 0.33658547608861977 0.33255051253417556 0.0040349635544442153 0.00015919733582482357
10000 0 0 0.10059308603032165 24.930313575588915 0.0009746079713350269 0.00015919733601097103 0.00097460797133502679 0.00015919733601097103 0.0009746079713350269 -2.550043509686877e-19 -3.3549552025404216e-19 -1.3877787807819737e-21 3.3348996004165387e-18 4.6683073771115273e-18 50.000000000000007 50.000000000000014 50.000000000000007 7.1054273576010019e-15 1.4210854715202004e-14 1.0000000000000051 1969.865651247298 8030.1343487488457 0.022210450630162418 0 0 0.9962261567238434 5.5269060652878977e-18 0.99999999999999978 -2.5856054997621086e-15 -3.5254865988043995e-15 2.9672526184617789e-17 0.33658548135973476 0.33255051061115903 0.004034970748575728 0.00015919733601097103
10500 0 0 0.1005931565137896 24.930313522076752 0.00097460783063578243 0.00015919733729118045 0.00097460783063578157 0.00015919733729118045 0.00097460783063578243 -1.6812939929173954e-18 9.6866958898583736e-19 -2.7755575615640042e-21 -7.3863895615647842e-18 -2.7788119245614382e-18 50.000000000000007 50.000000000000014 50.000000000000007 7.1054273576010019e-15 1.4210854715202004e-14 1.0000000000000013 1969.8656512472483 8030.1343487487457 0.02221045072223567 0 0 0.99622615857919827 5.5269059902610742e-18 0.99999999999999978 -1.6795592694407446e-14 9.4866741680278509e-15 -5.3444025087909367e-18 0.33658548321478005 0.3325505096303239 0.0040349735844561474 0.00015919733729118045
11000 0 0 0.10059315905025484 24.930313520144669 0.00097460773258339374 0.00015919733827362621 0.0009746077325833945 0.00015919733827362631 0.00097460773258339374 -8.3127948968843612e-19 -1.8908485888155163e-19 7.2858385991056588e-21 -1.9372202587548289e-18 -3.4568333473664444e-18 50.000000000000007 50.000000000000014 50.000000000000007 7.1054273576010019e-15 1.4210854715202004e-14 1.0000000000000004 1969.8656512472189 8030.1343487485665 0.022210450720714526 0 0 0.99622615864505004 5.5269062127994612e-18 0.99999999999999978 -8.6181062170722491e-15 -2.0259808255073532e-15 9.7607550668166784e-17 0.33658548328099758 0.33255050959448651 0.0040349736865110675 0.00015919733827362621
11500 0 0 0.1005931421887965 24.930313532941078 0.00097460769213428299 0.00015919733871209779 0.00097460769213428256 0.00015919733871209784 0.00097460769213428299 -2.2551405187708494e-20 -6.6578687008019386e-19 4.8572257327372137e-21 5.5822698204055058e-18 -3.5602611912007613e-18 50.000000000000007 50.000000000000014 50.000000000000007 7.1054273576010019e-15 1.4210854715202004e-14 1.0000000000000004 1969.8656512471871 8030.1343487484601 0.022210450694835189 0 0 0.99622615820046434 5.5269064460615733e-18 0.99999999999999978 -4.6056919040532192e-16 -6.5750221833576371e-15 2.5428980281596916e-17 0.33658548283679096 0.33255050982869461 0.0040349730080963542 0.00015919733871209779
12000 0 0 0.10059312807162064 24.930313543656784 0.00097460768616670251 0.0001591973387964469 0.0009746076861667024 0.00015919733879644693 0.00097460768616670251 4.5519144009651885e-19 2.9733160378255844e-19 1.0061396160670005e-20 1.3910113731388683e-18 -7.2126425371283545e-18 50.000000000000007 50.000000000000014 50.000000000000007 7.1054273576010019e-15 1.4210854715202004e-14 1.0000000000000002 1969.8656512471516 8030.1343487482618 0.022210450674618 0 0 0.99622615782850166 5.5269065451608194e-18 0.99999999999999978 4.4035954411967289e-15 2.7211306670980395e-15 9.6177197695641354e-17 0.33658548246503905 0.33255051002494251 0.0040349724400965403 0.0001591973387964469
12500 0 0 0.10059312133820932 24.930313548768346 0.00097460769224721067 0.00015919733874588136 0.00097460769224721089 0.00015919733874588139 0.00097460769224721067 4.5345671662055523e-19 -9.2634233617205993e-19 -7.2858385991060906e-21 6.0602660761898599e-18 -1.8156779096258636e-18 50.000000000000007 50.000000000000014 50.000000000000007 7.1054273576010019e-15 1.4210854715202004e-14 1.0000000000000016 1969.8656512471186 8030.1343487480808 0.02221045066543887 0 0 0.99622615765116396 5.5269065559810182e-18 0.99999999999999978 4.3081859759271658e-15 -9.2554139257003929e-15 -7.515918393543292e-17 0.33658548228777407 0.33255051011859416 0.0040349721691799179 0.00015919733874588136
13000 0 0 0.10059311975403333 24.930313549971199 0.00097460769869188273 0.00015919733868303 0.00097460769869188229 0.00015919733868302995 0.00097460769869188273 -2.0351775820170163e-18 2.024075351770759e-18 -1.1796119636648235e-20 -1.0207814641954058e-18 1.3822521213939574e-17 50.000000000000007 50.000000000000014 50.000000000000007 7.1054273576010019e-15 1.4210854715202004e-14 1.0000000000000022 1969.8656512470654 8030.1343487479417 0.022210450663539605 0 0 0.99622615760947608 5.5269065512881763e-18 0.99999999999999978 -2.0496625428927311e-14 2.0438999936221558e-14 -1.4439370123506937e-16 0.33658548224609341 0.33255051014065234 0.0040349721054410703 0.00015919733868303
13500 0 0 0.10059312029552356 24.930313549560481 0.00097460770219893805 0.00015919733864650369 0.00097460770219894 0.00015919733864650377 0.00097460770219893805 -4.0297626346961882e-18 2.292957490547319e-18 2.7755575615643141e-21 -4.182924803863593e-18 5.6880336653178173e-18 50.000000000000007 50.000000000000014 50.000000000000007 7.1054273576010019e-15 1.4210854715202004e-14 1.0000000000000027 1969.8656512470343 8030.1343487477716 0.022210450664484849 0 0 0.99622615762375377 5.5269065391319831e-18 0.99999999999999978 -4.0645438562693256e-14 2.3015511586037187e-14 2.455204189090385e-17 0.33658548226036389 0.33255051013313619 0.0040349721272276984 0.00015919733864650369
14000 0 0 0.10059312115141002 24.930313548910913 0.00097460770326730436 0.00015919733863422242 0.00097460770326730577 0.00015919733863422228 0.00097460770326730436 -1.9820950436521776e-18 4.1668057892985569e-19 -6.9388939039110021e-21 1.242141890715528e-18 -2.4801250393378877e-18 50.000000000000007 50.000000000000014 50.000000000000007 7.1054273576010019e-15 1.4210854715202004e-14 1.0000000000000009 1969.8656512470063 8030.1343487476142 0.022210450665746725 0 0 0.99622615764629163 5.5269065314802557e-18 0.99999999999999978 -1.9533853755830757e-14 4.1930978110930723e-15 -3.0674800912698545e-17 0.33658548228289908 0.3325505101212351 0.0040349721616639855 0.00015919733863422242
14500 0 0 0.10059312168846025 24.930313548503182 0.00097460770317922649 0.00015919733863421965 0.00097460770317922649 0.00015919733863421971 0.00097460770317922649 -8.4030005176362863e-19 1.1182027526152665e-18 5.2041704279332907e-21 -6.9904451874551424e-18 -1.1355513778520159e-18 50.000000000000007 50.000000000000014 50.000000000000007 7.1054273576010019e-15 1.4210854715202004e-14 1.0000000000000007 1969.8656512469706 8030.1343487474496 0.02221045066649889 0 0 0.99622615766041844 5.526906528458507e-18 0.99999999999999978 -8.7638232520977357e-15 1.1206110366902833e-14 4.8922334880014688e-17 0.33658548229703295 0.33255051011376091 0.0040349721832720342 0.00015919733863421965
15000 0 0 0.10059310041614017 24.93031354835243 0.00097460770282282809 0.00015919733863750926 0.00097460770282282593 0.00015919733863750942 0.00097460770282282809 -8.1774864657594168e-19 2.533390164318e-18 3.4694469519556287e-22 -3.4315313239390205e-18 -8.626900156491778e-18 49.999999999999993 50.000000000000021 49.999999999999993 -7.1054273576010019e-15 2.1316282072803006e-14 1.0000000000000007 1969.8656512469242 8030.1343487473368 0.022210450666760015 0 0 0.99622615766563005 5.5269065280930195e-18 0.99999999999999978 -8.6302494666925439e-15 2.5317164323412744e-14 3.6859860167433419e-17 0.33658548230225627 0.33255051097223109 0.0040349713300251722 0.00015919733863750926
15500 0 0 0.10059310043068485 24.930313548341399 0.00097460770256241835 0.00015919733864013481 0.00097460770256241976 0.00015919733864013484 0.00097460770256241835 -1.5952517085092305e-18 5.1313120419424789e-19 -4.5102810375424088e-21 4.4961743452294764e-18 -9.9092387363121127e-18 49.999999999999993 50.000000000000021 49.999999999999993 -7.1054273576010019e-15 2.1316282072803006e-14 1.0000000000000002 1969.8656512468881 8030.1343487471986 0.022210450666766343 0 0 0.99622615766598988 5.526906528637684e-18 0.99999999999999978 -1.6016701655170513e-14 5.7103302386250586e-15 -5.6234216578329144e-17 0.33658548230262947 0.3325505109720191 0.0040349713306103707 0.00015919733864013481
16000 0 0 0.10059310038894916 24.930313548373022 0.0009746077024503667 0.00015919733864134617 0.00097460770245036616 0.00015919733864134625 0.0009746077024503667 -1.4495349365271131e-18 -3.7123082385926542e-19 -4.1633363423469021e-21 -2.186862975271584e-18 -9.1763281866616999e-18 49.999999999999993 50.000000000000021 49.999999999999993 -7.1054273576010019e-15 2.1316282072803006e-14 1.0000000000000031 1969.8656512468424 8030.1343487470313 0.022210450666701197 0 0 0.99622615766487066 5.5269065291588098e-18 0.99999999999999978 -1.4615045232165041e-14 -3.5607503935784987e-15 -5.610127994643285e-17 0.33658548230152552 0.33255051097259436 0.0040349713289311584 0.00015919733864134617
16500 0 0 0.10059310035188815 24.930313548401173 0.00097460770243080357 0.00015919733864161264 0.00097460770243080357 0.00015919733864161264 0.00097460770243080357 -1.7437440380529979e-18 -2.3373664115326397e-18 -3.8163916471514081e-21 -7.941204386022649e-19 2.887437653358864e-21 49.999999999999993 50.000000000000021 49.999999999999993 -7.1054273576010019e-15 2.1316282072803006e-14 1.0000000000000022 1969.8656512468119 8030.1343487469076 0.022210450666647334 0 0 0.99622615766387379 5.5269065294286973e-18 0.99999999999999978 -1.7636066284692658e-14 -2.3605629090705434e-14 -2.4325150247097672e-17 0.33658548230054042 0.3325505109731004 0.0040349713274400179 0.00015919733864161264
17000 0 0 0.10059310033345011 24.930313548415185 0.00097460770244529513 0.00015919733864149774 0.00097460770244529545 0.00015919733864149768 0.00097460770244529513 -1.1789180742746102e-18 5.3464177529640204e-19 -6.5919492087161837e-21 4.7506745388062309e-18 -1.0833017593183434e-17 49.999999999999993 50.000000000000021 49.999999999999993 -7.1054273576010019e-15 2.1316282072803006e-14 1.000000000000002 1969.865651246776 8030.1343487466693 0.022210450666621598 0 0 0.99622615766337019 5.5269065295049195e-18 0.99999999999999978 -1.1707648739367471e-14 5.5916778881890946e-15 -3.6060003125664726e-17 0.33658548230004964 0.33255051097335148 0.0040349713266981668 0.00015919733864149774
17500 0 0 0.10059310032876338 24.930313548418759 0.00097460770246202393 0.00015919733864133215 0.00097460770246202459 0.00015919733864133221 0.00097460770246202393 -1.4294121442058508e-19 -9.0205620750854658e-19 1.3877787807823794e-21 2.3104578329282797e-19 -9.9641342712327504e-18 49.999999999999993 50.000000000000021 49.999999999999993 -7.1054273576010019e-15 2.1316282072803006e-14 1.0000000000000016 1969.8656512467426 8030.1343487465219 0.022210450666615273 0 0 0.99622615766322642 5.5269065294950287e-18 0.99999999999999978 -1.2958385821384627e-15 -9.1721200375509123e-15 1.3121677643711588e-18 0.33658548229991964 0.33255051097341004 0.0040349713265095954 0.00015919733864133215
18000 0 0 0.10059310032991384 24.930313548417836 0.00097460770247156004 0.00015919733864123167 0.00097460770247156123 0.00015919733864123167 0.00097460770247156004 -1.2902873214324449e-18 -4.6039561052456425e-19 3.4694469519560232e-21 -3.1753639568338232e-18 -1.3676146272870263e-17 49.999999999999993 50.000000000000021 49.999999999999993 -7.1054273576010019e-15 2.1316282072803006e-14 1.0000000000000018 1969.8656512466998 8030.1343487463328 0.022210450666616862 0 0 0.99622615766323752 5.5269065294658285e-18 0.99999999999999978 -1.2947976077630447e-14 -4.4710735913664424e-15 4.4713807208695135e-17 0.33658548229994378 0.33255051097338789 0.0040349713265558917 0.00015919733864123167
18500 0 0 0.10059310033206893 24.930313548416208 0.00097460770247463375 0.00015919733864120034 0.00097460770247463212 0.0001591973386412005 0.00097460770247463375 2.1493223867368011e-18 -3.6082248300343396e-18 1.0408340855868288e-21 3.4788270715306032e-19 -4.1939508393217072e-18 49.999999999999993 50.000000000000021 49.999999999999993 -7.1054273576010019e-15 2.1316282072803006e-14 1.0000000000000016 1969.8656512466637 8030.1343487461509 0.022210450666619579 0 0 0.99622615766327638 5.5269065294452927e-18 0.99999999999999978 2.1583429699861671e-14 -3.5898462479554138e-14 1.785372073784294e-17 0.33658548229999469 0.33255051097335209 0.0040349713266426002 0.00015919733864120034
19000 0 0 0.10059310033354812 24.930313548415128 0.00097460770247445236 0.00015919733864120576 0.00097460770247445301 0.00015919733864120582 0.00097460770247445236 1.0991207943797128e-18 -5.9466320756528655e-19 -6.245004513521096e-21 -4.7125142961211198e-19 6.028114478258989e-18 49.999999999999993 50.000000000000021 49.999999999999993 -7.1054273576010019e-15 2.1316282072803006e-14 1.0000000000000002 1969.8656512466248 8030.1343487459981 0.022210450666621067 0 0 0.99622615766329514 5.5269065294368702e-18 0.99999999999999978 1.0968222952030947e-14 -5.9401269287880307e-15 -8.7103114332178097e-17 0.33658548230002699 0.33255051097332489 0.0040349713267021081 0.00015919733864120576
19500 0 0 0.10059312180504219 24.930313548414677 0.00097460770247356158 0.00015919733864122043 0.00097460770247356126 0.0001591973386412204 0.00097460770247356158 4.7913062406515706e-19 -1.3669620990707593e-19 4.5102810375431145e-21 1.2421870789817122e-18 -5.0253662116021186e-18 49.999999999999993 50.000000000000014 49.999999999999993 -7.1054273576010019e-15 1.4210854715202004e-14 1.000000000000002 1969.86565124659 8030.1343487458607 0.022210450666621272 0 0 0.99622615766329103 5.526906529435566e-18 0.99999999999999978 4.839878499629653e-15 -1.4773337627691014e-15 3.4675336558096719e-17 0.33658548230003477 0.3325505101120721 0.004034972187962671 0.00015919733864122043
20000 0 0 0.10059314326433735 24.930313548414638 0.00097460770247289957 0.00015919733864122783 0.00097460770247289837 0.00015919733864122785 0.00097460770247289957 -9.8913932600274527e-19 -8.0283002468269117e-19 1.0408340855868944e-21 3.9361329173768607e-19 3.7605402106917268e-18 50.000000000000007 50.000000000000007 50.000000000000007 7.1054273576010019e-15 7.1054273576010019e-15 1.0000000000000011 1969.8656512465582 8030.1343487457225 0.022210450666620793 0 0 0.99622615766327305 5.5269065294355205e-18 0.99999999999999978 -9.6788894753939176e-15 -7.8648026121494084e-15 3.5178790125223686e-18 0.33658548230003088 0.33255050925129703 0.0040349730487338475 0.00015919733864122783
20500 0 0 0.10059312180499806 24.930313548414716 0.0009746077024726695 0.00015919733864123677 0.00097460770247267123 0.00015919733864123674 0.0009746077024726695 -1.8849505289978958e-18 4.860695179690875e-19 -4.8572257327389184e-21 -5.5888892398939421e-18 1.7399736742091767e-18 50.000000000000007 50.000000000000014 50.000000000000007 7.1054273576010019e-15 1.4210854715202004e-14 1.0000000000000013 1969.8656512465245 8030.1343487455761 0.022210450666620103 0 0 0.99622615766325207 5.526906529437223e-18 0.99999999999999978 -1.935691201256632e-14 4.9214240009337986e-15 -5.4415924382861503e-17 0.33658548230002011 0.33255051011205922 0.0040349721879608946 0.00015919733864123677
21000 0 0 0.1005931218048905 24.930313548414809 0.00097460770247269541 0.00015919733864123699 0.00097460770247269433 0.00015919733864123701 0.00097460770247269541 -8.7672924475939141e-19 -5.2041704279346543e-19 -5.2041704279346547e-21 -1.3855100805923922e-18 -7.9662873201569712e-18 49.999999999999993 50.000000000000014 49.999999999999993 -7.1054273576010019e-15 1.4210854715202004e-14 1.0000000000000011 1969.865651246482 8030.1343487454806 0.02221045066661944 0 0 0.99622615766323053 5.5269065294380589e-18 0.99999999999999978 -8.5539213558168786e-15 -5.6819104419406333e-15 -6.6334072879283871e-17 0.33658548230001217 0.33255051011205561 0.0040349721879565648 0.00015919733864123699
21500 0 0 0.10059312180482968 24.93031354841483 0.00097460770247282627 0.00015919733864123596 0.00097460770247282508 0.00015919733864123598 0.00097460770247282627 -2.6281060661070454e-18 -3.2720354203901712e-18 2.7755575615651966e-21 9.8448100533922029e-18 3.4124452748783814e-18 50.000000000000007 50.000000000000014 50.000000000000007 7.1054273576010019e-15 1.4210854715202004e-14 1.0000000000000007 1969.8656512464474 8030.1343487453523 0.02221045066661894 0 0 0.99622615766321365 5.5269065294379711e-18 0.99999999999999978 -2.6124068346945765e-14 -3.3393643648763276e-14 4.180192245474943e-17 0.33658548230000535 0.33255051011205122 0.0040349721879541223 0.00015919733864123596
22000 0 0 0.10059312180490705 24.930313548414798 0.00097460770247284059 0.00015919733864124387 0.00097460770247284601 0.00015919733864124387 0.00097460770247284059 -3.6505520828486729e-18 -4.0790287814153053e-18 -1.1449174941456587e-20 1.6508405598685442e-18 6.7172229248166141e-18 49.999999999999993 50.000000000000014 49.999999999999993 -7.1054273576010019e-15 1.4210854715202004e-14 1.0000000000000011 1969.8656512464281 8030.134348745255 0.022210450666618614 0 0 0.99622615766320088 5.5269065294376229e-18 0.99999999999999978 -3.6385824893724278e-14 -4.0683710765378735e-14 -1.1268490701638053e-16 0.33658548230000274 0.33255051011204551 0.0040349721879572309 0.00015919733864124387
22500 0 0 0.10059314326405863 24.930313548414844 0.00097460770247286119 0.00015919733864124447 0.00097460770247287452 0.00015919733864124414 0.00097460770247286119 -5.8092419763560778e-18 -1.7592524659286172e-17 7.2858385991087929e-21 9.5705418441925798e-18 -7.5209376382448829e-17 49.999999999999993 49.999999999999993 49.999999999999993 -7.1054273576010019e-15 -7.1054273576010019e-15 1.0000000000000004 1969.8656512464086 8030.1343487451568 0.022210450666618295 0 0 0.99622615766319034 5.5269065294379187e-18 0.99999999999999978 -5.8090251147408108e-14 -1.7566091820893907e-13 8.2947284244574143e-17 0.3365854822999983 0.33255050925127566 0.0040349730487226343 0.00015919733864124447
23000 0 0 0.10059312180484645 24.930313548414869 0.00097460770247291399 0.00015919733864124615 0.00097460770247288471 0.00015919733864124661 0.00097460770247291399 -4.2386233412053928e-18 -3.3004501909268053e-17 -5.551115123130579e-21 -1.5774994377909679e-17 -1.0750742421904346e-16 49.999999999999993 49.999999999999986 49.999999999999993 -7.1054273576010019e-15 -1.4210854715202004e-14 1.0000000000000007 1969.8656512463931 8030.1343487450804 0.022210450666617958 0 0 0.9962261576631789 5.5269065294381606e-18 0.99999999999999978 -4.2628227298865761e-14 -3.3015282944592189e-13 -7.4842715639970488e-17 0.33658548229999369 0.3325505101120389 0.0040349721879547884 0.00015919733864124615
23500 0 0 0.10059310033389314 24.930313548414887 0.00097460770247296874 0.00015919733864124675 0.0009746077024729335 0.00015919733864124666 0.00097460770247296874 -1.0747999712466489e-17 -5.0510637339451204e-17 -1.3877787807826579e-21 -5.8003594231676681e-17 -7.436296020854328e-17 49.999999999999986 49.999999999999964 49.999999999999986 -1.4210854715202004e-14 -3.5527136788005009e-14 1.0000000000000009 1969.8656512463754 8030.1343487449949 0.022210450666617653 0 0 0.99622615766316791 5.5269065294381421e-18 0.99999999999999978 -1.0695958009501286e-13 -5.0504838210555459e-13 5.9885353623971486e-18 0.33658548229998991 0.33255051097327393 0.0040349713267159859 0.00015919733864124675
24000 0 0 0.10059310033391397 24.930313548414905 0.00097460770247293079 0.00015919733864124791 0.00097460770247297264 0.00015919733864124761 0.00097460770247293079 -1.7305948341055136e-17 -6.1842198029237496e-17 -1.7347234759783419e-21 -4.6559670224761919e-17 -3.4230469552858317e-17 49.999999999999979 49.999999999999936 49.999999999999979 -2.1316282072803006e-14 -6.3948846218409017e-14 1.0000000000000007 1969.8656512463567 8030.1343487449112 0.022210450666617299 0 0 0.99622615766315614 5.5269065294380774e-18 0.99999999999999978 -1.7293501700099689e-13 -6.1858546442691148e-13 -1.3930151792873561e-17 0.33658548229998686 0.33255051097327004 0.0040349713267168186 0.00015919733864124791
24500 0 0 0.10059310033393616 24.930313548414919 0.00097460770247298945 0.00015919733864124921 0.00097460770247297253 0.00015919733864124905 0.00097460770247298945 -1.4161588568496947e-17 -7.1041089677656229e-17 6.9388939039134438e-22 -2.3780047972004078e-17 -5.9576407769325351e-17 49.999999999999979 49.999999999999915 49.999999999999979 -2.1316282072803006e-14 -8.5265128291212022e-14 1.0000000000000002 1969.8656512463399 8030.134348744823 0.022210450666617018 0 0 0.99622615766314437 5.5269065294381059e-18 0.99999999999999978 -1.4184053212351871e-13 -7.1062429485363616e-13 2.1153952516140987e-18 0.3365854822999837 0.33255051097326599 0.0040349713267177068 0.00015919733864124921
25000 0 0 0.10059310033389747 24.930313548414933 0.00097460770247296928 0.00015919733864125534 0.00097460770247292093 0.00015919733864125523 0.00097460770247296928 -7.658110257054163e-18 -7.3084940877054797e-17 7.6327832943048775e-21 -4.9375580414371822e-17 -1.247646313964473e-16 49.999999999999972 49.999999999999901 49.999999999999972 -2.8421709430404007e-14 -9.9475983006414026e-14 1.0000000000000007 1969.8656512463108 8030.1343487447293 0.022210450666616678 0 0 0.9962261576631336 5.5269065294380982e-18 0.99999999999999978 -7.6895087415399171e-14 -7.3085698457962537e-13 3.4285199504272288e-17 0.33658548229997942 0.33255051097326327 0.0040349713267161524 0.00015919733864125534
25500 0 0 0.10059310033388369 24.930313548414947 0.00097460770247295931 0.00015919733864125821 0.00097460770247291128 0.00015919733864125742 0.00097460770247295931 -1.0309114673044414e-17 -6.8955952059531654e-17 6.9388939039135858e-22 -4.7863096151777758e-17 -1.5599613813543394e-16 49.999999999999972 49.999999999999879 49.999999999999972 -2.8421709430404007e-14 -1.2079226507921703e-13 1.0000000000000013 1969.865651246289 8030.134348744662 0.022210450666616331 0 0 0.99622615766312217 5.5269065294381028e-18 0.99999999999999978 -1.0308550887739841e-13 -6.8939308212779505e-13 -1.7908836321786279e-17 0.33658548229997559 0.33255051097325999 0.0040349713267155973 0.00015919733864125821
26000 0 0 0.10059310033388652 24.930313548414961 0.00097460770247299617 0.00015919733864126079 0.00097460770247294304 0.00015919733864126027 0.00097460770247299617 -1.5176748746639931e-17 -7.5689454703890067e-17 -4.8572257327395534e-21 -1.4957899063109139e-17 -1.5499513396299475e-16 49.999999999999972 49.999999999999851 49.999999999999972 -2.8421709430404007e-14 -1.4921397450962104e-13 1.000000000000002 1969.8656512462676 8030.1343487445683 0.022210450666615998 0 0 0.99622615766311007 5.5269065294381236e-18 0.99999999999999978 -1.5187981070544928e-13 -7.5744747664658048e-13 -7.5482150157801545e-17 0.33658548229997165 0.33255051097325594 0.0040349713267157084 0.00015919733864126079
26500 0 0 0.10059310033385338 24.930313548414979 0.00097460770247311521 0.00015919733864125911 0.00097460770247304246 0.00015919733864125862 0.00097460770247311521 -2.0180732085447499e-17 -7.482035824242579e-17 6.9388939039137315e-21 6.0274021548160078e-18 -8.2193953647207037e-17 49.999999999999972 49.999999999999837 49.999999999999972 -2.8421709430404007e-14 -1.6342482922482304e-13 1.0000000000000009 1969.8656512462458 8030.1343487444437 0.022210450666615679 0 0 0.99622615766309863 5.5269065294381067e-18 0.99999999999999978 -2.0190706736151031e-13 -7.4834172325344914e-13 2.265124386541366e-17 0.33658548229996721 0.33255051097325283 0.0040349713267143761 0.00015919733864125911
27000 0 0 0.10059310033386033 24.93031354841499 0.00097460770247303433 0.00015919733864126312 0.000974607702473039 0.0001591973386412626 0.00097460770247303433 -2.0669577160978476e-17 -6.9495798005258433e-17 6.2450045135224344e-21 3.8552421093296165e-17 -6.4389522315508345e-17 49.999999999999972 49.999999999999829 49.999999999999972 -2.8421709430404007e-14 -1.7053025658242404e-13 1.0000000000000002 1969.8656512462248 8030.1343487443346 0.022210450666615308 0 0 0.99622615766308753 5.5269065294380312e-18 0.99999999999999978 -2.0660643324304223e-13 -6.9471688059381809e-13 5.1149832808606006e-17 0.33658548229996293 0.33255051097324828 0.0040349713267146536 0.00015919733864126312
27500 0 0 0.1005931003339019 24.930313548415 0.00097460770247301113 0.00015919733864126553 0.00097460770247299064 0.00015919733864126529 0.00097460770247301113 -7.1581629512775752e-18 -7.781345012788082e-17 -1.3183898417436403e-20 3.4759977045956291e-17 -2.591858448702386e-17 49.999999999999972 49.999999999999808 49.999999999999972 -2.8421709430404007e-14 -1.9184653865522705e-13 1.0000000000000002 1969.8656512462039 8030.1343487442491 0.022210450666614985 0 0 0.99622615766307576 5.526906529438015e-18 0.99999999999999978 -7.1776785903754359e-14 -7.7829843259360075e-13 -1.2202488342916082e-16 0.33658548229995966 0.33255051097324334 0.004034971326716319 0.00015919733864126553
28000 0 0 0.10059310033392266 24.930313548415 0.00097460770247301026 0.00015919733864126637 0.00097460770247299411 0.0001591973386412665 0.00097460770247301026 1.335043187113048e-18 -9.0856142054373562e-17 2.4286128663698899e-21 3.4272430301963191e-17 -4.0412086217622875e-17 49.999999999999972 49.999999999999787 49.999999999999972 -2.8421709430404007e-14 -2.1316282072803006e-13 1.0000000000000004 1969.8656512461826 8030.1343487441727 0.022210450666614666 0 0 0.9962261576630641 5.5269065294380235e-18 0.99999999999999978 1.307114138983088e-14 -9.087728805711293e-13 1.3960608018063893e-17 0.3365854822999565 0.33255051097323934 0.0040349713267171516 0.00015919733864126637
28500 0 0 0.10059310033390609 24.930313548415011 0.00097460770247307261 0.00015919733864127011 0.000974607702473021 0.00015919733864126992 0.00097460770247307261 3.219299826720915e-18 -8.5243270775498288e-17 -7.6327832943054342e-21 -3.1507952344746545e-17 -4.9545280591566267e-17 49.999999999999979 49.999999999999773 49.999999999999979 -2.1316282072803006e-14 -2.2737367544323206e-13 1.0000000000000002 1969.8656512461655 8030.1343487440654 0.022210450666614374 0 0 0.99622615766305245 5.5269065294379872e-18 0.99999999999999978 3.2204273954882184e-14 -8.5298478339615201e-13 -5.1022281451561194e-17 0.33658548229995289 0.3325505109732364 0.0040349713267164855 0.00015919733864127011
29000 0 0 0.10059310033388398 24.930313548415018 0.00097460770247305829 0.00015919733864127033 0.00097460770247301048 0.00015919733864127087 0.00097460770247305829 5.5799115328325276e-18 -9.5708857506077633e-17 1.0061396160675452e-20 -4.9956229093050565e-17 -1.3736553598656167e-16 49.999999999999979 49.999999999999744 49.999999999999979 -2.1316282072803006e-14 -2.5579538487363607e-13 1.0000000000000002 1969.8656512461437 8030.1343487439826 0.022210450666614052 0 0 0.99622615766304179 5.5269065294380204e-18 0.99999999999999978 5.5278264818020539e-14 -9.5673534199037778e-13 1.0018707288330249e-16 0.33658548229994867 0.33255051097323307 0.0040349713267155973 0.00015919733864127033
29500 0 0 0.10059310033391033 24.930313548415032 0.00097460770247312508 0.00015919733864127155 0.0009746077024730416 0.000159197338641271 0.00097460770247312508 1.0020109741947264e-17 -1.0899545155329345e-16 3.4694469519570872e-22 -1.4707105780934625e-17 -2.2534476471042722e-16 49.999999999999986 49.999999999999716 49.999999999999986 -1.4210854715202004e-14 -2.8421709430404007e-13 1.0000000000000004 1969.8656512461282 8030.1343487438908 0.022210450666613694 0 0 0.99622615766303002 5.5269065294380419e-18 0.99999999999999978 1.0011652942327097e-13 -1.0894796213764825e-12 1.3956059990839664e-17 0.33658548229994534 0.33255051097322869 0.004034971326716652 0.00015919733864127155
29999 0 0 0.10059310033387027 24.93031354841505 0.00097460770247319024 0.00015919733864127195 0.00097460770247310079 0.00015919733864127217 0.00097460770247319024 2.0844784232053651e-17 -1.2378952030113532e-16 0 3.9860333486602854e-17 -2.492023748079706e-16 49.999999999999986 49.99999999999968 49.999999999999986 -1.4210854715202004e-14 -3.1974423109204508e-13 1.0000000000000002 1969.8656512461057 8030.1343487438071 0.022210450666613344 0 0 0.99622615766301814 5.5269065294379788e-18 0.99999999999999978 2.0878394500537613e-13 -1.2374699788932334e-12 3.9861616376059369e-17 0.33658548229994067 0.33255051097322563 0.0040349713267150422 0.00015919733864127195
