# step v0 Mach sigma R umax_ref urms_ref umax_mean urms_mean umax_lab mean_x mean_y mean_z drop_ux drop_uy x0 y0 x_unwrapped center_dx center_dy axis_ratio mass_R mass_B min_f negative_total negative_color min_rho min_phi max_phi qx qy qz p_in p_out delta_p urms_lab
0 0 0 -5.560112678108922e-15 25.040521385269312 2.5018537765542006e-17 7.5037969946282085e-18 2.502613964321805e-17 7.5037928399320308e-18 2.5018537765542006e-17 -6.5919492087118669e-21 3.8163916471489758e-21 2.0816681711721683e-21 -2.3660304814521752e-20 3.3646863850336682e-21 50.000000000000007 50.000000000000007 50.000000000000007 7.1054273576010019e-15 7.1054273576010019e-15 1.0000000000000007 1969.8656512480636 8030.1343487520408 0.021917025640276127 0 0 0.99999999999999944 5.1710809399147485e-26 0.99999999999998512 -4.7334181628420171e-17 -1.6253679891412042e-16 2.0934662492671045e-17 0.33333333333333387 0.33333333333333409 -2.2204460492503131e-16 7.5037969946282085e-18
500 0 0 0.035439326502103782 24.983976677631524 0.001800334450162369 0.001153468419117832 0.0018003344501623709 0.0011534684191178322 0.001800334450162369 1.8703788517982709e-18 -2.0122792321331797e-18 1.2490009027033528e-20 3.9885684865433142e-17 -1.3939104491149882e-17 50.000000000000007 50.000000000000014 50.000000000000007 7.1054273576010019e-15 1.4210854715202004e-14 1.000000000000002 1969.8656512479799 8030.1343487516542 0.023237988435862483 0 0 0.99612262553355024 4.1796152687443161e-18 0.99999999999999978 1.8981310392820333e-14 -6.1842959681208953e-15 1.2414754604307922e-16 0.33462386969417396 0.33320538748217954 0.0014184822119944207 0.001153468419117832
1000 0 0 0.085396680562589991 24.941997056445516 0.0020671698573494226 0.0014028465407512427 0.0020671698573494243 0.0014028465407512414 0.0020671698573494226 6.0861038431174182e-18 -8.2506917964414164e-18 9.0205620750799728e-21 2.9614329241345872e-17 -1.1534414514976842e-17 50.000000000000014 49.999999999999993 50.000000000000014 1.4210854715202004e-14 -7.1054273576010019e-15 1.0000000000000011 1969.8656512479106 8030.1343487513286 0.023285209647941653 0 0 0.99714929816825781 5.7292659473019426e-18 0.99999999999999978 6.095118984181247e-14 -5.6412340077027778e-14 6.944670629809542e-17 0.33609306432197644 0.33266925345513482 0.0034238108668416256 0.0014028465407512427
1500 0 0 0.12361292000774851 24.912230499191448 0.0015556201890865268 0.0010192860681931615 0.0015556201890865339 0.0010192860681931613 0.0015556201890865268 3.8139630342830385e-18 -6.5496219558987729e-18 9.3675067702758166e-21 -1.8295580914666012e-18 -1.0400769095218883e-17 50.000000000000014 49.999999999999993 50.000000000000014 1.4210854715202004e-14 -7.1054273576010019e-15 1.0000000000000036 1969.8656512478515 8030.1343487510703 0.023316509828557534 0 0 0.99561492075131497 5.844315686238068e-18 0.99999999999999978 3.8097956321821169e-14 -7.3237436623053986e-14 1.1087283296699059e-16 0.3371970354588904 0.33223509838899373 0.0049619370698966714 0.0010192860681931615
2000 0 0 0.13759808313836408 24.900810498590779 0.00064098160508315849 0.00037982849400956852 0.00064098160508316683 0.00037982849400956884 0.00064098160508315849 7.6140482807584783e-18 -8.3894696745202206e-18 -6.9388939039082095e-21 -4.5819201903585788e-18 -1.4734178972296544e-18 50.000000000000014 49.999999999999993 50.000000000000014 1.4210854715202004e-14 -7.1054273576010019e-15 1.0000000000000002 1969.8656512477787 8030.1343487508002 0.0233299404563992 0 0 0.99511882788624928 5.1875669037896357e-18 0.99999999999999978 7.6074529434169008e-14 -8.2348516027008767e-14 -5.1952092155626301e-17 0.33760069464459402 0.33207484707645357 0.0055258475681404517 0.00037982849400956852
2500 0 0 0.13185579566739455 24.90517384407736 0.00064588551748976546 0.00028391364430180402 0.00064588551748976449 0.00028391364430180408 0.00064588551748976546 6.096859128669155e-18 -8.2170381610083814e-18 1.6653345369380269e-20 6.8933255850862615e-18 2.6123725691418303e-18 50.000000000000021 50.000000000000007 50.000000000000021 2.1316282072803006e-14 7.1054273576010019e-15 1.0000000000000007 1969.8656512477019 8030.1343487505756 0.023323513558009951 0 0 0.99586441718261343 5.3816494734831961e-18 0.99999999999999978 6.0837189371507408e-14 -8.4406114909951757e-14 1.4575444183058328e-16 0.33747165180620015 0.33217733840397706 0.0052943134022230831 0.00028391364430180402
3000 0 0 0.11500618789191704 24.918112045094741 0.00092689767988696811 0.00052662676483988325 0.00092689767988697537 0.00052662676483988347 0.00092689767988696811 3.0250107974090176e-18 -1.3359452433195508e-17 -1.4571677198208366e-20 9.6536511813542134e-19 4.7718341221805811e-18 50.000000000000021 49.999999999999986 50.000000000000021 2.1316282072803006e-14 -1.4210854715202004e-14 1.0000000000000031 1969.8656512476355 8030.1343487502691 0.023309985696768669 0 0 0.99715085287352823 5.5342215992348767e-18 0.99999999999999978 3.0659495938150511e-14 -1.4137975322793886e-13 -1.5824260948173555e-16 0.33701817474387136 0.33240280951540668 0.004615365228464674 0.00052662676483988325
3500 0 0 0.097968166385382888 24.931198443034866 0.00084446635435160371 0.00048308114237483616 0.00084446635435159612 0.0004830811423748361 0.00084446635435160371 6.6457256364687965e-18 -9.2523211314721935e-18 -2.7755575615635799e-21 -4.0728267798000728e-18 -1.2414244211921403e-18 50.000000000000028 49.999999999999986 50.000000000000028 2.8421709430404007e-14 -1.4210854715202004e-14 1.0000000000000009 1969.8656512475691 8030.1343487499489 0.023297992993483511 0 0 0.99739215475483578 5.6098831452402407e-18 0.99999999999999978 6.6387880978159564e-14 -9.1729358484005097e-14 -3.4891179685638247e-17 0.33654610628843135 0.33261656529146605 0.0039295409969652972 0.00048308114237483616
4000 0 0 0.088123794910030404 24.938832562585503 0.00053031691285297189 0.00025432444436332218 0.00053031691285298577 0.00025432444436332245 0.00053031691285297189 1.0839593111991761e-17 -9.180850524262265e-18 -5.204170427931902e-21 -2.287262244248607e-17 2.7277871229121352e-17 50.000000000000028 49.999999999999979 50.000000000000028 2.8421709430404007e-14 -2.1316282072803006e-14 1.0000000000000002 1969.8656512475104 8030.1343487497561 0.02329094277021751 0 0 0.99725070214134914 5.6135988888701071e-18 0.99999999999999978 1.086943272746773e-13 -9.1385337746543657e-14 -3.4718811142879152e-17 0.33626888031645158 0.33273528287603898 0.0035335974404125947 0.00025432444436332218
4500 0 0 0.087109290393938776 24.939725972352534 0.00032478138781345112 5.3501715712444946e-05 0.00032478138781345616 5.3501715712445007e-05 0.00032478138781345112 1.4611228893461858e-17 -7.4572292785313477e-18 9.0205620750821169e-21 -2.3475754938605869e-17 -8.988937003623294e-18 50.000000000000036 49.999999999999979 50.000000000000036 3.5527136788005009e-14 -2.1316282072803006e-14 1.0000000000000004 1969.8656512474279 8030.1343487494014 0.02328970842478216 0 0 0.99727124726003558 5.5539018709466592e-18 0.99999999999999978 1.4577488437146407e-13 -7.403868955709156e-14 5.1384978341652907e-17 0.33623243403484027 0.33273964143196622 0.0034927926028740508 5.3501715712444946e-05
5000 0 0 0.092242536264634731 24.935890472244246 0.00052322978720432164 0.00018858370542666869 0.00052322978720431665 0.00018858370542666856 0.00052322978720432164 1.4789211522097758e-17 -7.8152762039733989e-18 -5.5511151231276923e-21 -3.447277881017995e-17 -3.6456902454586993e-17 50.000000000000036 49.999999999999964 50.000000000000036 3.5527136788005009e-14 -3.5527136788005009e-14 1.0000000000000022 1969.8656512473615 8030.1343487490321 0.023293031684594248 0 0 0.99744392402531823 5.4928466947899607e-18 0.99999999999999978 1.4759287711538661e-13 -7.5864446628525102e-14 -2.7464447520942819e-17 0.33636282976782506 0.33266364219049316 0.0036991875773318972 0.00018858370542666869
5500 0 0 0.099215282375080108 24.930606204831324 0.00055722580742843515 0.00022398155625476718 0.00055722580742842561 0.00022398155625476693 0.00055722580742843515 1.1054698823014139e-17 -2.4674706722303786e-18 -6.2450045135189557e-21 -3.6779615500831689e-17 -4.190914871693294e-17 50.000000000000043 49.999999999999972 50.000000000000043 4.2632564145606011e-14 -2.8421709430404007e-14 1.0000000000000002 1969.8656512473035 8030.134348748843 0.023298108745265399 0 0 0.9976384950564714 5.442334507118553e-18 0.99999999999999978 1.1051229376057847e-13 -2.6664109288587756e-14 -5.1850820002071371e-17 0.33654455492985058 0.33256489709241488 0.0039796578374357017 0.00022398155625476718
6000 0 0 0.10445008562209579 24.926619487896065 0.00046527305237182556 0.00015681775340180165 0.00046527305237182404 0.00015681775340180179 0.00046527305237182556 1.1775302954935508e-17 -6.241535066567171e-18 3.1225022567595632e-21 4.0501193828236481e-17 -1.3020063584836241e-17 50.00000000000005 49.999999999999972 50.00000000000005 4.9737991503207013e-14 -2.8421709430404007e-14 1.0000000000000002 1969.865651247221 8030.1343487486083 0.023302115232809135 0 0 0.99725976880058465 5.4265259969403259e-18 0.99999999999999978 1.1780160011256712e-13 -6.2784792555919955e-14 2.7125853047459038e-17 0.33668298078495124 0.33249267789719644 0.0041903028877547932 0.00015681775340180165
6500 0 0 0.10629662095613694 24.92520142470168 0.00032416487823145695 5.5021233219602356e-05 0.00032416487823147007 5.5021233219602417e-05 0.00032416487823145695 1.3719581026811623e-17 -4.8780424144490046e-18 -8.326672684692468e-21 1.7159357469871146e-17 8.2092528508320324e-18 50.00000000000005 49.999999999999979 50.00000000000005 4.9737991503207013e-14 -2.1316282072803006e-14 1.0000000000000031 1969.8656512471605 8030.1343487482445 0.023303629918649559 0 0 0.99712949021445518 5.4365170392202103e-18 0.99999999999999978 1.3771644584534715e-13 -4.987914107353747e-14 -2.1685737432703809e-17 0.33673348293587851 0.33246885858460673 0.0042646243512717841 5.5021233219602356e-05
7000 0 0 0.10507808284825826 24.926112132458766 0.0003252198077203263 6.0814870525903103e-05 0.00032521980772031453 6.0814870525903157e-05 0.0003252198077203263 1.5441120604372347e-17 -5.1670473455470578e-18 5.898059818324044e-21 1.1936796398648148e-17 4.4461127823273374e-17 50.000000000000057 49.999999999999972 50.000000000000057 5.6843418860808015e-14 -2.8421709430404007e-14 1.0000000000000009 1969.865651247085 8030.1343487479771 0.023302854046786489 0 0 0.99725645510571292 5.4650922161784891e-18 0.99999999999999978 1.5459682018502765e-13 -5.2299148085160896e-14 8.8513258736452238e-17 0.33670314417875224 0.33248756164867826 0.0042155825300739802 6.0814870525903103e-05
7500 0 0 0.10231619681320475 24.928197700099403 0.00037421740513170286 9.7453140701021814e-05 0.000374217405131706 9.7453140701022018e-05 0.00037421740513170286 1.4707679518729534e-17 -1.2480641520269331e-17 -1.3877787807821791e-21 -2.1364937292154678e-17 1.9059640644851172e-17 50.000000000000064 49.999999999999972 50.000000000000064 6.3948846218409017e-14 -2.8421709430404007e-14 1.000000000000004 1969.8656512470257 8030.1343487477952 0.023300913605665632 0 0 0.99750417515714018 5.4880549530848224e-18 0.99999999999999978 1.4697531386387297e-13 -1.2488111588527867e-13 -2.543154105378574e-18 0.33663141931708374 0.33252698312622359 0.0041044361908601501 9.7453140701021814e-05
8000 0 0 0.099696246156945709 24.930180371027859 0.00036083495215718912 8.7635082275603956e-05 0.00036083495215718782 8.7635082275603984e-05 0.00036083495215718912 1.8697196568783536e-17 -8.6389229103692656e-18 -1.110223024625769e-20 -1.1004004167071785e-18 1.2100564047966747e-18 50.000000000000078 49.999999999999972 50.000000000000078 7.815970093361102e-14 -2.8421709430404007e-14 1.0000000000000044 1969.8656512469508 8030.1343487474314 0.02329901677270135 0 0 0.99763322268531662 5.5034438345253823e-18 0.99999999999999978 1.8691320023591761e-13 -8.4790546742293752e-14 -1.3680828875597203e-16 0.33656286011824077 0.33256384187315796 0.0039990182450828082 8.7635082275603956e-05
8500 0 0 0.098290758132780695 24.931245926583074 0.00031159282120424959 5.2523451547647131e-05 0.00031159282120424655 5.2523451547646942e-05 0.00031159282120424959 2.2457036230618735e-17 -1.4571330253518666e-17 5.5511151231290909e-21 -2.5592612140512857e-17 1.3319067351814889e-17 50.000000000000092 49.999999999999979 50.000000000000092 9.2370555648813024e-14 -2.1316282072803006e-14 1.0000000000000024 1969.8656512468701 8030.1343487471431 0.023297937147026743 0 0 0.99759519882533765 5.5040323913738561e-18 0.99999999999999978 2.2444632830697178e-13 -1.4566868761570206e-13 5.4184065605954255e-17 0.33652599740728223 0.33258352463948615 0.0039424727677960791 5.2523451547647131e-05
9000 0 0 0.098301831194220257 24.931238820199233 0.00027906054868200725 3.4997365018549014e-05 0.00027906054868199163 3.4997365018549041e-05 0.00027906054868200725 2.9176661087167305e-17 -1.0758061108624474e-17 -1.3877787807823107e-21 2.8334341651604055e-17 -8.1947109520440293e-18 50.000000000000107 49.999999999999972 50.000000000000107 1.0658141036401503e-13 -2.8421709430404007e-14 1.0000000000000022 1969.865651246829 8030.1343487468857 0.02329786143805887 0 0 0.99759584865357642 5.4941218597174183e-18 0.99999999999999978 2.9174357168120494e-13 -1.0752533631007825e-13 2.3081719221926086e-17 0.33652626484875042 0.33258334681314217 0.003942918035608256 3.4997365018549014e-05
9500 0 0 0.099263478580829581 24.930510622149654 0.00031416143668359611 4.7588379314572874e-05 0.00031416143668362782 4.7588379314572921e-05 0.00031416143668359611 3.2449043452253291e-17 -1.2383843950311445e-17 1.1102230246258931e-20 2.5981126928823695e-17 -5.3372334311137902e-18 50.000000000000121 49.999999999999964 50.000000000000121 1.2079226507921703e-13 -3.5527136788005009e-14 1.0000000000000009 1969.8656512467437 8030.1343487465665 0.023298500786259762 0 0 0.99762211658460453 5.4835337781843025e-18 0.99999999999999978 3.2435404188901895e-13 -1.2397222920408407e-13 1.3241202570884437e-16 0.33655144721162328 0.33256984089455738 0.0039816063170659 4.7588379314572874e-05
10000 0 0 0.10046007268917316 24.929603659073575 0.00032047405214613583 5.1138365921618029e-05 0.00032047405214612212 5.1138365921617819e-05 0.00032047405214613583 3.5098313144767882e-17 -1.5740533876329267e-17 1.040834085586806e-21 2.325484045946221e-17 -2.9589619670065235e-17 50.000000000000142 49.999999999999964 50.000000000000142 1.4210854715202004e-13 -3.5527136788005009e-14 1.0000000000000007 1969.865651246683 8030.134348746351 0.023299354394715536 0 0 0.99765261579960862 5.475470675356156e-18 0.99999999999999978 3.5129082760047034e-13 -1.5723017234969133e-13 2.8979892088590943e-17 0.33658279269208152 0.3325530425980559 0.0040297500940256192 5.1138365921618029e-05
10500 0 0 0.10131013140698171 24.928959273350088 0.00030481245679838721 4.2813411085357363e-05 0.00030481245679837165 4.2813411085357491e-05 0.00030481245679838721 3.6139494175051419e-17 -1.4109893808910536e-17 2.0816681711737006e-20 2.9657041365192379e-17 -4.8905601809759372e-17 50.000000000000156 49.999999999999957 50.000000000000156 1.5631940186722204e-13 -4.2632564145606011e-14 1.0000000000000031 1969.8656512466041 8030.1343487460026 0.023299988690951779 0 0 0.9975912448452251 5.472979303866537e-18 0.99999999999999978 3.6147029380123596e-13 -1.4079969850115377e-13 1.7435547223171079e-16 0.33660506549248398 0.33254111198780295 0.0040639535046810282 4.2813411085357363e-05
11000 0 0 0.10156725097552237 24.928764580582122 0.00028093296079912886 3.521813183410328e-05 0.00028093296079916518 3.5218131834103361e-05 0.00028093296079912886 4.1109476933730059e-17 -1.0189071808505227e-17 2.7755575615650303e-21 4.3430450629878442e-17 -1.2802125337473758e-17 50.000000000000171 49.999999999999957 50.000000000000171 1.7053025658242404e-13 -4.2632564145606011e-14 1.0000000000000038 1969.8656512465348 8030.134348745798 0.02330020467930858 0 0 0.99756884630578546 5.4739964755146986e-18 0.99999999999999978 4.1130526718877181e-13 -1.0180711921533241e-13 2.0943148351331245e-17 0.33661178779040729 0.33253748837427671 0.0040742994161305779 3.521813183410328e-05
11500 0 0 0.10131511573351613 24.928956101124857 0.00027619564021721314 3.5901561155224407e-05 0.00027619564021717617 3.5901561155224387e-05 0.00027619564021721314 4.5593390174439565e-17 -1.2603112997676745e-17 6.9388939039127592e-22 1.0518230831626487e-16 2.4636680298143679e-17 50.000000000000192 49.99999999999995 50.000000000000192 1.9184653865522705e-13 -4.9737991503207013e-14 1.0000000000000018 1969.8656512464784 8030.134348745426 0.023300047677680281 0 0 0.99758997420778772 5.478770748259865e-18 0.99999999999999978 4.5554895629208687e-13 -1.2589587586152854e-13 1.2560475013506733e-17 0.33660513633527828 0.33254098237221102 0.0040641539630672519 3.5901561155224407e-05
12000 0 0 0.10082528505991185 24.929327823159348 0.00028360817283283851 3.8082892216951883e-05 0.00028360817283283807 3.8082892216951903e-05 0.00028360817283283851 4.2985059955960267e-17 -1.1484563300366411e-17 1.5265566588608605e-20 1.0536522536521333e-16 3.178672804744977e-17 50.000000000000213 49.99999999999995 50.000000000000213 2.1316282072803006e-13 -4.9737991503207013e-14 1.0000000000000027 1969.8656512464024 8030.1343487452623 0.023299706217062538 0 0 0.99763140566790232 5.4828044664950859e-18 0.99999999999999978 4.2961147792307036e-13 -1.1555833330165188e-13 9.839695567537418e-17 0.33659224098745377 0.33254779639692433 0.0040444445905294391 3.8082892216951883e-05
12500 0 0 0.10038154620086523 24.929664503611928 0.00028106422821966244 3.7199774715212359e-05 0.00028106422821970749 3.7199774715212318e-05 0.00028106422821966244 4.5946926818847443e-17 -7.324002515580479e-18 3.4694469519566452e-22 7.0030166672120255e-17 1.8975269783312686e-18 50.000000000000234 49.99999999999995 50.000000000000234 2.3447910280083306e-13 -4.9737991503207013e-14 1.0000000000000022 1969.8656512463283 8030.1343487449585 0.023299384218214567 0 0 0.99765174320303185 5.4849154247106939e-18 0.99999999999999978 4.5934154959567067e-13 -7.3568775583229135e-14 3.6467891251641596e-17 0.33658056746313264 0.33255397712589319 0.0040265903372394551 3.7199774715212359e-05
13000 0 0 0.10015595798445744 24.929835638924001 0.00027292299316851345 3.5237948975005322e-05 0.000272922993168534 3.523794897500539e-05 0.00027292299316851345 4.9991261130744428e-17 -1.2019552020358874e-17 4.8572257327394127e-21 5.4599805621731583e-17 -3.6109493714386395e-17 50.000000000000256 49.99999999999995 50.000000000000256 2.5579538487363607e-13 -4.9737991503207013e-14 1.0000000000000018 1969.8656512462583 8030.1343487446411 0.023299210598438064 0 0 0.99764624808695168 5.4849473582564502e-18 0.99999999999999978 4.9972271324354587e-13 -1.2031647317315669e-13 4.9567968745403252e-17 0.33657464169510637 0.33255712792425424 0.0040175137708521325 3.5237948975005322e-05
13500 0 0 0.10017253582237981 24.929823004674962 0.0002746006726725353 3.4697976300385645e-05 0.00027460067267255829 3.4697976300385727e-05 0.0002746006726725353 5.1187179495086215e-17 -1.8713502969465017e-17 1.1449174941457701e-20 -1.232436336144379e-18 -1.1730297491868357e-17 50.000000000000284 49.99999999999995 50.000000000000284 2.8421709430404007e-13 -4.9737991503207013e-14 1.0000000000000031 1969.8656512461837 8030.1343487444246 0.023299210158255607 0 0 0.997646597972071 5.483610959800041e-18 0.99999999999999978 5.1223822819286105e-13 -1.8709382663702269e-13 1.1197986432904947e-16 0.33657508987704532 0.33255690908997776 0.0040181807870675601 3.4697976300385645e-05
14000 0 0 0.1003454040865687 24.929691758807483 0.00028027648370779445 3.5150084612520638e-05 0.00028027648370781456 3.5150084612520692e-05 0.00028027648370779445 5.0813867003057591e-17 -2.2354687545544616e-17 9.7144514654796334e-21 -6.2420833431343747e-18 -4.4737228052754461e-17 50.000000000000313 49.999999999999929 50.000000000000313 3.1263880373444408e-13 -7.1054273576010019e-14 1.0000000000000036 1969.865651246118 8030.13434874412 0.023299326903390274 0 0 0.99765074334516779 5.4818399462211859e-18 0.99999999999999978 5.0804911493063099e-13 -2.2387385478976241e-13 1.3253971940731197e-16 0.33657964753665282 0.33255451136339398 0.0040251361732588364 3.5150084612520638e-05
14500 0 0 0.10055084596977838 24.929535797468048 0.00028106423329119922 3.5258313822806792e-05 0.00028106423329114674 3.5258313822806907e-05 0.00028106423329119922 5.0821846731048945e-17 -2.3387541903143067e-17 4.1633363423485662e-21 1.1511156540288992e-17 -1.7916173884876626e-17 50.000000000000334 49.999999999999929 50.000000000000334 3.3395508580724709e-13 -7.1054273576010019e-14 1.0000000000000002 1969.8656512460486 8030.134348743848 0.023299473557935199 0 0 0.99765410730796755 5.4804836135520913e-18 0.99999999999999978 5.084707611555106e-13 -2.3415989509946805e-13 9.8172688861805361e-18 0.33658505825487262 0.33255165599713821 0.0040334022577344086 3.5258313822806792e-05
15000 0 0 0.10069174404898058 24.929428838265988 0.00027822754502931398 3.4920686764585411e-05 0.00027822754502930167 3.492068676458537e-05 0.00027822754502931398 5.5574989055232198e-17 -2.5067101172586412e-17 1.0408340855871786e-21 2.8560587486121941e-17 -1.5190207920799037e-17 50.000000000000362 49.999999999999915 50.000000000000362 3.6237679523765109e-13 -8.5265128291212022e-14 1.0000000000000016 1969.8656512459877 8030.1343487435734 0.023299578513255068 0 0 0.99764327185763724 5.4800212420501804e-18 0.99999999999999978 5.5559560884729084e-13 -2.5068541080924787e-13 3.777727430327825e-17 0.3365887674173188 0.33254969597680423 0.0040390714405145745 3.4920686764585411e-05
15500 0 0 0.10072980079883656 24.929399949456478 0.00027414415019779423 3.4689691452599299e-05 0.00027414415019776767 3.4689691452599421e-05 0.00027414415019779423 5.9589486123343887e-17 -2.2020926748768654e-17 2.7755575615659e-21 7.1358472474430756e-17 -1.2074266301420877e-17 50.000000000000391 49.999999999999901 50.000000000000391 3.907985046680551e-13 -9.9475983006414026e-14 1.0000000000000011 1969.8656512459104 8030.134348743265 0.023299611085374549 0 0 0.99764004044594889 5.4803172370415557e-18 0.99999999999999978 5.9589930642199553e-13 -2.1988127854919653e-13 2.7397808534357013e-17 0.33658976811006014 0.33254916540790674 0.0040406027021533952 3.4689691452599299e-05
16000 0 0 0.10068250987391822 24.929435848411003 0.00027094209043724356 3.47219751491771e-05 0.00027094209043718929 3.4721975149177066e-05 0.00027094209043724356 6.2382043974976096e-17 -2.6023974641937786e-17 1.7347234759787349e-21 8.4941063809324706e-17 1.1172293139753016e-17 50.000000000000419 49.999999999999886 50.000000000000419 4.1922021409845911e-13 -1.1368683772161603e-13 1.0000000000000029 1969.8656512458615 8030.1343487429485 0.02329958116541311 0 0 0.99764401792579727 5.4812061868834926e-18 0.99999999999999978 6.2390685743847832e-13 -2.6015123147610057e-13 4.0827611416031741e-17 0.33658852147173834 0.33254982157952495 0.0040386998922133932 3.47219751491771e-05
16500 0 0 0.10059761912273009 24.929500290062613 0.00026968433946299858 3.4785649689300229e-05 0.00026968433946293369 3.4785649689300249e-05 0.00026968433946299858 6.130443375170009e-17 -3.0429825326229566e-17 1.3877787807830329e-21 5.9053365477185121e-17 1.4843832711858076e-17 50.000000000000448 49.999999999999872 50.000000000000448 4.4764192352886312e-13 -1.2789769243681803e-13 1.000000000000004 1969.8656512457869 8030.1343487427503 0.02329952175802804 0 0 0.99765117495964839 5.4817368621914282e-18 0.99999999999999978 6.1278841498161631e-13 -3.0389606843959432e-13 4.1021036612365041e-17 0.33658628509960997 0.33255100088002093 0.0040352842195890415 3.4785649689300229e-05
17000 0 0 0.10052315457431278 24.929556819764642 0.00027026736774837633 3.4751873358862064e-05 0.00027026736774835437 3.4751873358861935e-05 0.00027026736774837633 6.4671878963272828e-17 -3.3629349305326255e-17 -4.8572257327408188e-21 5.6294317810114581e-17 -1.5581737999084889e-18 50.000000000000476 49.999999999999865 50.000000000000476 4.7606363295926712e-13 -1.3500311979441904e-13 1.0000000000000011 1969.8656512457067 8030.1343487424974 0.023299467499676076 0 0 0.99765392192813074 5.4820978359113717e-18 0.99999999999999978 6.465979756550985e-13 -3.3628592396644716e-13 -2.4108486694648088e-18 0.33658432383548786 0.3325520357647021 0.0040322880707857611 3.4751873358862064e-05
17500 0 0 0.10048708876222248 24.929584203334141 0.0002718450781448453 3.4692622090361916e-05 0.00027184507814486579 3.4692622090361882e-05 0.0002718450781448453 6.6416663835414481e-17 -3.7481823200781306e-17 7.2858385991114607e-21 7.4693468366205873e-17 -2.7726535221103131e-17 50.000000000000504 49.999999999999844 50.000000000000504 5.0448534238967113e-13 -1.5631940186722204e-13 1.0000000000000009 1969.8656512456459 8030.1343487422027 0.023299439554801085 0 0 0.99765343923795702 5.4821002603235112e-18 0.99999999999999978 6.6455932284091821e-13 -3.7473612571564761e-13 1.0379650503570511e-16 0.33658337417330625 0.33255253723905914 0.0040308369342471062 3.4692622090361916e-05
18000 0 0 0.10049209122089875 24.929580411811877 0.00027342799722893915 3.4679307906015861e-05 0.00027342799722886369 3.4679307906015867e-05 0.00027342799722893915 6.5026109497071915e-17 -4.1712466814000064e-17 -1.0408340855873855e-21 6.092981731414683e-17 -6.2515917076925871e-17 50.00000000000054 49.999999999999829 50.00000000000054 5.4001247917767614e-13 -1.7053025658242404e-13 1.0000000000000018 1969.8656512455721 8030.1343487418526 0.02329944111354107 0 0 0.997653505965861 5.4819110580279119e-18 0.99999999999999978 6.5033239484836144e-13 -4.1736237692469773e-13 -1.4745626047825967e-17 0.33658350611549431 0.33255246790462717 0.0040310382108671439 3.4679307906015861e-05
18500 0 0 0.10052265734976894 24.929557212423919 0.00027434727774867696 3.4692865007317184e-05 0.000274347277748597 3.469286500731715e-05 0.00027434727774867696 7.1775571597413247e-17 -4.1296827069156842e-17 -1.283695372224484e-20 1.2891333481699226e-16 -1.1356717219398188e-16 50.000000000000583 49.999999999999815 50.000000000000583 5.8264504332328215e-13 -1.8474111129762605e-13 1.0000000000000024 1969.8656512455013 8030.1343487415606 0.02329946190282604 0 0 0.99765391508909929 5.481629558009283e-18 0.99999999999999978 7.1811336713839063e-13 -4.1292984419435356e-13 -9.8235230136758051e-17 0.33658431116292536 0.33255204310083269 0.0040322680620926699 3.4692865007317184e-05
19000 0 0 0.10055756967974762 24.929530710787667 0.0002744319221993328 3.4695075842577714e-05 0.00027443192219932537 3.4695075842577748e-05 0.0002744319221993328 7.5826150913827524e-17 -4.5511164281702252e-17 3.4694469519582129e-22 1.1657163456322344e-16 -8.2130148531506188e-17 50.000000000000618 49.999999999999801 50.000000000000618 6.1817218011128716e-13 -1.9895196601282805e-13 1.0000000000000002 1969.8656512454279 8030.1343487413797 0.023299486893126574 0 0 0.9976541449068419 5.4813121567554038e-18 0.99999999999999978 7.5818339229133328e-13 -4.5503262226573695e-13 -9.8161695164429648e-18 0.33658523055424766 0.33255155776488249 0.0040336727893651725 3.4695075842577714e-05
19500 0 0 0.10058070013050079 24.92951315059527 0.00027391839021964349 3.4685016004826022e-05 0.00027391839021972893 3.4685016004826016e-05 0.00027391839021964349 7.4665967853094363e-17 -4.6095072203717839e-17 -1.387778780783316e-21 5.9170415103188338e-17 -3.5842986822277448e-17 50.000000000000661 49.99999999999978 50.000000000000661 6.6080474425689317e-13 -2.2026824808563106e-13 1.0000000000000011 1969.8656512453733 8030.1343487410504 0.02329950418196872 0 0 0.99765260105607023 5.4813505362809544e-18 0.99999999999999978 7.4669228591027481e-13 -4.613712646039763e-13 1.8611169681738306e-17 0.33658583963493593 0.33255123617024296 0.0040346034646929763 3.4685016004826022e-05
20000 0 0 0.10058614488092588 24.929509014789385 0.00027321810165509736 3.4678953941260541e-05 0.00027321810165507193 3.4678953941260493e-05 0.00027321810165509736 7.8655137958459364e-17 -4.9305351468366953e-17 1.0408340855875314e-21 8.8252611993389794e-17 7.9088011397649118e-18 50.000000000000703 49.999999999999751 50.000000000000703 7.0343730840249918e-13 -2.4868995751603507e-13 1.0000000000000004 1969.8656512452906 8030.1343487407648 0.023299508994671463 0 0 0.99765214146578252 5.481403625485956e-18 0.99999999999999978 7.8658940797056399e-13 -4.9350877371713666e-13 1.5366607792157654e-17 0.33658598298348269 0.33255116044360622 0.0040348225398764703 3.4678953941260541e-05
20500 0 0 0.10057737767415771 24.929515667657135 0.00027268705145565834 3.4680290552300894e-05 0.00027268705145556461 3.468029055230086e-05 0.00027268705145565834 7.9335843450435921e-17 -5.3189744275781172e-17 9.3675067702880552e-21 7.3076343921110218e-17 -8.5045422676374055e-18 50.000000000000746 49.999999999999737 50.000000000000746 7.460698725481052e-13 -2.6290081223123707e-13 1.0000000000000011 1969.8656512452212 8030.1343487404674 0.023299503373028291 0 0 0.99765288202280178 5.4815235454277938e-18 0.99999999999999978 7.934331496350752e-13 -5.3195977591826253e-13 6.0951919661690033e-17 0.33658575209720282 0.3325512823138751 0.004034469783327721 3.4680290552300894e-05
21000 0 0 0.10056272817332176 24.929526786890118 0.000272493854765443 3.4681998526082059e-05 0.00027249385476542403 3.4681998526082039e-05 0.000272493854765443 8.2193279960072051e-17 -5.5280779953728652e-17 -2.7755575615669352e-21 5.3594505620700106e-17 -2.2432806610717192e-17 50.000000000000789 49.999999999999716 50.000000000000789 7.8870243669371121e-13 -2.8421709430404007e-13 1.0000000000000016 1969.8656512451562 8030.1343487402428 0.023299493089829655 0 0 0.99765411932975634 5.4816332406545603e-18 0.99999999999999978 8.2238064264763698e-13 -5.5315444098726387e-13 -3.4191575887818336e-17 0.33658536633292541 0.33255148598561751 0.0040338803473078944 3.4681998526082059e-05
21500 0 0 0.10055028832664085 24.929536230014524 0.00027260976456967796 3.4680774079545864e-05 0.00027260976456957865 3.468077407954581e-05 0.00027260976456967796 8.5855975107258054e-17 -5.4542828587049098e-17 -7.6327832943093598e-21 4.6408496192042566e-17 -4.3036303061230357e-17 50.000000000000824 49.999999999999687 50.000000000000824 8.2422957348171622e-13 -3.1263880373444408e-13 1.0000000000000002 1969.8656512450841 8030.1343487399226 0.023299483998499512 0 0 0.9976541050206903 5.4816819714716444e-18 0.99999999999999978 8.5803034874932183e-13 -5.4553080396465654e-13 -1.0526429498835151e-16 0.33658503877568408 0.3325516589567053 0.0040333798189787773 3.4680774079545864e-05
22000 0 0 0.10054457981306629 24.929540564214388 0.00027288513803384824 3.4678985937399589e-05 0.00027288513803381658 3.4678985937399616e-05 0.00027288513803384824 8.9953738902220059e-17 -5.9640833938259662e-17 -2.046973701655771e-20 9.7072586606369931e-17 -7.7557836390220388e-17 50.000000000000867 49.999999999999673 50.000000000000867 8.6686213762732223e-13 -3.2684965844964609e-13 1.0000000000000013 1969.8656512450098 8030.134348739708 0.023299479540975946 0 0 0.99765407390028693 5.4816613043549591e-18 0.99999999999999978 8.9932117204062375e-13 -5.9620782804668785e-13 -2.0218641679058098e-16 0.33658488848161738 0.33255173834978563 0.0040331501318317531 3.4678985937399589e-05
22500 0 0 0.10054581294113091 24.929539629214077 0.00027315193103240456 3.4678619160782414e-05 0.00027315193103245151 3.467861916078238e-05 0.00027315193103240456 9.7894956030560991e-17 -6.3759067470236298e-17 -5.551115123134415e-21 1.0041894654443674e-16 -7.4971294185635951e-17 50.000000000000909 49.999999999999652 50.000000000000909 9.0949470177292824e-13 -3.4816594052244909e-13 1.0000000000000007 1969.8656512449465 8030.1343487393224 0.023299480084399211 0 0 0.99765408063918837 5.4816221467986438e-18 0.99999999999999978 9.7906844307436863e-13 -6.371190933406709e-13 -6.6132396550693133e-17 0.33658492097251141 0.3325517212248793 0.0040331997476321102 3.4678619160782414e-05
23000 0 0 0.10055120417532373 24.929535537487684 0.00027330051824900337 3.4679007910804706e-05 0.00027330051824888459 3.4679007910804815e-05 0.00027330051824900337 1.0163918318111946e-16 -6.633270321920231e-17 -1.1796119636661132e-20 7.5990981629562679e-17 -8.015041037197096e-17 50.000000000000959 49.999999999999602 50.000000000000959 9.5923269327613525e-13 -3.979039320256561e-13 1.0000000000000038 1969.8656512448808 8030.1343487390441 0.023299483768983709 0 0 0.9976541100591948 5.4815841731234061e-18 0.99999999999999978 1.0165277500630602e-12 -6.6337577639432473e-13 -1.327623743375177e-16 0.33658506294196311 0.33255164627344475 0.0040334166685183637 3.4679007910804706e-05
23500 0 0 0.10055712554769161 24.929531042820013 0.00027330683563315725 3.4679065195777743e-05 0.0002733068356331862 3.4679065195777838e-05 0.00027330683563315725 1.0652034809783565e-16 -6.5643324109851004e-17 9.7144514654860793e-21 8.9962532266766296e-17 -8.6156466029920588e-17 50.000000000001009 49.999999999999574 50.000000000001009 1.0089706847793423e-12 -4.2632564145606011e-13 1.000000000000002 1969.8656512448156 8030.1343487387994 0.023299488017650805 0 0 0.9976541423649965 5.4815398557175186e-18 0.99999999999999978 1.0657246705051756e-12 -6.5614415215059168e-13 9.3419931086255831e-17 0.33658521885815873 0.33255156393801721 0.0040336549201415162 3.4679065195777743e-05
24000 0 0 0.10056090886091722 24.929528170716114 0.00027321461644675023 3.4678805216084411e-05 0.00027321461644663075 3.4678805216084323e-05 0.00027321461644675023 1.0587815346703087e-16 -6.9123526347363279e-17 6.9388939039188172e-21 1.0641469445527741e-16 -6.9366611331553858e-17 50.000000000001066 49.999999999999552 50.000000000001066 1.0658141036401503e-12 -4.4764192352886312e-13 1.0000000000000022 1969.8656512447471 8030.1343487385348 0.023299490855946278 0 0 0.99765416299789322 5.4815290469764621e-18 0.99999999999999978 1.0588653706089724e-12 -6.9133930284111394e-13 3.6903619136618888e-17 0.33658531846822326 0.33255151132304661 0.0040338071451766488 3.4678805216084411e-05
24500 0 0 0.10056165704786617 24.929527602367077 0.00027309485422246337 3.4678677456218878e-05 0.00027309485422233814 3.4678677456218946e-05 0.00027309485422246337 1.0475578737807641e-16 -7.2303274478837133e-17 0 1.0044069213042946e-16 -5.1736893713820129e-17 50.000000000001116 49.999999999999503 50.000000000001116 1.1155520951433573e-12 -4.9737991503207013e-13 1.0000000000000016 1969.8656512446717 8030.1343487383165 0.023299491547700189 0 0 0.99765416706944332 5.4815351452614614e-18 0.99999999999999978 1.0474363617828523e-12 -7.2350310641666748e-13 2.344510189798062e-17 0.33658533815751873 0.33255150090829955 0.0040338372492191854 3.4678677456218878e-05
25000 0 0 0.10056004460507281 24.929528825998485 0.00027300699806621318 3.4678739183269812e-05 0.00027300699806608009 3.46787391832699e-05 0.00027300699806621318 1.1308697034382062e-16 -7.5155853762740749e-17 6.5919492087233721e-21 1.0764181705083998e-16 -4.3445743303006449e-17 50.000000000001165 49.999999999999467 50.000000000001165 1.1652900866465643e-12 -5.3290705182007514e-13 1.0000000000000024 1969.8656512445998 8030.1343487380227 0.023299490501447973 0 0 0.99765415826642967 5.481556382130706e-18 0.99999999999999978 1.1301557563255031e-12 -7.5145619911698908e-13 8.9167995268143405e-17 0.33658529569156304 0.33255152332037402 0.004033772371189015 3.4678739183269812e-05
25500 0 0 0.10055752085510526 24.929530741577089 0.00027297766552884854 3.4678780301945151e-05 0.00027297766552883808 3.4678780301945137e-05 0.00027297766552884854 1.1730616478210176e-16 -7.8194395403269027e-17 4.1633363423517094e-21 6.1354117161597665e-17 -7.7486993871699497e-17 50.000000000001222 49.999999999999439 50.000000000001222 1.2221335055073723e-12 -5.6132876125047915e-13 1.0000000000000004 1969.8656512445345 8030.1343487376917 0.023299488724898086 0 0 0.9976541444975604 5.4815747288227938e-18 0.99999999999999978 1.1728399013811933e-12 -7.8148989778641952e-13 2.8047775172311369e-17 0.3365852292353585 0.33255155840948142 0.0040336708258770781 3.4678780301945151e-05
26000 0 0 0.10055544651189795 24.929532316211819 0.0002730001319682263 3.4678725074365995e-05 0.00027300013196825248 3.4678725074365873e-05 0.0002730001319682263 1.1838585667355657e-16 -8.1306836263875508e-17 -5.8980598183318342e-21 9.0100398842702141e-17 -1.0629499288842161e-16 50.000000000001286 49.999999999999403 50.000000000001286 1.2860823517257813e-12 -5.9685589803848416e-13 1.0000000000000022 1969.8656512444652 8030.1343487374497 0.023299487204852004 0 0 0.99765413318384322 5.4815836861637416e-18 0.99999999999999978 1.1841356074728649e-12 -8.1291797786010962e-13 -4.080307791495244e-17 0.33658517461774357 0.33255158725491502 0.0040335873628285501 3.4678725074365995e-05
26500 0 0 0.10055454915923594 24.929532997526987 0.00027304803746177171 3.4678657898362222e-05 0.00027304803746162632 3.4678657898362283e-05 0.00027304803746177171 1.1837961166904687e-16 -8.7239590551729749e-17 -5.2041704279400209e-21 9.1951089455034533e-17 -7.8328917079469794e-17 50.00000000000135 49.999999999999346 50.00000000000135 1.3500311979441904e-12 -6.5369931689929217e-13 1.0000000000000018 1969.8656512444018 8030.1343487371541 0.023299486498203275 0 0 0.99765412829184175 5.4815823761803556e-18 0.99999999999999978 1.1834703952634372e-12 -8.7220724502031334e-13 -5.0825794723758325e-17 0.33658515099436914 0.33255159973734355 0.0040335512570255916 3.4678657898362222e-05
27000 0 0 0.10055482311489863 24.929532789734687 0.00027309289847493655 3.4678639410999228e-05 0.00027309289847478714 3.4678639410999174e-05 0.00027309289847493655 1.207593053334002e-16 -9.2351126746055477e-17 -3.8163916471561409e-21 1.2699405339258315e-16 -9.7790959589902691e-17 50.000000000001414 49.999999999999304 50.000000000001414 1.4139800441625994e-12 -6.9633188104489818e-13 1.0000000000000031 1969.8656512443388 8030.134348736884 0.023299486637477128 0 0 0.99765412978903978 5.4815737868716625e-18 0.99999999999999978 1.2076356895292273e-12 -9.2323506271153083e-13 -2.4396780511227201e-17 0.33658515821268448 0.33255159593283684 0.0040335622798476356 3.4678639410999228e-05
27500 0 0 0.10055577095535902 24.929532070347125 0.00027311680346068802 3.4678649122484723e-05 0.00027311680346053558 3.467864912248479e-05 0.00027311680346068802 1.2325938880698647e-16 -9.2379229266369194e-17 -4.1633363423522819e-21 1.6630214799252863e-16 -4.6789599878672326e-17 50.000000000001478 49.999999999999261 50.000000000001478 1.4779288903810084e-12 -7.3896444519050419e-13 1.0000000000000029 1969.8656512442635 8030.1343487366321 0.023299487288121874 0 0 0.99765413496111699 5.4815648624093726e-18 0.99999999999999978 1.232350728628587e-12 -9.2391070448313217e-13 -8.1418635781616912e-18 0.33658518317302893 0.33255158275599717 0.0040336004170317685 3.4678649122484723e-05
28000 0 0 0.10055677349659503 24.929531309353202 0.00027311651299110891 3.4678654591761196e-05 0.00027311651299104575 3.4678654591761094e-05 0.00027311651299110891 1.222081463805481e-16 -9.5676938594211785e-17 -7.2858385991168277e-21 1.8812665150173705e-16 -3.4140292769486633e-17 50.000000000001528 49.999999999999211 50.000000000001528 1.5276668818842154e-12 -7.8870243669371121e-13 1.0000000000000002 1969.8656512441926 8030.1343487362465 0.02329948800918975 0 0 0.9976541404300644 5.481559352992047e-18 0.99999999999999978 1.2219566721305584e-12 -9.5631855519227579e-13 -8.9913781246083922e-17 0.33658520957117977 0.33255156881601372 0.0040336407551660458 3.4678654591761196e-05
28500 0 0 0.1005573904272055 24.929530841005761 0.00027310003998523444 3.4678653939129398e-05 0.00027310003998508151 3.467865393912948e-05 0.00027310003998523444 1.2721039499588848e-16 -1.021328854824228e-16 -3.8163916471565502e-21 1.1944433590577915e-16 -4.6677165278903912e-17 50.000000000001585 49.999999999999176 50.000000000001585 1.5845103007450234e-12 -8.2422957348171622e-13 1.0000000000000007 1969.8656512441144 8030.1343487360164 0.023299488473852045 0 0 0.99765414379431894 5.4815584372736885e-18 0.99999999999999978 1.2722372797019263e-12 -1.021473637316894e-12 -4.6122305191157344e-17 0.33658522581402045 0.33255156023609461 0.0040336655779258379 3.4678653939129398e-05
29000 0 0 0.1005574875234666 24.929530767232048 0.0002730796035433503 3.4678656332291456e-05 0.00027307960354322957 3.4678656332291449e-05 0.0002730796035433503 1.2855133624282553e-16 -1.0471935818511286e-16 -8.6736173799015406e-21 9.9225133778828799e-17 -1.0122805501030786e-16 50.000000000001648 49.999999999999126 50.000000000001648 1.6484591469634324e-12 -8.7396756498492323e-13 1.0000000000000024 1969.8656512440655 8030.1343487357317 0.023299488569914314 0 0 0.99765414432252653 5.4815613149598539e-18 0.99999999999999978 1.2850851838826921e-12 -1.0469714440688116e-12 -6.726927549958666e-17 0.33658522836853211 0.33255155888384041 0.0040336694846916932 3.4678656332291456e-05
29500 0 0 0.10055719339297924 24.929530990445439 0.0002730651081531761 3.4678660657153796e-05 0.00027306510815312845 3.4678660657153769e-05 0.0002730651081531761 1.3164087875355036e-16 -1.0431794317277412e-16 -8.6736173799017978e-21 8.858622981720853e-17 -1.365881436423449e-16 50.000000000001712 49.999999999999076 50.000000000001712 1.7124079931818414e-12 -9.2370555648813024e-13 1.0000000000000002 1969.8656512439889 8030.1343487354852 0.023299488377100937 0 0 0.99765414271700781 5.4815652226999606e-18 0.99999999999999978 1.3163660157606188e-12 -1.0429570821888189e-12 -6.3067448933890057e-17 0.33658522062214119 0.33255156297204264 0.0040336576500985544 3.4678660657153796e-05
29999 0 0 0.10055673913121473 24.929531335243571 0.00027306058318426563 3.4678660778589861e-05 0.00027306058318409232 3.4678660778589861e-05 0.00027306058318426563 1.3927817232890729e-16 -1.0578760090162908e-16 1.2490009027059109e-20 1.0593598461622943e-16 -1.9032378406481239e-16 50.000000000001776 49.999999999999012 50.000000000001776 1.7763568394002505e-12 -9.8765440270653926e-13 1.0000000000000004 1969.8656512439165 8030.1343487351733 0.023299488056361561 0 0 0.99765414023868182 5.4815684037495804e-18 0.99999999999999978 1.3930593061473734e-12 -1.0580611204414063e-12 1.4696915707337037e-16 0.3365852086603191 0.33255156928784302 0.0040336393724760833 3.4678660778589861e-05
