# step v0 Mach sigma R umax_ref urms_ref umax_mean urms_mean umax_lab mean_x mean_y mean_z drop_ux drop_uy x0 y0 x_unwrapped center_dx center_dy axis_ratio mass_R mass_B min_f negative_total negative_color min_rho min_phi max_phi qx qy qz p_in p_out delta_p urms_lab
0 0 0 -5.560112678108922e-15 25.040521385269312 0.010425312279098273 0.0021168379404768638 0.010425312279098273 0.0021168379404768638 0.010425312279098273 1.933559851168328e-20 -1.2943164911507435e-19 -3.0780629233789163e-20 1.8383807949172305e-20 -6.2258091676777787e-19 50.000000000000007 50.000000000000007 50.000000000000007 7.1054273576010019e-15 7.1054273576010019e-15 1.0000000000000004 1969.8656512480634 8030.1343487520398 0.025439058125417458 0 0 0.99999999999999933 5.1710809399147485e-26 0.99999999999998512 -2.0357315820640886e-16 -1.3800259887259766e-15 -3.0174395329318744e-16 0.33333333333333387 0.33333333333333409 -2.2204460492503131e-16 0.0021168379404768638
500 0 0 1.5229734359941725 23.23314969227809 0.0095412252060793172 0.0067857256425563582 0.0095412252060793207 0.0067857256425563582 0.0095412252060793172 3.2855662635000952e-18 -1.5914353168611338e-18 8.0895103442568443e-22 -8.4563435690348637e-19 3.0979197449416558e-18 50.000000000000007 50.000000000000007 50.000000000000007 7.1054273576010019e-15 7.1054273576010019e-15 1.0000000000000011 1969.8656512480168 8030.134348751817 0.025323752892156971 0 0 0.94219459323259702 3.7985447964298911e-18 0.99999999999999867 3.3203041011065082e-14 -1.3194306758279595e-14 -1.4229174111629569e-16 0.39067413231866055 0.32512239025329792 0.065551742065362628 0.0067857256425563582
1000 0 0 1.9226045708065458 22.924060481276793 0.0056969235022282282 0.0040403298068547493 0.0056969235022282282 0.0040403298068547493 0.0056969235022282282 2.2135071553464748e-18 2.3345908539696596e-18 4.1411190263268985e-20 -1.0000676707035272e-18 5.4744158942634823e-18 50.000000000000007 50.000000000000007 50.000000000000007 7.1054273576010019e-15 7.1054273576010019e-15 1.0000000000000002 1969.8656512479956 8030.1343487517306 0.025936718185736014 0 0 0.95432787664434249 5.1657391692053629e-18 0.99999999999999833 2.2870702727495473e-14 2.0861784522097082e-14 4.5464242891173471e-16 0.40411532202921457 0.32024690908479614 0.083868412944418436 0.0040403298068547493
1500 0 0 2.0135411600929016 22.855843691260983 0.0023653471897523799 0.0016794973125799618 0.002365347189752379 0.0016794973125799618 0.0023653471897523799 1.4606371667725274e-19 1.4018300409369114e-18 7.0739661842168406e-21 2.5694105268738981e-19 4.1941239801302622e-18 50.000000000000014 50.000000000000014 50.000000000000014 1.4210854715202004e-14 1.4210854715202004e-14 1.0000000000000033 1969.8656512479765 8030.1343487515551 0.02631544092688972 0 0 0.95693247970292816 5.6505811225108272e-18 0.99999999999999833 1.6271841729934011e-15 2.1283335879286602e-14 6.252993811578083e-17 0.40709498729424759 0.31899755421358705 0.088097433080660537 0.0016794973125799618
2000 0 0 2.0245716172754546 22.847632467196124 0.00076651886497795926 0.00053602809170761158 0.00076651886497795926 0.00053602809170761147 0.00076651886497795926 2.6038199374413306e-19 2.7330568364016097e-19 4.5472179373958687e-20 7.9068290022731736e-19 8.6380096399634647e-19 50.000000000000007 50.000000000000007 50.000000000000007 7.1054273576010019e-15 7.1054273576010019e-15 1.0000000000000009 1969.8656512479438 8030.1343487515096 0.026493346704373567 0 0 0.95601725793122594 6.0452453271281778e-18 0.99999999999999833 2.5414105498874906e-15 6.2424024283025403e-15 4.7040496598907884e-16 0.40745544393355265 0.31884356608659115 0.088611877846961506 0.00053602809170761158
2500 0 0 2.0202518212676237 22.850815066985405 0.00025222717563978244 0.0001248806623771082 0.00025222717563978532 0.00012488066237710825 0.00025222717563978244 2.0356546309720213e-18 -2.7116438434950543e-18 -6.2163527400588433e-20 6.1038673394480388e-18 -3.5151402485043601e-19 50.000000000000014 50.000000000000007 50.000000000000014 1.4210854715202004e-14 7.1054273576010019e-15 1.000000000000002 1969.8656512479363 8030.1343487513805 0.026558128009065859 0 0 0.9563985416210905 6.1695432540822052e-18 0.99999999999999833 2.0296700043863532e-14 -2.9126113887801945e-14 -6.2119420262236847e-16 0.40731551394791565 0.31890502113418401 0.088410492813731645 0.0001248806623771082
3000 0 0 2.0161789162950354 22.853820349506528 0.00021773744043005592 3.3890343541001557e-05 0.00021773744043005546 3.3890343541001577e-05 0.00021773744043005592 3.6780203448858308e-19 -3.7399486177254929e-19 -7.4933156061524476e-21 -9.4859739704777313e-19 5.8415730347109428e-18 50.000000000000014 50.000000000000014 50.000000000000014 1.4210854715202004e-14 1.4210854715202004e-14 1.0000000000000022 1969.8656512479031 8030.1343487512449 0.026576167782972296 0 0 0.9567562030643022 6.212093329887682e-18 0.99999999999999833 3.5501385927617294e-15 -3.7712685079828445e-15 -6.1928602912523811e-17 0.40718329052625812 0.31896263921013934 0.088220651316118781 3.3890343541001557e-05
3500 0 0 2.0141922831087387 22.855287203172935 0.00022213714913604625 3.4579755260849401e-05 0.00022213714913604655 3.4579755260849367e-05 0.00022213714913604625 1.3038290065660254e-18 -5.9179041062100183e-19 3.55738872000536e-20 4.5905764163789329e-18 2.1213581378354648e-18 50.000000000000014 50.000000000000014 50.000000000000014 1.4210854715202004e-14 1.4210854715202004e-14 1.0000000000000024 1969.8656512478738 8030.1343487510549 0.026571773280556755 0 0 0.9569302664599042 6.2287870112732042e-18 0.99999999999999833 1.2950686530122102e-14 -5.7488363299374595e-15 3.2926950315333619e-16 0.40711875822648275 0.31899069117558548 0.088128067050897263 3.4579755260849401e-05
4000 0 0 2.0134723302222581 22.855819159908069 0.00022179576012825784 3.3573626527105599e-05 0.0002217957601282561 3.3573626527105619e-05 0.00022179576012825784 1.6061045722550349e-18 7.4274421790936214e-19 1.0508125827718273e-21 3.5632955724156223e-18 2.8246514887975745e-18 50.000000000000014 50.000000000000007 50.000000000000014 1.4210854715202004e-14 7.1054273576010019e-15 1.0000000000000007 1969.8656512478613 8030.1343487510076 0.026571425390391923 0 0 0.95699318973973768 6.233352649232682e-18 0.99999999999999833 1.6088150723921095e-14 7.2261058886017757e-15 -3.3590869813351792e-17 0.40709535888093817 0.31900084272576412 0.088094516155174052 3.3573626527105599e-05
4500 0 0 2.0132761464779323 22.85596425865992 0.00022102564222939878 3.2815148378826685e-05 0.00022102564222939544 3.2815148378826726e-05 0.00022102564222939878 3.4267212548418222e-18 -1.5581332001004792e-19 -4.1873335502999073e-21 -3.6344264209958748e-19 3.3765521828013996e-18 50.000000000000014 50.000000000000007 50.000000000000014 1.4210854715202004e-14 7.1054273576010019e-15 1.0000000000000011 1969.8656512478478 8030.1343487508975 0.026571765819192558 0 0 0.95701026775459908 6.234312409195051e-18 0.99999999999999833 3.4205819600396925e-14 -1.8824366781457577e-15 -1.4599924193493863e-16 0.40708897689341633 0.31900360347867973 0.088085373414736601 3.2815148378826685e-05
5000 0 0 2.0132453276775859 22.855987122686294 0.00022061778183706486 3.2645415465575717e-05 0.00022061778183706546 3.2645415465575764e-05 0.00022061778183706486 1.7987496800204756e-18 1.1282940490385119e-19 3.0823100604290456e-20 3.6960698393790858e-18 4.0970110933228724e-19 50.000000000000014 50.000000000000014 50.000000000000014 1.4210854715202004e-14 1.4210854715202004e-14 1.0000000000000002 1969.8656512478105 8030.1343487507838 0.026572021656062879 0 0 0.95701062637742795 6.2344771266680094e-18 0.99999999999999833 1.8536970461217883e-14 1.2529078421725116e-15 2.1731140929114874e-16 0.40708797125716306 0.31900403434947694 0.088083936907686122 3.2645415465575717e-05
5500 0 0 2.0132510134986079 22.855982960786552 0.0002204595613790675 3.2623992751918828e-05 0.0002204595613790633 3.2623992751918794e-05 0.0002204595613790675 4.2824901611011406e-18 2.410150936249539e-19 3.8177390100641791e-22 8.6340795923377306e-18 3.5400082038073975e-18 50.000000000000014 50.000000000000014 50.000000000000014 1.4210854715202004e-14 1.4210854715202004e-14 1.0000000000000013 1969.8656512477937 8030.1343487507229 0.026572137666609076 0 0 0.9570105443266681 6.2344394422697836e-18 0.99999999999999833 4.3240733795117154e-14 2.2978568138163572e-15 2.2003006898452777e-17 0.40708815428567735 0.31900395257128628 0.088084201714391075 3.2623992751918828e-05
6000 0 0 2.0132584546674814 22.855977474690516 0.00022041133931005903 3.2622902042395206e-05 0.00022041133931005756 3.2622902042395152e-05 0.00022041133931005903 5.48295675355339e-18 2.1074815002400926e-20 -5.2481836018243596e-20 9.0550699157248691e-18 -1.758612629616915e-18 50.000000000000021 50.000000000000007 50.000000000000021 2.1316282072803006e-14 7.1054273576010019e-15 1.0000000000000004 1969.8656512477671 8030.1343487504946 0.026572177415484812 0 0 0.9570104588838243 6.2344403665493282e-18 0.99999999999999833 5.4896422151158521e-14 3.9846886151671264e-16 -4.1920943146073183e-16 0.40708839556435217 0.31900384713946611 0.088084548424886056 3.2622902042395206e-05
6500 0 0 2.0132623641712941 22.855974589316759 0.00022040113183270199 3.2623306464566536e-05 0.0002204011318327021 3.2623306464566543e-05 0.00022040113183270199 1.0802109532382459e-18 -1.8997373525635647e-19 -2.5212967643359219e-20 5.1805088773912866e-18 -1.5344386976047456e-18 50.000000000000021 50.000000000000014 50.000000000000021 2.1316282072803006e-14 1.4210854715202004e-14 1.0000000000000011 1969.8656512477482 8030.1343487504137 0.026572187442046077 0 0 0.95701041660345398 6.2344483965632037e-18 0.99999999999999833 1.1052004599222738e-14 -2.3234139143834118e-15 -2.8359795948433616e-16 0.40708852246482208 0.31900379187047129 0.088084730594350791 3.2623306464566536e-05
7000 0 0 2.0132638528758084 22.855973489568303 0.0002204008697120724 3.2623552255452044e-05 0.00022040086971207101 3.2623552255452078e-05 0.0002204008697120724 1.1048074347738046e-18 1.1413621580521078e-18 1.2314842513822197e-20 1.1247861523186266e-17 9.5855879158737304e-18 50.000000000000021 50.000000000000014 50.000000000000021 2.1316282072803006e-14 1.4210854715202004e-14 1.0000000000000004 1969.865651247713 8030.1343487503218 0.026572188642577245 0 0 0.95701040112860603 6.234458456490113e-18 0.99999999999999833 1.0975283731411704e-14 1.1262456693033674e-14 1.5053584339462722e-16 0.40708857083284916 0.3190037708660185 0.088084799966830662 3.2623552255452044e-05
7500 0 0 2.0132642833146455 22.85597317106085 0.00022040199967392622 3.2623651275180035e-05 0.00022040199967392397 3.2623651275180029e-05 0.00022040199967392622 2.7695361737480364e-18 -1.470815029963696e-18 -4.5397701047272078e-21 7.8902715115510171e-18 -4.3796796873445764e-18 50.000000000000028 50.000000000000014 50.000000000000028 2.8421709430404007e-14 1.4210854715202004e-14 1.0000000000000007 1969.86565124769 8030.1343487501772 0.026572188118898443 0 0 0.95701039685959766 6.2344653449809999e-18 0.99999999999999833 2.7655930661264881e-14 -1.5056338439195776e-14 -6.970644636686018e-18 0.4070885848412672 0.3190037648142755 0.088084820026991695 3.2623651275180035e-05
8000 0 0 2.0132643626350983 22.855973112278939 0.00022040273592220121 3.262368246929805e-05 0.00022040273592220314 3.262368246929803e-05 0.00022040273592220121 2.5224654721765763e-18 1.8217179101216656e-18 -1.21795955572698e-19 1.8053641159016474e-18 3.4725020417178871e-19 50.000000000000028 50.000000000000007 50.000000000000028 2.8421709430404007e-14 7.1054273576010019e-15 1.0000000000000013 1969.8656512476784 8030.1343487500462 0.026572187641010846 0 0 0.95701039616482708 6.2344692622775748e-18 0.99999999999999833 2.5654418910406318e-14 1.7902868891822695e-14 -1.1496005776993334e-15 0.40708858742664294 0.31900376370266376 0.088084823723979189 3.262368246929805e-05
8500 0 0 2.0132643573954012 22.855973116071368 0.00022040305073763874 3.26236893141121e-05 0.00022040305073763619 3.2623689314112045e-05 0.00022040305073763874 2.9262521767700705e-18 1.0023287301337972e-18 -6.4216025400415987e-20 8.3563587955741256e-18 3.5073384367375534e-18 50.000000000000028 50.000000000000014 50.000000000000028 2.8421709430404007e-14 1.4210854715202004e-14 1.0000000000000004 1969.8656512476432 8030.1343487499444 0.026572187410087832 0 0 0.95701039627356177 6.2344711816301487e-18 0.99999999999999833 2.9040707551077403e-14 1.0423412112781146e-14 -6.757262918731241e-16 0.4070885872598824 0.31900376377976736 0.088084823480115038 3.26236893141121e-05
9000 0 0 2.0132643440850404 22.855973125878901 0.00022040315327756611 3.2623689586162399e-05 0.00022040315327756556 3.2623689586162386e-05 0.00022040315327756611 -2.1368811668065471e-19 6.2236635184120482e-19 6.1873719747153233e-20 -1.1073973984885299e-17 -7.2823669085029061e-18 50.000000000000028 50.000000000000014 50.000000000000028 2.8421709430404007e-14 1.4210854715202004e-14 1.0000000000000004 1969.8656512476302 8030.134348749787 0.026572187326991743 0 0 0.95701039642923114 6.2344720693801333e-18 0.99999999999999833 -2.0978498857013825e-15 6.0119323859273875e-15 5.9411542152363456e-16 0.40708858682854276 0.31900376396858315 0.088084822859959611 3.2623689586162399e-05
9500 0 0 2.013264336468974 22.855973131499358 0.00022040317717246814 3.2623688881366152e-05 0.00022040317717246809 3.2623688881366125e-05 0.00022040317717246814 3.9452490753499377e-19 1.2479726894089644e-18 -6.2348072023966947e-20 -1.744680964653335e-18 9.6691194673293096e-18 50.000000000000028 50.000000000000014 50.000000000000028 2.8421709430404007e-14 1.4210854715202004e-14 1.0000000000000016 1969.8656512476011 8030.1343487496952 0.026572187304560794 0 0 0.95701039651228303 6.2344724547654713e-18 0.99999999999999833 3.7895305379120569e-15 1.2394810148402322e-14 -6.1103798296316522e-16 0.40708858658134689 0.31900376407626796 0.08808482250507893 3.2623688881366152e-05
10000 0 0 2.0132643334179128 22.85597313375299 0.00022040317904349407 3.2623688407782042e-05 0.00022040317904349117 3.2623688407782015e-05 0.00022040317904349407 -2.0854764313036147e-18 3.6017667967330283e-18 3.363569245967739e-20 3.1192004277558314e-18 9.1130391434202807e-18 50.000000000000028 50.000000000000014 50.000000000000028 2.8421709430404007e-14 1.4210854715202004e-14 1.0000000000000022 1969.8656512475754 8030.1343487496051 0.026572187301136318 0 0 0.95701039654421416 6.2344726166666359e-18 0.99999999999999833 -2.0958048122900229e-14 3.5700176301572773e-14 4.2830665998841687e-16 0.40708858648222879 0.31900376411932591 0.088084822362902881 3.2623688407782042e-05
10500 0 0 2.0132643324849662 22.855973134442621 0.00022040317717969348 3.2623688202465606e-05 0.00022040317717969383 3.2623688202465592e-05 0.00022040317717969348 3.0011800336580146e-19 2.360355986863163e-18 -2.7172375938467874e-21 2.5910243875979093e-18 -1.4273960048294365e-18 50.000000000000028 50.000000000000014 50.000000000000028 2.8421709430404007e-14 1.4210854715202004e-14 1.000000000000002 1969.8656512475434 8030.1343487494123 0.026572187301848127 0 0 0.95701039655354714 6.2344726846497666e-18 0.99999999999999833 3.3237166319938997e-15 2.3998184895557281e-14 4.4276162356961691e-17 0.40708858645189056 0.31900376413246395 0.088084822319426603 3.2623688202465606e-05
11000 0 0 2.0132643322911554 22.855973134586069 0.0002204031757831949 3.262368813476277e-05 0.00022040317578319579 3.2623688134762743e-05 0.0002204031757831949 5.3296939344516138e-19 7.6998115525154567e-19 2.6712085472283716e-20 -1.781588087123386e-18 3.9979320996434498e-18 50.000000000000028 50.000000000000014 50.000000000000028 2.8421709430404007e-14 1.4210854715202004e-14 1.0000000000000024 1969.8656512475293 8030.1343487493259 0.026572187302724638 0 0 0.95701039655529885 6.2344727137580807e-18 0.99999999999999833 5.2452481356466649e-15 8.0405602018930924e-15 2.0167730904541162e-16 0.40708858644557427 0.31900376413518017 0.088084822310394106 3.262368813476277e-05
11500 0 0 2.0132643325982249 22.855973134587959 0.00022040317515055011 3.2623688118657421e-05 0.00022040317515054902 3.2623688118657388e-05 0.00022040317515055011 -9.6063294038220878e-19 -5.7965878123407817e-19 -2.3110196409071872e-20 9.1269846711100116e-19 2.1497632669764124e-18 50.000000000000028 50.000000000000021 50.000000000000028 2.8421709430404007e-14 2.1316282072803006e-14 1.0000000000000016 1969.8656512475075 8030.1343487491977 0.026572187303179493 0 0 0.95701039655519859 6.23447272658353e-18 0.99999999999999833 -9.8832549674883841e-15 -5.8984282778599949e-15 -2.4612116331031642e-16 0.40708858644548745 0.31900376412166564 0.08808482232382181 3.2623688118657421e-05
12000 0 0 2.0132643323119677 22.855973134570924 0.00022040317493415197 3.2623688117222832e-05 0.00022040317493415132 3.2623688117222805e-05 0.00022040317493415197 -1.4472282964047446e-18 2.7591361338154017e-19 8.5591651243301618e-20 -1.6096044223299174e-18 1.2516651736485776e-18 50.000000000000028 50.000000000000014 50.000000000000028 2.8421709430404007e-14 1.4210854715202004e-14 1.0000000000000009 1969.8656512474797 8030.1343487491049 0.026572187303351182 0 0 0.95701039655490761 6.2344727323468676e-18 0.99999999999999833 -1.4148601176734593e-14 2.7142374583664388e-15 7.3566642474679925e-16 0.40708858644623164 0.31900376413486858 0.088084822311363054 3.2623688117222832e-05
12500 0 0 2.0132643323266821 22.85597313456006 0.00022040317487960479 3.2623688118367397e-05 0.00022040317487960443 3.2623688118367336e-05 0.00022040317487960479 -2.4543030368454451e-18 3.3121605569461915e-19 -1.9344835403602398e-20 -9.6209953285162807e-18 4.7399855051841558e-19 50.000000000000028 50.000000000000014 50.000000000000028 2.8421709430404007e-14 1.4210854715202004e-14 1.000000000000002 1969.8656512474604 8030.1343487489685 0.026572187303400115 0 0 0.95701039655473064 6.2344727349896973e-18 0.99999999999999833 -2.4529565935003857e-14 3.052809231960538e-15 -1.1748413506204875e-16 0.40708858644670248 0.31900376413465376 0.088084822312048727 3.2623688118367397e-05
13000 0 0 2.0132643323328527 22.855973134555502 0.00022040317487310678 3.2623688119261478e-05 0.00022040317487311207 3.2623688119261403e-05 0.00022040317487310678 -4.0779093426702818e-18 -4.3449817955549767e-18 5.3285903079622124e-20 -8.5093057472118803e-18 -2.7964017320856101e-18 50.000000000000028 50.000000000000014 50.000000000000028 2.8421709430404007e-14 1.4210854715202004e-14 1.0000000000000007 1969.8656512474215 8030.1343487488621 0.026572187303408591 0 0 0.95701039655465003 6.234472736202926e-18 0.99999999999999833 -4.0710151722479449e-14 -4.3426237405302155e-14 5.384468458235823e-16 0.40708858644689916 0.31900376413456288 0.088084822312336275 3.2623688119261478e-05
13500 0 0 2.0132643326442574 22.855973134554027 0.00022040317487596477 3.2623688119673448e-05 0.00022040317487596366 3.2623688119673427e-05 0.00022040317487596477 -2.2221238521130805e-18 -3.7947803638308791e-18 -2.6305156290783275e-20 -8.1561144232119397e-18 -1.0966922166395692e-18 50.000000000000021 50.000000000000014 50.000000000000021 2.1316282072803006e-14 1.4210854715202004e-14 1.0000000000000009 1969.8656512473942 8030.1343487487775 0.026572187303407463 0 0 0.95701039655461528 6.2344727367624857e-18 0.99999999999999833 -2.2127583779715864e-14 -3.8462387166006829e-14 -1.8872806669692324e-16 0.40708858644695872 0.31900376412099213 0.088084822325966594 3.2623688119673448e-05
14000 0 0 2.0132643326447202 22.855973134553651 0.00022040317487867121 3.2623688119817897e-05 0.00022040317487866928 3.2623688119817911e-05 0.00022040317487867121 1.13247627421587e-18 -3.0698583967579611e-18 5.0033228995301554e-20 -3.934964827202378e-18 -1.1164884724134241e-17 50.000000000000021 50.000000000000014 50.000000000000021 2.1316282072803006e-14 1.4210854715202004e-14 1.0000000000000013 1969.865651247376 8030.1343487486301 0.026572187303405461 0 0 0.95701039655459608 6.2344727370188008e-18 0.99999999999999833 1.1120228002327749e-14 -3.0533659029324195e-14 4.6205798448393896e-16 0.40708858644696932 0.31900376412098103 0.088084822325988299 3.2623688119817897e-05
14500 0 0 2.0132643326447388 22.855973134553604 0.00022040317487990432 3.2623688119855092e-05 0.00022040317487990142 3.2623688119855119e-05 0.00022040317487990432 -1.546446347714469e-18 -5.1540757982890773e-18 -6.9636169172163635e-22 6.8495644890237167e-18 -4.5811825452974193e-18 50.000000000000021 50.000000000000014 50.000000000000021 2.1316282072803006e-14 1.4210854715202004e-14 1.0000000000000016 1969.8656512473499 8030.134348748511 0.026572187303404157 0 0 0.95701039655458187 6.2344727371353488e-18 0.99999999999999833 -1.5712806761643061e-14 -5.138897306593587e-14 3.7159016299207431e-17 0.40708858644696494 0.31900376412097564 0.088084822325989298 3.2623688119855092e-05
15000 0 0 2.0132643323352948 22.855973134553611 0.00022040317488063727 3.2623688119861706e-05 0.00022040317488063849 3.2623688119861719e-05 0.00022040317488063727 2.2086743241634756e-18 -3.2978444295883769e-18 -2.0214858424419862e-21 -2.3937500518797495e-18 -1.8448160201744926e-19 50.000000000000021 50.000000000000007 50.000000000000021 2.1316282072803006e-14 7.1054273576010019e-15 1.0000000000000013 1969.865651247321 8030.1343487484228 0.026572187303403331 0 0 0.95701039655456999 6.2344727371883289e-18 0.99999999999999833 2.2174956641285035e-14 -3.3239235577174976e-14 -1.2408490141355213e-16 0.40708858644695944 0.31900376413450904 0.088084822312450406 3.2623688119861706e-05
15500 0 0 2.0132643326446269 22.855973134553601 0.00022040317488048898 3.2623688119854523e-05 0.00022040317488049226 3.2623688119854543e-05 0.00022040317488048898 6.2057672368969032e-18 -9.9170423494030887e-18 -1.8890271615564069e-20 8.0582245373025563e-18 -2.6444383470389618e-17 50.000000000000014 50.000000000000007 50.000000000000014 1.4210854715202004e-14 7.1054273576010019e-15 1.0000000000000016 1969.865651247304 8030.1343487483591 0.026572187303403168 0 0 0.9570103965545631 6.234472737211561e-18 0.99999999999999833 6.2202657307353308e-14 -9.9235816979029027e-14 -2.1898452364498946e-16 0.4070885864469555 0.31900376412097109 0.088084822325984413 3.2623688119854523e-05
16000 0 0 2.0132643326446251 22.855973134553608 0.00022040317488049424 3.2623688119856325e-05 0.00022040317488048575 3.2623688119856373e-05 0.00022040317488049424 -1.7524230764433877e-18 -2.4957319858079315e-17 -1.6674482835801322e-20 -5.4813222529440027e-17 -3.78183378563451e-17 50.000000000000014 49.999999999999993 50.000000000000014 1.4210854715202004e-14 -7.1054273576010019e-15 1.0000000000000013 1969.865651247301 8030.1343487483273 0.026572187303403078 0 0 0.95701039655455922 6.2344727372223886e-18 0.99999999999999833 -1.764262564579765e-14 -2.4947959551097728e-13 -7.4748888419859354e-17 0.40708858644695473 0.31900376412097042 0.088084822325984302 3.2623688119856325e-05
16500 0 0 2.0132643329538382 22.855973134553604 0.0002204031748805385 3.2623688119855912e-05 0.00022040317488053557 3.2623688119855905e-05 0.0002204031748805385 -6.7638819892275437e-18 -3.4770359182350546e-17 -3.4379961357358525e-20 -8.2964018135847438e-18 -2.1843855874851721e-17 50.000000000000014 49.999999999999986 50.000000000000014 1.4210854715202004e-14 -1.4210854715202004e-14 1.0000000000000016 1969.8656512472942 8030.1343487482964 0.026572187303402984 0 0 0.957010396554557 6.2344727372271541e-18 0.99999999999999833 -6.7512645862781745e-14 -3.4753383710419007e-13 -3.3569455687789616e-16 0.40708858644695378 0.31900376410744069 0.088084822339513091 3.2623688119855912e-05
17000 0 0 2.0132643326446211 22.855973134553604 0.00022040317488050969 3.2623688119855275e-05 0.00022040317488049673 3.2623688119855343e-05 0.00022040317488050969 -2.8483292113813607e-18 -5.7741507820126081e-17 8.379662137038695e-20 1.3827754057621318e-17 -8.5866364807300477e-17 50.000000000000007 49.999999999999986 50.000000000000007 7.1054273576010019e-15 -1.4210854715202004e-14 1.0000000000000016 1969.8656512472896 8030.1343487482527 0.026572187303402914 0 0 0.95701039655455478 6.2344727372291524e-18 0.99999999999999833 -2.8730435998192074e-14 -5.7747464663983788e-13 8.2213735771410224e-16 0.40708858644695328 0.31900376412096915 0.088084822325984136 3.2623688119855275e-05
17500 0 0 2.0132643326446247 22.855973134553604 0.00022040317488060686 3.2623688119854326e-05 0.00022040317488053449 3.2623688119854367e-05 0.00022040317488060686 5.2608416754885544e-18 -7.3730020417342598e-17 -9.9910324743885606e-20 -3.7692896040386911e-18 -9.7225893722286815e-17 50.000000000000014 49.999999999999979 50.000000000000014 1.4210854715202004e-14 -2.1316282072803006e-14 1.0000000000000018 1969.8656512472835 8030.1343487482218 0.026572187303402814 0 0 0.957010396554551 6.2344727372301007e-18 0.99999999999999833 5.2223775705175624e-14 -7.3671868471550989e-13 -9.5775388871409098e-16 0.40708858644695234 0.31900376412096804 0.088084822325984302 3.2623688119854326e-05
18000 0 0 2.0132643323352308 22.855973134553604 0.0002204031748805938 3.2623688119859754e-05 0.00022040317488056384 3.26236881198597e-05 0.0002204031748805938 -1.3479712138170646e-17 -6.2607263513455702e-17 9.3348850144594842e-20 -2.164437995445232e-17 -4.0757469943205671e-17 50.000000000000014 49.999999999999972 50.000000000000014 1.4210854715202004e-14 -2.8421709430404007e-14 1.0000000000000016 1969.8656512472767 8030.1343487482036 0.026572187303402755 0 0 0.95701039655454767 6.234472737230593e-18 0.99999999999999833 -1.3490265491102469e-13 -6.258322099131716e-13 8.6052977510034453e-16 0.40708858644695095 0.31900376413450332 0.08808482231244763 3.2623688119859754e-05
18500 0 0 2.0132643323352322 22.855973134553604 0.00022040317488051522 3.2623688119855268e-05 0.00022040317488051131 3.2623688119855228e-05 0.00022040317488051522 -1.5841212890062403e-17 -7.0495501102627479e-17 6.908972418540632e-20 -2.7975920383822025e-17 -4.8592522277547899e-17 50.000000000000007 49.999999999999972 50.000000000000007 7.1054273576010019e-15 -2.8421709430404007e-14 1.0000000000000016 1969.865651247271 8030.1343487481699 0.026572187303402661 0 0 0.95701039655454601 6.2344727372307394e-18 0.99999999999999833 -1.5847108917346156e-13 -7.0488609134214086e-13 6.5296060280306986e-16 0.40708858644695017 0.31900376413450249 0.088084822312447686 3.2623688119855268e-05
19000 0 0 2.0132643323352339 22.855973134553594 0.00022040317488043108 3.2623688119853418e-05 0.00022040317488038812 3.2623688119853385e-05 0.00022040317488043108 -9.9480374025257249e-18 -5.3010526588353851e-17 6.7128660643032682e-23 1.1190190799367493e-17 -2.081794634900199e-17 50.000000000000014 49.999999999999972 50.000000000000014 1.4210854715202004e-14 -2.8421709430404007e-14 1.0000000000000016 1969.8656512472655 8030.1343487481554 0.026572187303402564 0 0 0.95701039655454279 6.2344727372307232e-18 0.99999999999999833 -9.9187598781680423e-14 -5.3064606931570139e-13 -7.1448461587741146e-17 0.40708858644694951 0.31900376413450171 0.088084822312447797 3.2623688119853418e-05
19500 0 0 2.0132643323352317 22.855973134553601 0.0002204031748805462 3.2623688119856285e-05 0.00022040317488050541 3.2623688119856339e-05 0.0002204031748805462 -1.8261634609018039e-17 -4.751784183080649e-17 -7.8621356871938323e-20 6.3541376239076351e-18 -2.7897829852195191e-17 50.000000000000014 49.999999999999972 50.000000000000014 1.4210854715202004e-14 -2.8421709430404007e-14 1.0000000000000016 1969.865651247261 8030.1343487481317 0.026572187303402481 0 0 0.95701039655453912 6.2344727372309458e-18 0.99999999999999833 -1.830166267569367e-13 -4.7544829062783099e-13 -7.6460070959079912e-16 0.40708858644694823 0.31900376413450054 0.088084822312447686 3.2623688119856285e-05
20000 0 0 2.0132643323352313 22.855973134553594 0.00022040317488051381 3.2623688119856271e-05 0.00022040317488049071 3.2623688119856332e-05 0.00022040317488051381 -2.4947014939946908e-17 -5.4299634839923717e-17 -8.5328647262941559e-20 -2.61209486550474e-17 -4.562519649581035e-17 50.000000000000014 49.999999999999972 50.000000000000014 1.4210854715202004e-14 -2.8421709430404007e-14 1.000000000000002 1969.8656512472571 8030.1343487481163 0.026572187303402446 0 0 0.95701039655453768 6.2344727372308935e-18 0.99999999999999833 -2.4935187649278375e-13 -5.4355559427993261e-13 -6.9741025424012784e-16 0.40708858644694762 0.31900376413449993 0.088084822312447686 3.2623688119856271e-05
20500 0 0 2.0132643323352233 22.85597313455359 0.0002204031748805536 3.2623688119856217e-05 0.00022040317488052167 3.2623688119856176e-05 0.0002204031748805536 -2.5848935622183743e-17 -5.7142540329937377e-17 8.6253380435733769e-20 -2.950815620152606e-17 -1.00548237002654e-17 50.000000000000007 49.999999999999979 50.000000000000007 7.1054273576010019e-15 -2.1316282072803006e-14 1.0000000000000016 1969.8656512472514 8030.1343487481054 0.026572187303402342 0 0 0.95701039655453479 6.2344727372307733e-18 0.99999999999999833 -2.5876611238000135e-13 -5.7127431210306752e-13 8.6035679064847771e-16 0.40708858644694634 0.31900376413449899 0.088084822312447353 3.2623688119856217e-05
21000 0 0 2.0132643323352273 22.855973134553594 0.0002204031748805317 3.2623688119856386e-05 0.00022040317488048608 3.2623688119856474e-05 0.0002204031748805317 -3.1524880362441325e-17 -3.8489422000478136e-17 3.1168666177093788e-20 -4.3027802947193508e-17 -3.4858888725721873e-17 50.000000000000007 49.999999999999979 50.000000000000007 7.1054273576010019e-15 -2.1316282072803006e-14 1.0000000000000016 1969.8656512472485 8030.1343487480817 0.02657218730340228 0 0 0.95701039655453113 6.2344727372309258e-18 0.99999999999999833 -3.1533757267674002e-13 -3.8482921784940614e-13 3.7508999947914758e-16 0.40708858644694573 0.31900376413449821 0.088084822312447519 3.2623688119856386e-05
21500 0 0 2.0132643323352348 22.85597313455359 0.00022040317488050858 3.2623688119855119e-05 0.00022040317488050709 3.262368811985516e-05 0.00022040317488050858 -3.3090522509619872e-17 -4.511266941540746e-17 3.5612193959784177e-20 -3.3287526654830483e-17 -2.3748194453831957e-17 50.000000000000007 49.999999999999979 50.000000000000007 7.1054273576010019e-15 -2.1316282072803006e-14 1.0000000000000016 1969.8656512472442 8030.1343487480644 0.026572187303402214 0 0 0.95701039655452991 6.2344727372308858e-18 0.99999999999999833 -3.3104966115359078e-13 -4.5104255667694205e-13 3.335620544656251e-16 0.40708858644694518 0.31900376413449733 0.088084822312447852 3.2623688119855119e-05
22000 0 0 2.0132643323352317 22.855973134553583 0.00022040317488054563 3.2623688119856353e-05 0.00022040317488049166 3.262368811985638e-05 0.00022040317488054563 -4.2305276035817556e-17 -4.4141010138931074e-17 2.5475155551109417e-20 -4.6228014777316832e-17 -3.7401962597538943e-19 50.000000000000007 49.999999999999979 50.000000000000007 7.1054273576010019e-15 -2.1316282072803006e-14 1.0000000000000016 1969.865651247238 8030.134348748049 0.026572187303402123 0 0 0.9570103965545268 6.2344727372307039e-18 0.99999999999999833 -4.2296735910601035e-13 -4.4160215764050867e-13 2.0769581041534349e-16 0.40708858644694418 0.31900376413449644 0.088084822312447741 3.2623688119856353e-05
22500 0 0 2.0132643323352406 22.855973134553587 0.00022040317488053219 3.2623688119856454e-05 0.00022040317488053191 3.2623688119856434e-05 0.00022040317488053219 -5.4081565614730772e-17 -3.3001884492744744e-17 2.5344028459349342e-21 -5.2041912632738819e-17 -1.9217194515262382e-17 49.999999999999993 49.999999999999979 49.999999999999993 -7.1054273576010019e-15 -2.1316282072803006e-14 1.0000000000000016 1969.8656512472301 8030.1343487480208 0.02657218730340203 0 0 0.95701039655452314 6.2344727372308195e-18 0.99999999999999833 -5.410759459840523e-13 -3.2983302283933654e-13 7.4328832665855619e-17 0.4070885864469434 0.31900376413449527 0.08808482231244813 3.2623688119856454e-05
23000 0 0 2.0132643323352353 22.855973134553594 0.00022040317488048437 3.2623688119857599e-05 0.00022040317488054511 3.2623688119857626e-05 0.00022040317488048437 -8.015099001172272e-17 -4.0510263719269923e-17 -1.2334756095830373e-19 -7.7661179059601095e-17 -8.9141271519793858e-20 49.999999999999979 49.999999999999979 49.999999999999979 -2.1316282072803006e-14 -2.1316282072803006e-14 1.0000000000000018 1969.8656512472262 8030.1343487479926 0.026572187303402002 0 0 0.95701039655452091 6.2344727372307771e-18 0.99999999999999833 -8.0143242709287876e-13 -4.0514687094709203e-13 -1.2132891763478548e-15 0.40708858644694251 0.31900376413449466 0.088084822312447852 3.2623688119857599e-05
23500 0 0 2.013264332335241 22.85597313455359 0.0002204031748805665 3.2623688119856556e-05 0.00022040317488050324 3.2623688119856596e-05 0.0002204031748805665 -9.1209716645808934e-17 -4.004124599096894e-17 6.6370167854222259e-20 -8.8840704503393967e-17 -4.2499640129803824e-17 49.999999999999979 49.999999999999979 49.999999999999979 -2.1316282072803006e-14 -2.1316282072803006e-14 1.0000000000000016 1969.8656512472212 8030.1343487479771 0.026572187303401912 0 0 0.95701039655451814 6.2344727372305853e-18 0.99999999999999833 -9.1239610810186918e-13 -4.0051247417157144e-13 6.0850773810292345e-16 0.40708858644694162 0.31900376413449349 0.08808482231244813 3.2623688119856556e-05
24000 0 0 2.0132643326446273 22.85597313455359 0.0002204031748805305 3.2623688119855004e-05 0.00022040317488053086 3.2623688119855058e-05 0.0002204031748805305 -1.074436329837575e-16 -3.0680894955028222e-17 -3.6054656225993964e-20 -9.561285272685318e-17 -1.9997016804707772e-18 49.999999999999972 49.999999999999979 49.999999999999972 -2.8421709430404007e-14 -2.1316282072803006e-14 1.0000000000000018 1969.8656512472164 8030.1343487479444 0.026572187303401811 0 0 0.95701039655451503 6.2344727372305522e-18 0.99999999999999833 -1.0746664788526154e-12 -3.0705624590169686e-13 -3.4564272441022095e-16 0.40708858644694074 0.31900376412095627 0.088084822325984469 3.2623688119855004e-05
24500 0 0 2.0132643326446122 22.855973134553594 0.00022040317488059014 3.2623688119858806e-05 0.00022040317488048394 3.2623688119858907e-05 0.00022040317488059014 -1.2292144298964707e-16 -1.7478258813552223e-17 1.7180935698535076e-20 -1.2204692042584516e-16 2.9760149863208177e-18 49.999999999999964 49.999999999999979 49.999999999999964 -3.5527136788005009e-14 -2.1316282072803006e-14 1.0000000000000018 1969.8656512472141 8030.1343487479298 0.026572187303401731 0 0 0.95701039655451159 6.2344727372306069e-18 0.99999999999999833 -1.2292915302240809e-12 -1.7466983449783764e-13 1.8578297921314262e-16 0.40708858644693952 0.31900376412095571 0.088084822325983803 3.2623688119858806e-05
25000 0 0 2.0132643323352295 22.855973134553587 0.00022040317488059827 3.2623688119859619e-05 0.00022040317488047917 3.2623688119859707e-05 0.00022040317488059827 -1.2259239847231968e-16 -4.1875176930344794e-18 -9.8565145764654501e-20 -1.268516475903639e-16 5.3512241650953121e-17 49.999999999999957 49.999999999999986 49.999999999999957 -4.2632564145606011e-14 -1.4210854715202004e-14 1.0000000000000016 1969.8656512472076 8030.1343487479153 0.026572187303401676 0 0 0.95701039655450959 6.2344727372304944e-18 0.99999999999999833 -1.2258496829953738e-12 -4.1517637547037676e-14 -1.0934264716281323e-15 0.40708858644693879 0.31900376413449116 0.08808482231244763 3.2623688119859619e-05
25500 0 0 2.013264332335214 22.855973134553583 0.00022040317488051598 3.2623688119855932e-05 0.00022040317488055899 3.2623688119855953e-05 0.00022040317488051598 -1.2122965391970066e-16 1.0523018698418989e-17 1.4483536558108325e-20 -8.3487082828420504e-17 4.6265074301101517e-17 49.999999999999957 49.999999999999986 49.999999999999957 -4.2632564145606011e-14 -1.4210854715202004e-14 1.0000000000000016 1969.8656512472048 8030.134348747888 0.026572187303401572 0 0 0.95701039655450693 6.2344727372304158e-18 0.99999999999999833 -1.2117337976111031e-12 1.0530174094094145e-13 1.4517964512984881e-16 0.40708858644693718 0.31900376413449022 0.088084822312446964 3.2623688119855932e-05
26000 0 0 2.0132643323352242 22.855973134553583 0.00022040317488059263 3.2623688119859585e-05 0.00022040317488050597 3.2623688119859571e-05 0.00022040317488059263 -1.1453417424553525e-16 1.5576390156686368e-17 -3.1005713188324352e-20 -1.0963306303099821e-16 3.7135063045767463e-17 49.999999999999943 49.999999999999993 49.999999999999943 -5.6843418860808015e-14 -7.1054273576010019e-15 1.0000000000000016 1969.8656512472025 8030.134348747868 0.026572187303401485 0 0 0.95701039655450337 6.2344727372305476e-18 0.99999999999999833 -1.1454717111877443e-12 1.5559732406655246e-13 -2.4871719089648371e-16 0.40708858644693635 0.31900376413448894 0.088084822312447408 3.2623688119859585e-05
26500 0 0 2.0132643323352144 22.855973134553576 0.00022040317488055593 3.2623688119862112e-05 0.00022040317488045019 3.2623688119862173e-05 0.00022040317488055593 -1.1286348374986482e-16 1.0637689341192032e-17 4.2473959116985257e-20 -1.323443832860106e-16 9.2342390025296928e-18 49.999999999999943 49.999999999999993 49.999999999999943 -5.6843418860808015e-14 -7.1054273576010019e-15 1.0000000000000013 1969.8656512471969 8030.1343487478262 0.026572187303401461 0 0 0.95701039655450171 6.2344727372304289e-18 0.99999999999999833 -1.1293277782128187e-12 1.0671298592095559e-13 3.9748392252016874e-16 0.40708858644693519 0.31900376413448817 0.08808482231244702 3.2623688119862112e-05
27000 0 0 2.0132643323352082 22.855973134553576 0.00022040317488057713 3.2623688119855858e-05 0.00022040317488052977 3.2623688119855892e-05 0.00022040317488057713 -1.0700728497742086e-16 1.5263912248554255e-17 3.9244680857453156e-20 -8.7621730749385323e-17 -2.6870658455084096e-17 49.999999999999936 49.999999999999993 49.999999999999936 -6.3948846218409017e-14 -7.1054273576010019e-15 1.0000000000000016 1969.8656512471905 8030.134348747788 0.026572187303401339 0 0 0.95701039655449838 6.2344727372303064e-18 0.99999999999999833 -1.0698412506366768e-12 1.522694070035498e-13 4.1918422170735258e-16 0.40708858644693413 0.31900376413448739 0.088084822312446742 3.2623688119855858e-05
27500 0 0 2.0132643323351962 22.855973134553572 0.00022040317488067029 3.2623688119857755e-05 0.00022040317488056788 3.262368811985785e-05 0.00022040317488067029 -1.0843804153232076e-16 2.035607620644337e-18 -1.667529413508121e-19 -1.0271422561220575e-16 -9.8458346396204698e-18 49.999999999999936 49.999999999999993 49.999999999999936 -6.3948846218409017e-14 -7.1054273576010019e-15 1.0000000000000013 1969.8656512471844 8030.1343487477525 0.026572187303401235 0 0 0.95701039655449494 6.2344727372302648e-18 0.99999999999999833 -1.0841071286125589e-12 2.0931141273871234e-14 -1.6324420138220078e-15 0.40708858644693285 0.31900376413448661 0.088084822312446243 3.2623688119857755e-05
28000 0 0 2.0132643323352029 22.855973134553572 0.00022040317488052877 3.2623688119859124e-05 0.00022040317488052075 3.2623688119859171e-05 0.00022040317488052877 -1.0616455631279167e-16 -7.1815392818493696e-18 -6.3307869173766447e-20 -4.9109093067972421e-17 -2.0442642790943834e-17 49.999999999999936 49.999999999999993 49.999999999999936 -6.3948846218409017e-14 -7.1054273576010019e-15 1.0000000000000013 1969.8656512471778 8030.1343487477225 0.026572187303401142 0 0 0.95701039655449116 6.2344727372302648e-18 0.99999999999999833 -1.0614750655628127e-12 -7.1581503304280839e-14 -6.0082956125790816e-16 0.40708858644693174 0.31900376413448522 0.08808482231244652 3.2623688119859124e-05
28500 0 0 2.0132643323352268 22.855973134553572 0.0002204031748805111 3.2623688119860276e-05 0.00022040317488052115 3.2623688119860229e-05 0.0002204031748805111 -9.5819240129212506e-17 -1.2778464657270981e-17 1.3994097583128525e-19 -3.122598539267899e-17 -5.0110364965494359e-17 49.999999999999929 49.999999999999986 49.999999999999929 -7.1054273576010019e-14 -1.4210854715202004e-14 1.0000000000000016 1969.865651247175 8030.1343487477034 0.026572187303401065 0 0 0.95701039655448739 6.2344727372303457e-18 0.99999999999999833 -9.5879357784373854e-13 -1.2780226909321555e-13 1.467469319424601e-15 0.40708858644693136 0.31900376413448378 0.088084822312447575 3.2623688119860276e-05
29000 0 0 2.0132643323352202 22.855973134553569 0.00022040317488056319 3.26236881198593e-05 0.000220403174880478 3.2623688119859341e-05 0.00022040317488056319 -8.7953721996565092e-17 -1.9686437369332404e-18 -7.8307730350076772e-20 -7.420114968634976e-17 1.8521719694785154e-17 49.999999999999929 49.999999999999986 49.999999999999929 -7.1054273576010019e-14 -1.4210854715202004e-14 1.0000000000000013 1969.8656512471689 8030.134348747677 0.026572187303400975 0 0 0.95701039655448494 6.2344727372303149e-18 0.99999999999999833 -8.7934390671744368e-13 -1.9535756984165919e-14 -8.6906935592023805e-16 0.40708858644693013 0.31900376413448284 0.088084822312447297 3.26236881198593e-05
29500 0 0 2.0132643323352317 22.855973134553569 0.00022040317488053251 3.2623688119859727e-05 0.00022040317488047974 3.2623688119859795e-05 0.00022040317488053251 -7.5144832847565266e-17 1.0598061751787907e-17 -1.6263068179972965e-20 -6.1373213416397552e-17 1.964697075414379e-17 49.999999999999929 49.999999999999986 49.999999999999929 -7.1054273576010019e-14 -1.4210854715202004e-14 1.0000000000000016 1969.8656512471609 8030.1343487476415 0.026572187303400902 0 0 0.95701039655448183 6.2344727372303411e-18 0.99999999999999833 -7.516589889582167e-13 1.0616987093708923e-13 -1.19265484766944e-16 0.40708858644692864 0.31900376413448084 0.088084822312447797 3.2623688119859727e-05
29999 0 0 2.0132643323352273 22.855973134553562 0.0002204031748805639 3.2623688119862431e-05 0.00022040317488059241 3.2623688119862458e-05 0.0002204031748805639 -7.7611013319210845e-17 7.477722478362159e-18 1.9463218053583368e-20 -6.0064189004936986e-17 -1.6351703456357434e-18 49.999999999999936 49.999999999999986 49.999999999999936 -6.3948846218409017e-14 -1.4210854715202004e-14 1.0000000000000013 1969.8656512471541 8030.1343487476024 0.026572187303400781 0 0 0.95701039655447773 6.2344727372302918e-18 0.99999999999999833 -7.7579128288487684e-13 7.4655319801400207e-14 2.1156004513305771e-16 0.4070885864469273 0.31900376413447967 0.08808482231244763 3.2623688119862431e-05
