# step v0 Mach sigma R umax_ref urms_ref umax_mean urms_mean umax_lab mean_x mean_y mean_z drop_ux drop_uy x0 y0 x_unwrapped center_dx center_dy axis_ratio mass_R mass_B min_f negative_total negative_color min_rho min_phi max_phi qx qy qz p_in p_out delta_p urms_lab
0 0.25 0.43301270189221935 -5.560112678108922e-15 25.040521385269312 3.3310304549945148e-16 1.0193587633610681e-16 3.331069879528462e-16 1.0193552200774085e-16 0.25000000000000022 0.25 2.3141211169530605e-19 1.3669620990697239e-19 0.25 -4.0390613676004161e-19 50.000000000000007 50.000000000000007 50.000000000000007 7.1054273576010019e-15 7.1054273576010019e-15 1.0000000000000007 1969.8656512480632 8030.1343487520389 0.0086363264952767863 0 7208 0.99999999999999933 5.1710809399147416e-26 0.99999999999998512 2499.9999999999991 4.2323348191775169e-15 4.4867501507521518e-15 0.33333333333333387 0.33333333333333409 -2.2204460492503131e-16 0.24999999999999997
500 0.25 0.43301270189221935 0.041590285932871097 24.97831618145905 0.0039204088577838624 0.0012452909289966086 0.0039204088577838164 0.0012452909289966075 0.25337686073346594 0.25000000000000006 2.2714469194441042e-18 -3.3306690738755771e-20 0.24949401088643317 -2.8691324980409567e-08 74.79642543283984 49.999964846983936 174.79642543283984 -0.20357456716016031 -3.5153016064271014e-05 1.0012414153909104 1969.8656512479949 8030.1343487517197 0.0087429851217957315 0 142824 0.99398362388012229 -0.001746602094376858 1.0022034650521749 2499.9999999999109 2.0979921901316534e-15 -3.7974528424444004e-16 0.33481386676015756 0.3331488111322789 0.0016650556278786643 0.25000393660476339
1000 0.25 0.43301270189221935 0.088960833129073713 24.939319708285481 0.0040153419732181835 0.0013936877136644342 0.0040153419732178756 0.0013936877136644314 0.25339855141947215 0.25000000000000039 -3.7015529530395258e-18 3.8163916471491969e-20 0.24928325141832838 -1.5504654027896485e-07 99.44351317451914 49.999920663850055 299.44351317451913 -0.55648682548087436 -7.9336149944708723e-05 1.0014330626791836 1969.8656512479338 8030.1343487515078 0.0087700889254498666 0 143595 0.99494292625539371 -0.0023155932724421967 1.0021938336247789 2499.9999999998472 -4.4241872535280558e-14 1.6504457656765356e-18 0.33620987190030949 0.33264278048925072 0.0035670914110587648 0.25000545546552932
1500 0.25 0.43301270189221935 0.11861654768417836 24.916064346548946 0.0041992005140168952 0.0011281193010300367 0.0041992005140170652 0.0011281193010300354 0.25359605874814906 0.24999999999999981 -9.3581392635052579e-18 3.4694469519539012e-22 0.24916626421841559 -2.3507299152603755e-08 24.008904756874553 49.999981330822472 424.00890475687453 -0.99109524312547137 -1.8669177528352066e-05 1.0012720042799346 1969.8656512478844 8030.1343487512722 0.0087729594839085559 0 143484 0.99584520028845902 -0.0019494324833098735 1.0020751139717481 2499.9999999997881 -1.014189817197253e-13 -2.2807197764035868e-17 0.33706096670310826 0.33230032128036485 0.0047606454227434036 0.25000468198845976
2000 0.25 0.43301270189221935 0.12687124022461421 24.909428541961795 0.004309203705732261 0.00089747597895337714 0.0043092037057326409 0.00089747597895337952 0.25393315661639554 0.24999999999999958 -1.0732387201174472e-17 -1.5265566588597555e-20 0.2491090846869411 -4.9595060895909125e-08 48.521441802042212 49.999939298755649 548.5214418020422 -1.4785581979577955 -6.0701244350980232e-05 1.0014918472408856 1969.865651247834 8030.1343487510503 0.0087877453351677005 0 143639 0.9957427348676553 -0.0021390134923675642 1.002111143050471 2499.9999999997185 -1.0693179062484445e-13 -1.2536221663981909e-16 0.33730076084411081 0.33220745892388048 0.0050933019202303309 0.25000399355287362
2500 0.25 0.43301270189221935 0.12066094637459421 24.914166057420832 0.0045750445840223447 0.00091234135657222118 0.0045750445840216291 0.00091234135657221858 0.25423909035584336 0.25000000000000078 -1.0948880690976754e-17 -2.0469737016529197e-20 0.24908270985902792 -3.8321592109008817e-09 72.999193885525813 49.999939257653025 672.99919388552576 -2.0008061144742442 -6.07423469745072e-05 1.0016387924325121 1969.8656512477803 8030.134348750842 0.0087795622078965223 0 143815 0.99585679597402699 -0.0019722150436685994 1.0020672936788966 2499.9999999996417 -1.0705010418691693e-13 4.4620176957751895e-17 0.33714129959268724 0.33229823376032097 0.0048430658323662668 0.25000404398125198
3000 0.25 0.43301270189221935 0.10884546655689754 24.923231521411644 0.00463310973333678 0.00097534613898727707 0.004633109733336362 0.00097534613898727729 0.25431871211970947 0.25000000000000044 -1.4352408150844093e-17 4.0245584642668602e-20 0.24905525823154523 -3.6495097570789905e-08 97.45322695215971 49.99994450283387 797.45322695215975 -2.5467730478402473 -5.5497166130180631e-05 1.001480873193564 1969.8656512477255 8030.1343487506119 0.008772558144028603 0 143858 0.99557199473621738 -0.0022561468171281031 1.002062907626452 2499.999999999588 -1.4243524098351244e-13 2.2301350065336755e-16 0.33682194115788705 0.3324547118736994 0.0043672292841876459 0.2500042100642581
3500 0.25 0.43301270189221935 0.098774165405865255 24.93095538332728 0.0046573506975504985 0.00097447972722127896 0.0046573506975494759 0.00097447972722127939 0.25432824219055067 0.25000000000000111 -2.1363813496048971e-17 -2.1510571102116638e-20 0.24901268685358066 -1.6833482387085839e-07 21.891263642746257 49.999865865979004 921.89126364274625 -3.108736357253747 -0.00013413402099615723 1.0013196524819477 1969.8656512476716 8030.13434875039 0.0087643986334099179 0 143593 0.99554443246998525 -0.0018990305568120645 1.0021191317254281 2499.9999999995266 -2.1122185489379219e-13 2.3793662012421393e-16 0.33654674069570523 0.33258483214117301 0.0039619085545322119 0.25000419671031476
4000 0.25 0.43301270189221935 0.09387219211497333 24.934740793361218 0.0045447008319462971 0.00095066632189747099 0.0045447008319482035 0.00095066632189747555 0.25414507842800044 0.24999999999999792 -2.5333901643170842e-17 -4.0245584642670745e-20 0.24895988185289647 -1.7059476208596607e-07 46.318525747658157 49.999789806070382 1046.3185257476582 -3.6814742523417863 -0.00021019392961818539 1.0012693353629967 1969.8656512476125 8030.1343487501499 0.0087644750612719726 0 143749 0.99531545444494274 -0.0022540677964981723 1.0018599693899943 2499.9999999994257 -2.5177397567786777e-13 2.1854430842722889e-16 0.33641148135629995 0.33264676637919594 0.0037647149771040112 0.25000418534644325
4500 0.25 0.43301270189221935 0.093871198008369225 24.934767689772784 0.0044313773557709346 0.00094661935924459002 0.0044313773557726997 0.00094661935924459295 0.25402475177643186 0.24999999999999806 -2.7511673494913386e-17 3.087807787239481e-20 0.24891331216301665 -3.0930256459373752e-07 70.738557731057966 49.999689456167403 1170.7385577310579 -4.261442268942119 -0.0003105438325974319 1.0012719719251189 1969.8656512475641 8030.1343487499553 0.0087658401786678535 0 143479 0.99543449401817974 -0.0017924661834999968 1.0022928510817353 2499.9999999993747 -2.7519888359242226e-13 2.5105275780837273e-16 0.33640904216582396 0.33264437111790113 0.0037646710479228296 0.2500042914850622
5000 0.25 0.43301270189221935 0.096660204924143109 24.932662534114446 0.0043937902075497862 0.00095620149902092848 0.0043937902075493048 0.00095620149902092859 0.25391753330649625 0.25000000000000056 -2.9515626054363114e-17 -2.5326962749268362e-20 0.24888648122342177 -1.0114303451600633e-07 95.15346449083026 49.999704573714332 1295.1534644908302 -4.8465355091698257 -0.00029542628566758822 1.0012994432217255 1969.8656512475081 8030.1343487497052 0.0087694982272380675 0 143638 0.99535333179526264 -0.0021021530660702316 1.0019717258765715 2499.9999999993074 -2.9379963563456839e-13 3.586552540818553e-16 0.33648174646143258 0.33260489597296644 0.0038768504884661437 0.25000442811303009
5500 0.25 0.43301270189221935 0.099876074726485076 24.930218555443656 0.0043199994317169605 0.00096097763591226383 0.0043199994317170993 0.00096097763591226448 0.25393104160186647 0.24999999999999986 -3.3979069558053528e-17 -7.9797279894957139e-21 0.24888431524626373 -1.9487295714767663e-08 19.564780925073642 49.999672308097068 1419.5647809250736 -5.4352190749264082 -0.00032769190293180372 1.0013722585685985 1969.8656512474495 8030.1343487494723 0.0087721614702002577 0 143593 0.99537309303473276 -0.0021151320545539898 1.0021634793235976 2499.9999999992342 -3.3817660314867243e-13 -9.6056125293954949e-17 0.33656629852870307 0.33256007313182717 0.0040062253968758954 0.25000448611849974
6000 0.25 0.43301270189221935 0.10202231781211757 24.928586804240322 0.0044181682458147471 0.00096017377668786673 0.0044181682458139353 0.00096017377668786055 0.2539615020974833 0.25000000000000089 -3.7519987117219636e-17 -2.1857515797315034e-20 0.24889876540785974 -6.1112728855594378e-08 43.973462279358664 49.999689062996197 1543.9734622793587 -6.0265377206412722 -0.00031093700380324663 1.0014513231774897 1969.865651247394 8030.134348749214 0.0087718079161415129 0 143492 0.99544533183200634 -0.0019912691586682347 1.0020940286560234 2499.9999999991674 -3.7600066967293302e-13 -2.3866997736219783e-16 0.33662312547267187 0.33253054218211953 0.0040925832905523429 0.25000446752221089
6500 0.25 0.43301270189221935 0.10266908052122437 24.928084849027933 0.004429080137307217 0.00095946603507403359 0.004429080137306105 0.00095946603507403349 0.25401662521049995 0.25000000000000122 -4.3432271668047175e-17 -3.1918911957984902e-20 0.24891827225772123 -4.7991415687707804e-09 68.380297611138701 49.999702834162207 1668.3802976111388 -6.6197023888612421 -0.00029716583779304528 1.0014648685416856 1969.8656512473415 8030.1343487490449 0.0087729272283241615 0 143840 0.99536216181218007 -0.0023178683369920478 1.0018541609378315 2499.999999999111 -4.3395950217626697e-13 -5.102346381530916e-17 0.33664052277532619 0.33252191193365827 0.0041186108416679246 0.25000442126114486
7000 0.25 0.43301270189221935 0.10220410267942009 24.928439413871384 0.0044833242749608305 0.00096075161578532283 0.004483324274960598 0.00096075161578532207 0.2540779033488722 0.25000000000000028 -4.3946790651023205e-17 -2.0469737016534319e-20 0.24893125732049823 8.2131519282132976e-08 92.785716881872361 49.999692392741608 1792.7857168818723 -7.2142831181276961 -0.00030760725839229508 1.0014493683694503 1969.865651247293 8030.1343487488793 0.0087697400116131842 0 143602 0.99554034299192662 -0.0018220455842585307 1.0022137029715712 2499.9999999990259 -4.3889963295278044e-13 -1.529035033629479e-17 0.33662852751328648 0.33252862775692432 0.0040998997563621575 0.25000438869640551
7500 0.25 0.43301270189221935 0.10126745738539224 24.929149027384121 0.0045109707121514615 0.00096218815318627529 0.0045109707121501908 0.00096218815318627063 0.2540755865968537 0.25000000000000139 -4.3853115583321785e-17 -4.1633363423460926e-21 0.24893320906197566 7.0629735589074737e-08 17.190167900093158 49.999702639442695 1917.1901679000932 -7.809832099906771 -0.00029736055730467115 1.0014423322287151 1969.8656512472319 8030.1343487485738 0.0087692534237587254 0 143756 0.99541216416445644 -0.0021211694102945557 1.0019147764144232 2499.9999999989568 -4.3853996497568437e-13 -9.9191973613588378e-17 0.33660391367016507 0.33254170291142027 0.0040622107587447998 0.25000438077334891
8000 0.25 0.43301270189221935 0.10044786639985839 24.929774595372056 0.0044500446189368612 0.00096243927011509592 0.0044500446189381128 0.00096243927011509939 0.25408372479052632 0.24999999999999864 -4.3487782819281952e-17 2.6714741530054729e-20 0.24892562376016772 -9.514045229742011e-08 41.594058839091872 49.999614518934308 2041.5940588390918 -8.4059411609082417 -0.00038548106569180618 1.0014055443206575 1969.8656512471844 8030.1343487483509 0.0087692192138155156 0 143558 0.99544921666322317 -0.0020894460510166983 1.0022127141620405 2499.9999999988895 -4.3602005551012998e-13 4.3455310282599811e-16 0.33658231997197602 0.33255308713573106 0.0040292328362449559 0.25000439380529815
8500 0.25 0.43301270189221935 0.10001874730997444 24.930100467221212 0.0044923369229312093 0.00096240132301331682 0.0044923369229307782 0.00096240132301331455 0.25405835026323681 0.2500000000000005 -4.4560882761522975e-17 3.6776137690725764e-20 0.24891406550617973 -8.978238375654929e-08 65.997682008598645 49.999569415145437 2165.9976820085985 -9.002317991401469 -0.00043058485456271001 1.0013961993035592 1969.8656512471287 8030.1343487481745 0.0087686622924499271 0 143593 0.99549393346170589 -0.0019346540815837123 1.0020561877824161 2499.9999999988081 -4.4665461176114814e-13 4.315093767840041e-16 0.33657095607475179 0.33255898879682277 0.0040119672779290183 0.25000441924828992
9000 0.25 0.43301270189221935 0.099992789038467214 24.930121718844333 0.00443509830284402 0.00096253436880301625 0.0044350983028438509 0.00096253436880301506 0.25402607093450391 0.25000000000000017 -4.4059547676966519e-17 9.3675067702794322e-21 0.24890418660253608 -6.7393604015029747e-08 90.400954594462576 49.99953411411007 2290.4009545944627 -9.5990454055372538 -0.00046588588993046187 1.0013893970036414 1969.8656512470727 8030.1343487479571 0.0087713092251287868 0 143783 0.99538688946914766 -0.002329600305385367 1.0018281824410753 2499.9999999987435 -4.409732060300757e-13 3.8476496103232967e-16 0.33657029171945435 0.33255936910278361 0.0040109226166707423 0.25000444437906938
9500 0.25 0.43301270189221935 0.1002028366575819 24.92995906206448 0.0044476118112402822 0.00096278752527914082 0.0044476118112397652 0.00096278752527914353 0.25403049557914498 0.25000000000000056 -3.800570969050086e-17 -1.3530843112626282e-20 0.24889952352993674 3.9075527181728176e-08 14.804089724787348 49.999568583484162 2414.8040897247874 -10.195910275212555 -0.00043141651583766816 1.0013998260045602 1969.8656512470138 8030.1343487477061 0.008769639207163591 0 143509 0.99555489680162612 -0.0018418020502880307 1.0022212447087493 2499.9999999986676 -3.7957103213022252e-13 -9.8257118197595802e-16 0.33657585873951701 0.33255648444338914 0.0040193742961278645 0.250004458757981
10000 0.25 0.43301270189221935 0.1004673818622169 24.929759387980468 0.0044556006329775893 0.00096306257620901539 0.004455600632977271 0.00096306257620901474 0.25400541032552865 0.25000000000000033 -4.4157386081014156e-17 -3.9898639947488729e-20 0.24890034160080052 4.7323806908595223e-09 39.207032888481123 49.999585748062756 2539.2070328884811 -10.792967111518919 -0.00041425193724364817 1.0014225037469529 1969.8656512469611 8030.1343487474605 0.0087705054314961214 0 143602 0.99538864565910579 -0.0021344575142444458 1.0019014969221876 2499.9999999986107 -4.4186913818937499e-13 4.339649633484025e-16 0.33658275859194886 0.33255274047991462 0.0040300181120342393 0.25000445979169222
10500 0.25 0.43301270189221935 0.10066431887030111 24.92961030328842 0.0044122572561896911 0.00096303626069935003 0.0044122572561902107 0.00096303626069935459 0.2540361283622049 0.24999999999999944 -4.321439039947363e-17 3.0184188482013901e-20 0.24890470617816679 -1.4206513275915817e-07 63.609896685703056 49.999561524738176 2663.609896685703 -11.390103314296994 -0.00043847526182361207 1.0014076871522766 1969.8656512469017 8030.1343487472705 0.0087704357072612756 0 143664 0.9954235847104087 -0.0020710070237893521 1.0022490073808021 2499.9999999985262 -4.3298337611389519e-13 1.5151839180537212e-16 0.33658791996220638 0.3325499780270682 0.0040379419351381785 0.25000445031703561
11000 0.25 0.43301270189221935 0.10074150268887788 24.929552187190676 0.0044757753067284842 0.00096305092761031074 0.0044757753067276168 0.00096305092761030781 0.25403681965448832 0.25000000000000094 -4.0696265801745631e-17 -4.1633363423468878e-21 0.24890936481017861 -1.4652725825085946e-07 88.01272585977614 49.999558356447309 2788.0127258597763 -11.98727414022369 -0.00044164355269060707 1.0014152162378276 1969.8656512468624 8030.1343487470212 0.0087695420693541387 0 143547 0.99545509889502348 -0.0019469150986264707 1.0020477013644442 2499.9999999984775 -4.0746101832205353e-13 -3.9172422105349614e-17 0.33658999031976911 0.33254894289411013 0.0040410474256589723 0.25000443930798583
11500 0.25 0.43301270189221935 0.10071899350401479 24.92956722371294 0.0044381186208548688 0.00096313812095991569 0.0044381186208543024 0.00096313812095991276 0.25403710199571267 0.25000000000000061 -4.3803502491918554e-17 2.5326962749277688e-20 0.24891218757032424 -2.1251491645953153e-08 12.415394285797955 49.999582935359172 2912.4153942857979 -12.584605714202098 -0.00041706464082835737 1.0014183289332876 1969.8656512468021 8030.1343487467975 0.0087713533313009545 0 143853 0.99537204660829137 -0.0023290193596230183 1.0019082756213544 2499.9999999983925 -4.3818119739461123e-13 3.2118931664374328e-16 0.33658937441552833 0.33254923233844441 0.0040401420770839191 0.25000443250759335
12000 0.25 0.43301270189221935 0.10065155128548353 24.92961993787662 0.0044685286895518126 0.0009631914467314825 0.0044685286895529957 0.00096319144673148759 0.25405260309684258 0.24999999999999867 -4.4248979480550701e-17 6.9388939039118538e-21 0.24891274768841029 5.4380288316101864e-08 36.818062417345807 49.99963912547679 3036.818062417346 -13.181937582653973 -0.00036087452320998636 1.0014197124092896 1969.8656512467528 8030.1343487465883 0.0087692185093452609 0 143547 0.99556148257500321 -0.0018669750815028937 1.0022199718999352 2499.9999999983343 -4.4304886365545415e-13 -3.5799830682577538e-16 0.33658761907072549 0.33255019084132198 0.0040374282294035058 0.2500044308042198
12500 0.25 0.43301270189221935 0.1005781301216363 24.929675723344605 0.0044731383919855445 0.00096316112987181028 0.0044731383919867458 0.00096316112987181429 0.25402638611032141 0.24999999999999864 -4.7076925691091159e-17 1.3877787807824057e-21 0.24891149706441273 9.4952321575857403e-08 61.220777782120088 49.99968542615597 3161.22077778212 -13.779222217880033 -0.00031457384402955313 1.0014178753064742 1969.865651246686 8030.1343487463782 0.0087700217291354528 0 143626 0.99539887820015283 -0.0021502757598216822 1.0018879286209792 2499.9999999982483 -4.700004673612848e-13 4.5134026765507694e-16 0.33658567707108755 0.33255120300741359 0.0040344740636739651 0.25000443327727156
13000 0.25 0.43301270189221935 0.10053759851394409 24.929706218036337 0.0044274232945309749 0.0009632588889073101 0.0044274232945296452 0.00096325888890730967 0.25404999655253291 0.25000000000000144 -5.7563676048075332e-17 -6.1062266354427898e-20 0.24890929376215709 1.2344568390249327e-07 85.623504389652069 49.999698565652025 3285.6235043896522 -14.376495610347774 -0.00030143434797480495 1.0014077536902941 1969.8656512466428 8030.1343487461254 0.0087699490809710658 0 143589 0.99544828322900525 -0.00205998636922696 1.0022768913541911 2499.9999999982042 -5.7544809913792801e-13 -3.6640527178185499e-16 0.33658464126993187 0.33255179797708928 0.0040328432928425917 0.25000443886710333
13500 0.25 0.43301270189221935 0.1005209350704364 24.929719147835364 0.0044781587355335866 0.00096317637832421955 0.0044781587355316116 0.00096317637832421304 0.25403901178432353 0.25000000000000216 -5.9229357529711295e-17 1.5959455978998689e-20 0.24890771091284428 2.0364697277551761e-07 10.026196228959948 49.999780514239788 3410.0261962289601 -14.973803771039911 -0.00021948576021202371 1.001404716073351 1969.865651246572 8030.1343487458871 0.0087694616833353632 0 143707 0.99546701036183349 -0.0019609480825302354 1.0020301617245446 2499.9999999981205 -5.9167770102884834e-13 -1.5330487528099882e-16 0.33658415635145383 0.33255198356706189 0.0040321727843919408 0.25000444232767366
14000 0.25 0.43301270189221935 0.10053245867636738 24.929708524460562 0.0044298872348511216 0.00096317190869124126 0.004429887234852113 0.00096317190869124288 0.25403186217907697 0.24999999999999886 -6.2136754075451952e-17 4.78783679369971e-20 0.24890684210329284 -9.8108383423506075e-09 34.428824255993007 49.99983091451238 3534.4288242559928 -15.571175744007178 -0.00016908548762017972 1.0014156056153702 1969.8656512465275 8030.134348745697 0.0087714032402952079 0 143869 0.99537838248562005 -0.0023346309138308498 1.0019871000786349 2499.9999999980751 -6.2145629625438153e-13 6.3536015819800198e-18 0.33658449195223455 0.33255185520569069 0.0040326367465438606 0.25000444464522797
14500 0.25 0.43301270189221935 0.10055608697498862 24.929693210640856 0.0044629760950525184 0.0009630270556700122 0.0044629760950540935 0.0009630270556700174 0.25404318327195513 0.24999999999999822 -6.4229177532178473e-17 -5.5511151231302425e-20 0.24890716704666543 -8.8330207244927604e-08 58.831593537139426 49.999828288688263 3658.8315935371393 -16.16840646286073 -0.0001717113117365443 1.0014127599510554 1969.8656512464722 8030.1343487454396 0.0087694650429405857 0 143479 0.99555782255173142 -0.0018977572164751298 1.0022092178040249 2499.9999999979791 -6.4317979449877473e-13 1.773142706707445e-18 0.33658516159440965 0.33255157457328788 0.0040335870211217761 0.25000444343573425
15000 0.25 0.43301270189221935 0.10056873718550202 24.929679652791865 0.0044654668295091744 0.00096311802982715551 0.0044654668295086965 0.00096311802982715616 0.25401718259485168 0.2500000000000005 -6.6400357434714995e-17 4.8572257327391238e-21 0.24890775581193145 -1.2123463316540661e-07 83.234299313213484 49.999820833114839 3783.2342993132133 -16.765700686786658 -0.00017916688516095292 1.0014208647219947 1969.8656512464274 8030.1343487452423 0.0087703272440715196 0 143786 0.99538958301014069 -0.0021148864588975995 1.0018731597143471 2499.9999999979236 -6.6356142992439124e-13 -4.4737400858259847e-16 0.33658541267559672 0.33255131602509125 0.0040340966505054698 0.25000444234871744
15500 0.25 0.43301270189221935 0.10058056459895393 24.929671885359458 0.0044281518958284721 0.00096300318541583734 0.0044281518958278424 0.0009630031854158394 0.25404724845172127 0.25000000000000067 -6.4429017676614935e-17 -2.2204460492522271e-20 0.2489088088152798 -3.8035529008949058e-08 7.6370776892157366 49.999791319283787 3907.6370776892159 -17.362922310784143 -0.00020868071621293893 1.001411658430494 1969.8656512463672 8030.1343487450222 0.0087700024240518239 0 143545 0.9954475212537276 -0.0020514848852590389 1.0022991568916402 2499.9999999978586 -6.4395395211937906e-13 -1.1241596861858888e-16 0.33658571646728602 0.33255114412868969 0.0040345723385963317 0.2500044394169193
16000 0.25 0.43301270189221935 0.10058436296794571 24.92967158450325 0.0044792211423951957 0.0009632449085098389 0.0044792211423950196 0.00096324490850983706 0.25403950873258124 0.25000000000000017 -6.133774044242347e-17 -3.1225022567610391e-20 0.24890895892015197 1.4420080767830157e-07 32.039810958629367 49.999808472386697 4032.0398109586295 -17.960189041370541 -0.00019152761330332169 1.0014140076776143 1969.8656512463112 8030.1343487448312 0.008769472894346729 0 143526 0.99545747713946264 -0.001996473263760682 1.0020197063539287 2499.9999999977804 -6.1317217172869934e-13 -1.6971245478519288e-16 0.33658590552166928 0.33255118077100426 0.0040347247506650197 0.25000443995973531
16500 0.25 0.43301270189221935 0.10057646232163402 24.929674546773459 0.004429255587118628 0.00096322081045582017 0.0044292555871205154 0.00096322081045582559 0.25403671100398478 0.24999999999999786 -5.9921165251940918e-17 6.245004513522223e-21 0.24890910646910372 -6.0439504974686943e-09 56.442474246964998 49.999826502733704 4156.4424742469646 -18.557525753035407 -0.00017349726629589668 1.0014160111879069 1969.865651246253 8030.1343487445674 0.0087712003649885947 0 143861 0.9953807595222951 -0.0023462877587838893 1.0020579611335245 2499.9999999977135 -5.9958063108211295e-13 -1.7728054300165311e-16 0.33658564999895363 0.33255124264506175 0.0040344073538918779 0.25000443944752787
17000 0.25 0.43301270189221935 0.10057182167820632 24.929680199922871 0.0044669071145482858 0.00096314668111583649 0.0044669071145473083 0.00096314668111583768 0.25404529898427858 0.25000000000000105 -6.0278171343299121e-17 1.1102230246262068e-20 0.24890914807563763 2.0830455531620157e-08 80.845311708124697 49.999805830945739 4280.8453117081244 -19.154688291875573 -0.00019416905426083986 1.0014124209027457 1969.8656512462017 8030.1343487443437 0.0087693511149676603 0 143599 0.99554890244150995 -0.0018192709170206055 1.0021717090786639 2499.9999999976467 -6.0319006462816044e-13 5.7765739937841042e-17 0.33658551994766489 0.33255129965796709 0.0040342202896977986 0.25000443904552228
17500 0.25 0.43301270189221935 0.10057305840833268 24.929677821668719 0.0044651217343505915 0.00096321647774730268 0.0044651217343504614 0.00096321647774730334 0.25401636709519038 0.25000000000000011 -6.9164812766043323e-17 2.1163626406937622e-20 0.24890867597522665 8.2495897214201328e-08 5.2480017942592792 49.999768153400588 4405.2480017942589 -19.751998205741074 -0.00023184659941222208 1.0014138360031561 1969.8656512461464 8030.1343487441591 0.008770357022499892 0 143715 0.99538849489217773 -0.002128767595834627 1.0018574877422992 2499.9999999975807 -6.9237621685242987e-13 1.8919506394768726e-16 0.33658559740902638 0.33255132712572111 0.0040342702833052746 0.25000444049944121
18000 0.25 0.43301270189221935 0.10057312387127516 24.929679556091578 0.0044316336092425704 0.00096301164569014366 0.0044316336092415946 0.00096301164569013813 0.25404756908799975 0.25000000000000111 -6.5049701736329059e-17 1.734723475978545e-21 0.24890858324963355 4.2374052442636439e-08 29.650744453999824 49.999763670976648 4529.6507444540002 -20.349255545999767 -0.00023632902335180006 1.0014108236174923 1969.8656512460923 8030.1343487438871 0.0087699287600520714 0 143662 0.99545590500553849 -0.0020283157809478903 1.0023176393501618 2499.9999999975066 -6.5035503770002022e-13 -2.8558579227802119e-16 0.33658556223054253 0.33255128960200808 0.0040342726285344521 0.25000443995351668
18500 0.25 0.43301270189221935 0.10057031560327026 24.92968211649713 0.0044778670329402113 0.00096307277884391702 0.0044778670329398348 0.00096307277884391757 0.25403771418826704 0.25000000000000039 -6.0562319048669265e-17 -2.1163626406938775e-20 0.24890843872466736 1.1517994477972264e-07 54.05360674265728 49.999824571260596 4654.0536067426574 -20.946393257342606 -0.0001754287394035714 1.0014211734445206 1969.8656512460445 8030.1343487436679 0.0087695093885839914 0 143627 0.99545074142546253 -0.0020291907901667933 1.0020086017108829 2499.9999999974393 -6.0598794320194938e-13 -5.1159826100591932e-16 0.3365854776586189 0.33255131809199057 0.004034159566628337 0.2500044405107365
19000 0.25 0.43301270189221935 0.10056913387201308 24.929682196459492 0.0044240552965123065 0.00096304910961886477 0.0044240552965140682 0.00096304910961886683 0.2540364241829477 0.249999999999998 -6.3840252528880158e-17 -5.2041704279359073e-21 0.24890851039041753 -8.8864628507219951e-09 78.456419547507352 49.999791061240828 4778.4564195475077 -21.543580452492279 -0.00020893875917238347 1.0014181195996528 1969.8656512459766 8030.134348743436 0.008771128402768235 0 143842 0.99538326819604606 -0.002248897558791325 1.0021221076630762 2499.9999999973579 -6.3901452692131065e-13 -9.3185154190983232e-17 0.33658544891247377 0.33255133676136517 0.0040341121511086042 0.25000444018665652
19500 0.25 0.43301270189221935 0.10057050586615648 24.929678814500598 0.0044678674839780975 0.00096314969673264017 0.0044678674839777185 0.00096314969673263746 0.25404365160419989 0.25000000000000039 -6.5662406068050146e-17 5.7939764097688213e-20 0.24890842783177985 -2.0184100280137555e-08 2.8591472451806816 49.999740066767544 4902.8591472451808 -22.140852754819207 -0.00025993323245643296 1.0014044358343555 1969.8656512459215 8030.1343487432378 0.0087693740268466099 0 143620 0.9955386770876361 -0.0018336957807643297 1.0021435550171836 2499.9999999972829 -6.5661948331374211e-13 5.1642357154636219e-16 0.33658549695997336 0.33255132922702774 0.004034167732945626 0.25000444084825413
20000 0.25 0.43301270189221935 0.10057262710734383 24.929680482670282 0.0044629290554505149 0.00096315607885863518 0.0044629290554509407 0.00096315607885863756 0.25401360377626458 0.24999999999999956 -6.1864055545048694e-17 -2.1163626406940514e-20 0.24890868340729427 -5.8445086096824587e-08 27.261879733846545 49.99972262081986 5027.2618797338464 -22.738120266153601 -0.00027737918014025809 1.0014203721500106 1969.865651245872 8030.1343487430095 0.0087704519916821308 0 143842 0.99538455582794794 -0.0021498611631551347 1.0018448481175108 2499.9999999972365 -6.1871673420494516e-13 1.8665727568953095e-17 0.33658556259603961 0.33255131004405619 0.0040342525519834194 0.25000444023672025
20500 0.25 0.43301270189221935 0.10057346507812057 24.929679003432852 0.0044350349691242869 0.00096319646424270855 0.0044350349691231064 0.00096319646424270562 0.25404836920414969 0.25000000000000128 -6.3077668088845464e-17 -2.0816681711745445e-21 0.24890867096849917 2.6812831651132487e-07 51.664593388861249 49.999760736521729 5151.6645933888612 -23.335406611138751 -0.00023926347827085692 1.0014227937260241 1969.8656512458194 8030.1343487427193 0.0087698530086541011 0 143727 0.99546345500176148 -0.0019914262609454247 1.0023332930061581 2499.9999999971578 -6.3112422697632255e-13 -3.3819965411707997e-16 0.33658559215070866 0.33255130574596709 0.0040342864047415716 0.25000444039619379
21000 0.25 0.43301270189221935 0.10057076996995398 24.929679694606786 0.0044787233225752673 0.00096321625799830417 0.0044787233225760661 0.00096321625799830959 0.25403717713419338 0.24999999999999908 -5.7220200799856699e-17 6.59194920871953e-21 0.24890869217751346 1.7818592894545853e-07 76.067201400897545 49.999797119340464 5276.0672014008978 -23.932798599102171 -0.00020288065953621981 1.0014091276267389 1969.8656512457624 8030.1343487425293 0.0087695646108908749 0 143627 0.99544321527792812 -0.0020513472238909447 1.002016207554588 2499.9999999970901 -5.7290681394891671e-13 1.4090724942437042e-16 0.33658547147835771 0.33255129329388183 0.0040341781844758784 0.25000444040379088
21500 0.25 0.43301270189221935 0.10057075293184947 24.929680433159845 0.0044214873505488564 0.00096315034916898362 0.0044214873505494497 0.00096315034916898265 0.25403786421986752 0.24999999999999931 -6.2701926983951883e-17 4.3021142204276267e-20 0.24890873214989612 2.2251796289138744e-08 0.46987905261933843 49.999811873350787 5400.469879052619 -24.530120947380965 -0.00018812664921341593 1.0014290096599439 1969.8656512457042 8030.1343487423674 0.00877099605872372 0 143761 0.99538631633344243 -0.0021754707051042542 1.0021759057432706 2499.9999999970164 -6.2672933723718731e-13 -6.5271720331983493e-17 0.33658545497973502 0.33255127759822006 0.0040341773815149584 0.25000444004050648
22000 0.25 0.43301270189221935 0.10057254674866029 24.929679879268292 0.0044701848602947802 0.00096321653972260995 0.0044701848602947524 0.00096321653972260995 0.25404352751529308 0.25 -6.3020422214143367e-17 2.2551405187726095e-20 0.24890863973360325 -1.2447641102656509e-07 24.872506700029874 49.999776324560798 5524.8725067000296 -25.127493299970411 -0.00022367543920154276 1.0014158091283805 1969.8656512456603 8030.1343487420972 0.0087693391993299806 0 143604 0.99553003103705084 -0.0018416056361936016 1.0021353416501886 2499.9999999969332 -6.2975732501659209e-13 7.2091559784687189e-17 0.33658553131628732 0.33255128189007238 0.004034249426214942 0.25000444055930565
22500 0.25 0.43301270189221935 0.10057121756495266 24.929681732367285 0.004461587537427752 0.00096323538979492919 0.004461587537428046 0.00096323538979493245 0.25401411400428603 0.24999999999999964 -6.5649222169643563e-17 2.0122792321356118e-20 0.24890849442522592 -1.1049355444882653e-07 49.275124702742865 49.999784340758445 5649.2751247027427 -25.724875297257313 -0.00021565924155453331 1.0014095752809091 1969.865651245598 8030.134348741899 0.0087705310554248555 0 143725 0.99538085245036956 -0.0021785028870099062 1.0018323930377835 2499.9999999968722 -6.5662089616469813e-13 1.8113542323862709e-17 0.33658551278289822 0.33255131697387685 0.0040341958090213681 0.25000444094363655
23000 0.25 0.43301270189221935 0.1005690100183332 24.92968108298502 0.0044379709086182885 0.00096314667570165111 0.0044379709086189885 0.00096314667570165046 0.25404837077392795 0.2499999999999992 -6.4018582102224937e-17 1.1102230246265726e-20 0.24890853964018672 -1.721035934387485e-07 73.677843504132511 49.999736797714291 5773.6778435041324 -26.322156495867603 -0.00026320228570853033 1.0014130107342407 1969.865651245547 8030.1343487416243 0.008769789618702107 0 143619 0.99547039841226903 -0.0019764379034528422 1.002347183389888 2499.9999999968168 -6.3965593076215771e-13 -4.15339958708186e-16 0.3365854269479257 0.33255131958475637 0.0040341073631693369 0.25000444053253573
23500 0.25 0.43301270189221935 0.10057213858249292 24.929682637204245 0.0044776536484016196 0.0009632431146433145 0.0044776536484019665 0.00096324311464331439 0.25403589616811112 0.24999999999999958 -6.4745431238662036e-17 4.649058915623908e-20 0.24890854615011465 -7.2414602270576088e-08 98.080532774653662 49.999661262525969 5898.0805327746539 -26.919467225346125 -0.00033873747403134757 1.0014174484911935 1969.8656512455032 8030.1343487414497 0.0087695883544661422 0 143635 0.99543737749094396 -0.0020201947658714916 1.0020241245317334 2499.9999999967222 -6.4799862422801075e-13 7.7127330136536105e-16 0.33658553714842071 0.33255130454120724 0.0040342326072134727 0.25000444082133355
24000 0.25 0.43301270189221935 0.10056510629895725 24.929684258541496 0.0044174806155893821 0.00096328487625373289 0.0044174806155908037 0.00096328487625373788 0.2540389113212585 0.24999999999999845 -6.8311328815886602e-17 -4.2327252813890544e-20 0.24890847175837405 -1.6910175459776733e-07 22.483146023310177 49.999536676823254 6022.4831460233099 -27.516853976690072 -0.00046332317674568912 1.0014165145157738 1969.8656512454463 8030.1343487412078 0.0087709129856118513 0 143740 0.99538988105804838 -0.0021309523024550881 1.0022168851080802 2499.9999999966708 -6.8340629040693733e-13 1.1331280032026071e-16 0.33658527325571302 0.33255132299561291 0.0040339502601001165 0.25000444112163328
24500 0.25 0.43301270189221935 0.10056977768646666 24.929682834083295 0.0044716278316066331 0.00096310034215654977 0.0044716278316063148 0.00096310034215654891 0.25404170078871002 0.25000000000000039 -7.3313230486526832e-17 -1.2143064331854183e-20 0.24890857708071121 -9.4795966452144605e-08 46.885799327346255 49.999435109935291 6146.8857993273459 -28.114200672654079 -0.00056489006470883396 1.0014064194220609 1969.8656512453865 8030.1343487409822 0.0087693102316844379 0 143566 0.99551995654520942 -0.0018725270321992664 1.0021298847841635 2499.9999999966039 -7.3358672787607673e-13 -4.8477250340042963e-16 0.33658544554775699 0.33255130767461205 0.0040341378731449384 0.25000444022953516
25000 0.25 0.43301270189221935 0.10056772382259929 24.929683690724222 0.0044589517664721965 0.00096301334483885797 0.0044589517664709857 0.00096301334483885103 0.25401601422264791 0.25000000000000139 -7.7634426665193428e-17 -1.1796119636658727e-20 0.2489087488141265 1.7604060152151158e-08 71.288641987009498 49.999402142306273 6271.2886419870092 -28.711358012990786 -0.00059785769372666664 1.0014215054297664 1969.865651245334 8030.1343487407685 0.0087705331168869277 0 143740 0.99537897312521362 -0.002205669903835404 1.0018418742898487 2499.9999999965471 -7.762066576782415e-13 -2.0027297579220317e-16 0.33658538751339595 0.33255133216515187 0.0040340553482440811 0.25000443946880846
25500 0.25 0.43301270189221935 0.10056971977095698 24.929681644217098 0.0044416621345018687 0.00096313065609502648 0.0044416621345012997 0.00096313065609502431 0.25404819849615284 0.25000000000000067 -7.7043232904581589e-17 -2.7408630920472416e-20 0.24890851180054435 -1.6710050585613144e-08 95.691329427847748 49.999361118821803 6395.6913294278474 -29.30867057215255 -0.00063888117819743684 1.0014178685150497 1969.8656512452769 8030.1343487405547 0.0087697185057443831 0 143712 0.99547809423598443 -0.0019617492203174562 1.0023559997676537 2499.9999999964725 -7.7018292019340445e-13 -4.0887244711802707e-16 0.33658542988188561 0.33255129413935053 0.0040341357425350832 0.2500044405113922
26000 0.25 0.43301270189221935 0.10057121830181494 24.92968050932549 0.004477242831003439 0.00096313662063167893 0.0044772428310036723 0.00096313662063168164 0.25403482573522745 0.24999999999999978 -7.7899492412327304e-17 -2.0122792321360103e-20 0.24890867256334229 2.2961282357353609e-07 20.094081634138529 49.999455424424795 6520.0940816341381 -29.905918365861908 -0.00054457557520493083 1.0014129886108385 1969.8656512452242 8030.1343487403137 0.0087695900035425853 0 143665 0.99543113325664001 -0.0019972704328550181 1.0020241573807951 2499.999999996397 -7.7858381668119512e-13 -2.5669697508729156e-16 0.33658548980068975 0.33255129376419446 0.0040341960364952967 0.25000444017830115
26500 0.25 0.43301270189221935 0.10057470131258556 24.929679249851247 0.0044135870450198516 0.00096310381353733666 0.0044135870450205845 0.00096310381353733958 0.25403993316441137 0.24999999999999914 -8.3011722496040278e-17 9.7144514654844121e-21 0.24890864932310142 1.2427377658529148e-07 44.496822479002105 49.999557614186891 6644.4968224790018 -30.503177520998179 -0.00044238581310906966 1.001419326293584 1969.8656512451732 8030.1343487401064 0.0087707915878054935 0 143704 0.9953933693691841 -0.0021347871148632573 1.0020915499831748 2499.9999999963479 -8.286683175046626e-13 1.3850214734711737e-16 0.3365856111774399 0.33255127522371175 0.004034335953728152 0.25000444013569562
27000 0.25 0.43301270189221935 0.10056996026811349 24.92968019646699 0.0044727161603586802 0.00096301308368171822 0.004472716160358217 0.00096301308368171453 0.25404139026706934 0.25000000000000056 -8.4778017939285114e-17 1.9081958235773549e-20 0.24890888872225633 5.8543052704290239e-09 68.899585172015392 49.999574677857204 6768.8995851720156 -31.100414827984423 -0.00042532214279589198 1.0014133710530955 1969.8656512451137 8030.1343487399135 0.008769338720980251 0 143383 0.99551263524949429 -0.0019032656343223597 1.0021283748626892 2499.9999999962574 -8.4813138974469508e-13 -2.2389508240156756e-16 0.33658540815968691 0.33255126253585471 0.0040341456238321971 0.25000443919722987
27500 0.25 0.43301270189221935 0.10057343661098986 24.929679830200982 0.0044564966126469045 0.00096312102516573955 0.0044564966126448245 0.0009631210251657311 0.25401759369389371 0.25000000000000228 -8.49448983376768e-17 -3.6082248300372848e-20 0.24890867563843827 4.865004375295982e-09 93.302314374227393 49.999633222941206 6893.3023143742275 -31.697685625772465 -0.00036677705879384348 1.0014139756752047 1969.865651245065 8030.1343487396462 0.0087707170968730451 0 143767 0.99537726623410816 -0.0022296295056094557 1.0018502732874106 2499.9999999961829 -8.4979863434092888e-13 3.184090061644192e-17 0.3365856180288318 0.33255133289978051 0.004034285129051296 0.25000444012048972
28000 0.25 0.43301270189221935 0.10056906162967497 24.929683246573106 0.0044440331472841675 0.00096323954838172801 0.0044440331472834788 0.00096323954838172161 0.25404879772197825 0.25000000000000072 -8.5644685787889021e-17 1.2490009027052448e-20 0.24890855913152657 1.4767987310888447e-07 17.70499726533648 49.99972753968234 7017.7049972653367 -32.295002734663285 -0.00027246031766026135 1.0014179243853232 1969.8656512449966 8030.1343487394324 0.0087696996668878216 0 143697 0.99548756732734556 -0.0018873116369403035 1.0023601503976798 2499.9999999961206 -8.5688579035082466e-13 -2.4825453318192017e-16 0.33658542533104768 0.33255131624771228 0.0040341090833354021 0.25000444073487665
28500 0.25 0.43301270189221935 0.1005687935729342 24.9296832419254 0.0044774130037267519 0.00096311101557494737 0.0044774130037255671 0.00096311101557494249 0.25403450962505281 0.25000000000000128 -8.3235154879756121e-17 1.3183898417444668e-20 0.24890868655284124 5.3102777297402745e-08 42.107721296814397 49.999723269208289 7142.1077212968148 -32.892278703185184 -0.00027673079171108839 1.0014118798209377 1969.8656512449625 8030.1343487392342 0.0087696760625763509 0 143571 0.99542441314382168 -0.0020186289154748376 1.0020205313783226 2499.9999999960555 -8.3259874350343453e-13 -1.4737450148661217e-16 0.33658539780178309 0.33255129947020851 0.0040340983315745871 0.250004439964847
29000 0.25 0.43301270189221935 0.10057025315556554 24.929682459791888 0.0044098548233844894 0.00096315116523797595 0.0044098548233842075 0.0009631511652379753 0.25404096022334255 0.25000000000000028 -7.4194816957038131e-17 5.7245874707326985e-20 0.2489084928339298 2.6640768907656388e-08 66.51037933341189 49.999741741493203 7266.5103793334119 -33.489620666588053 -0.00025825850679694895 1.0014116927274521 1969.8656512448997 8030.1343487389486 0.0087707185749704326 0 143775 0.99539729018780154 -0.0021330828249223992 1.0021110934091499 2499.9999999959864 -7.4096984990323737e-13 3.4157786280189974e-16 0.33658552278082476 0.33255136577470279 0.0040341570061219745 0.25000444055728482
29500 0.25 0.43301270189221935 0.10057112355063001 24.929680098430659 0.0044735457787286994 0.00096322596672933662 0.0044735457787267157 0.00096322596672932675 0.25404029219519025 0.25000000000000216 -7.3188330396276823e-17 1.0755285551073859e-20 0.24890844157275288 1.716760396467345e-08 90.913043405489617 49.999761724424808 7390.9130434054896 -34.086956594510411 -0.00023827557519240372 1.001414781503184 1969.865651244842 8030.1343487387621 0.008769347758995634 0 143471 0.99550489873814796 -0.0019272333207167171 1.0021233063013952 2499.99999999589 -7.3234995389396705e-13 1.848667890733298e-16 0.33658552725649982 0.33255133495425038 0.0040341923022494397 0.25000444109445891
29999 0.25 0.43301270189221935 0.10057361198720251 24.929679750521643 0.0044786695120085721 0.00096319457777511248 0.0044786695120082399 0.00096319457777510858 0.25403750116373963 0.25000000000000033 -7.4872399946759712e-17 2.9143354396458915e-20 0.24890847499287247 7.5427784599166625e-08 15.066843291102026 49.999821266618511 7515.0668432911016 -34.683156708898423 -0.00017873338148888251 1.0014111532908037 1969.8656512447892 8030.1343487385429 0.0087695270210442679 0 143520 0.99544406644478556 -0.0020538859481527253 1.0020159735601255 2499.9999999958291 -7.4915325882335924e-13 2.9303979181529019e-16 0.33658559598213128 0.33255130380534959 0.0040342921767816953 0.2500044408932357
