# 1:passo  2:sigma_pop  3:int_grad  4:K  5:espessura_10_90  6:residuo  7:d0  8:|u|max  9:|u|rms  10:|u_n|max  11:|u_t|max  12:massa_R  13:massa_B  14:qx  15:qy  16:soma_Fx  17:soma_Fy  18:min_f  19:neg_total  20:neg_cor
0 0.09999982926 2.000001447 1.273753378 3.45 4.440892099e-15 3.249562755e-16 1.769077771e-17 6.225699971e-18 1.635827469e-17 1.154701743e-17 20000 20000 1.387778781e-15 -2.775557562e-15 0 0 0.0268650766 0 0
500 0.09999454752 2.000000619 1.224113244 3.589904101 0.1065588679 -8.145171821e-08 0.001778686443 0.0006551524118 0.0002636428883 0.001763263538 20000 20000 1.637578961e-13 2.209343819e-12 0 0 0.0251367004 0 0
1000 0.09999447233 2.00000062 1.224397586 3.589070416 0.1066780426 -1.569256424e-07 0.001783082807 0.0006542476138 0.000282225433 0.001764521341 20000 20000 1.158101393e-12 1.358635426e-12 0 0 0.02514292609 0 0
1500 0.09999447198 2.00000062 1.224394152 3.589080482 0.1066766339 -2.324006855e-07 0.001783018303 0.0006542531267 0.0002817818507 0.001764535701 20000 20000 7.931155732e-13 3.63112318e-12 0 0 0.02514287351 0 0
2000 0.09999447198 2.00000062 1.224394183 3.589080393 0.1066766576 -3.078905135e-07 0.001783019844 0.0006542533448 0.0002817890815 0.001764535963 20000 20000 8.083811398e-13 3.092665013e-12 0 0 0.02514287361 0 0
2500 0.09999447198 2.00000062 1.224394183 3.589080393 0.106676669 -3.833815106e-07 0.001783019841 0.0006542533458 0.0002817889911 0.001764535979 20000 20000 -2.605554661e-12 1.277450368e-12 0 0 0.0251428736 0 0
3000 0.09999447198 2.00000062 1.224394183 3.589080393 0.1066766804 -4.588704589e-07 0.001783019852 0.0006542533459 0.000281788994 0.001764535991 20000 20000 -7.454453721e-12 -9.016398739e-12 0 0 0.02514287359 0 0
3500 0.09999447198 2.00000062 1.224394183 3.589080393 0.1066766918 -5.343591814e-07 0.001783019863 0.0006542533459 0.0002817889959 0.001764536004 20000 20000 -3.465977505e-12 -2.059949433e-11 0 0 0.02514287358 0 0
4000 0.09999447198 2.00000062 1.224394183 3.589080393 0.1066767033 -6.098480305e-07 0.001783019873 0.0006542533459 0.0002817889979 0.001764536016 20000 20000 -1.863786903e-11 -1.436559205e-11 0 0 0.02514287357 0 0
4500 0.09999447198 2.00000062 1.224394183 3.589080393 0.1066767147 -6.853366598e-07 0.001783019884 0.0006542533459 0.0002817889999 0.001764536028 20000 20000 -4.597364156e-11 -9.589551375e-13 0 0 0.02514287356 0 0
5000 0.09999447198 2.00000062 1.224394183 3.589080393 0.1066767261 -7.608251012e-07 0.001783019895 0.0006542533459 0.0002817890018 0.001764536041 20000 20000 -6.576891809e-11 1.214930934e-11 0 0 0.02514287355 0 0
5500 0.09999447198 2.00000062 1.224394183 3.589080393 0.1066767375 -8.36313329e-07 0.001783019906 0.0006542533459 0.0002817890038 0.001764536053 20000 20000 -1.008179651e-10 3.325187348e-11 0 0 0.02514287354 0 0
6000 0.09999447198 2.00000062 1.224394183 3.589080393 0.1066767489 -9.118012843e-07 0.001783019916 0.0006542533459 0.0002817890058 0.001764536066 20000 20000 -1.343092304e-10 5.004954784e-11 0 0 0.02514287353 0 0
6500 0.09999447198 2.00000062 1.224394183 3.589080393 0.1066767603 -9.872889473e-07 0.001783019927 0.0006542533459 0.0002817890077 0.001764536078 20000 20000 -1.593114529e-10 4.828429323e-11 0 0 0.02514287352 0 0
7000 0.09999447198 2.00000062 1.224394183 3.589080393 0.1066767718 -1.062776297e-06 0.001783019938 0.0006542533459 0.0002817890097 0.001764536091 20000 20000 -1.863516286e-10 5.763028943e-11 0 0 0.0251428735 0 0
7500 0.09999447198 2.00000062 1.224394183 3.589080393 0.1066767832 -1.138263392e-06 0.001783019948 0.0006542533459 0.0002817890117 0.001764536103 20000 20000 -2.23392832e-10 7.900208265e-11 0 0 0.02514287349 0 0
8000 0.09999447198 2.00000062 1.224394183 3.589080393 0.1066767946 -1.213750156e-06 0.001783019959 0.0006542533459 0.0002817890136 0.001764536115 20000 20000 -2.583773473e-10 8.410563912e-11 0 0 0.02514287348 0 0
8500 0.09999447198 2.00000062 1.224394183 3.589080393 0.106676806 -1.289236548e-06 0.00178301997 0.0006542533459 0.0002817890156 0.001764536128 20000 20000 -2.959542333e-10 1.001372596e-10 0 0 0.02514287347 0 0
9000 0.09999447198 2.00000062 1.224394183 3.589080393 0.1066768174 -1.364722623e-06 0.001783019981 0.0006542533459 0.0002817890176 0.00176453614 20000 20000 -3.268219029e-10 1.054878407e-10 0 0 0.02514287346 0 0
9500 0.09999447198 2.00000062 1.224394183 3.589080393 0.1066768288 -1.440208305e-06 0.001783019991 0.0006542533459 0.0002817890195 0.001764536153 20000 20000 -3.636695112e-10 1.036525032e-10 0 0 0.02514287345 0 0
10000 0.09999447198 2.00000062 1.224394183 3.589080393 0.1066768403 -1.515693537e-06 0.001783020002 0.0006542533459 0.0002817890215 0.001764536165 20000 20000 -4.020402067e-10 1.058535204e-10 0 0 0.02514287344 0 0
10500 0.09999447198 2.00000062 1.224394183 3.589080393 0.1066768517 -1.591178403e-06 0.001783020013 0.0006542533459 0.0002817890235 0.001764536178 20000 20000 -4.240219287e-10 1.09676157e-10 0 0 0.02514287343 0 0
11000 0.09999447198 2.00000062 1.224394183 3.589080393 0.1066768631 -1.666663067e-06 0.001783020024 0.0006542533459 0.0002817890254 0.00176453619 20000 20000 -4.478029059e-10 1.189263965e-10 0 0 0.02514287342 0 0
11500 0.09999447198 2.00000062 1.224394183 3.589080393 0.1066768745 -1.742147543e-06 0.001783020034 0.0006542533459 0.0002817890274 0.001764536202 20000 20000 -4.61358729e-10 1.225443358e-10 0 0 0.02514287341 0 0
12000 0.09999447198 2.00000062 1.224394183 3.589080393 0.1066768859 -1.81763187e-06 0.001783020045 0.0006542533459 0.0002817890294 0.001764536215 20000 20000 -4.717365387e-10 1.215180734e-10 0 0 0.0251428734 0 0
12500 0.09999447198 2.00000062 1.224394183 3.589080393 0.1066768973 -1.893115985e-06 0.001783020056 0.0006542533459 0.0002817890313 0.001764536227 20000 20000 -4.854915081e-10 1.18521859e-10 0 0 0.02514287338 0 0
13000 0.09999447198 2.00000062 1.224394183 3.589080393 0.1066769088 -1.968599889e-06 0.001783020066 0.0006542533459 0.0002817890333 0.00176453624 20000 20000 -5.021545679e-10 1.163943941e-10 0 0 0.02514287337 0 0
13500 0.09999447198 2.00000062 1.224394183 3.589080393 0.1066769202 -2.044083528e-06 0.001783020077 0.0006542533459 0.0002817890353 0.001764536252 20000 20000 -5.257336233e-10 1.161640228e-10 0 0 0.02514287336 0 0
14000 0.09999447198 2.00000062 1.224394183 3.589080393 0.1066769316 -2.119566732e-06 0.001783020088 0.0006542533459 0.0002817890372 0.001764536265 20000 20000 -5.754154098e-10 1.235581082e-10 0 0 0.02514287335 0 0
14500 0.09999447198 2.00000062 1.224394183 3.589080393 0.106676943 -2.195049491e-06 0.001783020099 0.0006542533459 0.0002817890392 0.001764536277 20000 20000 -6.151926191e-10 1.336354638e-10 0 0 0.02514287334 0 0
15000 0.09999447198 2.00000062 1.224394183 3.589080393 0.1066769544 -2.270531935e-06 0.001783020109 0.0006542533459 0.0002817890412 0.00176453629 20000 20000 -6.3651584e-10 1.336944444e-10 0 0 0.02514287333 0 0
15500 0.09999447198 2.00000062 1.224394183 3.589080393 0.1066769658 -2.346014028e-06 0.00178302012 0.0006542533459 0.0002817890431 0.001764536302 20000 20000 -6.652553508e-10 1.313241182e-10 0 0 0.02514287332 0 0
16000 0.09999447198 2.00000062 1.224394183 3.589080393 0.1066769772 -2.421495867e-06 0.001783020131 0.0006542533459 0.0002817890451 0.001764536314 20000 20000 -6.825477683e-10 1.315163256e-10 0 0 0.02514287331 0 0
16500 0.09999447198 2.00000062 1.224394183 3.589080393 0.1066769887 -2.496977517e-06 0.001783020141 0.0006542533459 0.0002817890471 0.001764536327 20000 20000 -6.903234928e-10 1.272128236e-10 0 0 0.0251428733 0 0
17000 0.09999447198 2.00000062 1.224394183 3.589080393 0.1066770001 -2.572458981e-06 0.001783020152 0.0006542533459 0.000281789049 0.001764536339 20000 20000 -7.066777719e-10 1.285346829e-10 0 0 0.02514287329 0 0
17500 0.09999447198 2.00000062 1.224394183 3.589080393 0.1066770115 -2.647940215e-06 0.001783020163 0.0006542533459 0.000281789051 0.001764536352 20000 20000 -7.318951001e-10 1.417400919e-10 0 0 0.02514287327 0 0
18000 0.09999447198 2.00000062 1.224394183 3.589080393 0.1066770229 -2.723421271e-06 0.001783020174 0.0006542533459 0.000281789053 0.001764536364 20000 20000 -7.583683681e-10 1.611134837e-10 0 0 0.02514287326 0 0
18500 0.09999447198 2.00000062 1.224394183 3.589080393 0.1066770343 -2.79890208e-06 0.001783020184 0.0006542533459 0.000281789055 0.001764536377 20000 20000 -7.949502168e-10 1.787368864e-10 0 0 0.02514287325 0 0
19000 0.09999447198 2.00000062 1.224394183 3.589080393 0.1066770457 -2.874382578e-06 0.001783020195 0.0006542533459 0.0002817890569 0.001764536389 20000 20000 -8.243426775e-10 1.862218713e-10 0 0 0.02514287324 0 0
19500 0.09999447198 2.00000062 1.224394183 3.589080393 0.1066770572 -2.949862851e-06 0.001783020206 0.0006542533459 0.0002817890589 0.001764536401 20000 20000 -8.441351784e-10 1.997554899e-10 0 0 0.02514287323 0 0
19999 0.09999447198 2.00000062 1.224394183 3.589080393 0.1066770685 -3.025192016e-06 0.001783020216 0.0006542533459 0.0002817890608 0.001764536414 20000 20000 -8.575903876e-10 2.073216598e-10 0 0 0.02514287322 0 0
