# 1:passo  2:R0  3:|a2|/R0  4:|a4|/R0  5:|a8|/R0  6:rmin  7:rmax
0 24.99530979 9.196997287e-17 9.52226216e-05 8.27724819e-05 24.98429581 25.00965244
500 24.99507119 2.018097338e-16 3.631392414e-05 5.986139168e-05 24.98698557 25.00810978
1000 24.99465403 1.570412294e-16 9.274586222e-05 5.729356868e-05 24.98523233 25.00843558
1500 24.99436257 1.223549968e-16 0.0001381690628 5.563397563e-05 24.98385487 25.00874508
2000 24.99426171 2.36189125e-17 0.0001746119894 5.442558608e-05 24.98287717 25.00912435
2500 24.99432123 3.77273749e-16 0.0002034862867 5.34834426e-05 24.98223882 25.00956098
3000 24.99446172 5.187483108e-16 0.0002262258566 5.27358489e-05 24.98182803 25.00999606
3500 24.99459632 4.479024942e-16 0.0002442256679 5.216048581e-05 24.98152543 25.01036339
4000 24.99467051 4.573480766e-16 0.0002586339188 5.174148735e-05 24.98124934 25.01062508
4500 24.99467465 4.013594364e-16 0.0002702540744 5.145224276e-05 24.98097094 25.01078228
5000 24.99463238 4.313703401e-16 0.0002796107776 5.12562755e-05 24.98070118 25.01086473
5500 24.99457898 4.241210922e-16 0.0002870697872 5.111625001e-05 24.98046641 25.01091139
6000 24.99454226 3.992200843e-16 0.0002929297119 5.100366393e-05 24.98028716 25.01095312
6500 24.99453327 3.694599628e-16 0.0002974733902 5.090326085e-05 24.98016755 25.01100434
7000 24.99454715 2.912561225e-16 0.0003009783789 5.081158274e-05 24.98009602 25.011064
7500 24.99457057 4.85523644e-16 0.000303700772 5.073180543e-05 24.98005308 25.01112259
8000 24.9945904 3.481036668e-16 0.0003058518257 5.066810057e-05 24.98002046 25.01117017
8500 24.99459932 4.994199346e-16 0.0003075843408 5.062191722e-05 24.97998716 25.01120166
9000 24.99459711 8.080472785e-16 0.0003089952888 5.05910307e-05 24.9799506 25.01121814
9500 24.99458845 4.645427054e-16 0.0003101411768 5.057077049e-05 24.97991406 25.01122488
10000 24.99457926 6.047948131e-16 0.0003110576174 5.055611431e-05 24.97988259 25.01122808
10500 24.99457377 2.864862775e-16 0.0003117750738 5.054340715e-05 24.97985963 25.01123222
11000 24.99457319 5.795483811e-16 0.0003123266372 5.053104734e-05 24.97984562 25.01123894
11500 24.99457624 4.892544706e-16 0.0003127481517 5.051915451e-05 24.97983839 25.01124744
12000 24.99458045 4.131552524e-16 0.0003130739536 5.050867572e-05 24.97983465 25.01125582
12500 24.99458365 2.856770854e-16 0.0003133321418 5.050048383e-05 24.97983156 25.01126233
13000 24.99458482 1.599038024e-16 0.0003135420864 5.049484799e-05 24.97982761 25.01126623
13500 24.99458413 4.301033701e-16 0.0003137149318 5.049137414e-05 24.97982271 25.01126784
14000 24.99458249 4.149817528e-16 0.0003138562264 5.048928053e-05 24.97981764 25.01126812
14500 24.99458094 7.179584442e-16 0.0003139691121 5.048777406e-05 24.97981334 25.0112681
15000 24.99458011 7.341552033e-16 0.000314056724 5.048632719e-05 24.97981038 25.01126846
15500 24.99458014 8.518703062e-16 0.0003141231875 5.048476454e-05 24.97980879 25.01126937
16000 24.99458074 9.695318288e-16 0.0003141733724 5.048318065e-05 24.97980817 25.01127061
16500 24.99458147 9.804116133e-16 0.0003142120176 5.048177727e-05 24.97980795 25.01127182
17000 24.99458197 1.253872857e-15 0.0003142428913 5.048071447e-05 24.9798077 25.01127272
17500 24.99458211 1.351409706e-15 0.0003142684016 5.048003391e-05 24.97980722 25.01127319
18000 24.99458195 1.364691413e-15 0.0003142897288 5.047966265e-05 24.97980654 25.01127331
18500 24.99458165 1.165189607e-15 0.0003143072924 5.047946867e-05 24.97980581 25.01127325
19000 24.99458139 1.316543755e-15 0.000314321274 5.04793265e-05 24.97980522 25.01127319
19500 24.99458128 9.935430551e-16 0.0003143319767 5.047916089e-05 24.97980484 25.01127322
20000 24.9945813 9.845134987e-16 0.00031433994 5.047895624e-05 24.97980467 25.01127335
20500 24.99458142 1.052127464e-15 0.0003143458553 5.047873865e-05 24.97980464 25.01127354
21000 24.99458154 7.622929965e-16 0.0003143503965 5.047854696e-05 24.97980465 25.01127372
21500 24.99458162 7.621112729e-16 0.0003143540762 5.047840852e-05 24.97980464 25.01127384
22000 24.99458163 5.256063641e-16 0.0003143571888 5.047832859e-05 24.97980458 25.01127389
22500 24.9945816 4.684375777e-16 0.0003143598428 5.047829323e-05 24.97980448 25.01127389
23000 24.99458154 2.141902566e-16 0.0003143620447 5.047827993e-05 24.97980437 25.01127387
23500 24.9945815 3.114581295e-16 0.0003143637847 5.047826888e-05 24.97980429 25.01127385
24000 24.99458149 1.542786129e-16 0.0003143650897 5.047824959e-05 24.97980424 25.01127386
24500 24.99458149 9.075212881e-17 0.0003143660347 5.047822156e-05 24.97980423 25.01127388
25000 24.99458152 1.318347423e-16 0.0003143667217 5.047819066e-05 24.97980423 25.01127391
25500 24.99458154 1.980780692e-16 0.000314367249 5.047816395e-05 24.97980424 25.01127393
26000 24.99458155 3.450680298e-16 0.0003143676868 5.047814591e-05 24.97980424 25.01127395
26500 24.99458155 2.329979461e-16 0.0003143680695 5.047813698e-05 24.97980423 25.01127396
27000 24.99458154 3.944291538e-16 0.0003143684038 5.047813448e-05 24.97980421 25.01127395
27500 24.99458153 5.974809736e-16 0.0003143686828 5.047813459e-05 24.9798042 25.01127395
28000 24.99458152 3.486744711e-16 0.0003143689004 5.047813416e-05 24.97980419 25.01127394
28500 24.99458152 4.366802448e-16 0.0003143690588 5.047813181e-05 24.97980418 25.01127394
29000 24.99458152 4.448265887e-16 0.0003143691691 5.047812777e-05 24.97980418 25.01127395
29500 24.99458153 4.90624541e-16 0.0003143692472 5.047812324e-05 24.97980418 25.01127395
29999 24.99458153 6.745418074e-16 0.0003143693067 5.047811937e-05 24.97980418 25.01127396
