# 1:passo  2:R0  3:|a2|/R0  4:|a4|/R0  5:|a8|/R0  6:rmin  7:rmax
0 24.99530979 9.196997287e-17 9.52226216e-05 8.27724819e-05 24.98429581 25.00965244
500 24.93629381 0.0002308093697 0.0002835078333 9.332993042e-06 24.79257293 25.06076222
1000 24.8977975 0.00031959518 0.0005352203227 5.028293888e-05 24.74452299 25.02304154
1500 24.87483156 0.0002478709534 0.0005520712949 6.308005786e-05 24.72466331 25.00076327
2000 24.86884956 0.0003271201306 0.0005118439575 3.266444817e-05 24.71443035 24.99155929
2500 24.87341093 0.0004272092409 0.0005561120624 5.868099277e-05 24.71840065 24.99686543
3000 24.88261926 0.0003382471639 0.0005872268609 4.874234009e-05 24.72648712 25.00760195
3500 24.89067414 0.0002319757885 0.0005904799033 1.843472353e-05 24.74200943 25.01557865
4000 24.89348029 0.0002829555179 0.0006847410349 9.310120904e-05 24.73755257 25.02274416
4500 24.89457917 0.0001877544224 0.000582140795 2.265195803e-06 24.74307995 25.02186567
5000 24.89114829 0.0003052383217 0.0006694061209 9.591209922e-05 24.7334107 25.01971639
5500 24.88968896 0.0002609891396 0.0005729024704 2.233669303e-05 24.73564028 25.013622
6000 24.8878123 0.0003195147564 0.0005910292469 4.401300512e-05 24.73311111 25.01322615
6500 24.88700702 0.0003644560072 0.0006242112592 7.393894581e-05 24.72938697 25.01345229
7000 24.88829629 0.0002831507514 0.0005521058718 5.478058869e-06 24.73459409 25.01480786
7500 24.88770417 0.000372269569 0.0006548976013 0.0001003450628 24.72838021 25.01623758
8000 24.88938851 0.0002686288245 0.0005647814341 1.58596924e-05 24.73555651 25.01377358
8500 24.88919903 0.0003060974791 0.0006096459316 5.482716533e-05 24.73397092 25.01511516
9000 24.8891331 0.0003157495261 0.0006262349891 6.60005893e-05 24.73319864 25.01616987
9500 24.88977171 0.0002592236203 0.0005622288315 7.203615268e-06 24.73689057 25.01671945
10000 24.88829845 0.0003649745506 0.0006617828983 0.0001028604569 24.72908841 25.01729495
10500 24.88924644 0.0002697017 0.0005607342979 1.257399744e-05 24.73557471 25.01384941
11000 24.88856202 0.0003216063162 0.0006139795208 6.22809763e-05 24.73240346 25.01439772
11500 24.8886214 0.0003263835346 0.0006176647915 6.105472039e-05 24.73204345 25.01522798
12000 24.88941097 0.000269393677 0.0005615336798 8.656425866e-06 24.7366437 25.01607966
12500 24.88821155 0.0003657375454 0.0006627802549 0.0001043155942 24.7291288 25.01738786
13000 24.88938493 0.0002644865287 0.0005572575165 9.271708443e-06 24.73625132 25.01420994
13500 24.88866115 0.0003221688123 0.0006184375033 6.850586476e-05 24.73230642 25.01445411
14000 24.88881614 0.0003170367562 0.0006141157994 5.626713373e-05 24.73216742 25.01540184
14500 24.88943669 0.0002718600983 0.0005647817168 1.045894881e-05 24.73696475 25.01599018
15000 24.88822924 0.0003676437631 0.000664827156 0.0001059017096 24.72914754 25.01762268
15500 24.88938265 0.0002659302609 0.0005569619471 6.049779112e-06 24.7362657 25.01447773
16000 24.88856114 0.0003306947535 0.0006235482068 7.36791884e-05 24.73159652 25.01402255
16500 24.88883055 0.000311831702 0.0006080179223 5.207012912e-05 24.73216237 25.01506248
17000 24.88938872 0.00027280659 0.000565762092 1.229241839e-05 24.73736983 25.01582025
17500 24.88822075 0.000364116215 0.0006649467062 0.0001059729042 24.72959506 25.01765639
18000 24.88942463 0.0002627248767 0.0005557143042 3.370928309e-06 24.73626416 25.01474189
18500 24.88850449 0.0003403647331 0.000628522264 7.895372532e-05 24.73103868 25.01367983
19000 24.88886359 0.0003093279193 0.0006048500189 4.831631713e-05 24.73211707 25.0148862
19500 24.88935454 0.0002715903984 0.0005690988388 1.393340549e-05 24.7379403 25.01559734
20000 24.8882229 0.0003679407536 0.0006664541188 0.0001061198596 24.72989553 25.01747989
20500 24.889451 0.0002617370915 0.0005553191365 1.416729279e-06 24.73629063 25.01497353
21000 24.88847751 0.0003358941862 0.0006341312997 8.287000675e-05 24.73074033 25.0134162
21500 24.8889173 0.0003084741226 0.0006005815137 4.490950138e-05 24.73207758 25.01340888
22000 24.88933578 0.0002761506228 0.0005700583835 1.543056596e-05 24.73928589 25.01487643
22500 24.88824033 0.0003636310251 0.0006664429376 0.0001049466579 24.73012751 25.01749244
23000 24.88947251 0.0002592988085 0.0005542891344 4.734162902e-07 24.73640271 25.01520517
23500 24.88841647 0.0003414480425 0.0006369760923 8.626400509e-05 24.73033803 25.01369346
24000 24.88896545 0.000297735542 0.0005959863479 4.166481316e-05 24.73246356 25.01293911
24500 24.8892821 0.0002759941141 0.000573673875 1.73056321e-05 24.73911644 25.01350977
25000 24.88825077 0.0003701473576 0.0006640898657 0.0001022728226 24.72988696 25.01718421
25500 24.8895072 0.0002569585 0.0005536724532 1.56371417e-06 24.73662203 25.01543988
26000 24.88838246 0.0003447870025 0.0006425027592 8.970059123e-05 24.72996425 25.0143768
26500 24.88898851 0.0002988966217 0.0005931091107 3.853387126e-05 24.73251433 25.01299415
27000 24.88922281 0.0002824917338 0.0005761724245 1.988222813e-05 24.73831982 25.01366021
27500 24.88830061 0.0003608832096 0.0006626600968 9.904361865e-05 24.73007632 25.01707368
28000 24.8895163 0.000256904603 0.0005538931662 1.767706354e-06 24.73670548 25.01548483
28500 24.88834212 0.0003493299095 0.0006464418574 9.232902741e-05 24.72966833 25.01474238
29000 24.88904395 0.0002934456761 0.000588972927 3.535796749e-05 24.73295635 25.01310902
29500 24.88921621 0.0002804964929 0.0005772582828 2.313175535e-05 24.73775457 25.01398049
29999 24.88848469 0.000337897544 0.0006324190102 8.285168298e-05 24.73072963 25.01337674
