# step v0 Mach sigma R umax_ref urms_ref umax_mean urms_mean umax_lab mean_x mean_y mean_z drop_ux drop_uy x0 y0 x_unwrapped center_dx center_dy axis_ratio mass_R mass_B min_f negative_total negative_color min_rho min_phi max_phi qx qy qz p_in p_out delta_p urms_lab
0 0 0 -5.560112678108922e-15 25.040521385269312 2.860979249076399e-17 7.455400805713231e-18 2.8627789365230155e-17 7.4553586995531657e-18 2.860979249076399e-17 -1.2555061157382141e-20 2.168404344971009e-20 8.6736173798840359e-23 -4.7630152039871373e-20 6.2618210855151618e-20 50.000000000000007 50.000000000000007 50.000000000000007 7.1054273576010019e-15 7.1054273576010019e-15 1.0000000000000007 1969.8656512480636 8030.1343487520398 -0.011293903138899919 1440 3456 0.99999999999999944 5.1710809399147485e-26 0.99999999999998512 -3.9642414505552445e-16 2.1303005917378727e-16 -3.7993633073733358e-18 0.33333333333333387 0.33333333333333409 -2.2204460492503131e-16 7.455400805713231e-18
500 0 0 0.64024924633871994 24.23445113029727 0.011498569371815022 0.006327327924937713 0.011498569371815025 0.006327327924937713 0.011498569371815022 -5.5580540170298125e-19 3.7268799157886542e-18 -4.1633363423444284e-21 4.0797348232321414e-18 2.4545269437058025e-18 50.000000000000007 50.000000000000007 50.000000000000007 7.1054273576010019e-15 7.1054273576010019e-15 1.0000000000000004 1969.8656512480045 8030.1343487517752 -0.029189204482228715 2752 6648 0.95064639102341075 4.1691746386465029e-18 0.99999999999999956 -6.349087922075114e-15 3.9501388271467874e-14 -7.0155988991471553e-17 0.35640619979507421 0.32998722942531422 0.026418970369759986 0.006327327924937713
1000 0 0 0.94031540682606229 23.993893724656445 0.01075723576894444 0.0048766338382126261 0.01075723576894444 0.0048766338382126261 0.01075723576894444 -8.6736173798843706e-19 8.2711615334577369e-19 9.5491106341664505e-21 8.018802444294153e-18 4.009999841314913e-18 50.000000000000007 50.000000000000007 50.000000000000007 7.1054273576010019e-15 7.1054273576010019e-15 1.0000000000000047 1969.8656512479768 8030.1343487516497 -0.02894383650108763 2696 6528 0.96033975559578799 5.2804750778849602e-18 0.99999999999999956 -8.1464240735129589e-15 2.5373746073004133e-14 8.5944410947615136e-17 0.36581084765638039 0.32662106805592389 0.039189779600456498 0.0048766338382126261
1500 0 0 1.0340569705607834 23.921113860926734 0.0097152089052805566 0.0028020036739242736 0.0097152089052805549 0.0028020036739242736 0.0097152089052805566 2.7776392297342225e-18 3.6463887465034574e-19 7.2641545556532956e-22 6.197849258296889e-18 1.123505565377454e-17 50.000000000000007 50.000000000000007 50.000000000000007 7.1054273576010019e-15 7.1054273576010019e-15 1.0000000000000002 1969.8656512479338 8030.1343487514896 -0.028561474361390518 2712 6488 0.96407146327111326 4.7798645021044088e-18 0.99999999999999956 2.7596089476056296e-14 -2.4103982698697735e-15 -7.0456466145470748e-19 0.36866611625143841 0.32543832273928786 0.043227793512150559 0.0028020036739242736
2000 0 0 1.0436297116971223 23.913713654462033 0.0092465616209219826 0.001776131307888689 0.0092465616209219826 0.0017761313078886894 0.0092465616209219826 1.4328815911569479e-18 1.6025375471074922e-18 -1.3292318634673261e-20 -1.4102731241301512e-19 8.496730150461933e-18 50.000000000000007 50.000000000000007 50.000000000000007 7.1054273576010019e-15 7.1054273576010019e-15 1.0000000000000013 1969.8656512479029 8030.1343487512731 -0.02848631560365119 2704 6472 0.96466902104336449 4.8056256629844369e-18 0.99999999999999956 1.4495376470316512e-14 2.0032153019711174e-14 -9.1112108117483394e-17 0.36895307897021867 0.32531160501193229 0.043641473958286381 0.001776131307888689
2500 0 0 1.0298257526352221 23.924142589326809 0.0091746010472736096 0.0016101180597115515 0.0091746010472736096 0.0016101180597115515 0.0091746010472736096 -5.7245874707240049e-19 1.0196704591792637e-18 -1.0148132334465282e-20 2.7935018467476876e-18 1.1250934205848256e-17 50.000000000000007 50.000000000000014 50.000000000000007 7.1054273576010019e-15 1.4210854715202004e-14 1.0000000000000011 1969.8656512478753 8030.1343487511394 -0.028551658695187228 2720 6520 0.96433917377235323 4.9537186368670469e-18 0.99999999999999956 -6.2519417133545183e-15 9.6600262104772419e-15 -8.8699415114150612e-17 0.36854137484616734 0.32549591360173158 0.043045461244435756 0.0016101180597115515
3000 0 0 1.0163783512764364 23.934283409626232 0.0091967948638027337 0.0016194253282838429 0.0091967948638027354 0.0016194253282838429 0.0091967948638027337 -5.263151026114226e-19 -1.4984541385489349e-18 -8.841668716620286e-21 -2.5920202486760132e-18 -1.8878345369805414e-18 50.000000000000007 50.000000000000007 50.000000000000007 7.1054273576010019e-15 7.1054273576010019e-15 1 1969.8656512478562 8030.1343487509885 -0.028620578646945317 2744 6520 0.96394860326069731 5.0332493555550863e-18 0.99999999999999956 -5.4591713907672229e-15 -1.6060068246527386e-14 -7.7595962049293178e-17 0.36814343452049869 0.32567805822819429 0.042465376292304402 0.0016194253282838429
3500 0 0 1.0087635673437281 23.940023662551788 0.0092178845358818502 0.0016208770757624039 0.0092178845358818502 0.0016208770757624037 0.0092178845358818502 -4.0939474033057903e-19 -1.2701645291103812e-18 1.0435445910174321e-20 6.923446603738823e-18 2.1794296379780589e-18 50.000000000000007 50.000000000000007 50.000000000000007 7.1054273576010019e-15 7.1054273576010019e-15 1.0000000000000011 1969.8656512477919 8030.134348750812 -0.028659701651397553 2736 6520 0.96370785610937237 5.0744166046933794e-18 0.99999999999999956 -4.0922126798292879e-15 -1.2418887058583856e-14 9.8533080768641447e-17 0.36791941332256178 0.3257822967698456 0.042137116552716181 0.0016208770757624039
4000 0 0 1.0058121755899914 23.942251863197495 0.0092282518733962041 0.0016177406057575627 0.0092282518733962024 0.0016177406057575631 0.0092282518733962041 1.8107043642248683e-18 1.2722461972815849e-18 -5.7571135358989089e-21 -8.167793742491664e-19 1.7700101189704988e-17 50.000000000000007 50.000000000000007 50.000000000000007 7.1054273576010019e-15 7.1054273576010019e-15 1.0000000000000002 1969.8656512477714 8030.1343487506601 -0.028675113265941174 2736 6504 0.96360046831953383 5.0751317721960656e-18 0.99999999999999956 1.802548453382069e-14 1.4751221077968779e-14 -1.0099443948352044e-16 0.36783295169192215 0.32582302792464019 0.042009923767281965 0.0016177406057575627
4500 0 0 1.0052550090554386 23.942676046242031 0.0092318941501906455 0.0016160662090005929 0.0092318941501906473 0.0016160662090005929 0.0092318941501906455 1.3235940121705417e-18 2.2655488596261173e-18 -1.3289608129243459e-20 -1.8534120861138907e-18 4.6920503967647772e-18 50.000000000000007 50.000000000000007 50.000000000000007 7.1054273576010019e-15 7.1054273576010019e-15 1.0000000000000011 1969.8656512477432 8030.1343487506183 -0.028678359138877622 2736 6504 0.96357194338002639 5.0699359218221883e-18 0.99999999999999956 1.3451044985691215e-14 2.2082597015348707e-14 -1.5249806230433978e-16 0.36781669788123894 0.32583078924204067 0.041985908639198266 0.0016160662090005929
5000 0 0 1.0055203616967241 23.942478934043322 0.0092324032094599582 0.0016154961192385196 0.0092324032094599565 0.0016154961192385202 0.0092324032094599582 1.2167350460503702e-18 1.229571999772601e-18 -8.3348042009839432e-21 -3.085738136598733e-18 4.2956583150452314e-20 50.000000000000007 50.000000000000007 50.000000000000007 7.1054273576010019e-15 7.1054273576010019e-15 1.0000000000000007 1969.8656512477073 8030.1343487504082 -0.028677285638116598 2736 6504 0.96357616695832748 5.0642847530359938e-18 0.99999999999999956 1.2247147105121548e-14 1.2139268671321885e-14 3.771785165093129e-18 0.36782447462823487 0.32582713740735941 0.041997337220875453 0.0016154961192385196
5500 0 0 1.0058740849384997 23.942213711526975 0.0092319032412080688 0.0016152916164876537 0.0092319032412080705 0.0016152916164876533 0.0092319032412080688 5.3949900102890564e-19 2.9077434904329637e-18 -2.1044364167948269e-20 4.2119234446214645e-18 1.8643582705444258e-17 50.000000000000014 50.000000000000014 50.000000000000014 1.4210854715202004e-14 1.4210854715202004e-14 1.0000000000000002 1969.8656512476709 8030.1343487502099 -0.028675611667345165 2736 6504 0.96358663913134079 5.0613064656674392e-18 0.99999999999999956 5.0688622615020263e-15 2.888932583401445e-14 -2.1079501889478255e-16 0.36783481353219294 0.32582223704039504 0.042012576491797904 0.0016152916164876537
6000 0 0 1.0060987824364227 23.942044784704258 0.0092313570304943006 0.0016152159677632922 0.0092313570304943023 0.0016152159677632922 0.0092313570304943006 -5.0862092315651928e-19 -1.7368051441483869e-18 -1.0110185258429702e-21 8.1332588997011308e-19 1.8807406771131742e-19 50.000000000000014 50.000000000000014 50.000000000000014 1.4210854715202004e-14 1.4210854715202004e-14 1.0000000000000004 1969.86565124764 8030.1343487500699 -0.02867450244257715 2736 6504 0.96359418288583465 5.0600701325560702e-18 0.99999999999999956 -4.8641652619136775e-15 -1.7014600897974808e-14 1.5326778108298702e-18 0.36784137583568277 0.32581911785882089 0.042022257976861876 0.0016152159677632922
6500 0 0 1.0061959009473054 23.94197144707956 0.0092310307734387049 0.0016151997191565777 0.0092310307734387032 0.0016151997191565777 0.0092310307734387049 -1.976196983833274e-18 1.4044321261511751e-18 -3.0981077078781057e-21 -9.8450381499612127e-18 -9.5342246297344568e-18 50.000000000000007 50.000000000000014 50.000000000000007 7.1054273576010019e-15 1.4210854715202004e-14 1.0000000000000002 1969.8656512476064 8030.1343487498643 -0.028674004395157798 2736 6504 0.96359779315462613 5.0599436474678764e-18 0.99999999999999956 -1.9897278269453977e-14 1.3960620853792349e-14 -2.2334285616797803e-17 0.36784421633401504 0.32581777322462602 0.042026443109389022 0.0016151997191565777
7000 0 0 1.0062206951983974 23.941952811121926 0.0092308977706245833 0.0016152058989878342 0.009230897770624585 0.001615205898987834 0.0092308977706245833 -1.2354700595910141e-18 2.0563412084234599e-18 6.4510029262904859e-21 -1.0090558072173654e-17 -1.8604598490654555e-17 50.000000000000007 50.000000000000007 50.000000000000007 7.1054273576010019e-15 7.1054273576010019e-15 1.0000000000000004 1969.8656512475554 8030.1343487497261 -0.028673868681183469 2736 6504 0.96359889963660739 5.0600785789839318e-18 0.99999999999999956 -1.1889793433795615e-14 2.0765941480183282e-14 7.7858783658367982e-17 0.36784493346122221 0.32581742204072645 0.042027511420495767 0.0016152058989878342
7500 0 0 1.0062167644957178 23.941955541118375 0.0092308689500482533 0.0016152151016247645 0.0092308689500482499 0.0016152151016247645 0.0092308689500482533 3.7712888367746616e-19 2.4247964747210773e-18 5.3125906451804978e-22 -3.7651864059058108e-18 -2.2641279885566858e-18 50.000000000000007 50.000000000000014 50.000000000000007 7.1054273576010019e-15 1.4210854715202004e-14 1.0000000000000004 1969.8656512475313 8030.1343487495469 -0.028673879766808581 2736 6504 0.96359892009653447 5.0602123352853826e-18 0.99999999999999956 3.448628576175998e-15 2.4568561648776769e-14 -2.8671894418061769e-17 0.36784482391127532 0.32581748145933476 0.042027342451940564 0.0016152151016247645
8000 0 0 1.0062076677175558 23.941962352826497 0.0092308779647155628 0.0016152210269636921 0.0092308779647155628 0.0016152210269636924 0.0092308779647155628 9.5826124812988426e-19 1.0333747746397031e-18 9.8391347153089918e-22 -3.7055560489535666e-18 3.2443548564013763e-18 50.000000000000014 50.000000000000021 50.000000000000014 1.4210854715202004e-14 2.1316282072803006e-14 1.0000000000000004 1969.8656512475015 8030.1343487493896 -0.028673922168984498 2736 6504 0.96359866523720639 5.0603003206467483e-18 0.99999999999999956 1.0078742561627192e-14 1.032518286686856e-14 6.5107099229185229e-18 0.36784455811026978 0.32581760756672895 0.042026950543540831 0.0016152210269636921
8500 0 0 1.0062011296375608 23.941967264559768 0.0092308924139766265 0.0016152235793559407 0.009230892413976623 0.0016152235793559411 0.0092308924139766265 3.068031939613572e-18 2.3909693669396057e-18 -5.7164559544316692e-21 -2.0338563367310821e-18 9.3972237811652196e-18 50.000000000000014 50.000000000000021 50.000000000000014 1.4210854715202004e-14 2.1316282072803006e-14 1.0000000000000002 1969.8656512474499 8030.1343487491968 -0.028673954193611489 2736 6504 0.96359845136439193 5.0603369851337587e-18 0.99999999999999956 3.0826031721184889e-14 2.368298720687985e-14 -2.1671908663866371e-17 0.36784436719152264 0.32581769835019497 0.042026668841327663 0.0016152235793559407
9000 0 0 1.0061980050947341 23.941969617337623 0.0092309020389738875 0.0016152242101103282 0.0092309020389738875 0.0016152242101103286 0.0092309020389738875 1.2229800505640805e-18 7.0169564603286609e-19 -1.0115606269293326e-20 3.4831026872616097e-18 3.0255329540676045e-18 50.000000000000014 50.000000000000021 50.000000000000014 1.4210854715202004e-14 2.1316282072803006e-14 1.0000000000000004 1969.8656512474226 8030.1343487490358 -0.028673970027193737 2736 6504 0.96359833866820011 5.0603440484134353e-18 0.99999999999999956 1.2052858711086856e-14 6.9237152852506681e-15 -3.9824345507348132e-17 0.36784427599220032 0.32581774178567063 0.042026534206529687 0.0016152242101103282
9500 0 0 1.0061970496950887 23.941970339561795 0.0092309063790929104 0.0016152241008906673 0.0092309063790929104 0.0016152241008906673 0.0092309063790929104 6.9423633508617887e-19 1.9984014443260321e-19 -1.0042422622650755e-20 -1.5089280187724066e-18 4.5614347935639081e-18 50.000000000000014 50.000000000000021 50.000000000000014 1.4210854715202004e-14 2.1316282072803006e-14 1.0000000000000004 1969.8656512473924 8030.1343487489266 -0.028673975140529752 2736 6504 0.96359829882195447 5.0603417868462099e-18 0.99999999999999956 7.0533835489742193e-15 2.1810910985758654e-15 -1.3911195551215157e-16 0.36784424812661964 0.32581775509265054 0.042026493033969103 0.0016152241008906673
10000 0 0 1.0061968354216839 23.94197035380504 0.0092309075728603807 0.001615223856749943 0.0092309075728603807 0.0016152238567499432 0.0092309075728603807 9.0205620750828294e-20 3.571795637037605e-19 -1.0923336887795614e-21 5.6823487506015826e-19 -5.0925629401452718e-18 50.000000000000021 50.000000000000021 50.000000000000021 2.1316282072803006e-14 2.1316282072803006e-14 1.0000000000000004 1969.8656512473519 8030.1343487487411 -0.028673975443704008 2736 6504 0.96359829383576168 5.0603372966942415e-18 0.99999999999999956 1.0026690970885206e-15 3.4225007728918652e-15 -6.7573702272492668e-17 0.36784424768063823 0.32581776362136899 0.042026484059269231 0.001615223856749943
10500 0 0 1.0061972553912142 23.941970188172846 0.0092309074856299252 0.0016152236834419591 0.0092309074856299234 0.0016152236834419593 0.0092309074856299252 1.0408340855865064e-21 -7.9537071373568868e-19 -1.3864235280664011e-20 -6.9417056135804198e-18 -6.2928796702859854e-18 50.000000000000021 50.000000000000028 50.000000000000021 2.1316282072803006e-14 2.8421709430404007e-14 1.0000000000000002 1969.8656512473208 8030.1343487486101 -0.02867397443683899 2736 6504 0.96359829953190468 5.0603347577061984e-18 0.99999999999999956 2.6021108896514243e-16 -7.6818976527115446e-15 -1.4565951239365625e-16 0.36784425415608102 0.32581775226492637 0.042026501891154644 0.0016152236834419591
11000 0 0 1.0061974408412544 23.941970048945198 0.00923090712107239 0.0016152236013189801 0.0092309071210723865 0.0016152236013189799 0.00923090712107239 -1.2968792706408057e-18 -2.4915833285465344e-18 -1.2007539060282005e-20 -2.5893335233480464e-18 -1.3735979494895628e-17 50.000000000000021 50.000000000000014 50.000000000000021 2.1316282072803006e-14 1.4210854715202004e-14 1.0000000000000004 1969.8656512472905 8030.1343487484955 -0.02867397353731134 2736 6504 0.9635983054238374 5.0603334870575888e-18 0.99999999999999956 -1.305900257555303e-14 -2.5211495337005686e-14 -1.4032574019821351e-16 0.36784425957201156 0.32581774969065014 0.042026509881361418 0.0016152236013189801
11500 0 0 1.0061975384215527 23.941969975514251 0.009230906843740453 0.001615223576560936 0.0092309068437404548 0.0016152235765609364 0.009230906843740453 -8.5972895469449528e-19 -3.357557287754632e-18 1.7374339814088083e-21 4.568710963951626e-18 1.6855802310721817e-18 50.000000000000021 50.000000000000014 50.000000000000021 2.1316282072803006e-14 1.4210854715202004e-14 1.0000000000000013 1969.865651247251 8030.1343487482909 -0.028673973047356398 2736 6504 0.96359830885371534 5.0603331228589169e-18 0.99999999999999956 -8.2954464048065604e-15 -3.3565924206114919e-14 -4.0612418502712704e-18 0.36784426242050883 0.32581774833455002 0.04202651408595881 0.001615223576560936
12000 0 0 1.0061975728583292 23.94196994951967 0.0092309067059727981 0.0016152235764335019 0.0092309067059727946 0.0016152235764335019 0.0092309067059727981 2.4216739724647527e-18 -2.1573021147257639e-18 1.6628950820504183e-20 -1.6971460732907374e-18 -4.517509247362414e-18 50.000000000000021 50.000000000000014 50.000000000000021 2.1316282072803006e-14 1.4210854715202004e-14 1.0000000000000004 1969.8656512472151 8030.1343487481317 -0.028673972866684414 2736 6504 0.96359831021793962 5.0603331548266784e-18 0.99999999999999956 2.4112656091084492e-14 -2.1694019380246376e-14 1.4917765092364974e-16 0.36784426342517079 0.32581774785523893 0.042026515569931866 0.0016152235764335019
12500 0 0 1.0061975771225116 23.941969946245091 0.0092309066611607378 0.0016152235824073615 0.0092309066611607378 0.0016152235824073615 0.0092309066611607378 1.3457984726634667e-18 7.5512512909307433e-19 7.2749965773813015e-21 1.1067095629255057e-17 -1.0249230184292748e-18 50.000000000000021 50.000000000000014 50.000000000000021 2.1316282072803006e-14 1.4210854715202004e-14 1.0000000000000009 1969.8656512471755 8030.1343487480453 -0.028673972838912092 2736 6504 0.9635983104938467 5.0603332636154152e-18 0.99999999999999956 1.2979200001702176e-14 7.3435180487997002e-15 4.5525137770928347e-17 0.36784426354915917 0.32581774779537437 0.042026515753784799 0.0016152235824073615
13000 0 0 1.0061975721627068 23.941969949943221 0.0092309066582601674 0.0016152235873340658 0.0092309066582601691 0.001615223587334066 0.0092309066582601674 -1.2493478473991235e-18 1.2134390714463856e-18 -1.6506978076100089e-21 1.1291548973171391e-18 -3.7516501102131079e-18 50.000000000000021 50.000000000000014 50.000000000000021 2.1316282072803006e-14 1.4210854715202004e-14 1.0000000000000002 1969.8656512471493 8030.1343487478862 -0.028673972860508282 2736 6504 0.96359831038502164 5.0603333441918559e-18 0.99999999999999956 -1.2160412387160585e-14 1.2687008469129399e-14 -1.1994092556835907e-17 0.36784426340411935 0.32581774786398549 0.042026515540133869 0.0016152235873340658
13500 0 0 1.0061975670514611 23.941969953777708 0.009230906666884791 0.0016152235899047818 0.0092309066668847892 0.0016152235899047818 0.009230906666884791 3.653327640409065e-19 2.2950391587185152e-18 -1.1538621620683011e-20 2.4643326170825888e-18 1.1718476996717443e-18 50.000000000000021 50.000000000000014 50.000000000000021 2.1316282072803006e-14 1.4210854715202004e-14 1.0000000000000004 1969.8656512471202 8030.1343487476515 -0.028673972885024185 2736 6504 0.96359831022809928 5.0603333827764348e-18 0.99999999999999956 3.2820974518228295e-15 2.2490363970112848e-14 -9.7414492322892068e-17 0.36784426325482145 0.3258177479349032 0.042026515319918245 0.0016152235899047818
14000 0 0 1.0061973656756742 23.941969956012077 0.0092309066746644342 0.0016152235908019209 0.009230906674664436 0.0016152235908019209 0.0092309066746644342 1.0071804501526864e-18 1.5740880821022177e-18 -1.3801893655748039e-20 1.0228880880098797e-17 -1.2866054977588169e-18 50.000000000000021 50.000000000000021 50.000000000000021 2.1316282072803006e-14 2.1316282072803006e-14 1.0000000000000002 1969.8656512470832 8030.1343487474842 -0.028673972899812692 2736 6504 0.96359831012621366 5.060333396453075e-18 0.99999999999999956 1.0130785523221027e-14 1.636549011609892e-14 -1.7457894383124519e-16 0.36784426316807955 0.3258177562630783 0.04202650690500126 0.0016152235908019209
14500 0 0 1.0061973644958611 23.941969956901655 0.00923090667892245 0.0016152235909060069 0.0092309066789224518 0.0016152235909060069 0.00923090667892245 1.9304002840680776e-18 -7.5044137570798927e-19 -2.5297147189532273e-20 -1.115856158125816e-19 7.5631353978866426e-18 50.000000000000021 50.000000000000021 50.000000000000021 2.1316282072803006e-14 2.1316282072803006e-14 1 1969.865651247032 8030.1343487473378 -0.028673972905913087 2736 6504 0.96359831008123709 5.0603333973368804e-18 0.99999999999999956 1.9713397581000436e-14 -7.5245808836308533e-15 -2.2647097913782634e-16 0.36784426313364676 0.32581775627948506 0.042026506854161705 0.0016152235909060069
15000 0 0 1.0061973642584274 23.941969957082179 0.0092309066805020441 0.0016152235907710697 0.0092309066805020424 0.0016152235907710699 0.0092309066805020441 -6.2519434074240932e-19 -3.3154035072888251e-18 1.9119905311793126e-20 7.7827052507598013e-18 1.1108906830580783e-17 50.000000000000021 50.000000000000021 50.000000000000021 2.1316282072803006e-14 2.1316282072803006e-14 1.0000000000000004 1969.8656512470043 8030.1343487472004 -0.028673972907281929 2736 6504 0.96359831006938423 5.0603333950297627e-18 0.99999999999999956 -6.2901069003754289e-15 -3.3083237531273271e-14 2.053359966792051e-16 0.36784426312672197 0.32581775628279419 0.04202650684392778 0.0016152235907710697
15500 0 0 1.0061973643534687 23.941969957011747 0.0092309066807510186 0.0016152235906349488 0.0092309066807510168 0.001615223590634949 0.0092309066807510186 1.523087211908559e-18 -2.0766374730930931e-18 1.5997403055033306e-20 -2.6397849120446083e-18 -5.0892666862007225e-18 50.000000000000021 50.000000000000021 50.000000000000021 2.1316282072803006e-14 2.1316282072803006e-14 1.0000000000000004 1969.8656512469602 8030.1343487470122 -0.028673972906906233 2736 6504 0.96359831007070496 5.0603333931959531e-18 0.99999999999999956 1.5567408486650757e-14 -2.0906453426610358e-14 1.903420788826103e-16 0.36784426312949853 0.32581775628147747 0.042026506848021061 0.0016152235906349488
16000 0 0 1.006197364489646 23.941969956909613 0.0092309066805674866 0.0016152235905565482 0.0092309066805674831 0.0016152235905565488 0.0092309066805674866 5.5754012517928913e-19 -3.2040342601311356e-18 8.8362477057623015e-22 -1.1731552959573374e-18 -1.2886730229376076e-17 50.000000000000021 50.000000000000021 50.000000000000021 2.1316282072803006e-14 2.1316282072803006e-14 1.0000000000000004 1969.8656512469397 8030.1343487468775 -0.028673972906262599 2736 6504 0.96359831007468855 5.0603333920420437e-18 0.99999999999999956 5.3464188249865933e-15 -3.1887905880187643e-14 7.3653099896276795e-18 0.36784426313347091 0.32581775627958276 0.042026506853888146 0.0016152235905565482
16500 0 0 1.0061975629828079 23.941969956843277 0.0092309066803560325 0.0016152235905257278 0.009230906680356029 0.0016152235905257278 0.0092309066803560325 1.1005085731603972e-18 -3.4638958368327258e-18 -2.293087594808323e-20 2.2081177441689599e-17 -3.563794084736052e-18 50.000000000000021 50.000000000000014 50.000000000000021 2.1316282072803006e-14 1.4210854715202004e-14 1.0000000000000011 1969.8656512468981 8030.1343487466884 -0.028673972905827606 2736 6504 0.96359831007762109 5.0603333915935147e-18 0.99999999999999956 1.0994678648055534e-14 -3.4265559987133824e-14 -2.0025413409434424e-16 0.36784426313604074 0.32581774799144175 0.042026515144598986 0.0016152235905257278
17000 0 0 1.0061973646168509 23.941969956813999 0.0092309066802279023 0.0016152235905197308 0.009230906680227904 0.0016152235905197308 0.0092309066802279023 5.8182625384300335e-19 -3.1166041969419792e-18 5.5456941122669988e-21 -5.0852818910274338e-18 -1.9502594209481628e-17 50.000000000000028 50.000000000000014 50.000000000000028 2.8421709430404007e-14 1.4210854715202004e-14 1.0000000000000009 1969.8656512468608 8030.1343487465292 -0.028673972905629438 2736 6504 0.96359831007903729 5.0603333914790058e-18 0.99999999999999956 5.3776368330625814e-15 -3.143351399684189e-14 4.5728607623511703e-17 0.36784426313717022 0.32581775627780118 0.042026506859369039 0.0016152235905197308
17500 0 0 1.0061975630319453 23.941969956806272 0.009230906680174799 0.0016152235905223982 0.0092309066801747972 0.0016152235905223982 0.009230906680174799 -2.0303203562846299e-18 -5.5283902455942307e-18 -7.4376269032555973e-21 8.4566582234250462e-18 -4.7534550166592711e-19 50.000000000000021 50.000000000000014 50.000000000000021 2.1316282072803006e-14 1.4210854715202004e-14 1.0000000000000013 1969.8656512468401 8030.1343487463682 -0.028673972905574083 2736 6504 0.96359831007946972 5.0603333915309104e-18 0.99999999999999956 -2.017136541245637e-14 -5.5056761875776025e-14 -5.9116423715579277e-17 0.36784426313746105 0.32581774799074475 0.042026515146716292 0.0016152235905223982
18000 0 0 1.0061975630307463 23.941969956807124 0.0092309066801629369 0.0016152235905260777 0.0092309066801629369 0.0016152235905260782 0.0092309066801629369 -1.9709928134062181e-18 -5.0012077812446108e-18 3.4938415008369662e-21 -2.3861470606764176e-18 -1.8219931197834514e-17 50.000000000000021 50.000000000000014 50.000000000000021 2.1316282072803006e-14 1.4210854715202004e-14 1.0000000000000009 1969.8656512467946 8030.1343487462073 -0.028673972905577577 2736 6504 0.9635983100794685 5.0603333915844181e-18 0.99999999999999956 -1.8908485901382087e-14 -4.9461631744337357e-14 -1.3576950371224138e-17 0.36784426313741958 0.32581774799075486 0.042026515146664722 0.0016152235905260777
18500 0 0 1.0061973646223314 23.941969956809746 0.0092309066801662988 0.0016152235905284493 0.0092309066801662936 0.0016152235905284493 0.0092309066801662988 2.6957602816698882e-19 -5.6489535271749194e-18 -7.857755245094319e-21 -4.5419476771338494e-18 -1.0261581053951693e-17 50.000000000000021 50.000000000000007 50.000000000000021 2.1316282072803006e-14 7.1054273576010019e-15 1.0000000000000011 1969.8656512467583 8030.134348746069 -0.028673972905594303 2736 6504 0.96359831007935326 5.0603333916205732e-18 0.99999999999999956 2.8588225943438836e-15 -5.6866404158622944e-14 -9.514725811528173e-17 0.36784426313731128 0.32581775627770587 0.042026506859605406 0.0016152235905284493
19000 0 0 1.0061973646198006 23.9419699568117 0.0092309066801720685 0.001615223590529488 0.0092309066801720668 0.0016152235905294878 0.0092309066801720685 -1.0293849106453987e-18 -4.1010597695598028e-18 6.4726869697432488e-21 -5.3254729453420619e-18 -2.1557518246729086e-18 50.000000000000021 49.999999999999993 50.000000000000021 2.1316282072803006e-14 -7.1054273576010019e-15 1.0000000000000011 1969.8656512467255 8030.1343487458835 -0.028673972905607425 2736 6504 0.96359831007925012 5.0603333916352488e-18 0.99999999999999956 -1.0300788648859881e-14 -4.1100044176274404e-14 7.6347428538428188e-17 0.3678442631372299 0.32581775627773363 0.042026506859496271 0.001615223590529488
19500 0 0 1.0061973646185589 23.941969956812578 0.0092309066801759213 0.0016152235905297879 0.0092309066801759213 0.0016152235905297879 0.0092309066801759213 2.1059542998374408e-19 -1.344410693883045e-19 -2.4557179206815299e-21 9.0851995220423802e-18 -2.9770736929832521e-18 50.000000000000021 49.999999999999993 50.000000000000021 2.1316282072803006e-14 -7.1054273576010019e-15 1.0000000000000011 1969.8656512466855 8030.1343487457289 -0.02867397290561427 2736 6504 0.9635983100791855 5.0603333916382448e-18 0.99999999999999956 3.0184154600678553e-15 -1.8808722347619586e-15 9.6697943592008188e-18 0.36784426313718743 0.32581775627774456 0.042026506859442869 0.0016152235905297879
20000 0 0 1.0061973646181799 23.941969956812891 0.0092309066801779492 0.0016152235905297896 0.0092309066801779509 0.0016152235905297894 0.0092309066801779492 -3.1152164181615658e-18 9.3952623458976725e-19 2.076247160311351e-21 2.8792464791462529e-18 5.4272210580245434e-18 50.000000000000021 49.999999999999993 50.000000000000021 2.1316282072803006e-14 -7.1054273576010019e-15 1.0000000000000011 1969.8656512466498 8030.1343487456006 -0.028673972905616869 2736 6504 0.96359831007915009 5.0603333916372472e-18 0.99999999999999956 -3.1301350824041981e-14 9.1797220010882033e-15 -6.123489932899362e-18 0.36784426313716961 0.32581775627774312 0.042026506859426493 0.0016152235905297896
20500 0 0 1.0061973646181674 23.941969956812876 0.0092309066801784939 0.0016152235905297452 0.0092309066801784991 0.0016152235905297458 0.0092309066801784939 -5.2846615972199333e-18 2.0136670109154736e-18 1.0557418654585967e-20 1.1958055544087085e-18 -2.3725975622758537e-19 50.000000000000021 50.000000000000007 50.000000000000021 2.1316282072803006e-14 7.1054273576010019e-15 1.0000000000000013 1969.8656512466155 8030.1343487454596 -0.028673972905617483 2736 6504 0.96359831007912933 5.0603333916358975e-18 0.99999999999999956 -5.2815394311251878e-14 1.9823444008863486e-14 5.6763839737367554e-17 0.36784426313716234 0.32581775627773635 0.042026506859425994 0.0016152235905297452
21000 0 0 1.006197563023181 23.941969956812777 0.0092309066801786327 0.0016152235905296959 0.0092309066801786379 0.0016152235905296964 0.0092309066801786327 -6.000408503408613e-18 -1.2498682644422972e-18 -1.3877787807825644e-21 6.0136904542270484e-18 4.9351402711056978e-18 50.000000000000014 50.000000000000007 50.000000000000014 1.4210854715202004e-14 7.1054273576010019e-15 1.0000000000000011 1969.8656512465766 8030.1343487452996 -0.02867397290561749 2736 6504 0.96359831007911334 5.060333391634651e-18 0.99999999999999956 -6.0330213047521397e-14 -1.2329004369144203e-14 -1.3921791600870919e-17 0.3678442631371599 0.32581774799082108 0.042026515146338816 0.0016152235905296959
21500 0 0 1.0061975630232349 23.941969956812699 0.0092309066801786431 0.0016152235905296782 0.0092309066801786448 0.0016152235905296784 0.0092309066801786431 -1.8519907829543636e-18 -1.4481471577466305e-18 6.6597118444976924e-21 -1.6056052188727423e-17 -3.3964676423612302e-18 50.000000000000014 49.999999999999993 50.000000000000014 1.4210854715202004e-14 -7.1054273576010019e-15 1.000000000000002 1969.8656512465482 8030.134348745124 -0.028673972905617399 2736 6504 0.96359831007909946 5.0603333916339076e-18 0.99999999999999956 -1.8526843136777164e-14 -1.4598023522754814e-14 2.684284241283195e-17 0.36784426313715674 0.32581774799081553 0.042026515146341203 0.0016152235905296782
22000 0 0 1.0061975630232634 23.941969956812613 0.009230906680178343 0.0016152235905297118 0.009230906680178343 0.0016152235905297118 0.009230906680178343 -2.0566881531198243e-18 -1.0791714744060751e-18 -1.2522535092218059e-21 2.0458216146303403e-17 4.0690161288670937e-18 50.000000000000014 49.999999999999993 50.000000000000014 1.4210854715202004e-14 -7.1054273576010019e-15 1.0000000000000018 1969.8656512465191 8030.1343487450022 -0.02867397290561758 2736 6504 0.96359831007908547 5.060333391633742e-18 0.99999999999999956 -2.0480144523584127e-14 -1.0743577861659255e-14 3.4521242404069993e-17 0.36784426313715307 0.32581774799081054 0.042026515146342536 0.0016152235905297118
22500 0 0 1.006197563023244 23.941969956812631 0.0092309066801786414 0.0016152235905297309 0.0092309066801786466 0.0016152235905297309 0.0092309066801786414 -7.5092709828148032e-18 -9.9798641573030786e-19 8.0230960763995717e-22 -4.5048559391973538e-17 4.0853856282500916e-18 50.000000000000014 49.999999999999993 50.000000000000014 1.4210854715202004e-14 -7.1054273576010019e-15 1.0000000000000013 1969.8656512464952 8030.1343487448794 -0.028673972905617955 2736 6504 0.96359831007907315 5.0603333916338028e-18 0.99999999999999956 -7.5200263967378898e-14 -1.0129701122525195e-14 -2.7883676353368746e-17 0.36784426313714857 0.32581774799080687 0.042026515146341703 0.0016152235905297309
23000 0 0 1.0061977613193338 23.941969956812645 0.009230906680178716 0.0016152235905297547 0.0092309066801787108 0.0016152235905297556 0.009230906680178716 -9.411221801877494e-18 5.9938165542002347e-18 9.9475549325630862e-22 -3.8473873092118064e-17 4.3238682784496976e-17 50.000000000000014 49.999999999999986 50.000000000000014 1.4210854715202004e-14 -1.4210854715202004e-14 1.0000000000000016 1969.8656512464731 8030.1343487447866 -0.028673972905618288 2736 6504 0.96359831007906238 5.0603333916338044e-18 0.99999999999999956 -9.4091396890059044e-14 5.9975137061025521e-14 -2.0599404789542739e-17 0.36784426313714463 0.3258177397084398 0.042026523428704832 0.0016152235905297547
23500 0 0 1.0061975630232398 23.941969956812656 0.0092309066801789137 0.0016152235905297729 0.0092309066801788981 0.0016152235905297744 0.0092309066801789137 -9.4774882386599556e-18 1.3914737417864901e-17 -1.0478813997081542e-20 -1.7735542797736907e-17 5.2407854995749644e-17 50.000000000000014 49.999999999999993 50.000000000000014 1.4210854715202004e-14 -7.1054273576010019e-15 1.0000000000000013 1969.8656512464531 8030.1343487447039 -0.028673972905618676 2736 6504 0.96359831007905039 5.0603333916338152e-18 0.99999999999999956 -9.5066314024656851e-14 1.3909055965534878e-13 -8.8572885586625369e-17 0.36784426313714047 0.32581774799079899 0.042026515146341481 0.0016152235905297729
24000 0 0 1.0061977613193216 23.941969956812638 0.0092309066801789328 0.0016152235905297907 0.0092309066801789293 0.00161522359052979 0.0092309066801789328 -3.5218356009312272e-18 1.0631599767228457e-17 6.1880838994664867e-21 8.8998988438976096e-17 -2.0508714081653943e-17 50.000000000000007 50.000000000000007 50.000000000000007 7.1054273576010019e-15 7.1054273576010019e-15 1.0000000000000016 1969.8656512464281 8030.1343487446047 -0.02867397290561895 2736 6504 0.96359831007903918 5.0603333916337127e-18 0.99999999999999956 -3.5034476167860543e-14 1.059048683010283e-13 9.662467968241456e-17 0.36784426313713614 0.32581773970843181 0.042026523428704332 0.0016152235905297907
24500 0 0 1.0061977613193362 23.941969956812638 0.0092309066801792104 0.001615223590529805 0.0092309066801792121 0.0016152235905298048 0.0092309066801792104 -5.1431081615806404e-18 -1.8113982536166032e-18 2.087089182036464e-21 3.290702406334971e-18 -1.3410146233900097e-16 50.000000000000007 50.000000000000007 50.000000000000007 7.1054273576010019e-15 7.1054273576010019e-15 1.0000000000000007 1969.8656512464083 8030.1343487445038 -0.028673972905619252 2736 6504 0.96359831007902774 5.0603333916336981e-18 0.99999999999999956 -5.1469243004367915e-14 -1.854679690367387e-14 -2.1456104758451481e-17 0.36784426313713259 0.32581773970842764 0.042026523428704943 0.001615223590529805
25000 0 0 1.00619756302324 23.941969956812631 0.0092309066801792468 0.0016152235905298256 0.0092309066801792312 0.0016152235905298241 0.0092309066801792468 -6.3810068340388664e-18 -1.5382313478543073e-17 -3.8109706362899998e-21 -2.1216415911021638e-17 -1.2360986338027956e-16 50.000000000000014 50.000000000000007 50.000000000000014 1.4210854715202004e-14 7.1054273576010019e-15 1.0000000000000016 1969.8656512463874 8030.1343487444092 -0.02867397290561962 2736 6504 0.96359831007901608 5.0603333916336488e-18 0.99999999999999956 -6.2689436763091618e-14 -1.5351728124655414e-13 -3.9642864802302142e-17 0.36784426313712931 0.32581774799078778 0.042026515146341537 0.0016152235905298256
25500 0 0 1.0061977613193755 23.941969956812624 0.0092309066801792086 0.0016152235905298438 0.0092309066801792225 0.001615223590529844 0.0092309066801792086 -8.1136486418461594e-18 -1.6895686238986794e-17 -3.8434967014646358e-21 -2.2747954549566215e-18 -1.5586380125099383e-17 50.000000000000014 49.999999999999986 50.000000000000014 1.4210854715202004e-14 -1.4210854715202004e-14 1.0000000000000016 1969.8656512463649 8030.1343487443219 -0.028673972905619946 2736 6504 0.96359831007900443 5.0603333916336025e-18 0.99999999999999956 -8.103240322158685e-14 -1.6870305044937599e-13 -7.3110882478461689e-17 0.36784426313712576 0.32581773970841915 0.042026523428706608 0.0016152235905298438
26000 0 0 1.0061977613193867 23.941969956812606 0.0092309066801794393 0.0016152235905298633 0.009230906680179422 0.0016152235905298631 0.0092309066801794393 -9.4542429440824047e-19 -2.9735762463484136e-17 1.7455654977032882e-21 3.5208381817692594e-17 -8.3101187355197369e-18 50.000000000000014 49.999999999999986 50.000000000000014 1.4210854715202004e-14 -1.4210854715202004e-14 1.0000000000000018 1969.8656512463447 8030.1343487442182 -0.028673972905620234 2736 6504 0.9635983100789931 5.060333391633554e-18 0.99999999999999956 -9.2738317158069005e-15 -2.9732152071545551e-13 1.1115645540727861e-17 0.3678442631371221 0.32581773970841499 0.042026523428707108 0.0016152235905298633
26500 0 0 1.006197364618362 23.941969956812603 0.009230906680179533 0.0016152235905298846 0.0092309066801795625 0.0016152235905298863 0.009230906680179533 1.3371248552841837e-18 -4.8305283384443318e-17 -1.4501204057007297e-21 -1.1759016127645073e-17 -2.1831996701749588e-17 50.000000000000007 49.999999999999979 50.000000000000007 7.1054273576010019e-15 -2.1316282072803006e-14 1.0000000000000018 1969.8656512463224 8030.1343487441245 -0.028673972905620626 2736 6504 0.96359831007898145 5.0603333916335471e-18 0.99999999999999956 1.3267167050094752e-14 -4.8307972185933197e-13 2.3675778726940307e-17 0.36784426313711782 0.32581775627768322 0.042026506859434598 0.0016152235905298846
27000 0 0 1.0061973646183406 23.941969956812603 0.0092309066801796701 0.0016152235905299026 0.0092309066801796666 0.0016152235905299037 0.0092309066801796701 5.6378512969300264e-19 -6.059961560339868e-17 -3.0249240612374566e-21 -4.0879614697832599e-17 -9.2283484568490416e-17 50.000000000000007 49.999999999999964 50.000000000000007 7.1054273576010019e-15 -3.5527136788005009e-14 1.000000000000002 1969.8656512463003 8030.1343487440199 -0.028673972905620956 2736 6504 0.96359831007896934 5.0603333916334739e-18 0.99999999999999956 5.6378534012721014e-15 -6.0643590844780096e-13 -5.0352905376076219e-17 0.36784426313711382 0.32581775627768012 0.04202650685943371 0.0016152235905299026
27500 0 0 1.0061973646183191 23.941969956812596 0.0092309066801797169 0.0016152235905299243 0.0092309066801797065 0.0016152235905299236 0.0092309066801797169 6.3369448577494555e-18 -4.8992580825627555e-17 1.3360081270465657e-20 3.097212820048186e-17 -1.0442087195062432e-16 50.000000000000007 49.999999999999964 50.000000000000007 7.1054273576010019e-15 -3.5527136788005009e-14 1.000000000000002 1969.8656512462808 8030.1343487439253 -0.028673972905621362 2736 6504 0.96359831007895747 5.0603333916334292e-18 0.99999999999999956 6.3477003325532567e-14 -4.9018699255914955e-13 1.4329347601633834e-16 0.3678442631371095 0.32581775627767667 0.042026506859432822 0.0016152235905299243
28000 0 0 1.0061973646183051 23.941969956812581 0.0092309066801798487 0.0016152235905299479 0.0092309066801798279 0.0016152235905299477 0.0092309066801798487 1.2756115608260422e-17 -3.6781515333520082e-17 7.7791505875911598e-21 -1.0026431180426106e-17 -5.5293945725995704e-17 50.000000000000007 49.999999999999964 50.000000000000007 7.1054273576010019e-15 -3.5527136788005009e-14 1.000000000000002 1969.8656512462549 8030.1343487438298 -0.028673972905621639 2736 6504 0.9635983100789457 5.0603333916333545e-18 0.99999999999999956 1.2800177562038352e-13 -3.6768060364670959e-13 5.2974604864267013e-17 0.36784426313710522 0.32581775627767295 0.042026506859432267 0.0016152235905299479
28500 0 0 1.0061973646183144 23.941969956812581 0.0092309066801800725 0.0016152235905299637 0.0092309066801800291 0.0016152235905299618 0.0092309066801800725 2.0713986081964543e-17 -4.1825050367580577e-17 2.1185310450387914e-20 8.9385395555311374e-17 -5.1051571369125416e-17 50.000000000000014 49.999999999999964 50.000000000000014 1.4210854715202004e-14 -3.5527136788005009e-14 1.000000000000002 1969.8656512462326 8030.1343487437716 -0.028673972905622014 2736 6504 0.96359831007893293 5.0603333916333352e-18 0.99999999999999956 2.0714333090166525e-13 -4.179499616552699e-13 2.435952583778754e-16 0.36784426313710172 0.32581775627766907 0.042026506859432655 0.0016152235905299637
29000 0 0 1.0061973646183315 23.941969956812578 0.0092309066801801367 0.0016152235905299878 0.009230906680180154 0.0016152235905299872 0.0092309066801801367 1.7376378114181996e-17 -4.9699307169742822e-17 -9.5436896233132726e-21 9.654401624150052e-17 -3.0400974287389005e-18 50.000000000000014 49.999999999999957 50.000000000000014 1.4210854715202004e-14 -4.2632564145606011e-14 1.0000000000000022 1969.865651246213 8030.1343487436798 -0.028673972905622361 2736 6504 0.96359831007892094 5.060333391633205e-18 0.99999999999999956 1.7399276506399023e-13 -4.9700607884074446e-13 -7.4789388606289255e-17 0.36784426313709778 0.32581775627766441 0.042026506859433377 0.0016152235905299878
29500 0 0 1.0061973646183449 23.941969956812574 0.0092309066801801922 0.0016152235905300047 0.0092309066801802408 0.0016152235905300049 0.0092309066801801922 1.7442644550964538e-17 -5.8031704441911162e-17 -7.7737295767289736e-21 -2.1324831840259653e-17 -6.7433502901567182e-17 50.000000000000014 49.99999999999995 50.000000000000014 1.4210854715202004e-14 -4.9737991503207013e-14 1.0000000000000013 1969.8656512461919 8030.1343487435906 -0.028673972905622687 2736 6504 0.96359831007890862 5.0603333916331103e-18 0.99999999999999956 1.7446114189804651e-13 -5.8021339574962285e-13 -5.7191252819072513e-17 0.36784426313709379 0.32581775627765985 0.042026506859433932 0.0016152235905300047
29999 0 0 1.0061973646183364 23.941969956812567 0.0092309066801803362 0.0016152235905300249 0.009230906680180298 0.0016152235905300262 0.0092309066801803362 1.3396922460287508e-17 -5.6319358898773522e-17 1.9659295892613693e-20 -8.2770857241614224e-17 -1.0481910780371231e-16 50.000000000000021 49.999999999999943 50.000000000000021 2.1316282072803006e-14 -5.6843418860808015e-14 1.0000000000000018 1969.8656512461698 8030.134348743507 -0.028673972905623069 2736 6504 0.96359831007889629 5.0603333916329855e-18 0.99999999999999956 1.3355982647427454e-13 -5.6341563338032101e-13 2.2372540969708409e-16 0.36784426313708923 0.32581775627765563 0.042026506859433599 0.0016152235905300249
