# 1:passo  2:raio_area  3:raio_grad  4:raio_linha  5:p_in  6:p_out  7:delta_p  8:sigma  9:|u-v0|max  10:|u-v0|rms  11:Ca  12:massa_R  13:massa_B  14:|q|  15:sd_p_in  16:sd_p_out  17:sigma_2pontos  18:K_perfil  19:r_perfil  20:espessura_10_90  21:residuo_ajuste  22:n_camadas
0 25.04052139 25.08111096 25 0.3333333333 0.3333333333 -2.220446049e-16 -5.560112678e-15 2.501853777e-17 7.480018202e-18 0 1969.865651 8030.134349 2.363101162e-16 2.757162267e-08 0 2.775557562e-15 1.273345395 25.01411833 3.451105388 0.08159937045 12
500 24.99390462 25.02341224 24.95072422 0.3343120173 0.3332912376 0.001020779703 0.02551327054 0.002248280851 0.001401325176 0.002937400554 1969.865651 8030.134349 1.86633376e-14 5.652484557e-05 0.0003395164272 0.03265361921 1.295660171 24.96965782 3.391668011 0.0736410087 12
1000 24.94766565 24.97617643 24.90909132 0.3358175485 0.3327400192 0.003077529247 0.0767771707 0.003105338612 0.001926721254 0.00134820398 1969.865651 8030.134349 3.957851148e-14 6.412598703e-05 0.0003081775041 0.0709666871 1.295845303 24.92183525 3.391183458 0.07652380803 12
1500 24.90312463 24.92998368 24.86155106 0.3375744463 0.3321167943 0.005457651956 0.1359125868 0.002749392695 0.001675201606 0.0006743041636 1969.865651 8030.134349 9.886725123e-14 5.628924297e-05 0.0003193368798 0.1579715646 1.295147371 24.8756736 3.393010907 0.07812797131 12
2000 24.87823001 24.9038445 24.83330284 0.3382876126 0.3317295436 0.006558069016 0.1631531494 0.001578703223 0.0008646515338 0.0003225401467 1969.865651 8030.134349 1.1951583e-13 4.005070466e-05 0.0002420217416 0.177797937 1.296209082 24.8498805 3.390231726 0.0793556934 12
2500 24.87654849 24.90132274 24.82984416 0.3385475008 0.3318384517 0.006709049107 0.1668979855 0.001204596077 0.000655916241 0.0002405853039 1969.865651 8030.134349 1.42070568e-13 0.0001127154086 8.672729242e-05 0.1755742792 1.296148805 24.84786986 3.390389389 0.08266749486 12
3000 24.89641099 24.9212075 24.84837107 0.3379774176 0.332265482 0.005711935559 0.1422066952 0.001711613331 0.001165154786 0.0004012031754 1969.865651 8030.134349 1.32617435e-13 0.0001193083786 0.0001893630293 0.1375308744 1.296352456 24.86777392 3.389856774 0.07972894632 12
3500 24.92716337 24.95286812 24.87687687 0.3367918634 0.3327394289 0.004052434506 0.101015697 0.001692412321 0.001234897938 0.0005584651269 1969.865651 8030.134349 1.096084583e-13 3.455281031e-05 0.000407152082 0.08380126835 1.296118808 24.90012982 3.390467854 0.0772895053 12
4000 24.95275234 24.97981792 24.90145603 0.3358116701 0.3330773192 0.002734350857 0.06822957976 0.001300591133 0.0008101843501 0.0006353994548 1969.865651 8030.134349 1.644820945e-13 3.078858147e-05 0.0004770316046 0.04876703149 1.29610842 24.92688579 3.390495029 0.07544057748 12
4500 24.96255459 24.99074841 24.91359787 0.3354141425 0.333154346 0.002259796483 0.05641029307 0.0009227519769 0.0004315114383 0.0005452621775 1969.865651 8030.134349 1.452976845e-13 5.974611166e-05 0.0003909768439 0.03742007096 1.296047405 24.9368103 3.390654645 0.07529809749 12
5000 24.95500426 24.98362316 24.90955618 0.3357011566 0.3329722081 0.002728948519 0.06810092191 0.001372763243 0.0007717979036 0.0006719259224 1969.865651 8030.134349 1.255377287e-13 3.827872358e-05 0.0001441907901 0.05915140847 1.295868299 24.92914833 3.39112328 0.07567963673 12
5500 24.9378937 24.9662871 24.89534317 0.336238532 0.3325990842 0.003639447734 0.09076016072 0.001439760754 0.0009619759315 0.0005287785386 1969.865651 8030.134349 1.459840175e-13 2.621946278e-05 0.0001364630975 0.09365065186 1.295855092 24.91144451 3.39115784 0.07679304977 12
6000 24.92017767 24.94787045 24.87889571 0.3368255898 0.3322444733 0.004581116548 0.1141622383 0.0011000729 0.0007418068215 0.000321201627 1969.865651 8030.134349 1.846266916e-13 5.059329632e-06 0.0003463202888 0.1293459969 1.295776821 24.89345938 3.391362682 0.08029146533 12
6500 24.90971241 24.93654855 24.86854393 0.3371922317 0.3320767017 0.005115530016 0.1274263816 0.000582307681 0.0002681659262 0.0001523252548 1969.865651 8030.134349 1.583309411e-13 1.135768072e-05 0.0004103030008 0.1457600956 1.296190685 24.88192726 3.390279846 0.07905771744 12
7000 24.91023703 24.93641135 24.86788116 0.3372292696 0.3321489105 0.005080359146 0.1265529505 0.0007771751184 0.0003806720499 0.0002047035425 1969.865651 8030.134349 1.602354433e-13 2.536889457e-05 0.0003211278598 0.1407135524 1.296222613 24.88222979 3.390196338 0.07937848551 12
7500 24.92037416 24.94637127 24.87566617 0.3369078547 0.3323828907 0.004524964009 0.1127637962 0.001150187035 0.0006900576842 0.0003399989104 1969.865651 8030.134349 2.331967542e-13 1.723251118e-05 0.0001202256867 0.1178635585 1.296151892 24.89259269 3.390381315 0.07887100985 12
8000 24.93390619 24.96021168 24.88664096 0.3364383822 0.3326560817 0.003782300456 0.09430752475 0.001134790346 0.0006802884159 0.0004010957236 1969.865651 8030.134349 2.338521635e-13 5.555900039e-06 0.0001004003371 0.08980194071 1.296049223 24.90663747 3.39064989 0.07784309182 12
8500 24.94358215 24.97044749 24.89497496 0.3361107461 0.3328524664 0.00325827967 0.08127316663 0.0007849564409 0.0003850448835 0.0003219416172 1969.865651 8030.134349 2.424767194e-13 1.921474309e-05 0.0002499176947 0.07011341579 1.295965869 24.91681629 3.390867968 0.07689407076 12
9000 24.94514548 24.97251348 24.89685689 0.3360736323 0.3328963866 0.003177245692 0.07925685602 0.0006005838845 0.0001284432749 0.0002525896663 1969.865651 8030.134349 2.654273679e-13 1.695393641e-05 0.0002798997695 0.06630623857 1.295879618 24.9186256 3.391093659 0.07645679957 12
9500 24.93897039 24.96658247 24.89199897 0.3362911826 0.3327806943 0.003510488352 0.08754796507 0.0008003637594 0.0004183196751 0.0003047334334 1969.865651 8030.134349 2.341719476e-13 6.044273904e-06 0.0001959983982 0.0783380163 1.295836433 24.91237632 3.391206669 0.07660540708 12
10000 24.92895077 24.95650352 24.88350718 0.3366185895 0.332572355 0.004046234442 0.1008683792 0.000926266494 0.0005362773239 0.0003060974117 1969.865651 8030.134349 2.378069462e-13 4.705240137e-06 5.186809865e-05 0.09867522181 1.295889791 24.90205641 3.391067037 0.07716740295 12
10500 24.92000995 24.94726922 24.87579165 0.3369097285 0.3323817851 0.0045279434 0.1128363946 0.0008374159816 0.0004125874806 0.000247383534 1969.865651 8030.134349 2.565296931e-13 1.411756205e-05 8.713308136e-05 0.1173552148 1.296012622 24.89275151 3.390745645 0.07786380759 12
11000 24.91610071 24.94299046 24.87250016 0.3370397484 0.3322953894 0.004744358937 0.1182109251 0.0006697830023 0.0001640198437 0.0001888666387 1969.865651 8030.134349 2.507613373e-13 1.91123302e-05 0.000163426291 0.1259575839 1.296124119 24.88857936 3.390453963 0.07839804579 12
11500 24.91864263 24.94527258 24.87482774 0.3369535718 0.332335769 0.004617802811 0.115069378 0.0006730780318 0.0002307187254 0.0001949774543 1969.865651 8030.134349 3.278691895e-13 1.598162713e-05 0.0001577750639 0.1220995121 1.296161105 24.89107203 3.390357215 0.07853573577 12
12000 24.9259658 24.95256395 24.8812316 0.3366953874 0.3324649476 0.00423043978 0.1054477973 0.0007707727194 0.0003869634661 0.0002436506465 1969.865651 8030.134349 3.326600374e-13 3.240627855e-06 8.606311969e-05 0.1089127291 1.296134417 24.89856876 3.390427025 0.07824058196 12
12500 24.93422132 24.96100105 24.88841786 0.3364039902 0.3326151391 0.003788851158 0.09447205332 0.0007669447405 0.0003721582311 0.0002706072726 1969.865651 8030.134349 2.987280043e-13 1.155805484e-05 9.380330814e-06 0.09349319036 1.296074755 24.90711572 3.390583097 0.07770668145 12
13000 24.93949173 24.96654586 24.89306843 0.3362254815 0.3327192457 0.003506235835 0.08744373962 0.0006646603803 0.0002145310249 0.0002533668632 1969.865651 8030.134349 2.590781018e-13 1.893023681e-05 8.094124625e-05 0.08307966884 1.296017813 24.91313501 3.390732065 0.07660724711 12
13500 24.93972669 24.9670031 24.89332377 0.3362275904 0.3327362356 0.003491354847 0.08707343567 0.0006026341908 0.0001258637828 0.0002306995952 1969.865651 8030.134349 3.166352399e-13 1.65907721e-05 0.0001021673629 0.08170904959 1.295936924 24.91297598 3.390943704 0.07701698995 12
14000 24.93543623 24.96278916 24.88949391 0.3363824343 0.332667082 0.003715352318 0.0926439308 0.0006369668078 0.0002595007188 0.0002291809808 1969.865651 8030.134349 2.906291113e-13 8.216473269e-06 7.215044622e-05 0.08888361866 1.295908649 24.90860915 3.391017691 0.07711827618 12
14500 24.92903893 24.95630677 24.88369213 0.3366040119 0.3325531331 0.004050878822 0.1009845159 0.0006733455013 0.0003086285597 0.0002222603124 1969.865651 8030.134349 3.402674228e-13 1.819422488e-06 1.365182876e-05 0.1003359782 1.295935427 24.90201563 3.390947623 0.07744189064 12
15000 24.92354145 24.95061555 24.87867226 0.3367938643 0.3324531184 0.004340745893 0.1081867602 0.000646328901 0.0002334938024 0.0001991398639 1969.865651 8030.134349 3.055207785e-13 1.029735369e-05 4.223885714e-05 0.1103878603 1.295998558 24.89630062 3.390782441 0.07782422427 12
15500 24.9212364 24.94810497 24.87654387 0.3368751939 0.3324111912 0.004464002674 0.1112484659 0.000624779352 0.0001167320417 0.0001872023873 1969.865651 8030.134349 3.068123914e-13 1.438011751e-05 6.888227634e-05 0.1146883985 1.296057878 24.89385349 3.390627248 0.07809222921 12
16000 24.92279634 24.94954498 24.87790376 0.3368214308 0.3324379256 0.004383505144 0.1092492059 0.0006490804445 0.0001628856624 0.000198042765 1969.865651 8030.134349 3.401900548e-13 1.208592074e-05 5.815195453e-05 0.11203691 1.296085177 24.89540358 3.390555832 0.07813206724 12
16500 24.92709562 24.95385944 24.88174128 0.3366689205 0.3325118454 0.004157075105 0.1036238086 0.0006819077867 0.0002364120484 0.0002193536394 1969.865651 8030.134349 2.96973715e-13 4.364537184e-06 1.989901114e-05 0.1044636575 1.296078541 24.89981785 3.39057319 0.07794595425 12
17000 24.93188256 24.95877561 24.88607744 0.3364987765 0.3325944061 0.00390437035 0.09734330304 0.0006742151422 0.0002219942036 0.0002308719488 1969.865651 8030.134349 3.38114359e-13 4.384190874e-06 2.416967594e-05 0.09597948793 1.296049267 24.90477872 3.390649774 0.07764807333 12
17500 24.93495746 24.96202101 24.88895738 0.3363909339 0.3326482009 0.003742732956 0.09332488704 0.0006402440655 0.0001427265106 0.0002286792894 1969.865651 8030.134349 3.491910467e-13 9.573050005e-06 5.222076585e-05 0.0905151471 1.296010467 24.90799975 3.390751283 0.07739280193 12
18000 24.93518775 24.96238152 24.889308 0.3363838829 0.3326523251 0.00373155779 0.09304709408 0.0006245313333 0.0001151052776 0.0002237330603 1969.865651 8030.134349 3.180508356e-13 9.650245831e-06 5.268969806e-05 0.09014904155 1.295977215 24.90828623 3.390838283 0.07728979239 12
18500 24.93286355 24.96009552 24.88730792 0.3364648987 0.3326102573 0.003854641384 0.09610724768 0.0006325680224 0.0001730711134 0.0002193965726 1969.865651 8030.134349 3.564940973e-13 5.834099897e-06 2.826365812e-05 0.09441650061 1.295965022 24.90591595 3.390870187 0.07736234876 12
19000 24.92935048 24.95652304 24.88415085 0.3365864003 0.332546519 0.004039881293 0.1007116166 0.0006355151923 0.0001927556324 0.0002103415718 1969.865651 8030.134349 3.589218065e-13 4.094675147e-07 7.177446894e-06 0.1008311156 1.295979391 24.90228834 3.390832591 0.07755576042 12
19500 24.92634715 24.95339901 24.88138516 0.3366911001 0.3324929987 0.004198101386 0.1046433325 0.0006250554374 0.0001540812382 0.0001991066296 1969.865651 8030.134349 3.86297703e-13 4.561392354e-06 3.608665819e-05 0.1062435979 1.296009969 24.89916025 3.390752587 0.07777208001 12
20000 24.92511796 24.95204727 24.8801832 0.3367354174 0.3324727176 0.00426269978 0.1062482948 0.0006211773981 0.0001100402112 0.0001948823113 1969.865651 8030.134349 3.686559652e-13 6.961828885e-06 4.587959862e-05 0.1083470071 1.296038296 24.89785176 3.390678477 0.07791323899 12
20500 24.9259908 24.95285072 24.88086835 0.3367064237 0.3324903704 0.004216053278 0.1050893052 0.0006343152468 0.0001307198098 0.0002011987948 1969.865651 8030.134349 3.817490266e-13 5.911435624e-06 3.393680486e-05 0.1066067992 1.296051158 24.89872083 3.390644828 0.07792280168 12
21000 24.92830758 24.95517643 24.88287999 0.3366259777 0.3325331477 0.004092830023 0.1020273257 0.0006469175298 0.0001601810995 0.0002113543358 1969.865651 8030.134349 3.850954352e-13 2.18179165e-06 7.823605626e-06 0.1022755475 1.296046309 24.90110236 3.390657513 0.07781043508 12
21500 24.93083344 24.9577757 24.88513898 0.3365377525 0.3325789733 0.003958779274 0.09869566669 0.0006430883833 0.0001506549778 0.000217195751 1969.865651 8030.134349 3.927429023e-13 2.050637627e-06 1.928635149e-05 0.09761871762 1.29602904 24.90372368 3.390702691 0.07764246264 12
22000 24.93239697 24.95943573 24.88659713 0.3364833601 0.3326071406 0.003876219471 0.09664344258 0.0006305387478 0.0001179046968 0.0002174794037 1969.865651 8030.134349 3.770120989e-13 4.577255695e-06 3.508613705e-05 0.09477007737 1.296007721 24.90536612 3.390758467 0.07750277956 12
22500 24.93242013 24.95953268 24.88670239 0.3364825882 0.3326070739 0.003875514327 0.09662595142 0.0006250294992 0.0001117481819 0.0002156182302 1969.865651 8030.134349 3.517645062e-13 4.588059002e-06 3.38180208e-05 0.09478592072 1.295991645 24.90541841 3.390800529 0.07745014603 12
23000 24.93109622 24.95823065 24.88558362 0.3365280943 0.332582044 0.00394605027 0.09837935898 0.0006274681323 0.0001334423642 0.0002126015521 1969.865651 8030.134349 3.25122307e-13 2.577168243e-06 1.797524193e-05 0.09730592787 1.295988074 24.90406772 3.390809871 0.07749592892 12
23500 24.92919382 24.95629547 24.88390523 0.3365934022 0.3325463569 0.004047045376 0.1008895786 0.0006282475416 0.0001396134638 0.0002075693547 1969.865651 8030.134349 3.641549479e-13 3.617339642e-07 3.770514212e-06 0.1008893795 1.295998027 24.902102 3.39078383 0.0776073109 12
24000 24.92764023 24.95467575 24.8824994 0.3366470051 0.3325175103 0.004129494881 0.1029385627 0.0006252011593 0.0001227923871 0.0002024512301 1969.865651 8030.134349 3.187680019e-13 2.707557281e-06 2.11472129e-05 0.103794776 1.295810042 24.90095984 3.391275738 0.07997174172 12
24500 24.92709352 24.95406308 24.88196998 0.3366661993 0.3325076486 0.004158550656 0.1036605811 0.0006249581268 0.0001087304347 0.0002009629634 1969.865651 8030.134349 3.184480018e-13 3.645642053e-06 2.703501668e-05 0.1048009172 1.296030301 24.89989407 3.390699394 0.07780173478 12
25000 24.92768064 24.95461413 24.88244867 0.3366461109 0.3325187376 0.00412737325 0.1028858423 0.0006299538679 0.0001169199005 0.0002040947695 1969.865651 8030.134349 3.184698643e-13 2.78601185e-06 2.024072027e-05 0.1036902301 1.296036588 24.90048236 3.390682944 0.07780198751 12
25500 24.92899917 24.95593904 24.88359444 0.3366004229 0.332543151 0.004057271938 0.1011437287 0.0006339174955 0.0001271060011 0.000208916395 1969.865651 8030.134349 3.127321265e-13 7.106372752e-07 5.338546412e-06 0.1012220333 1.296032798 24.90183821 3.390692861 0.07773670578 12
26000 24.93036142 24.95734171 24.88480636 0.3365532072 0.3325683592 0.003984847986 0.09934370048 0.0006318423021 0.0001223399767 0.0002120054917 1969.865651 8030.134349 2.908335749e-13 1.512654823e-06 1.005918212e-05 0.09867257188 1.296022009 24.90325252 3.390721088 0.07764373575 12
26500 24.93114417 24.95817611 24.88552702 0.3365262776 0.3325830203 0.003943257284 0.09830991584 0.0006267066654 0.0001109175017 0.0002124935415 1969.865651 8030.134349 2.626381238e-13 2.701348222e-06 1.906598307e-05 0.09719758165 1.296009527 24.90407651 3.390753744 0.07756877919 12
27000 24.93106512 24.95813523 24.88548889 0.3365292505 0.332581822 0.003947428556 0.0984135984 0.0006239250539 0.0001099770015 0.0002113275211 1969.865651 8030.134349 2.445788241e-13 2.514415568e-06 1.852595261e-05 0.09732723294 1.296000889 24.90401063 3.390776342 0.07754308543 12
27500 24.93026597 24.95734545 24.88479981 0.3365569778 0.3325671989 0.003989778869 0.09946624837 0.0006240965226 0.0001173244015 0.0002091485078 1969.865651 8030.134349 2.396863332e-13 1.245500062e-06 9.932908776e-06 0.09880545881 1.295999708 24.90319426 3.390779433 0.07757161097 12
28000 24.92919337 24.95625287 24.88384857 0.3365940258 0.3325473871 0.004046638718 0.1008794391 0.0006244910794 0.000118827652 0.0002063489795 1969.865651 8030.134349 2.530618797e-13 4.923748659e-07 1.849696543e-06 0.1008018761 1.296005872 24.9020856 3.390763306 0.07763479274 12
28500 24.92836154 24.95538428 24.8830954 0.3366227693 0.3325319785 0.004090790876 0.1019767139 0.0006244450978 0.0001126599121 0.0002041136235 1969.865651 8030.134349 2.937289606e-13 1.758077489e-06 1.111775694e-05 0.1023556301 1.296015662 24.90121732 3.390737692 0.07770028133 12
29000 24.92811541 24.95510322 24.88285591 0.3366312906 0.3325273571 0.004103933531 0.1023033287 0.0006255801566 0.0001086210121 0.0002038318025 1969.865651 8030.134349 2.955713954e-13 2.148941848e-06 1.408336489e-05 0.1028233857 1.296024044 24.90095076 3.390715762 0.07773845991 12
29500 24.92849615 24.95546648 24.88317652 0.3366180481 0.3325342268 0.004083821309 0.1018035238 0.0006279742875 0.0001115917574 0.0002056164215 1969.865651 8030.134349 3.022903809e-13 1.538894717e-06 1.022588205e-05 0.1021289003 1.296027445 24.90133441 3.390706864 0.07773531068 12
30000 24.92925744 24.95623361 24.88384611 0.3365915469 0.3325480638 0.004043483181 0.1008010332 0.000629344432 0.0001147139626 0.0002081144118 1969.865651 8030.134349 2.879906817e-13 3.542964872e-07 2.162901747e-06 0.100727306 1.296025127 24.90211789 3.390712928 0.07769721545 12
30500 24.93001062 24.95701041 24.88452221 0.3365653659 0.3325618139 0.004003552035 0.09980859474 0.0006282710723 0.0001127447898 0.0002098253074 1969.865651 8030.134349 2.52545989e-13 9.601620789e-07 5.938751374e-06 0.09933545692 1.296018882 24.90290015 3.390729267 0.07764576537 12
31000 24.93041811 24.95744642 24.88490084 0.336551276 0.3325693289 0.003981947063 0.09927160516 0.0006259968215 0.0001091489117 0.0002101966688 1969.865651 8030.134349 3.225828548e-13 1.590269355e-06 1.040866405e-05 0.0985775386 1.296011871 24.90332965 3.39074761 0.07760590196 12
31500 24.93033978 24.95738804 24.88484838 0.3365540737 0.3325679883 0.003986085386 0.09937446309 0.000624452004 0.0001091776675 0.0002094609234 1969.865651 8030.134349 2.974538402e-13 1.445545385e-06 9.694822306e-06 0.09871591866 1.296007252 24.90325722 3.390759696 0.07759406188 12
32000 24.92987085 24.9569226 24.88444084 0.3365703766 0.3325594684 0.004010908183 0.099991423 0.0006240307597 0.0001115246454 0.0002080280958 1969.865651 8030.134349 3.368005959e-13 7.052830715e-07 4.774496933e-06 0.09957792953 1.296006857 24.90277743 3.390760728 0.07761198387 12
32500 24.92926931 24.95630852 24.88390416 0.3365912442 0.3325484885 0.004042755721 0.1007829461 0.0006240845723 0.0001117812564 0.0002064120953 1969.865651 8030.134349 3.393129429e-13 3.576229543e-07 1.613123677e-06 0.1006870801 1.296010406 24.90215522 3.390751443 0.07764795777 12
33000 24.92882057 24.95583875 24.88349447 0.3366068257 0.3325403027 0.004066522968 0.1013736214 0.0006244515633 0.0001097195233 0.0002053300634 1969.865651 8030.134349 3.625092176e-13 1.031397252e-06 6.380150826e-06 0.1015146045 1.296015781 24.90168643 3.390737381 0.07768369633 12
33500 24.92870687 24.955706 24.88337951 0.3366107982 0.3325382466 0.004072551603 0.1015234451 0.0006254126021 0.0001086213777 0.0002053425858 1969.865651 8030.134349 3.397911909e-13 1.217786568e-06 7.584854372e-06 0.1017234803 1.296020276 24.90156221 3.390725621 0.07770318347 12
34000 24.92893815 24.95592854 24.88357431 0.3366027769 0.332542477 0.004060299902 0.1012189651 0.0006266394442 0.000109651053 0.0002063643059 1969.865651 8030.134349 3.604000637e-13 8.574819885e-07 5.112833803e-06 0.1012961255 1.29602199 24.90179607 3.390721136 0.07769957954 12
34500 24.92936811 24.95636279 24.8839532 0.3365878292 0.3325503144 0.004037514757 0.1006526916 0.0006272101274 0.0001105459758 0.0002077143086 1969.865651 8030.134349 3.515772087e-13 2.517828657e-07 5.436502231e-07 0.1005029265 1.296020554 24.90223898 3.390724893 0.07767730214 12
35000 24.92977905 24.95678751 24.88432356 0.3365735434 0.3325578005 0.004015742945 0.1001115843 0.0006267075398 0.0001098130213 0.0002086696706 1969.865651 8030.134349 3.588670392e-13 5.710610923e-07 3.849900517e-06 0.09974533764 1.296017018 24.90266613 3.390734143 0.07764870475 12
35500 24.9299888 24.95701318 24.88452046 0.3365662614 0.3325616199 0.004004641561 0.09983566927 0.0006256708668 0.0001087312915 0.0002089002429 1969.865651 8030.134349 4.082716261e-13 8.922474735e-07 6.059095186e-06 0.09935934912 1.296013198 24.90288766 3.390744138 0.07762745778 12
36000 24.92992838 24.95696341 24.88447723 0.3365683609 0.3325605031 0.004007857766 0.09991560709 0.0006248563763 0.0001088370085 0.0002084613854 1969.865651 8030.134349 4.268633093e-13 7.976652547e-07 5.372467919e-06 0.0994725705 1.296010828 24.90282985 3.390750339 0.07762218006 12
36500 24.92965865 24.95669495 24.88424319 0.336577712 0.3325555541 0.004022157883 0.1002710231 0.0006245123022 0.0001095635005 0.0002076081016 1969.865651 8030.134349 4.747044544e-13 4.008326263e-07 2.44996069e-06 0.09997259225 1.296010817 24.90255355 3.390750367 0.07763323941 12
37000 24.92932665 24.95635543 24.88394718 0.3365892213 0.3325494703 0.004039750925 0.1007082704 0.0006245209526 0.0001095703964 0.0002067095881 1969.865651 8030.134349 5.051991628e-13 2.844872518e-07 1.138215157e-06 0.1005870847 1.296027411 24.90270338 3.390706952 0.07703363185 12
37500 24.92908906 24.95610597 24.88372981 0.3365974683 0.3325451297 0.004052338672 0.1010211117 0.0006248279328 0.0001089097136 0.0002061707441 1969.865651 8030.134349 5.196615849e-13 6.083979548e-07 3.67493217e-06 0.1010258706 1.296015864 24.90196137 3.390737164 0.07767316613 12
37999 24.92904265 24.95604876 24.88368012 0.3365990927 0.332544298 0.004054794612 0.1010821478 0.000625441999 0.0001086293725 0.00020624875 1969.865651 8030.134349 5.628400049e-13 6.823092454e-07 4.149347382e-06 0.1011103836 1.296018346 24.90190947 3.39073067 0.07768335462 12
