# step v0 Mach sigma R umax_ref urms_ref umax_mean urms_mean umax_lab mean_x mean_y mean_z drop_ux drop_uy x0 y0 x_unwrapped center_dx center_dy axis_ratio mass_R mass_B min_f negative_total negative_color min_rho min_phi max_phi qx qy qz p_in p_out delta_p urms_lab
0 0 0 -5.560112678108922e-15 25.040521385269312 0.019846305619504241 0.0024201668813258127 0.019846305619504241 0.0024201668813258127 0.019846305619504241 1.0914306683783914e-20 -1.6615952882460483e-20 3.8794097028859356e-22 -4.9107839666935126e-20 -6.8193636960984364e-20 50.000000000000007 50.000000000000007 50.000000000000007 7.1054273576010019e-15 7.1054273576010019e-15 1.0000000000000007 1969.8656512480641 8030.1343487520408 0.023429961798697149 0 0 0.99999999999999967 5.1710809399147485e-26 0.99999999999998512 7.9405991105787696e-17 -1.7819116911136478e-16 2.9336804357058192e-17 0.33333333333333387 0.33333333333333409 -2.2204460492503131e-16 0.0024201668813258127
500 0 0 0.44945880662741761 24.380253790077116 0.017999504556870615 0.0088338496399299523 0.01799950455687058 0.0088338496399299575 0.017999504556870615 5.3057558346838634e-17 -5.52738410597467e-17 2.5721184503829976e-21 7.5482680969490177e-17 -7.7175141228777315e-17 50.000000000000043 49.999999999999964 50.000000000000043 4.2632564145606011e-14 -3.5527136788005009e-14 1.0000000000000016 1969.8656512479636 8030.1343487515778 0.020890691025429127 0 0 0.93509457972784027 4.1143737274371432e-18 0.99999999999999956 5.2946536044373715e-13 -5.6418926605225628e-13 7.6883896289407736e-17 0.34954164552750561 0.3311062834308916 0.018435362096614005 0.0088338496399299523
1000 0 0 0.75044945403125352 24.096251019835211 0.014433350425528509 0.0077351557281174124 0.014433350425528485 0.0077351557281174132 0.014433350425528509 1.784718206554617e-17 -3.2453900677967378e-17 -7.1584571750891651e-20 4.2893606752956133e-18 3.3997187172487834e-17 50.000000000000071 49.999999999999943 50.000000000000071 7.1054273576010019e-14 -5.6843418860808015e-14 1.0000000000000011 1969.8656512478799 8030.1343487511713 0.021220198626647105 0 0 0.95304949997959687 5.3194974260187706e-18 0.99999999999999978 1.7926361434904498e-13 -2.6136383367899446e-13 -7.6158987084061771e-16 0.35907696900161412 0.32793314279339986 0.031143826208214265 0.0077351557281174124
1500 0 0 0.95156912289915441 23.963748885076559 0.016848308504509007 0.0051962586158185477 0.016848308504508996 0.0051962586158185503 0.016848308504509007 -3.6826097726821674e-17 1.9281451435484951e-17 1.1774092467558368e-20 -9.3786489689515621e-17 9.9758161938746571e-17 50.00000000000005 49.999999999999964 50.00000000000005 4.9737991503207013e-14 -3.5527136788005009e-14 1.0000000000000029 1969.8656512477885 8030.1343487508047 0.021537186156410051 0 0 0.95182674239257681 5.6436660925624464e-18 0.99999999999999978 -3.6844876108443891e-13 2.2407759241865888e-13 6.4034336005401632e-17 0.3660925718058689 0.32638387983690303 0.03970869196896587 0.0051962586158185477
2000 0 0 0.96338488666465394 23.954298201490431 0.018868292023878307 0.0034490955489292902 0.018868292023878283 0.0034490955489292893 0.018868292023878307 -2.568743828757411e-17 9.1024410231471837e-18 -8.4619635467243918e-20 -1.1238794107337536e-16 8.2085458681150572e-17 49.999999999999986 50.000000000000014 49.999999999999986 -1.4210854715202004e-14 1.4210854715202004e-14 1.0000000000000004 1969.8656512477082 8030.1343487503973 0.021572428289874795 0 0 0.95519105687350792 5.4368943342143452e-18 0.99999999999999978 -2.5689517245235105e-13 9.6010872863150354e-14 -9.6184433471872107e-16 0.36560161542210595 0.32538399441057858 0.040217621011527371 0.0034490955489292902
2500 0 0 0.94292111870779904 23.972700804306349 0.019630084791213614 0.0028219345306881409 0.019630084791213587 0.0028219345306881387 0.019630084791213614 1.0654671589452052e-17 -2.7713595307516782e-17 -2.0287622233550592e-19 1.0125407798666158e-17 -7.3499278883222478e-17 49.999999999999986 50.000000000000021 49.999999999999986 -1.4210854715202004e-14 2.1316282072803006e-14 1.0000000000000018 1969.8656512476282 8030.1343487500608 0.021586442691355547 0 0 0.95433778709456141 5.1145278872830189e-18 0.99999999999999978 1.0619630344641407e-13 -2.805052197463187e-13 -2.0657708858941477e-15 0.36472909889062749 0.32539597883857158 0.039333120052055914 0.0028219345306881409
3000 0 0 0.91095458598340262 23.996148909089406 0.019850903976948969 0.0027230692480974465 0.019850903976948938 0.0027230692480974482 0.019850903976948969 1.4225426392404197e-17 -2.943409405099232e-17 -2.48004954232885e-20 8.1990921022066588e-17 -5.1668438694927661e-17 50.000000000000014 49.999999999999993 50.000000000000014 1.4210854715202004e-14 -7.1054273576010019e-15 1.0000000000000024 1969.8656512475384 8030.1343487496033 0.021618544043666671 0 0 0.95403838563820509 4.5904288781297273e-18 0.99999999999999978 1.4194546959275106e-13 -2.9170241255035284e-13 -1.3985249668027751e-16 0.36357406962853128 0.32561153699737455 0.037962532631156731 0.0027230692480974465
3500 0 0 0.89548909778785246 24.011117143230553 0.020420058075361847 0.0027026163867757344 0.020420058075361857 0.0027026163867757353 0.020420058075361847 -8.0862400109208809e-18 -1.1497747198777963e-17 -7.4306842955336417e-20 8.0781482172073808e-17 2.9253584259126575e-18 50.000000000000014 49.999999999999993 50.000000000000014 1.4210854715202004e-14 -7.1054273576010019e-15 1.0000000000000013 1969.8656512474538 8030.1343487493132 0.021537683356470081 0 0 0.95329758626013217 4.7232685777866781e-18 0.99999999999999978 -8.0971687688169425e-14 -1.1424455131914257e-13 -7.3562407001134201e-16 0.36317508565199824 0.32588031538178958 0.037294770270208666 0.0027026163867757344
4000 0 0 0.88311535140738617 24.019530616953123 0.0207764080919773 0.0026998903601779816 0.020776408091977307 0.0026998903601779816 0.0207764080919773 -2.8893554215880357e-18 -1.0176234854778899e-17 -3.7020293268968576e-20 7.7018801522349764e-17 3.1224490308598255e-17 50.000000000000007 50.000000000000014 50.000000000000007 7.1054273576010019e-15 1.4210854715202004e-14 1.0000000000000004 1969.8656512473751 8030.1343487488994 0.021494853291084214 0 0 0.95302076923772294 4.767676775646592e-18 0.99999999999999978 -2.9237029464113107e-14 -9.7866163008839338e-14 -4.6909656525421516e-16 0.36281348092344001 0.32604692767597238 0.036766553247467637 0.0026998903601779816
4500 0 0 0.87740366891649613 24.022964952648113 0.020788436194956409 0.0026938123031991284 0.02078843619495643 0.0026938123031991289 0.020788436194956409 -6.1027571884889485e-18 -2.0317775240039215e-17 1.4055442117192994e-19 4.1927510712344623e-17 -3.2300685305614558e-18 50.000000000000007 50.000000000000007 50.000000000000007 7.1054273576010019e-15 7.1054273576010019e-15 1.0000000000000004 1969.8656512472928 8030.1343487484964 0.021488756974389227 0 0 0.95277891683785787 4.7302524140573301e-18 0.99999999999999978 -6.153757296350473e-14 -2.0455533925715116e-13 1.458878171157999e-15 0.36267031664414595 0.3261467788274795 0.036523537816666451 0.0026938123031991284
5000 0 0 0.8752439342607774 24.024108261947482 0.020648779501586164 0.0026846554081822022 0.020648779501586171 0.0026846554081822022 0.020648779501586164 -8.5830648144420212e-18 -1.1515441378234574e-17 1.7389874395100902e-19 -1.62701382666212e-18 2.5399807417494256e-17 50.000000000000007 50.000000000000007 50.000000000000007 7.1054273576010019e-15 7.1054273576010019e-15 1.0000000000000004 1969.8656512471946 8030.1343487481427 0.021499613047488313 0 0 0.95273008118652658 4.8274780479458433e-18 0.99999999999999978 -8.6073488678710007e-14 -1.1671328008940854e-13 1.9625195608891502e-15 0.36262398779115329 0.326192086772496 0.036431901018657287 0.0026846554081822022
5500 0 0 0.87535211339639862 24.024050108030796 0.020529072987105542 0.0026802735736233137 0.020529072987105552 0.0026802735736233133 0.020529072987105542 -4.5158321526651834e-18 -8.9806634351366212e-18 1.758575814532707e-21 4.7927178227984248e-19 -1.6581452522143344e-17 50.000000000000007 49.999999999999993 50.000000000000007 7.1054273576010019e-15 -7.1054273576010019e-15 1.0000000000000027 1969.8656512471321 8030.1343487477188 0.021510544713330099 0 0 0.95271223989170395 4.8235951886857198e-18 0.99999999999999978 -4.564060091097116e-14 -8.8597748928997966e-14 -1.1498024751440778e-16 0.36264651112458018 0.3262100189652592 0.036436492159320988 0.0026802735736233137
6000 0 0 0.87588422824999979 24.023680221633757 0.020465818533639036 0.0026790513008487222 0.020465818533639036 0.0026790513008487222 0.020465818533639036 -1.2018164241573987e-18 -3.1332575423110474e-18 -4.0393002331794304e-20 -3.7337996001071171e-18 5.4894569871799157e-17 50.000000000000007 49.999999999999993 50.000000000000007 7.1054273576010019e-15 -7.1054273576010019e-15 1.0000000000000056 1969.8656512470345 8030.1343487473705 0.021516284403689804 0 0 0.95274440448196585 4.8090422967762979e-18 0.99999999999999978 -1.2174290201438179e-14 -3.1055453347805795e-14 -2.4158272599549442e-16 0.36266570224024691 0.3262064994799117 0.036459202760335208 0.0026790513008487222
6500 0 0 0.87658093665549497 24.023231453815569 0.020441912190919787 0.0026786796278466174 0.020441912190919787 0.0026786796278466174 0.020441912190919787 -1.6389667401038896e-18 -8.430756093252438e-19 -6.0646615787625524e-20 1.8321674641340906e-17 1.1647884809610762e-17 50.000000000000014 49.999999999999993 50.000000000000014 1.4210854715202004e-14 -7.1054273576010019e-15 1.0000000000000004 1969.8656512469424 8030.1343487468957 0.021518379805466857 0 0 0.95278153821084988 4.7984884931531956e-18 0.99999999999999978 -1.618497003086361e-14 -8.8210697223750113e-15 -6.5731198298649729e-16 0.36268169076935963 0.32619280548593249 0.036488885283427142 0.0026786796278466174
7000 0 0 0.87720967136591965 24.022786849761527 0.020434340174586941 0.0026783844830360415 0.020434340174586955 0.0026783844830360407 0.020434340174586941 -1.2346720867925423e-17 -1.021543960533892e-17 4.4120702276152943e-20 -4.5066582077043447e-17 -4.2774544231937891e-17 50.000000000000007 50.000000000000007 50.000000000000007 7.1054273576010019e-15 7.1054273576010019e-15 1.0000000000000004 1969.8656512468617 8030.1343487465347 0.021519479037593901 0 0 0.95281259274495478 4.7903119084294808e-18 0.99999999999999978 -1.2335965592954182e-13 -1.0158800534440488e-13 5.485042509087556e-16 0.36269376924537439 0.32617803621023622 0.036515733035138165 0.0026783844830360415
7500 0 0 0.87776069169596826 24.022379914236382 0.02043198495166406 0.0026781186776943652 0.020431984951664057 0.0026781186776943652 0.02043198495166406 8.0813827851911585e-18 -6.0351029729274975e-18 -4.9406819846792152e-20 -2.2402062009749275e-17 -4.9054438787849108e-17 49.999999999999993 50.000000000000007 49.999999999999993 -7.1054273576010019e-15 7.1054273576010019e-15 1.000000000000002 1969.8656512467785 8030.1343487462091 0.021520201651198421 0 0 0.95282600360489922 4.7852385512401922e-18 0.99999999999999978 8.1323837400825664e-14 -6.0290101378787696e-14 -5.6518385375254708e-16 0.36270740494072456 0.32616811554351621 0.036539289397208352 0.0026781186776943652
8000 0 0 0.87814661819559436 24.022089301507339 0.020432922056159531 0.0026779446492608949 0.020432922056159535 0.0026779446492608953 0.020432922056159531 3.7754521731187635e-18 3.9551695252300959e-20 -1.6121688314403426e-19 -4.3853250927011571e-17 -4.7897477454231533e-18 50.000000000000014 49.999999999999993 50.000000000000014 1.4210854715202004e-14 -7.1054273576010019e-15 1.0000000000000036 1969.8656512467094 8030.1343487458071 0.021520401132431387 0 0 0.95282978887159853 4.7843127781409099e-18 0.99999999999999978 3.7806556659174956e-14 6.3230628347707256e-16 -1.6928748526855043e-15 0.36271910210464581 0.32616330518066666 0.036555796923979145 0.0026779446492608949
8500 0 0 0.87833950336080846 24.021946228613501 0.020436705689499055 0.0026778717893554747 0.020436705689499061 0.0026778717893554747 0.020436705689499055 -8.7766599543639975e-18 -2.7262914148473057e-18 -1.7374204104967674e-20 8.7193549969752565e-18 2.0726584797171289e-18 50.000000000000014 50.000000000000007 50.000000000000014 1.4210854715202004e-14 7.1054273576010019e-15 1.0000000000000013 1969.8656512466339 8030.1343487454697 0.021520162306022803 0 0 0.95282919343213335 4.7847602970279682e-18 0.99999999999999978 -8.795047689683189e-14 -2.7026123599887278e-14 -3.6829370735310403e-16 0.36272590694027185 0.32616186275326992 0.036564044187001932 0.0026778717893554747
9000 0 0 0.87836651132064725 24.021925397806669 0.020441137196396581 0.002677864485494689 0.020441137196396574 0.0026778644854946894 0.020441137196396581 2.5257573810243527e-19 -5.8491406163035114e-18 3.7817406792689585e-20 2.1614878806642436e-17 2.534011039835977e-17 50.000000000000007 50.000000000000007 50.000000000000007 7.1054273576010019e-15 7.1054273576010019e-15 1.0000000000000049 1969.8656512465398 8030.1343487450476 0.021519802189492874 0 0 0.95282793050681691 4.7856236611006613e-18 0.99999999999999978 2.8067834311634211e-15 -5.8474926289964202e-14 4.3193571150143231e-16 0.36272715902975722 0.32616195883140647 0.036565200198350745 0.002677864485494689
9500 0 0 0.87830951968916626 24.021967660607224 0.020444347578600929 0.0026778844047170331 0.020444347578600933 0.0026778844047170326 0.020444347578600929 6.7654215563156057e-18 -2.1548735018603195e-18 -1.1016391550551818e-19 8.3638012463132859e-17 2.4945797272728017e-17 50.000000000000007 49.999999999999993 50.000000000000007 7.1054273576010019e-15 -7.1054273576010019e-15 1.0000000000000033 1969.8656512464595 8030.1343487447011 0.021519529190989699 0 0 0.95282657722738096 4.7862362997021062e-18 0.99999999999999978 6.7484211180142092e-14 -2.1266408349352199e-14 -1.0649712853422333e-15 0.3627253691851286 0.32616260579712042 0.036562763388008179 0.0026778844047170331
10000 0 0 0.87823697963707659 24.022022119340917 0.020445934846720835 0.0026779062903223689 0.020445934846720838 0.0026779062903223684 0.020445934846720835 -3.0402763639997893e-18 -6.2946176049353156e-18 -8.8204094796305356e-20 7.3674363315514642e-17 4.7844222042879804e-18 50.000000000000014 50.000000000000007 50.000000000000014 1.4210854715202004e-14 7.1054273576010019e-15 1.0000000000000024 1969.8656512463649 8030.1343487443328 0.021519382603611675 0 0 0.95282538169917474 4.7866221126691871e-18 0.99999999999999978 -3.0975224928140709e-14 -6.3306564851428604e-14 -9.5173957790910508e-16 0.36272301165344722 0.3261633508857561 0.036559660767691127 0.0026779062903223689
10500 0 0 0.87818345014019306 24.022062691425607 0.02044641456472392 0.0026779216980414217 0.020446414564723913 0.0026779216980414217 0.02044641456472392 -4.8142045905355295e-18 -5.9136723296107021e-18 8.6208725378107249e-20 2.97110712166023e-18 -1.4354272349391018e-17 50.000000000000007 50.000000000000007 50.000000000000007 7.1054273576010019e-15 7.1054273576010019e-15 1.0000000000000009 1969.8656512462881 8030.134348743919 0.021519318299593557 0 0 0.95282438585483509 4.7869662954338598e-18 0.99999999999999978 -4.7548770529463842e-14 -5.969942427650889e-14 8.3436558924597459e-16 0.36272135791539833 0.32616398724241069 0.036557370672987644 0.0026779216980414217
11000 0 0 0.87815380145610467 24.022084902227494 0.020446369746678114 0.0026779305442137776 0.020446369746678128 0.0026779305442137776 0.020446369746678114 3.8490044485013014e-18 -1.3354595207473599e-17 -3.5369390231245971e-20 -3.8223935356832093e-17 -9.2114317541077278e-18 50.000000000000007 50.000000000000007 50.000000000000007 7.1054273576010019e-15 7.1054273576010019e-15 1.0000000000000029 1969.8656512461928 8030.1343487435051 0.021519295177831212 0 0 0.95282374879220744 4.7871388265885837e-18 0.99999999999999978 3.8236774857480782e-14 -1.3335990155243191e-13 -3.3530722517251582e-16 0.36272052299569901 0.32616442034972609 0.036556102645972921 0.0026779305442137776
11500 0 0 0.878141630283372 24.022093699840614 0.020446144730202998 0.0026779348682778679 0.020446144730202995 0.002677934868277867 0.020446144730202998 3.8791886369835079e-18 -1.6566609195596324e-18 1.1350689954270477e-19 -2.6679515655752045e-17 9.025870727093731e-18 50.000000000000007 49.999999999999993 50.000000000000007 7.1054273576010019e-15 -7.1054273576010019e-15 1.0000000000000004 1969.8656512461064 8030.1343487431204 0.021519295044726612 0 0 0.95282346678922547 4.7871921834104519e-18 0.99999999999999978 3.8968829858408889e-14 -1.6359743421068274e-14 1.2335873656329399e-15 0.36272022150063854 0.32616463890838521 0.036555582592253333 0.0026779348682778679
12000 0 0 0.87813918951785841 24.02209514242217 0.020445887739269104 0.0026779362973028843 0.0204458877392691 0.0026779362973028856 0.020445887739269104 -3.5769998074682023e-19 -1.1596973381613204e-17 -7.4621392266686821e-20 -1.8300709673061773e-17 -5.7572779388761022e-17 50.000000000000007 50.000000000000007 50.000000000000007 7.1054273576010019e-15 7.1054273576010019e-15 1.0000000000000004 1969.8656512460195 8030.134348742703 0.02151930922968948 0 0 0.95282343536437608 4.7871810025891473e-18 0.99999999999999978 -3.09473630498902e-15 -1.1572036773984632e-13 -7.8090905788605381e-16 0.36272017840847526 0.32616469961649031 0.036555478791984952 0.0026779362973028843
12500 0 0 0.87814123062366689 24.022093391155806 0.020445667425527815 0.0026779360273524052 0.020445667425527819 0.0026779360273524047 0.020445667425527815 4.2375825071210764e-18 -8.4824508528412647e-18 -1.0351507631364603e-19 1.9019775822041444e-18 1.4766742501557358e-17 50.000000000000007 49.999999999999993 50.000000000000007 7.1054273576010019e-15 -7.1054273576010019e-15 1.0000000000000016 1969.8656512459438 8030.134348742421 0.021519328174449539 0 0 0.95282351653172681 4.7871356966741087e-18 0.99999999999999978 4.2039287869788996e-14 -8.5031374276354368e-14 -1.1276280633858177e-15 0.36272024429903382 0.32616467787421211 0.036555566424821717 0.0026779360273524052
13000 0 0 0.878144604136748 24.022090781851315 0.020445519545467611 0.0026779349978101729 0.020445519545467614 0.0026779349978101738 0.020445519545467611 4.9394516255023608e-18 3.2716884756962322e-19 1.4072029123752501e-19 -2.5218596630678707e-18 4.0650937814043587e-17 50.000000000000014 49.999999999999993 50.000000000000014 1.4210854715202004e-14 -7.1054273576010019e-15 1.0000000000000004 1969.8656512458558 8030.1343487419617 0.021519343552939645 0 0 0.95282362056539793 4.7870948841277467e-18 0.99999999999999978 4.9724113715399199e-14 3.1853864062788857e-15 1.3953144952828468e-15 0.36272034325256747 0.32616463242325922 0.036555710829308252 0.0026779349978101729
13500 0 0 0.87814785238335336 24.022088457102182 0.020445448700766082 0.0026779338917371229 0.020445448700766075 0.002677933891737122 0.020445448700766082 -7.2407357887363285e-18 -6.6731342673960009e-18 2.6469013375591391e-21 -2.0414123574163864e-17 -2.2062448103954169e-17 50.000000000000014 50.000000000000014 50.000000000000014 1.4210854715202004e-14 1.4210854715202004e-14 1.0000000000000031 1969.865651245774 8030.1343487415988 0.021519352063347371 0 0 0.9528237050234265 4.78706391778601e-18 0.99999999999999978 -7.2480221355460638e-14 -6.6591260365058899e-14 6.169323411211746e-17 0.36272043406972243 0.32616458448355845 0.03655584958616398 0.0026779338917371229
14000 0 0 0.878150096072146 24.022086842694648 0.020445433458245201 0.0026779330614043746 0.020445433458245205 0.0026779330614043742 0.020445433458245201 2.3866325582520118e-18 -4.9248799483045948e-18 1.9078633926373109e-20 -5.6212109757488819e-17 -7.7012648814700865e-17 50.000000000000007 50.000000000000007 50.000000000000007 7.1054273576010019e-15 7.1054273576010019e-15 1.0000000000000007 1969.8656512456937 8030.134348741235 0.021519354922038242 0 0 0.95282375924110685 4.7870460027718391e-18 0.99999999999999978 2.3502035346599677e-14 -4.9484291582977194e-14 7.2489851376971376e-17 0.36272049721149541 0.3261645517675133 0.036555945443982107 0.0026779330614043746
14500 0 0 0.87815134489120916 24.022085944433179 0.02044544522551716 0.0026779325835785137 0.020445445225517167 0.0026779325835785128 0.02044544522551716 -1.4231671396933072e-18 6.6304600698875647e-18 -2.5274322690818864e-20 -6.6447364524336232e-17 -1.0282907515513928e-16 50.000000000000007 49.999999999999993 50.000000000000007 7.1054273576010019e-15 -7.1054273576010019e-15 1.0000000000000036 1969.8656512456002 8030.1343487408358 0.021519354821300685 0 0 0.95282378605104212 4.7870397348214844e-18 0.99999999999999978 -1.4595963326868855e-14 6.6300697570964573e-14 -2.094470656064114e-16 0.36272053134623805 0.32616453254902661 0.036555998797211442 0.0026779325835785137
15000 0 0 0.87815178735801191 24.022085579311739 0.020445463411428826 0.002677932384818651 0.020445463411428829 0.002677932384818651 0.020445463411428826 -1.7406215357975566e-18 3.6814301607231159e-18 5.3922894454751986e-20 6.6147052480813155e-18 -6.0310880491484727e-17 50.000000000000007 50.000000000000014 50.000000000000007 7.1054273576010019e-15 1.4210854715202004e-14 1.0000000000000016 1969.8656512455241 8030.1343487405093 0.02151935376653066 0 0 0.95282379363551328 4.7870399682152539e-18 0.99999999999999978 -1.6993351779473733e-14 3.6570138430903117e-14 5.1035317456264715e-16 0.36272054452157421 0.32616452674956642 0.036556017772007787 0.002677932384818651
15500 0 0 0.87815191355570144 24.022085533601565 0.020445478702802642 0.0026779323552955344 0.020445478702802639 0.0026779323552955344 0.020445478702802642 -2.3973878438034347e-18 3.3483632533353036e-18 -3.8129299533352789e-20 -2.4277832097446424e-17 1.3629421323177237e-17 50.000000000000007 50.000000000000007 50.000000000000007 7.1054273576010019e-15 7.1054273576010019e-15 1.0000000000000002 1969.8656512454327 8030.1343487400673 0.021519352663349464 0 0 0.9528237907491075 4.7870445242737268e-18 0.99999999999999978 -2.4352048155762418e-14 3.404611662038981e-14 -3.7955482595985321e-16 0.36272054592222303 0.32616452282725228 0.036556023094970747 0.0026779323552955344
16000 0 0 0.87815177263489941 24.022085638507722 0.020445488959763187 0.0026779324044955565 0.020445488959763187 0.0026779324044955565 0.020445488959763187 -1.6712325967585403e-18 5.5351556671550242e-18 -4.4819466954390061e-20 -1.1597650782080602e-17 5.626215088101207e-17 50.000000000000007 50.000000000000007 50.000000000000007 7.1054273576010019e-15 7.1054273576010019e-15 1.0000000000000024 1969.8656512453476 8030.1343487396925 0.021519351781965464 0 0 0.95282378434133996 4.7870471973295666e-18 0.99999999999999978 -1.6965600041976146e-14 5.5253545006833508e-14 -4.9076620757015022e-16 0.36272054201557619 0.32616452494654991 0.036556017069026281 0.0026779324044955565
16500 0 0 0.87815157599383575 24.022085784575562 0.0204454947558847 0.0026779324743959913 0.020445494755884697 0.0026779324743959913 0.0204454947558847 3.0492969260767297e-18 3.8229835963635773e-18 -4.5958770859846261e-20 3.7306206364687238e-17 3.2185768658436646e-17 50.000000000000007 50.000000000000007 50.000000000000007 7.1054273576010019e-15 7.1054273576010019e-15 1.0000000000000013 1969.8656512452681 8030.134348739346 0.02151935118113673 0 0 0.95282377839583254 4.7870493235225985e-18 0.99999999999999978 3.0656035199756046e-14 3.8162616725901974e-14 -5.0899507840267429e-16 0.36272053658684905 0.32616452792594869 0.036556008660900363 0.0026779324743959913
17000 0 0 0.87815140386829604 24.022085912025393 0.0204454972269674 0.0026779325345993822 0.0204454972269674 0.002677932534599383 0.0204454972269674 -1.6625589793788247e-18 7.75768338458066e-19 1.0363473494331611e-19 -3.1709718871805304e-17 2.6124137190377808e-17 50.000000000000007 50.000000000000007 50.000000000000007 7.1054273576010019e-15 7.1054273576010019e-15 1.0000000000000016 1969.8656512451917 8030.1343487390322 0.021519350853599829 0 0 0.95282377433979792 4.7870508256466343e-18 0.99999999999999978 -1.6420892450066236e-14 8.0365418773974476e-15 1.1367258075940413e-15 0.36272053171381441 0.32616453041216659 0.036556001301647822 0.0026779325345993822
17500 0 0 0.87815128809624388 24.0220859973094 0.020445497548486326 0.0026779325742762221 0.020445497548486319 0.0026779325742762221 0.020445497548486326 6.296352328415735e-18 -2.2516710718215846e-18 -1.3817720776706114e-19 4.7670526930687932e-17 7.5660404421620272e-18 49.999999999999993 50.000000000000007 49.999999999999993 -7.1054273576010019e-15 7.1054273576010019e-15 1.0000000000000002 1969.8656512450821 8030.1343487385675 0.021519350741356264 0 0 0.95282377212663849 4.7870514961761504e-18 0.99999999999999978 6.2821274264958198e-14 -2.2629901424986443e-14 -1.3839923491444807e-15 0.36272052836019159 0.32616453200772655 0.036555996352465037 0.0026779325742762221
18000 0 0 0.87815122901086262 24.022086040494727 0.020445496799118241 0.0026779325943093717 0.020445496799118248 0.002677932594309373 0.020445496799118241 1.2204820487602931e-17 8.8779678053690207e-18 -7.455309784314811e-20 3.5617589815761039e-17 9.8150911144818835e-18 50.000000000000007 49.999999999999993 50.000000000000007 7.1054273576010019e-15 -7.1054273576010019e-15 1 1969.8656512450102 8030.13434873812 0.021519350756833474 0 0 0.95282377121811113 4.7870516799132598e-18 0.99999999999999978 1.2211412203857075e-13 8.8613578280716254e-14 -6.7920549343621704e-16 0.3627205266405471 0.32616453281342744 0.036555993827119659 0.0026779325943093717
18500 0 0 0.87815121098609239 24.022086053373823 0.020445495788963035 0.0026779326006322801 0.020445495788963035 0.0026779326006322805 0.020445495788963035 8.7849866270568851e-18 3.7428393717740092e-18 -6.0006682244026576e-20 2.8488805330054917e-17 1.0316861664973133e-17 50.000000000000007 50.000000000000007 50.000000000000007 7.1054273576010019e-15 7.1054273576010019e-15 1.0000000000000033 1969.8656512449277 8030.1343487377271 0.021519350820990869 0 0 0.95282377107726357 4.7870516386773609e-18 0.99999999999999978 8.8089270842066253e-14 3.7472196332476952e-14 -5.4801162195850251e-16 0.36272052613995875 0.32616453308277965 0.036555993057179104 0.0026779326006322801
19000 0 0 0.87815121525737316 24.022086049894263 0.020445494958478333 0.0026779325996030834 0.02044549495847834 0.0026779325996030834 0.020445494958478333 1.0402442796061006e-17 4.4339532046045976e-18 1.422180198520262e-19 -2.6899775881410212e-17 -2.3803718881628793e-17 50.000000000000007 50.000000000000007 50.000000000000007 7.1054273576010019e-15 7.1054273576010019e-15 1.0000000000000016 1969.8656512448447 8030.1343487373842 0.02151935088609035 0 0 0.95282377130695051 4.7870515008140624e-18 0.99999999999999978 1.0449280351069719e-13 4.4788391560087731e-14 1.4267789585638056e-15 0.36272052629533702 0.32616453305505644 0.036555993240280582 0.0026779325996030834
19500 0 0 0.87815122743036311 24.022086040703378 0.020445494436626615 0.0026779325958461056 0.020445494436626604 0.0026779325958461056 0.020445494436626615 1.2979894936672472e-17 4.030109579396649e-18 -9.0599893550639076e-20 3.3741610948047434e-17 -1.2113609692862035e-17 50.000000000000007 49.999999999999993 50.000000000000007 7.1054273576010019e-15 -7.1054273576010019e-15 1.0000000000000004 1969.8656512447542 8030.1343487370568 0.02151935093376971 0 0 0.95282377164604748 4.7870513560452465e-18 0.99999999999999978 1.3001752470975015e-13 3.9949164642207115e-14 -6.3869674337662257e-16 0.3627205266664224 0.32616453290541386 0.036555993761008543 0.0026779325958461056
20000 0 0 0.87815123941943274 24.022086031765006 0.020445494182599309 0.0026779325919475037 0.020445494182599298 0.0026779325919475037 0.020445494182599309 1.1355499873765407e-17 8.8349466631663937e-18 -1.2396718678780886e-19 1.0230130659910299e-18 -2.777857800240658e-17 50.000000000000007 49.999999999999993 50.000000000000007 7.1054273576010019e-15 -7.1054273576010019e-15 1.0000000000000036 1969.8656512446714 8030.1343487365957 0.021519350962127825 0 0 0.95282377194634149 4.7870512472507327e-18 0.99999999999999978 1.1326700671481216e-13 8.8410615872254984e-14 -1.209354383744848e-15 0.36272052701548163 0.3261645327417857 0.036555994273695935 0.0026779325919475037
20500 0 0 0.87815118589995322 24.022086025365365 0.020445494105465933 0.0026779325889932926 0.020445494105465933 0.0026779325889932934 0.020445494105465933 3.392772174321942e-18 1.8575765925490449e-17 6.8174230502014611e-20 4.1517372984420846e-18 -1.0342433781055677e-17 50.000000000000014 50.000000000000007 50.000000000000014 1.4210854715202004e-14 7.1054273576010019e-15 1.0000000000000022 1969.8656512445932 8030.1343487361792 0.021519350975213292 0 0 0.95282377214865643 4.7870511801096078e-18 0.99999999999999978 3.4326708142629059e-14 1.8592636047731249e-13 6.6683745238998819e-16 0.36272052726041537 0.32616453520490873 0.036555992055506636 0.0026779325889932926
21000 0 0 0.87815125309988784 24.02208602171218 0.020445494122977841 0.0026779325872020093 0.020445494122977834 0.0026779325872020102 0.020445494122977841 2.6176977252541416e-18 1.0161663177596892e-17 -9.9110258593309234e-20 -1.0883651798533994e-17 -1.184839875395272e-17 50.000000000000007 50.000000000000007 50.000000000000007 7.1054273576010019e-15 7.1054273576010019e-15 1.0000000000000036 1969.8656512445064 8030.1343487358072 0.02151935097822115 0 0 0.95282377225316017 4.7870511537074764e-18 0.99999999999999978 2.6006974298904733e-14 1.0176625164910263e-13 -1.0459407751266615e-15 0.36272052739922911 0.32616453254074024 0.036555994858488872 0.0026779325872020093
21500 0 0 0.87815119307578149 24.022086020162533 0.020445494177146105 0.0026779325863792946 0.020445494177146091 0.0026779325863792941 0.020445494177146105 5.0306980803428146e-18 1.3295614609303265e-17 1.1201746733414372e-19 1.424120371405918e-17 -6.9022304047310672e-18 50.000000000000014 49.999999999999993 50.000000000000014 1.4210854715202004e-14 -7.1054273576010019e-15 1.0000000000000013 1969.8656512444231 8030.1343487354943 0.021519350975901626 0 0 0.95282377228754356 4.7870511510420918e-18 0.99999999999999978 5.0386778083222339e-14 1.3317081560828947e-13 1.0182281573246442e-15 0.36272052745822603 0.32616453509608395 0.036555992362142076 0.0026779325863792946
22000 0 0 0.87815125565568319 24.022086019907025 0.020445494233198989 0.0026779325861937507 0.020445494233199 0.0026779325861937503 0.020445494233198989 -9.8945157622968135e-18 1.3382003838407743e-17 5.3482428397284865e-20 -1.5153595223402743e-17 2.768675504205426e-17 50.000000000000007 50.000000000000007 50.000000000000007 7.1054273576010019e-15 7.1054273576010019e-15 1.0000000000000033 1969.8656512443376 8030.1343487351205 0.021519350971863641 0 0 0.95282377228324067 4.7870511566629808e-18 0.99999999999999978 -9.9663329780157512e-14 1.3370424220364961e-13 3.2893899443633439e-16 0.36272052746785627 0.32616453250022681 0.036555994967629457 0.0026779325861937507
22500 0 0 0.87815125518396764 24.022086020269651 0.02044549427493517 0.0026779325863321613 0.020445494274935166 0.0026779325863321613 0.02044549427493517 3.1592783944556185e-18 1.555700013259279e-18 -5.9627827959750152e-20 -1.2875046575681553e-18 -5.1289408130502335e-18 50.000000000000007 50.000000000000007 50.000000000000007 7.1054273576010019e-15 7.1054273576010019e-15 1.0000000000000024 1969.8656512442647 8030.1343487347049 0.021519350968237039 0 0 0.95282377226393744 4.7870511656930415e-18 0.99999999999999978 3.2130548222042421e-14 1.5312834415184481e-14 -6.3286327010748012e-16 0.36272052745359951 0.32616453250615862 0.036555994947440884 0.0026779325863321613
23000 0 0 0.87815119228010885 24.022086020800252 0.020445494299053162 0.0026779325865709819 0.020445494299053159 0.0026779325865709819 0.020445494299053162 -2.7866597918151111e-18 8.556350072926328e-18 -1.3962578536631652e-21 1.6394108814392016e-17 6.7897165032439646e-18 50.000000000000007 49.999999999999986 50.000000000000007 7.1054273576010019e-15 -1.4210854715202004e-14 1.0000000000000004 1969.8656512441758 8030.1343487343274 0.021519350965817897 0 0 0.95282377224346237 4.7870511739063516e-18 0.99999999999999978 -2.7738230948437767e-14 8.5628986752056394e-14 -1.3621313354016968e-17 0.36272052743286154 0.32616453510481247 0.03655599232804907 0.0026779325865709819
23500 0 0 0.87815119165404076 24.022086021261387 0.020445494309124079 0.0026779325867872781 0.020445494309124075 0.0026779325867872785 0.020445494309124079 1.3183898417452709e-19 -2.5465740627395495e-18 5.0221540282598281e-21 6.3038992522759962e-17 -7.2787291240544827e-17 50.000000000000014 49.999999999999993 50.000000000000014 1.4210854715202004e-14 -7.1054273576010019e-15 1.0000000000000018 1969.8656512440889 8030.13434873392 0.021519350964567724 0 0 0.95282377222791692 4.7870511792398902e-18 0.99999999999999978 1.4398340640576856e-15 -2.5549440188022462e-14 3.5940715824528356e-17 0.36272052741495225 0.32616453511366711 0.036555992301285145 0.0026779325867872781
24000 0 0 0.87815119123248331 24.022086021570498 0.02044549431064311 0.0026779325869357097 0.020445494310643107 0.0026779325869357089 0.02044549431064311 -4.6948556153941708e-18 -3.5766528627770102e-18 1.2587872311422808e-19 1.1919136841252022e-19 -1.2389863241940876e-16 50.000000000000014 49.999999999999993 50.000000000000014 1.4210854715202004e-14 -7.1054273576010019e-15 1.0000000000000009 1969.8656512440052 8030.1343487335571 0.02151935096412886 0 0 0.9528237722186047 4.7870511820192806e-18 0.99999999999999978 -4.6660618288375743e-14 -3.5465987335490574e-14 1.1951820559023627e-15 0.36272052740304472 0.32616453511977872 0.036555992283266003 0.0026779325869357097
24500 0 0 0.8781512531993404 24.022086021733063 0.020445494308236466 0.0026779325870157928 0.020445494308236462 0.0026779325870157937 0.020445494308236466 -7.5463940652115858e-18 -1.2247147740424301e-19 -9.0920001772266224e-20 -5.0932576870904938e-17 -4.0430012295553707e-17 50.000000000000007 50.000000000000007 50.000000000000007 7.1054273576010019e-15 7.1054273576010019e-15 1.0000000000000016 1969.8656512439211 8030.1343487331296 0.021519350964137016 0 0 0.95282377221443593 4.7870511829618161e-18 0.99999999999999978 -7.5939253825569523e-14 -1.1340733548374695e-15 -9.7047315075200216e-16 0.36272052739682376 0.32616453253422661 0.036555994862597141 0.0026779325870157928
25000 0 0 0.87815125311971653 24.022086021790269 0.020445494304833174 0.0026779325870457723 0.020445494304833171 0.0026779325870457723 0.020445494304833174 2.0219936836032871e-18 -1.9071549894933544e-18 -7.9510547165775465e-20 -6.8374532380278179e-17 7.1344223014821149e-17 49.999999999999993 50.000000000000007 49.999999999999993 -7.1054273576010019e-15 7.1054273576010019e-15 1.0000000000000004 1969.8656512438397 8030.1343487327204 0.021519350964330938 0 0 0.95282377221355319 4.7870511828846063e-18 0.99999999999999978 2.0702193138680768e-14 -1.9263670096336975e-14 -7.1025485157536052e-16 0.36272052739464078 0.32616453253544531 0.036555994859195473 0.0026779325870457723
25500 0 0 0.87815119093237715 24.022086021787306 0.020445494301892738 0.0026779325870466175 0.020445494301892742 0.002677932587046618 0.020445494301892738 7.5398021160035395e-18 -8.6198409521492715e-18 1.3267065155690388e-19 -6.3668028165282383e-18 1.1294539418507033e-16 50.000000000000014 49.999999999999993 50.000000000000014 1.4210854715202004e-14 -7.1054273576010019e-15 1.0000000000000004 1969.8656512437517 8030.1343487323802 0.021519350964555168 0 0 0.95282377221427406 4.7870511823893519e-18 0.99999999999999978 7.5797007559330609e-14 -8.619277166999062e-14 1.2830018583738293e-15 0.36272052739474975 0.3261645351243066 0.036555992270443149 0.0026779325870466175
26000 0 0 0.87815119096931704 24.022086021759385 0.020445494299914359 0.0026779325870349086 0.020445494299914355 0.0026779325870349082 0.020445494299914359 2.763414497237752e-18 7.0891209569440034e-18 -1.4980527771423569e-19 1.1173741369944216e-17 9.6977591371731027e-17 50.000000000000014 49.999999999999993 50.000000000000014 1.4210854715202004e-14 -7.1054273576010019e-15 1.0000000000000013 1969.8656512436785 8030.1343487320455 0.021519350964734021 0 0 0.95282377221545433 4.7870511818680265e-18 0.99999999999999978 2.7616797975778785e-14 7.0510003873664059e-14 -1.4201250024379143e-15 0.36272052739581601 0.32616453512379262 0.036555992272023385 0.0026779325870349086
26500 0 0 0.87815125320096421 24.022086021728345 0.020445494298871405 0.0026779325870210924 0.020445494298871401 0.0026779325870210924 0.020445494298871405 2.8248237082876378e-18 -3.8687802961330693e-18 -5.0361544977627378e-20 3.4212043389565891e-17 -6.3005473718757375e-17 50.000000000000007 50.000000000000007 50.000000000000007 7.1054273576010019e-15 7.1054273576010019e-15 1.0000000000000016 1969.8656512435855 8030.1343487315298 0.021519350964845297 0 0 0.95282377221649928 4.7870511814662914e-18 0.99999999999999978 2.8050478606544971e-14 -3.8485274418930933e-14 -4.26276808745629e-16 0.36272052739700844 0.32616453253433653 0.036555994862671914 0.0026779325870210924
27000 0 0 0.87815119104383865 24.022086021704283 0.020445494298509243 0.0026779325870101445 0.020445494298509229 0.0026779325870101454 0.020445494298509243 1.0436096431502712e-17 -1.0329584410077468e-17 -7.3721346570337632e-20 1.505509336880711e-16 -6.9216858860524483e-17 50.000000000000014 50.000000000000007 50.000000000000014 1.4210854715202004e-14 7.1054273576010019e-15 1.000000000000002 1969.8656512435048 8030.1343487311951 0.021519350964897037 0 0 0.95282377221719683 4.7870511812282018e-18 0.99999999999999978 1.0459341641351266e-13 -1.0332663478046905e-13 -7.824953371805313e-16 0.36272052739792882 0.32616453512271937 0.036555992275209448 0.0026779325870101445
27500 0 0 0.87815125325354493 24.02208602168967 0.020445494298536464 0.0026779325870034138 0.020445494298536458 0.0026779325870034129 0.020445494298536464 8.2465284601196877e-18 -5.5060123127645011e-18 3.5423086631356843e-20 8.4453518859663219e-17 -1.8644654833346354e-17 50.000000000000007 49.999999999999993 50.000000000000007 7.1054273576010019e-15 -7.1054273576010019e-15 1.0000000000000036 1969.8656512434247 8030.134348730895 0.021519350964909086 0 0 0.95282377221755277 4.7870511811155187e-18 0.99999999999999978 8.2503447855712455e-14 -5.4878410869865066e-14 2.7733353968404411e-16 0.36272052739847765 0.32616453253355804 0.036555994864919616 0.0026779325870034138
28000 0 0 0.87815125326272458 24.022086021683066 0.020445494298720654 0.002677932587000352 0.02044549429872065 0.0026779325870003512 0.020445494298720654 4.3826053897192936e-18 6.7307270868076552e-19 -1.2377059376819839e-20 -8.2793559922625722e-17 7.6227436844219117e-17 50.000000000000007 50.000000000000007 50.000000000000007 7.1054273576010019e-15 7.1054273576010019e-15 1.0000000000000038 1969.8656512433417 8030.1343487305294 0.021519350964900926 0 0 0.95282377221765546 4.787051181090705e-18 0.99999999999999978 4.3649112949561367e-14 6.4553397349786934e-15 -9.1809631382744212e-17 0.36272052739871596 0.32616453253340416 0.036555994865311803 0.002677932587000352
28500 0 0 0.87815125326497134 24.022086021681602 0.020445494298921646 0.0026779325869997215 0.02044549429892166 0.0026779325869997206 0.020445494298921646 1.5821718935036221e-17 -9.8573926799168712e-18 9.3377979049688431e-20 -8.9152838951993589e-17 3.7998139630585057e-17 50.000000000000007 50.000000000000007 50.000000000000007 7.1054273576010019e-15 7.1054273576010019e-15 1.000000000000002 1969.865651243266 8030.1343487302092 0.021519350964886084 0 0 0.95282377221761005 4.7870511811079683e-18 0.99999999999999978 1.5837331446277858e-13 -9.8614259119722547e-14 9.3488864271805431e-16 0.36272052739875621 0.32616453253334865 0.036555994865407559 0.0026779325869997215
29000 0 0 0.87815119107377415 24.02208602168265 0.020445494299076335 0.0026779325870003208 0.020445494299076328 0.0026779325870003221 0.020445494299076335 4.1470299416813795e-18 -1.2058062881547423e-17 6.1775601543783397e-21 -4.299455078089477e-17 3.540567735122441e-18 50.000000000000014 49.999999999999993 50.000000000000014 1.4210854715202004e-14 -7.1054273576010019e-15 1.0000000000000016 1969.8656512431828 8030.1343487297772 0.02151935096487205 0 0 0.95282377221750181 4.7870511811383179e-18 0.99999999999999978 4.1314174250924079e-14 -1.2032258912161278e-13 1.2286074370741576e-16 0.36272052739869787 0.32616453512220933 0.036555992276488536 0.0026779325870003208
29500 0 0 0.87815125326112009 24.02208602168448 0.020445494299170884 0.0026779325870013785 0.020445494299170881 0.0026779325870013781 0.020445494299170884 4.17270384912612e-18 -4.5574655160988366e-18 1.8924004902929361e-20 5.4731745258372017e-17 -2.3415957870355734e-17 50.000000000000007 50.000000000000007 50.000000000000007 7.1054273576010019e-15 7.1054273576010019e-15 1.0000000000000031 1969.8656512431 8030.1343487293916 0.021519350964861683 0 0 0.95282377221738102 4.7870511811671413e-18 0.99999999999999978 4.1563974431464739e-14 -4.5562077806856913e-14 2.1498074063726487e-16 0.36272052739861055 0.32616453253336769 0.036555994865242858 0.0026779325870013785
29999 0 0 0.87815125325874432 24.022086021686246 0.020445494299217611 0.002677932587002412 0.020445494299217624 0.0026779325870024098 0.020445494299217611 9.6624097612179223e-18 -1.583524977815111e-17 -1.3434236136252249e-19 1.1043950429153135e-16 -4.8615390063927673e-17 50.000000000000007 49.999999999999993 50.000000000000007 7.1054273576010019e-15 -7.1054273576010019e-15 1.0000000000000027 1969.8656512430155 8030.1343487290042 0.02151935096485488 0 0 0.95282377221727321 4.7870511811874044e-18 0.99999999999999978 9.6426327277185538e-14 -1.5872112779026135e-13 -1.3468146965475919e-15 0.3627205273985275 0.32616453253338623 0.036555994865141272 0.002677932587002412
