# step v0 Mach sigma R umax_ref urms_ref umax_mean urms_mean umax_lab mean_x mean_y mean_z drop_ux drop_uy x0 y0 x_unwrapped center_dx center_dy axis_ratio mass_R mass_B min_f negative_total negative_color min_rho min_phi max_phi qx qy qz p_in p_out delta_p urms_lab
0 0 0 -5.560112678108922e-15 25.040521385269312 0.0059538916858512692 0.00072605006439774267 0.0059538916858512692 0.00072605006439774267 0.0059538916858512692 -4.2926400198498879e-21 6.8714892239802511e-21 1.0531329681140537e-21 -3.4393876418683226e-20 -6.9778520058444544e-20 50.000000000000007 50.000000000000007 50.000000000000007 7.1054273576010019e-15 7.1054273576010019e-15 1.0000000000000007 1969.8656512480634 8030.1343487520398 0.026442772280440979 0 0 0.99999999999999944 5.1710809399147485e-26 0.99999999999998512 -2.6696946508676225e-16 -4.2494574024861786e-17 -7.1676654757218765e-19 0.33333333333333387 0.33333333333333409 -2.2204460492503131e-16 0.00072605006439774267
500 0 0 0.17096558998786221 24.806023112511628 0.0023888918611800073 0.0016761756235100598 0.0023888918611799826 0.00167617562351006 0.0023888918611800073 1.8686441283222472e-17 -1.6002824065886307e-17 9.0337917925467763e-21 2.0468182817114005e-17 4.8971427245276666e-19 50.000000000000014 50.000000000000007 50.000000000000014 1.4210854715202004e-14 7.1054273576010019e-15 1.0000000000000013 1969.865651248015 8030.134348751787 0.027153989673506875 0 0 0.98705433976975832 3.9476765359690445e-18 0.99999999999999978 1.8676038363377168e-13 -1.5326672223037185e-13 9.0764255155752936e-17 0.33905228964832457 0.33216018972515587 0.006892099923168693 0.0016761756235100598
1000 0 0 0.25725351737076407 24.73751123250711 0.0019588206857488392 0.0012221283472602187 0.0019588206857488149 0.0012221283472602187 0.0019588206857488392 2.0028770308933783e-17 -1.4973786099937177e-17 -1.7022847159595019e-21 1.5906340232936083e-17 -1.2208047509007014e-17 50.000000000000021 49.999999999999979 50.000000000000021 2.1316282072803006e-14 -2.1316282072803006e-14 1.0000000000000011 1969.8656512479786 8030.1343487516442 0.027270703464532892 0 0 0.98950557389617488 5.0928866818789789e-18 0.99999999999999978 2.0035709202836927e-13 -1.4388274913960247e-13 2.1173671751541603e-17 0.34160328906180937 0.3312039600851453 0.010399328976664068 0.0012221283472602187
1500 0 0 0.28028988659390097 24.719657860797547 0.0015337501150323894 0.00055383832142825507 0.0015337501150324083 0.00055383832142825659 0.0015337501150323894 1.6598528107537348e-17 -9.8872299236779262e-18 -4.1994472532896203e-21 3.0189959881679472e-17 -1.8924213007471688e-17 50.000000000000036 49.999999999999972 50.000000000000036 3.5527136788005009e-14 -2.8421709430404007e-14 1.0000000000000009 1969.8656512479338 8030.1343487514951 0.027366597183837948 0 0 0.99021924206900069 5.3972897448758359e-18 0.99999999999999978 1.6642590083826292e-13 -1.047421765748742e-13 -5.6745636575445658e-17 0.34225544922275902 0.33091670464254347 0.011338744580215554 0.00055383832142825507
2000 0 0 0.2799815644089757 24.719923396854981 0.0013050457469298226 0.00018504890514734341 0.001305045746929812 0.00018504890514734295 0.0013050457469298226 1.5091400351609073e-17 -1.1853018566655302e-17 -7.6643331593300409e-22 1.6591841355330498e-17 -2.5925291180452932e-17 50.00000000000005 49.999999999999972 50.00000000000005 4.9737991503207013e-14 -2.8421709430404007e-14 1.0000000000000049 1969.8656512479033 8030.1343487513241 0.027307324973937713 0 0 0.99019960159846654 5.4756052897782685e-18 0.99999999999999978 1.509443611769079e-13 -1.1768103852505263e-13 4.15739692209943e-17 0.34224662479600904 0.33092047463307622 0.011326150162932813 0.00018504890514734341
2500 0 0 0.27498096470532252 24.723753914226144 0.0012320005773147305 0.00013083291770426203 0.0012320005773147451 0.00013083291770426208 0.0012320005773147305 2.0457312059631589e-17 -1.5082639998055586e-17 1.0534526184668871e-20 4.0389960812819489e-17 -3.3248051548229054e-17 50.000000000000064 49.999999999999957 50.000000000000064 6.3948846218409017e-14 -4.2632564145606011e-14 1.0000000000000002 1969.8656512478708 8030.1343487512295 0.02727748623688292 0 0 0.9900237780599479 5.5351891203212411e-18 0.99999999999999978 2.0405899192610377e-13 -1.5072596918980967e-13 9.061638746886518e-17 0.3421096204863841 0.33098748403172956 0.011122136454654541 0.00013083291770426203
3000 0 0 0.27138050256024071 24.726496455974342 0.0012193594160863645 0.0001367999261539799 0.0012193594160863476 0.0001367999261539799 0.0012193594160863645 2.8060540002708494e-17 -2.0925275401319965e-17 -2.6938193750642736e-21 5.2340947023877305e-17 -3.6759142947008641e-17 50.000000000000085 49.999999999999936 50.000000000000085 8.5265128291212022e-14 -6.3948846218409017e-14 1.0000000000000004 1969.8656512478376 8030.1343487510503 0.027268962588795218 0 0 0.98989725967646625 5.5564977124958674e-18 0.99999999999999978 2.8053254333513123e-13 -2.0882610690577813e-13 -3.5893520163828609e-17 0.34201185104436488 0.33103655969876583 0.010975291345599048 0.0001367999261539799
3500 0 0 0.26981364669937291 24.727685668458413 0.0012243314706711539 0.00013248624078925845 0.0012243314706711433 0.00013248624078925832 0.0012243314706711539 4.4102915763849648e-17 -2.6585331158738392e-17 1.8588903184331251e-21 8.9178118111036677e-17 -5.0931692778934165e-17 50.000000000000121 49.999999999999915 50.000000000000121 1.2079226507921703e-13 -8.5265128291212022e-14 1.0000000000000049 1969.865651247804 8030.1343487508602 0.027269346949084443 0 0 0.98984222646984432 5.557809983685598e-18 0.99999999999999978 4.4133002374130426e-13 -2.6533016392209284e-13 1.7079840256105278e-18 0.34196958741179612 0.33105818832993478 0.010911399081861339 0.00013248624078925845
4000 0 0 0.2694443919502908 24.727964409107667 0.001231045353989126 0.00012986539623697788 0.0012310453539891466 0.00012986539623697816 0.001231045353989126 6.9526155666032126e-17 -4.8091912396859595e-17 -2.6595208629041355e-21 1.0556504611804722e-16 -7.9520227964626012e-17 50.000000000000163 49.999999999999886 50.000000000000163 1.6342482922482304e-13 -1.1368683772161603e-13 1.0000000000000058 1969.8656512477651 8030.1343487507593 0.027271533343966269 0 0 0.98982940815683174 5.5568389727665577e-18 0.99999999999999978 6.9530850250841e-13 -4.8072246335284361e-13 -8.1346558920846881e-18 0.34195971342088566 0.33106337001418573 0.010896343406699927 0.00012986539623697788
4500 0 0 0.26951603470606544 24.727909155522664 0.0012349778081128572 0.00012937709050398283 0.0012349778081127869 0.00012937709050398274 0.0012349778081128572 1.002094457761179e-16 -6.9609617549272085e-17 -7.267530706426447e-21 1.5395706973427573e-16 -1.1590916111222201e-16 50.00000000000022 49.999999999999837 50.00000000000022 2.2026824808563106e-13 -1.6342482922482304e-13 1.0000000000000002 1969.8656512477282 8030.1343487506101 0.027273072377358796 0 0 0.98983209977424669 5.5550235060818566e-18 0.99999999999999978 1.0024000130382654e-12 -6.9552809908223834e-13 -5.9855846230404556e-17 0.34196168351352119 0.33106241851659068 0.010899264996930502 0.00012937709050398283
5000 0 0 0.26965075504065544 24.727806644731288 0.0012363857365257208 0.00012935683466142915 0.0012363857365256606 0.00012935683466142934 0.0012363857365257208 1.4193496367372584e-16 -9.8509579399987218e-17 -6.6053961623061608e-21 1.9312424839230095e-16 -1.3138217295260984e-16 50.000000000000313 49.99999999999978 50.000000000000313 3.1263880373444408e-13 -2.2026824808563106e-13 1.000000000000006 1969.865651247683 8030.1343487504719 0.027273730459211911 0 0 0.98983694629097563 5.5539727237285172e-18 0.99999999999999978 1.4194836712239528e-12 -9.8463919411982715e-13 -6.6891159901531228e-17 0.34196531971817951 0.33106056140642243 0.010904758311757079 0.00012935683466142915
5500 0 0 0.26973490201154537 24.727742795286535 0.0012365502686931403 0.00012935552397682156 0.0012365502686931505 0.00012935552397682167 0.0012365502686931403 1.9940026870341184e-16 -1.3948645298699024e-16 6.4830684105204816e-21 2.7975997067692222e-16 -2.0627944168322096e-16 50.000000000000441 49.999999999999687 50.000000000000441 4.4053649617126212e-13 -3.1263880373444408e-13 1.0000000000000007 1969.8656512476523 8030.1343487502618 0.027273877836349904 0 0 0.98983995119368007 5.553647294492278e-18 0.99999999999999978 1.9938780584174986e-12 -1.3943878366675603e-12 7.6581016164883036e-17 0.34196758155517892 0.33105939214846281 0.010908189406716118 0.00012935552397682156
6000 0 0 0.26976754210898912 24.727718092679517 0.0012363594443353006 0.00012935110422739062 0.0012363594443352223 0.00012935110422739046 0.0012363594443353006 2.7575102574609504e-16 -1.9641468898376595e-16 -3.5377977408187046e-21 3.9762959667762339e-16 -2.7933284397552491e-16 50.000000000000611 49.999999999999567 50.000000000000611 6.1106675275368616e-13 -4.3343106881366111e-13 1.0000000000000002 1969.8656512476225 8030.1343487501281 0.02727384129941398 0 0 0.98984110915058487 5.5536367034271517e-18 0.99999999999999978 2.7576010322872407e-12 -1.9642764418390657e-12 -5.3165507776794841e-17 0.34196845551623906 0.33105893523224439 0.010909520283994667 0.00012935110422739062
6500 0 0 0.26977313507727696 24.727713896287909 0.0012361813094541789 0.00012934974640495253 0.0012361813094540976 0.00012934974640495294 0.0012361813094541789 3.8034363256555145e-16 -2.7192878753873863e-16 3.5640965631576335e-21 5.5060641207766857e-16 -3.8334602276192936e-16 50.000000000000853 49.999999999999389 50.000000000000853 8.5265128291212022e-13 -6.1106675275368616e-13 1.0000000000000002 1969.8656512475895 8030.1343487500244 0.027273781443852195 0 0 0.98984130312759744 5.5537127746037453e-18 0.99999999999999978 3.8029482858175246e-12 -2.71915849533918e-12 -1.8615171243946745e-17 0.34196860335654294 0.33105885503897708 0.010909748317565859 0.00012934974640495253
7000 0 0 0.26977005325477249 24.727716255578251 0.0012360912740357285 0.00012934980568400753 0.0012360912740355192 0.00012934980568400748 0.0012360912740357285 5.3126166931375725e-16 -3.8064771874887444e-16 1.2830285318815389e-20 7.9403009923285061e-16 -5.6203476644682613e-16 50.000000000001187 49.999999999999154 50.000000000001187 1.1866063687193673e-12 -8.4554585555451922e-13 1.0000000000000002 1969.8656512475404 8030.1343487498461 0.027273745069067747 0 0 0.9898411904485126 5.5537637938845433e-18 0.99999999999999978 5.3125246714784303e-12 -3.8064737324403444e-12 6.7099789123128678e-17 0.34196851943157086 0.33105889678520473 0.010909622646366135 0.00012934980568400753
7500 0 0 0.2697665233520633 24.727718938921019 0.0012360638624612753 0.00012934997350857335 0.0012360638624612857 0.00012934997350857308 0.0012360638624612753 7.3938164889719464e-16 -5.2563867226423249e-16 -8.2257942257818844e-21 1.082688325730253e-15 -7.6962303794630567e-16 50.000000000001648 49.999999999998813 50.000000000001648 1.6484591469634324e-12 -1.1866063687193673e-12 1.0000000000000013 1969.8656512475179 8030.1343487496842 0.027273731315838171 0 0 0.98984106370339897 5.5537882326178178e-18 0.99999999999999978 7.393569331549446e-12 -5.2568840478784296e-12 -8.8558306708336802e-17 0.34196842430083058 0.33105894558917087 0.010909478711659704 0.00012934997350857335
8000 0 0 0.26976458406293102 24.727720409432354 0.0012360634575351208 0.00012935003787097534 0.001236063457534848 0.00012935003787097556 0.0012360634575351208 1.029819448033657e-15 -7.3341369937396368e-16 7.8972137848452865e-21 1.5128851464001679e-15 -1.0984152368626914e-15 50.000000000002302 49.999999999998366 50.000000000002302 2.3021584638627246e-12 -1.6342482922482304e-12 1.0000000000000047 1969.8656512474786 8030.1343487495496 0.027273729163822397 0 0 0.98984099451603158 5.5537954507317372e-18 0.99999999999999978 1.0298113503953115e-11 -7.334745453927518e-12 8.6513681623244535e-17 0.34196837223135657 0.33105897259417733 0.01090939963717924 0.00012935003787097534
8500 0 0 0.26976392595105908 24.727720906970607 0.0012360692356357061 0.00012935004683925958 0.0012360692356354112 0.00012935004683926015 0.0012360692356357061 1.4337014106300213e-15 -1.0273571368085318e-15 -5.6327201598711586e-21 2.121677540461274e-15 -1.527010790593532e-15 50.000000000003205 49.999999999997719 50.000000000003205 3.2045477382780518e-12 -2.2808421817899216e-12 1.0000000000000004 1969.8656512474381 8030.134348749385 0.027273730614934478 0 0 0.98984097121581649 5.5537953254566996e-18 0.99999999999999978 1.4337121103550487e-11 -1.0273326798331656e-11 -3.7789121252451932e-17 0.34196835463984837 0.3310589818365095 0.010909372803338868 0.00012935004683925958
9000 0 0 0.26976386703006633 24.727720950541304 0.0012360736188533415 0.00012935004021149364 0.0012360736188528787 0.00012935004021149394 0.0012360736188533415 1.9963642365753631e-15 -1.4331503574219895e-15 4.4598326250798664e-21 2.9574770510916591e-15 -2.1242823211624578e-15 50.000000000004462 49.99999999999681 50.000000000004462 4.4622083805734292e-12 -3.1903368835628498e-12 1.0000000000000013 1969.8656512474054 8030.1343487492077 0.027273732170424756 0 0 0.98984096924669873 5.5537937857535706e-18 0.99999999999999978 1.9963473569027039e-11 -1.4330933368575738e-11 6.3027043797426244e-17 0.34196835311627499 0.33105898271494971 0.01090937040132528 0.00012935004021149364
9500 0 0 0.26976396919872764 24.72772087257723 0.001236075594305233 0.00012935003322764291 0.0012360755943047496 0.00012935003322764337 0.001236075594305233 2.7889230502926613e-15 -1.9950072796295037e-15 8.4466533180474955e-21 4.1311947168871477e-15 -2.9607736017989657e-15 50.000000000006224 49.999999999995552 50.000000000006224 6.2243543652584776e-12 -4.4479975258582272e-12 1.0000000000000029 1969.8656512473704 8030.1343487490894 0.027273733004391221 0 0 0.98984097295086337 5.5537926141196518e-18 0.99999999999999978 2.7889032161682691e-11 -1.9949794206304626e-11 4.6968628039467032e-17 0.34196835588544838 0.33105898131798095 0.010909374567467434 0.00012935003322764291
10000 0 0 0.26976405817964022 24.727720804985239 0.0012360760900518059 0.00012935002939525617 0.0012360760900511334 0.00012935002939525617 0.0012360760900518059 3.8905027609891258e-15 -2.777556264551983e-15 -5.100379258359142e-21 5.7629595593565784e-15 -4.1103630981562808e-15 50.000000000008676 49.999999999993804 50.000000000008676 8.6757268036308233e-12 -6.1959326558280736e-12 1.0000000000000011 1969.8656512473385 8030.1343487488984 0.027273733279092455 0 0 0.98984097613985145 5.553792077382043e-18 0.99999999999999978 3.890486362429483e-11 -2.7775901643341646e-11 -1.0431318907264774e-16 0.341968358280895 0.33105898008517975 0.010909378195715247 0.00012935002939525617
10500 0 0 0.26976410163722908 24.727720772052471 0.0012360760203110803 0.00012935002807502462 0.0012360760203101711 0.00012935002807502448 0.0012360760203110803 5.4206730602692532e-15 -3.8688511060464906e-15 -5.2574395756516016e-21 8.0290044502296572e-15 -5.7407584099391876e-15 50.000000000012093 49.999999999991367 50.000000000012093 1.2093437362636905e-11 -8.6330942394852173e-12 1.0000000000000004 1969.8656512472978 8030.1343487487475 0.027273733298254218 0 0 0.98984097768788526 5.5537919713289588e-18 0.99999999999999978 5.4206805710773653e-11 -3.8688580509527417e-11 -3.2979070298462432e-17 0.34196835944665915 0.33105897947897045 0.010909379967688704 0.00012935002807502462
11000 0 0 0.26976411419423352 24.727720762572332 0.0012360758585534396 0.00012935002794438186 0.0012360758585520184 0.00012935002794438202 0.0012360758585534396 7.5542715881586023e-15 -5.3927324011784895e-15 -1.0369503436857944e-20 1.1187217646889125e-14 -7.9911297195009297e-15 50.000000000016854 49.999999999987963 50.000000000016854 1.6854073692229576e-11 -1.2036593943776097e-11 1.0000000000000011 1969.8656512472676 8030.1343487486374 0.027273733251570342 0 0 0.98984097813089 5.5537920000146792e-18 0.99999999999999978 7.5542957672244979e-11 -5.3927404526478658e-11 -5.2417921885695205e-17 0.34196835978161638 0.3310589793019344 0.010909380479681985 0.00012935002794438186
11500 0 0 0.26976411388684673 24.727720762831726 0.0012360757538337147 0.0001293500281405805 0.0012360757538319193 0.00012935002814058063 0.0012360757538337147 1.053406702958647e-14 -7.5199065595679426e-15 -5.6398520424905882e-22 1.5615833861114237e-14 -1.1142017711439539e-14 50.000000000023491 49.999999999983224 50.000000000023491 2.3490542844228912e-11 -1.6775913991295965e-11 1.0000000000000013 1969.8656512472312 8030.1343487484701 0.027273733212631705 0 0 0.98984097811673699 5.5537920494877311e-18 0.99999999999999978 1.0534029354917653e-10 -7.5199650389725113e-11 2.712889101382774e-17 0.34196835977196466 0.33105897930482797 0.010909380467136687 0.0001293500281405805
12000 0 0 0.26976411087371627 24.727720765126953 0.0012360757119032433 0.00012935002831522668 0.0012360757119006015 0.00012935002831522701 0.0012360757119032433 1.4683032947052357e-14 -1.0481931019369453e-14 6.1053364225804765e-21 2.1774577521833153e-14 -1.554321157304718e-14 50.000000000032749 49.999999999976609 50.000000000032749 3.2748914691183018e-11 -2.3391066861222498e-11 1.0000000000000024 1969.8656512471857 8030.1343487483027 0.027273733194050145 0 0 0.989840978007964 5.5537920788409179e-18 0.99999999999999978 1.4683010502705599e-10 -1.0481923594189212e-10 4.4589790920898732e-17 0.34196835969050698 0.33105897934623524 0.010909380344271746 0.00012935002831522668
12500 0 0 0.26976410870302298 24.727720766774826 0.0012360757039803136 0.00012935002840141975 0.0012360757039765128 0.00012935002840141956 0.0012360757039803136 2.0465446091281802e-14 -1.4615987305688585e-14 -9.3559907264930892e-21 3.0356240570932531e-14 -2.1681956764546559e-14 50.000000000045652 49.999999999967407 50.000000000045652 4.5652370772586437e-11 -3.2592595289315796e-11 1.0000000000000013 1969.8656512471616 8030.134348748199 0.027273733188876059 0 0 0.98984097793026782 5.5537920898422466e-18 0.99999999999999978 2.0465476209041519e-10 -1.4615949752560706e-10 -1.0035979833737016e-16 0.34196835963211947 0.33105897937635853 0.010909380255760937 0.00012935002840141975
13000 0 0 0.26976410775835608 24.727720767490197 0.0012360757074048017 0.00012935002842672457 0.0012360757073995837 0.00012935002842672411 0.0012360757074048017 2.8530398811697529e-14 -2.0371401048397086e-14 -1.2987620562898027e-20 4.2275956101312365e-14 -3.0203311209785981e-14 50.000000000063636 49.999999999954547 50.000000000063636 6.3636207414674573e-11 -4.5453418806573609e-11 1.0000000000000009 1969.8656512471284 8030.1343487480926 0.027273733189148601 0 0 0.98984097789664427 5.553792091495981e-18 0.99999999999999978 2.8530426349065906e-10 -2.0371387374818861e-10 -1.1367706177527249e-16 0.3419683596067975 0.33105897938955492 0.010909380217242581 0.00012935002842672457
13500 0 0 0.26976410753783908 24.727720767656297 0.0012360757117238466 0.00012935002842641454 0.0012360757117165465 0.00012935002842641468 0.0012360757117238466 3.976650974931931e-14 -2.8399006801389206e-14 2.4226249613737724e-22 5.8939937743640146e-14 -4.2084426111981753e-14 50.000000000088697 49.999999999936662 50.000000000088697 8.8697049704933306e-11 -6.3337779465655331e-11 1.0000000000000004 1969.8656512470891 8030.1343487479335 0.027273733190493359 0 0 0.98984097788887393 5.5537920900676019e-18 0.99999999999999978 3.9766520972145726e-10 -2.8399015247140186e-10 1.8122365235275791e-17 0.34196835960092797 0.33105897939267648 0.010909380208251496 0.00012935002842641454
14000 0 0 0.26976410758354336 24.727720767621072 0.0012360757141980467 0.00012935002842057335 0.0012360757141877449 0.00012935002842057316 0.0012360757141980467 5.5428975488296954e-14 -3.9589848324708755e-14 -8.1265413727466541e-21 8.2159614289960297e-14 -5.8680708726332036e-14 50.000000000123634 49.999999999911701 50.000000000123634 1.2363443602225743e-10 -8.829914577290765e-11 1.0000000000000013 1969.8656512470616 8030.1343487477588 0.02727373319142495 0 0 0.98984097789053571 5.5537920885040373e-18 0.99999999999999978 5.5428992850411123e-10 -3.958989786747528e-10 -8.3770097747376165e-17 0.34196835960218019 0.33105897939206486 0.010909380210115338 0.00012935002842057335
14500 0 0 0.26976410766632253 24.72772076755809 0.0012360757151126745 0.00012935002841630235 0.0012360757150984111 0.0001293500284163026 0.0012360757151126745 7.7278833646987896e-14 -5.5187226100455306e-14 1.8585684300424474e-21 1.1454277225145747e-13 -8.1804953009394425e-14 50.000000000172342 49.999999999876913 50.000000000172342 1.723421405586123e-10 -1.2308731811572216e-10 1.000000000000002 1969.8656512470257 8030.1343487476324 0.027273733191809011 0 0 0.98984097789346692 5.5537920874339598e-18 0.99999999999999978 7.7278839343072522e-10 -5.518721894214976e-10 3.1897301963215773e-17 0.34196835960440886 0.33105897939091811 0.010909380213490749 0.00012935002841630235
15000 0 0 0.26976410771769294 24.72772076751907 0.0012360757152909542 0.00012935002841442682 0.0012360757152711996 0.00012935002841442698 0.0012360757152909542 1.0774702460548692e-13 -7.6950547548732579e-14 -4.1983906243972311e-21 1.5969723290663626e-13 -1.1404108230174877e-13 50.000000000240234 49.999999999828439 50.000000000240234 2.4023449896048987e-10 -1.7156054354927619e-10 1.0000000000000018 1969.865651246984 8030.1343487474605 0.027273733191874053 0 0 0.98984097789524261 5.5537920866467043e-18 0.99999999999999978 1.0774710824484747e-09 -7.6950592711978412e-10 1.1732951451208092e-17 0.34196835960578459 0.33105897939019918 0.010909380215585407 0.00012935002841442682
15500 0 0 0.26976410773753728 24.727720767504071 0.0012360757152867217 0.00012935002841398064 0.0012360757152592046 0.00012935002841398105 0.0012360757152867217 1.5023859433011987e-13 -1.0728649486899138e-13 3.3361051544433366e-21 2.2274925581292083e-13 -1.5906828499272534e-13 50.000000000334914 49.999999999760803 50.000000000334914 3.3491431850052322e-10 -2.3919710656628013e-10 1.0000000000000009 1969.8656512469533 8030.1343487473086 0.027273733191818202 0 0 0.98984097789586722 5.553792085844982e-18 0.99999999999999978 1.5023856120359143e-09 -1.0728648939667331e-09 -4.3786507843716852e-18 0.34196835960630922 0.33105897938991469 0.010909380216394537 0.00012935002841398064
16000 0 0 0.26976410774088144 24.727720767501591 0.0012360757153363309 0.00012935002841406914 0.0012360757152979447 0.00012935002841406938 0.0012360757153363309 2.095242799031827e-13 -1.4961769331681987e-13 -3.715303973153982e-23 3.1072658429356646e-13 -2.2189056323972373e-13 50.000000000466954 49.999999999666521 50.000000000466954 4.6695447508682264e-10 -3.3347902217428782e-10 1.0000000000000004 1969.8656512469236 8030.1343487471877 0.027273733191735851 0 0 0.98984097789588077 5.5537920847996443e-18 0.99999999999999978 2.0952430570571994e-09 -1.4961768900177572e-09 -2.5202945596024111e-17 0.34196835960639138 0.33105897938986051 0.010909380216530873 0.00012935002841406914
16500 0 0 0.26976410773896337 24.727720767503055 0.0012360757155028203 0.00012935002841423215 0.0012360757154493216 0.00012935002841423223 0.0012360757155028203 2.9214278990750715e-13 -2.0862166651672698e-13 -8.710994312847716e-21 4.3319043915041692e-13 -3.093437657940069e-13 50.000000000651092 49.999999999535007 50.000000000651092 6.510916250590526e-10 -4.6499337713612476e-10 1.0000000000000036 1969.8656512468933 8030.1343487470385 0.027273733191650291 0 0 0.98984097789567571 5.5537920834650835e-18 0.99999999999999978 2.9214283780060552e-09 -2.0862166891285613e-09 -8.3968430638200378e-17 0.34196835960633332 0.33105897938988066 0.010909380216452658 0.00012935002841423215
17000 0 0 0.26976410773680309 24.727720767504721 0.0012360757157949208 0.00012935002841433585 0.0012360757157202679 0.00012935002841433602 0.0012360757157949208 4.0731601663044909e-13 -2.9087298245293327e-13 1.0386233251860543e-22 6.0388733813784626e-13 -4.3125678972092657e-13 50.000000000907825 49.999999999351672 50.000000000907825 9.07824926343892e-10 -6.4832761381694581e-10 1.0000000000000004 1969.8656512468556 8030.1343487468712 0.02727373319155376 0 0 0.98984097789541636 5.5537920813435068e-18 0.99999999999999978 4.0731604429768248e-09 -2.90872996252442e-09 -1.9181374937087243e-17 0.34196835960626853 0.33105897938990397 0.010909380216364561 0.00012935002841433585
17500 0 0 0.26976410773559423 24.727720767505641 0.0012360757162254111 0.00012935002841437819 0.0012360757161210274 0.00012935002841437871 0.0012360757162254111 5.6786391903903006e-13 -4.0550120052503459e-13 3.4419417883317205e-21 8.4178340845354879e-13 -6.0110383441249073e-13 50.000000001265754 49.999999999096083 50.000000001265754 1.2657537240556849e-09 -9.0391694129721145e-10 1.0000000000000002 1969.865651246821 8030.1343487467266 0.027273733191429769 0 0 0.98984097789512837 5.5537920785356658e-18 0.99999999999999978 5.6786391732427237e-09 -4.0550125760420764e-09 7.4394351241845365e-17 0.34196835960623045 0.33105897938991519 0.010909380216315268 0.00012935002841437819
18000 0 0 0.26976410773519538 24.727720767505946 0.0012360757168287447 0.00012935002841438722 0.0012360757166834083 0.00012935002841438741 0.0012360757168287447 7.9162031499215553e-13 -5.6524263024713724e-13 -5.4548077563929985e-21 1.1733768105359802e-12 -8.3781450961523227e-13 50.000000001764718 49.999999998739789 50.000000001764718 1.7647181493885e-09 -1.2602114907167561e-09 1.0000000000000036 1969.8656512467896 8030.1343487465883 0.02727373319125987 0 0 0.98984097789477921 5.55379207443528e-18 0.99999999999999978 7.9162027526782161e-09 -5.6524263506079126e-09 -6.3865969478709622e-17 0.34196835960621391 0.33105897938991491 0.010909380216299003 0.00012935002841438722
18500 0 0 0.26976410773515974 24.727720767505954 0.0012360757176677905 0.00012935002841438651 0.0012360757174652843 0.00012935002841438624 0.0012360757176677905 1.1035008119332744e-12 -7.8793550046523043e-13 4.1814291263201506e-22 1.6355697545806386e-12 -1.1678854827759669e-12 50.00000000246024 49.999999998243148 50.00000000246024 2.4602400117146317e-09 -1.7568524413036357e-09 1.0000000000000007 1969.8656512467514 8030.1343487464428 0.027273733191022952 0 0 0.98984097789431724 5.5537920687750343e-18 0.99999999999999978 1.103500852607725e-08 -7.8793546449883016e-09 2.572015276430789e-18 0.34196835960620697 0.33105897938990941 0.010909380216297559 0.00012935002841438651
19000 0 0 0.26976410773526049 24.727720767505875 0.0012360757188349272 0.00012935002841438594 0.0012360757185524845 0.00012935002841438602 0.0012360757188349272 1.5382577252676919e-12 -1.0983453878672595e-12 6.3862252351688709e-22 2.2798750623423197e-12 -1.6279394928177906e-12 50.00000000342979 49.999999997550844 50.00000000342979 3.4297897855140036e-09 -2.4491555450367741e-09 1.0000000000000013 1969.8656512467192 8030.1343487463109 0.027273733190692043 0 0 0.98984097789368541 5.5537920607201998e-18 0.99999999999999978 1.5382577516059581e-08 -1.098345408194185e-08 1.9682020028812041e-17 0.34196835960620381 0.33105897938990214 0.010909380216301667 0.00012935002841438594
19500 0 0 0.26976410773534099 24.727720767505829 0.0012360757204600119 0.00012935002841438578 0.0012360757200664651 0.00012935002841438556 0.0012360757204600119 2.1443028796801513e-12 -1.5310910443613554e-12 -1.0100587965797216e-22 3.1779469160345323e-12 -2.2693088285403991e-12 50.000000004781285 49.999999996585792 50.000000004781285 4.7812847014938598e-09 -3.4142075833187846e-09 1.0000000000000002 1969.8656512466848 8030.13434874619 0.027273733190230371 0 0 0.98984097789281045 5.5537920496509875e-18 0.99999999999999978 2.1443028783328593e-08 -1.5310910987447784e-08 -2.6024881255781128e-17 0.34196835960619959 0.33105897938989465 0.010909380216304942 0.00012935002841438578
20000 0 0 0.26976410773538034 24.72772076750579 0.0012360757227247649 0.00012935002841438795 0.0012360757221763908 0.00012935002841438819 0.0012360757227247649 2.9890717539619452e-12 -2.1342237770485931e-12 -7.5211839763805039e-22 4.4298325946696269e-12 -3.1631175038481877e-12 50.000000006665211 49.999999995240564 50.000000006665211 6.6652106056608318e-09 -4.7594355123692367e-09 1.0000000000000007 1969.8656512466519 8030.1343487460235 0.027273733189586671 0 0 0.98984097789159453 5.5537920339876905e-18 0.99999999999999978 2.9890717424252246e-08 -2.1342237462653545e-08 1.0648462097256501e-17 0.34196835960619465 0.3310589793898881 0.010909380216306552 0.00012935002841438795
20500 0 0 0.26976410773534776 24.727720767505822 0.0012360757258820072 0.00012935002841439215 0.00123607572511758 0.00012935002841439185 0.0012360757258820072 4.1666427058583428e-12 -2.9750091297177961e-12 -6.7488545817452497e-21 6.1749372171899149e-12 -4.4091267890815317e-12 50.000000009291313 49.999999993365435 50.000000009291313 9.2913126081839437e-09 -6.6345648974674987e-09 1.0000000000000002 1969.8656512466205 8030.1343487458898 0.02727373318868968 0 0 0.98984097788990477 5.5537920118548104e-18 0.99999999999999978 4.1666427387485635e-08 -2.9750091880302308e-08 -4.5317865388893036e-17 0.34196835960618854 0.33105897938988332 0.01090938021630522 0.00012935002841439215
21000 0 0 0.2697641077353421 24.727720767505808 0.0012360757302831372 0.00012935002841439359 0.0012360757292176406 0.00012935002841439323 0.0012360757302831372 5.8081056338381008e-12 -4.1471522375296341e-12 -2.7052496050822915e-21 8.60758373197385e-12 -6.1461387657111091e-12 50.000000012951958 49.999999990751604 50.000000012951958 1.2951957728546404e-08 -9.2483958269440336e-09 1.0000000000000022 1969.8656512465809 8030.134348745758 0.027273733187439551 0 0 0.98984097788755698 5.5537919795370965e-18 0.99999999999999978 5.8081056129261748e-08 -4.1471522484673287e-08 -6.393695460392321e-17 0.34196835960618244 0.33105897938987744 0.010909380216304998 0.00012935002841439359
21500 0 0 0.26976410773535181 24.727720767505815 0.0012360757364183481 0.00012935002841439863 0.0012360757349328551 0.00012935002841439844 0.0012360757364183481 8.0961662758426088e-12 -5.7810206510877711e-12 5.5513615138739447e-21 1.1998500911697426e-11 -8.567509613909573e-12 50.00000001805472 49.999999987108005 50.00000001805472 1.8054720385407563e-08 -1.2891995027075609e-08 1.0000000000000033 1969.8656512465504 8030.1343487455897 0.027273733185697129 0 0 0.98984097788429048 5.5537919371382788e-18 0.99999999999999978 8.096166226116122e-08 -5.7810205657706011e-08 6.6384694552817061e-17 0.34196835960617622 0.33105897938987083 0.010909380216305387 0.00012935002841439863
22000 0 0 0.26976410773535187 24.727720767505822 0.0012360757449702256 0.00012935002841439879 0.001236075742899695 0.0001293500284143983 0.0012360757449702256 1.1285714635195349e-11 -8.0585047113676511e-12 8.3370670244302323e-21 1.6725366129885929e-11 -1.1942669837932638e-11 50.000000025167708 49.999999982028967 50.000000025167708 2.5167707917717053e-08 -1.7971032661989739e-08 1.0000000000000009 1969.8656512465061 8030.1343487454733 0.027273733183268454 0 0 0.98984097787974501 5.5537918789688012e-18 0.99999999999999978 1.1285714654142218e-07 -8.0585046653833928e-08 8.1958884889123143e-17 0.34196835960617006 0.33105897938986467 0.010909380216305387 0.00012935002841439879
22500 0 0 0.26976410773532572 24.727720767505815 0.0012360757568912644 0.00012935002841440446 0.0012360757540052045 0.00012935002841440302 0.0012360757568912644 1.5731893116920694e-11 -1.123328424060814e-11 -5.5619995608575489e-21 2.3314435047033531e-11 -1.6647552611040103e-11 50.000000035082927 49.99999997494907 50.000000035082927 3.5082926785889867e-08 -2.505093021909488e-08 1.0000000000000022 1969.865651246475 8030.1343487453087 0.027273733179883183 0 0 0.98984097787341552 5.5537917949136788e-18 0.99999999999999978 1.5731893098862553e-07 -1.1233284283568703e-07 -3.6730549921565323e-17 0.34196835960616417 0.33105897938985984 0.010909380216304332 0.00012935002841440446
23000 0 0 0.26976410773535436 24.727720767505797 0.0012360757735086813 0.00012935002841440811 0.0012360757694856248 0.0001293500284144053 0.0012360757735086813 2.1929610463297321e-11 -1.5658734796607258e-11 -1.3518553206507938e-20 3.24992463015234e-11 -2.3205963401409357e-11 50.00000004890434 49.999999965079965 50.00000004890434 4.8904340133049118e-08 -3.4920034863716864e-08 1.0000000000000002 1969.8656512464368 8030.1343487451923 0.027273733175164447 0 0 0.9898409778645989 5.5537916801873593e-18 0.99999999999999978 2.1929610392612011e-07 -1.5658734823294567e-07 -8.1306249425575592e-17 0.3419683596061584 0.3310589793898529 0.010909380216305498 0.00012935002841440811
23500 0 0 0.26976410773537185 24.727720767505769 0.0012360757966727856 0.00012935002841441492 0.0012360757910645278 0.00012935002841440952 0.0012360757966727856 3.0568906415867269e-11 -2.1827630436151847e-11 -5.4792331405253377e-21 4.5302462984803039e-11 -3.2348097862704656e-11 50.000000068170777 49.999999951322835 50.000000068170777 6.817077746745781e-08 -4.8677165409571899e-08 1.0000000000000013 1969.8656512464058 8030.1343487450113 0.027273733168586944 0 0 0.98984097785231651 5.5537915204010593e-18 0.99999999999999978 3.0568906371631472e-07 -2.1827630443964367e-07 -5.8889110556421579e-17 0.34196835960615241 0.33105897938984619 0.010909380216306219 0.00012935002841441492
24000 0 0 0.26976410773534937 24.727720767505847 0.0012360758289623403 0.00012935002841442384 0.0012360758211446212 0.0001293500284144134 0.0012360758289623403 4.2611663421935291e-11 -3.0426766132622785e-11 7.7898200849681371e-21 6.3149577933179793e-11 -4.5091815478211714e-11 50.000000095027332 49.999999932145982 50.000000095027332 9.50273317812389e-08 -6.7854017515855958e-08 1.0000000000000002 1969.8656512463751 8030.1343487448612 0.027273733159418372 0 0 0.98984097783520253 5.553791274212311e-18 0.99999999999999978 4.2611663446415714e-07 -3.042676609155145e-07 1.0658087869089387e-16 0.34196835960614597 0.33105897938984069 0.010909380216305276 0.00012935002841442384
24500 0 0 0.26976410773534754 24.727720767505804 0.0012360758739726576 0.00012935002841443769 0.0012360758630750334 0.00012935002841441722 0.0012360758739726576 5.9398709447774754e-11 -4.2413571657978232e-11 4.512718737189814e-21 8.8027639913396141e-11 -6.2855993712497498e-11 50.000000132464159 49.999999905414285 50.000000132464159 1.3246415875300954e-07 -9.4585715260109282e-08 1.0000000000000002 1969.8656512463344 8030.1343487447666 0.027273733146638043 0 0 0.98984097781135327 5.5537909734925929e-18 0.99999999999999978 5.9398709412036225e-07 -4.2413571639216975e-07 7.6619779657754881e-17 0.34196835960613992 0.3310589793898347 0.01090938021630522 0.00012935002841443769
25000 0 0 0.26976410773537252 24.727720767505826 0.0012360759367146159 0.00012935002841446444 0.0012360759215240204 0.00012935002841442489 0.0012360759367146159 8.2799172190092077e-11 -5.9122582931755024e-11 2.2092211128019789e-21 1.2270655886473782e-10 -8.7618372412417759e-11 50.000000184649402 49.999999868151505 50.000000184649402 1.8464940154672149e-07 -1.3184849478875549e-07 1.0000000000000002 1969.8656512463074 8030.134348744521 0.02727373312882302 0 0 0.98984097777811653 5.5537905672413754e-18 0.99999999999999978 8.2799172172814625e-07 -5.9122582909404347e-07 2.1828830300257911e-17 0.34196835960613331 0.33105897938982709 0.010909380216306219 0.00012935002841446444
25500 0 0 0.26976410773537773 24.727720767505804 0.001236076024174416 0.00012935002841451258 0.0012360760029993118 0.00012935002841443514 0.001236076024174416 1.154183473623152e-10 -8.2414222182622955e-11 4.2438614508791336e-21 1.7104744440016547e-10 -1.2213607467126663e-10 50.000000257393324 49.999999816208842 50.000000257393324 2.5739332443208696e-07 -1.8379115829247894e-07 1.0000000000000027 1969.8656512462744 8030.1343487444274 0.027273733103989884 0 0 0.98984097773179303 5.5537899565066007e-18 0.99999999999999978 1.1541834729325622e-06 -8.2414222150066681e-07 5.0040054247240449e-17 0.34196835960612709 0.33105897938982065 0.010909380216306441 0.00012935002841451258
26000 0 0 0.26976410773538334 24.727720767505811 0.001236076146089192 0.00012935002841460333 0.0012360761165720027 0.00012935002841445357 0.001236076146089192 1.6088802931731653e-10 -1.1488173621926141e-10 -1.1091062177027678e-20 2.3843252448258684e-10 -1.7025223284772602e-10 50.000000358795113 49.999999743803116 50.000000358795113 3.5879511273151365e-07 -2.5619688415190467e-07 1.0000000000000004 1969.8656512462289 8030.1343487442628 0.027273733069373834 0 0 0.98984097766722734 5.5537890910224564e-18 0.99999999999999978 1.6088802933756984e-06 -1.1488173621725076e-06 -1.3963977810169964e-16 0.34196835960612104 0.33105897938981438 0.010909380216306663 0.00012935002841460333
26500 0 0 0.26976410773538628 24.727720767505829 0.0012360763160330782 0.00012935002841477588 0.0012360762748872844 0.00012935002841448412 0.0012360763160330782 2.2427077794737977e-10 -1.6014004626761362e-10 -2.0798432173305456e-20 3.3236429679242256e-10 -2.3732400354087539e-10 50.000000500144715 49.999999642872751 50.000000500144715 5.0014471497661361e-07 -3.5712724866243661e-07 1.0000000000000022 1969.8656512461932 8030.1343487441163 0.027273733021120898 0 0 0.98984097757723333 5.5537879365959674e-18 0.99999999999999978 2.2427077795896807e-06 -1.6014004625631268e-06 -1.5545144755468431e-16 0.3419683596061151 0.33105897938980833 0.010909380216306774 0.00012935002841477588
27000 0 0 0.26976410773542625 24.727720767505847 0.0012360765529269341 0.00012935002841511155 0.0012360764955713813 0.00012935002841454456 0.0012360765529269341 3.1262347418293423e-10 -2.2322811678972322e-10 6.9345470696428043e-22 4.6330098469654273e-10 -3.3081906737448551e-10 50.000000697179772 49.999999502180287 50.000000697179772 6.9717977169148071e-07 -4.978197125637962e-07 1.0000000000000002 1969.8656512461637 8030.1343487439917 0.027273732953858775 0 0 0.98984097745179367 5.5537863009244064e-18 0.99999999999999978 3.1262347420556109e-06 -2.2322811684006568e-06 -3.6293776185060374e-18 0.34196835960610877 0.33105897938980039 0.010909380216308384 0.00012935002841511155
27500 0 0 0.26976410773545817 24.727720767505875 0.0012360768831466045 0.00012935002841575789 0.0012360768031946209 0.00012935002841465697 0.0012360768831466045 4.3578320828426187e-10 -3.1117008159023339e-10 -1.9131641112844359e-21 6.4582095427305069e-10 -4.6114704362747991e-10 50.000000971837885 49.999999306061255 50.000000971837885 9.7183788483334865e-07 -6.9393874468914873e-07 1.0000000000000007 1969.8656512461216 8030.1343487438089 0.027273732860098879 0 0 0.98984097727694453 5.5537835258585161e-18 0.99999999999999978 4.3578320824675293e-06 -3.111700815854665e-06 -1.8778315890243517e-17 0.34196835960610239 0.33105897938979273 0.010909380216309661 0.00012935002841575789
28000 0 0 0.26976410773550979 24.727720767505829 0.001236077343457448 0.00012935002841701112 0.0012360772320065326 0.00012935002841487129 0.001236077343457448 6.0746242611046457e-10 -4.3375726148937515e-10 1.4497328448422821e-21 9.0024564827096342e-10 -6.4281848424662244e-10 50.000001354699073 49.999999032680051 50.000001354699073 1.3546990729196295e-06 -9.6731994858600956e-07 1.0000000000000053 1969.8656512460925 8030.1343487436698 0.027273732729402395 0 0 0.98984097703322094 5.5537802758242096e-18 0.99999999999999978 6.074624260781153e-06 -4.3375726146660387e-06 1.967293191798106e-18 0.34196835960609628 0.33105897938978451 0.01090938021631177 0.00012935002841701112
28500 0 0 0.26976410773556753 24.727720767505836 0.0012360779851092643 0.00012935002841944532 0.001236077829748754 0.00012935002841528729 0.0012360779851092643 8.467756448273982e-10 -6.0463834595928752e-10 1.0783009083411979e-20 1.2549023994392367e-09 -8.9606036224047696e-10 50.00000188839055 49.99999865159878 50.00000188839055 1.8883905497091291e-06 -1.348401220013784e-06 1.0000000000000091 1969.8656512460529 8030.1343487434897 0.027273732547218571 0 0 0.98984097669349325 5.5537761792731126e-18 0.99999999999999978 8.467756448225631e-06 -6.0463834597129058e-06 1.0168838196111415e-16 0.34196835960609012 0.33105897938977602 0.010909380216314102 0.00012935002841944532
29000 0 0 0.2697641077356886 24.727720767505861 0.0012360788795415783 0.00012935002842417195 0.0012360786629703538 0.00012935002841609191 0.0012360788795415783 1.1803676443498134e-09 -8.42838988643439e-10 -4.2689826230868037e-21 1.7492781628561327e-09 -1.2490683182045593e-09 50.00000263233278 49.999998120388405 50.00000263233278 2.6323327801947016e-06 -1.8796115952568471e-06 1.0000000000000162 1969.8656512460202 8030.1343487433378 0.027273732293264446 0 0 0.98984097621994016 5.5537701747460993e-18 0.99999999999999978 1.1803676443425208e-05 -8.4283898862854946e-06 -2.5859073244604437e-17 0.34196835960608429 0.33105897938976531 0.010909380216318987 0.00012935002842417195
29500 0 0 0.26976410773584081 24.727720767505847 0.0012360801263367712 0.00012935002843335265 0.0012360798244351991 0.00012935002841765248 0.0012360801263367712 1.6453801040695092e-09 -1.1748801328895095e-09 1.2253347297973344e-20 2.4384160448248424e-09 -1.7411457631932202e-09 50.000003669355202 49.999997379904777 50.000003669355202 3.669355201907365e-06 -2.6200952234489705e-06 1.0000000000000315 1969.8656512459806 8030.1343487432086 0.027273731939267722 0 0 0.98984097555984785 5.5537605812732796e-18 0.99999999999999978 1.6453801040438475e-05 -1.1748801328855322e-05 9.5637634344891934e-17 0.34196835960607835 0.33105897938975321 0.010909380216325149 0.00012935002843335265
29999 0 0 0.26976410773604514 24.727720767505829 0.0012360818602229983 0.00012935002845114159 0.00123608143964417 0.00012935002842067518 0.0012360818602229983 2.2920637061851988e-09 -1.6366431772447403e-09 -7.1263620799287343e-21 3.3967864418744687e-09 -2.4254681067081094e-09 50.000005111521745 49.99999635012886 50.000005111521745 5.1115217445385497e-06 -3.6498711395438477e-06 1.0000000000000615 1969.8656512459413 8030.1343487430813 0.027273731446978845 0 0 0.98984097464190235 5.5537498422304739e-18 0.99999999999999978 2.2920637061594183e-05 -1.6366431772339696e-05 -4.7944753209087288e-17 0.34196835960607286 0.33105897938973944 0.01090938021633342 0.00012935002845114159
