# 1:passo  2:raio_area  3:raio_grad  4:raio_linha  5:p_in  6:p_out  7:delta_p  8:sigma  9:|u-v0|max  10:|u-v0|rms  11:Ca  12:massa_R  13:massa_B  14:|q|  15:sd_p_in  16:sd_p_out  17:sigma_2pontos  18:K_perfil  19:r_perfil  20:espessura_10_90  21:residuo_ajuste  22:n_camadas
0 40.02533834 40.05069478 40 0.3333333333 0.3333333333 -3.724798248e-14 -1.490863101e-12 0.001786958028 0.0001764628192 0 5032.918481 20567.08152 2.751506727e-16 7.56253301e-08 0 2.220446049e-15 1.268104771 40.02415846 3.465367575 0.0688003113 12
500 39.91343053 39.93068903 39.8907459 0.3353085501 0.3331030651 0.002205485058 0.08802847465 0.001699180008 0.0009800949671 0.003217102979 5032.918481 20567.08152 1.363555646e-14 1.117963579e-05 0.0004868747793 0.03964774373 1.291234167 39.90649281 3.403293738 0.1426632665 12
1000 39.89668669 39.91316316 39.88409895 0.3354428607 0.3324396502 0.003003210519 0.1198181491 0.001071389141 0.0006348776248 0.001490298908 5032.918481 20567.08152 4.668976931e-14 1.128962491e-05 0.0004471222446 0.1513454729 1.292432337 39.89452268 3.400138661 0.1383057228 12
1500 39.87953468 39.89527421 39.86112664 0.3359655447 0.3324914076 0.003474137093 0.1385469707 0.00080293458 0.0004752226628 0.0009658993577 5032.918481 20567.08152 7.428199207e-14 4.384174069e-05 9.349062103e-05 0.1483186559 1.292771108 39.87680348 3.399247654 0.1358005551 12
2000 39.92600857 39.94139195 39.90576561 0.3349256709 0.3329223843 0.002003286586 0.0799832374 0.001239762052 0.0006875490125 0.00258337891 5032.918481 20567.08152 1.245152276e-13 9.967590027e-06 1.748493786e-05 0.07822497964 1.292454527 39.92444448 3.400080284 0.1369631296 12
2500 39.94608214 39.96270992 39.92296588 0.3344877841 0.3331628673 0.001324916818 0.05292523606 0.0004915294779 0.0002227530911 0.001547873675 5032.918481 20567.08152 1.109100866e-13 3.229179608e-05 0.0001781350514 0.03893807757 1.292404524 39.94567395 3.400211833 0.1374690325 12
3000 39.9272522 39.9439098 39.90568596 0.334926727 0.332990775 0.001935952064 0.07729724631 0.0007861384155 0.0004444156843 0.001695054811 5032.918481 20567.08152 1.423639029e-13 4.653831878e-06 0.0001162852761 0.06861704127 1.29126481 39.92037643 3.403212976 0.1430749046 12
3500 39.90662303 39.92323717 39.88941915 0.3353323481 0.3326909967 0.002641351374 0.1054074136 0.0008064495081 0.000330272713 0.001275130912 5032.918481 20567.08152 1.899749616e-13 6.160713164e-06 0.0001397761752 0.1154353981 1.291712142 39.89837671 3.40203441 0.1427177188 12
4000 39.8985942 39.91447129 39.87961482 0.3355436873 0.332666271 0.002877416265 0.1148048639 0.0004928343406 0.0001417380327 0.0007154666968 5032.918481 20567.08152 1.837098623e-13 2.352856756e-05 6.474725336e-05 0.1210365498 1.291783276 39.88987148 3.401847073 0.1416351819 12
4500 39.92046867 39.93644182 39.90093621 0.3350391828 0.3328538313 0.002185351493 0.08724025579 0.0006044506776 0.0003145857151 0.001154762543 5032.918481 20567.08152 2.197401709e-13 6.089861485e-06 3.965439394e-05 0.08932120746 1.29198714 39.91079167 3.401310291 0.1405196984 12
5000 39.92885594 39.94511639 39.90683884 0.3348845737 0.3330001636 0.001884410134 0.07524234079 0.0004710913813 9.886459099e-05 0.001043497975 5032.918481 20567.08152 2.178978627e-13 8.259443816e-06 0.0001172988216 0.06663517819 1.291886437 39.91958288 3.401575423 0.1404160666 12
5500 39.92602671 39.94255716 39.90577257 0.3349266089 0.3329321875 0.001994421422 0.07962932297 0.0006288648641 0.000186688853 0.001316233854 5032.918481 20567.08152 2.939516509e-13 9.974547925e-06 2.681352251e-05 0.07694913605 1.29156409 39.91627581 3.402424385 0.1426370055 12
6000 39.911815 39.92822339 39.89244733 0.335245082 0.3327936276 0.002451454418 0.09784199519 0.0006362142767 0.0001780294023 0.001083744384 5032.918481 20567.08152 3.097176313e-13 7.028514509e-06 2.201124489e-05 0.09986979341 1.291628818 39.90190164 3.402253877 0.1426134462 12
6500 39.90974274 39.92587447 39.89082319 0.3352826269 0.3327560413 0.002526585555 0.1008353795 0.0004944120909 6.086546081e-05 0.0008171934847 5032.918481 20567.08152 3.104771855e-13 7.421693653e-06 6.263450786e-05 0.105645859 1.291675109 39.89965014 3.402131948 0.1424997392 12
7000 39.91676845 39.9328729 39.89682587 0.3351343129 0.3328414024 0.002292910469 0.09152557625 0.0004630855741 0.0001551086269 0.000843271708 5032.918481 20567.08152 3.709871145e-13 1.22543288e-06 5.516915025e-06 0.0919487772 1.291794804 39.90689661 3.401816714 0.1399503948 12
7500 39.92341079 39.93964406 39.90271953 0.334990986 0.332917401 0.002073585079 0.08278458892 0.0004820339978 7.72718388e-05 0.0009704583992 5032.918481 20567.08152 3.961686439e-13 5.444919893e-06 3.978095927e-05 0.07961910646 1.291913671 39.91394527 3.401503719 0.1404975067 12
8000 39.92201874 39.93841084 39.9017439 0.3350195057 0.3328988734 0.002120632302 0.08465992252 0.0005543132703 8.753790913e-05 0.001091254779 5032.918481 20567.08152 4.34897379e-13 4.434953189e-06 2.461636568e-05 0.08258465926 1.291596513 39.91210152 3.402338974 0.1424076081 12
8500 39.91576472 39.93209856 39.89605479 0.3351565363 0.3328319368 0.002324599543 0.09278816843 0.0005608636858 0.0001001209444 0.001007426728 5032.918481 20567.08152 5.147696608e-13 2.316530696e-06 8.554144335e-06 0.09351633078 1.291617931 39.90563671 3.402282554 0.1422620841 12
9000 39.91387322 39.93009812 39.8944685 0.3351947305 0.3328053687 0.002389361781 0.09536868319 0.0005022302283 4.632753474e-05 0.0008776994214 5032.918481 20567.08152 5.727373157e-13 3.584733768e-06 3.077488119e-05 0.09770794415 1.291646767 39.90364227 3.402206598 0.1422029496 12
9500 39.91664045 39.93281421 39.89672459 0.3351374458 0.332840981 0.002296464766 0.0916671584 0.0004807847371 8.20704597e-05 0.0008741493781 5032.918481 20567.08152 6.050325407e-13 1.427523941e-06 4.341295595e-06 0.09203157658 1.291948411 39.90694641 3.401412253 0.1403821596 12
10000 39.92037106 39.93661491 39.90015131 0.3350552209 0.3328803678 0.002174853013 0.08682093929 0.000488053904 5.949735591e-05 0.0009368974581 5032.918481 20567.08152 5.91699627e-13 2.735716837e-06 1.459425353e-05 0.085575545 1.291620047 39.910347 3.402276981 0.1422837224 12
10500 39.91994361 39.93625716 39.89976046 0.3350657562 0.3328780093 0.002187746979 0.08733473604 0.0005207588095 5.430246561e-05 0.0009937985601 5032.918481 20567.08152 6.3465176e-13 2.002273763e-06 1.637802686e-05 0.08602015763 1.291747891 39.91024889 3.401940259 0.1401213755 12
11000 39.9173067 39.9336116 39.89748242 0.3351217429 0.3328465047 0.002275238266 0.09082138369 0.000530762921 6.426600258e-05 0.0009740050551 5032.918481 20567.08152 6.822264639e-13 4.281978235e-07 4.029553942e-06 0.09108974227 1.291757688 39.90752694 3.401914458 0.1400964875 12
11500 39.91583441 39.93208395 39.89612858 0.3351538471 0.3328302811 0.002323565992 0.09274707537 0.0005056605568 4.64578715e-05 0.0009086729596 5032.918481 20567.08152 7.355462357e-13 1.974482779e-06 1.272899095e-05 0.09373038726 1.291634207 39.90567468 3.402239683 0.1422244222 12
12000 39.91705993 39.93327956 39.89718586 0.3351273512 0.3328439839 0.002283367217 0.09114530607 0.0004913748791 5.529131245e-05 0.0008985192624 5032.918481 20567.08152 7.726658716e-13 7.51335752e-07 4.995270057e-06 0.09150402869 1.291771229 39.90724032 3.401878796 0.1400341758 12
12500 39.91883679 39.93508476 39.89877058 0.3350889936 0.3328641774 0.002224816144 0.08881207255 0.0004937217828 5.093753999e-05 0.0009265290342 5032.918481 20567.08152 8.41934975e-13 1.048041369e-06 6.771631184e-06 0.08823039763 1.291624238 39.90876819 3.402265943 0.1422602822 12
13000 39.91894947 39.93523191 39.89888626 0.3350867391 0.3328658469 0.002220892202 0.08865568359 0.0005085794706 4.724746089e-05 0.0009560948792 5032.918481 20567.08152 9.341095161e-13 1.1217156e-06 8.19365672e-06 0.08797005406 1.291755587 39.90921186 3.401919991 0.1400950842 12
13500 39.91773753 39.93402275 39.89783638 0.3351126512 0.3328516962 0.002260954992 0.09025220795 0.000516138166 5.109903869e-05 0.0009531404231 5032.918481 20567.08152 9.55810041e-13 1.248263695e-07 5.833959637e-07 0.09025512406 1.291759631 39.90796366 3.40190934 0.1400861524 12
14000 39.91688713 39.93314557 39.89705948 0.3351311454 0.332842258 0.002288887399 0.09136525997 0.0005057145498 4.64872217e-05 0.000922514294 5032.918481 20567.08152 9.808902025e-13 9.312105004e-07 5.735811231e-06 0.09178949116 1.291766204 39.90707723 3.401892029 0.1400567898 12
14500 39.9173451 39.93358758 39.89745778 0.3351211354 0.3328471676 0.002273967869 0.09077076017 0.0004971506555 4.801595044e-05 0.0009128318681 5032.918481 20567.08152 9.935707779e-13 4.542310087e-07 3.245176173e-06 0.09098687567 1.291629816 39.90722869 3.402251248 0.1422394936 12
15000 39.91820171 39.93445374 39.89821 0.3351027907 0.3328571558 0.00224563494 0.08964170852 0.0004973874345 4.763610435e-05 0.0009247693638 5032.918481 20567.08152 1.020028981e-12 4.029741214e-07 2.920962445e-06 0.08937349957 1.291625387 39.90811534 3.402262915 0.1422542209 12
15500 39.91839713 39.9346671 39.89839933 0.3350985107 0.3328592966 0.002239214118 0.08938583842 0.000504273336 4.626440875e-05 0.0009402558333 5032.918481 20567.08152 1.03410199e-12 6.101653934e-07 4.027171473e-06 0.08902519331 1.291622065 39.90832352 3.402271667 0.1422692694 12
16000 39.91785054 39.93412386 39.89792009 0.3351103267 0.3328531529 0.002257173832 0.09010152767 0.0005088943796 4.733934277e-05 0.0009413350931 5032.918481 20567.08152 1.113358015e-12 1.276575689e-07 5.343006891e-07 0.09002270227 1.291623407 39.90776152 3.402268131 0.1422646531 12
16500 39.91739801 39.93365976 39.89751524 0.3351200541 0.3328479304 0.002272123698 0.09069726597 0.0005048572552 4.634262297e-05 0.000927733322 5032.918481 20567.08152 1.112990382e-12 4.14725728e-07 2.611822163e-06 0.09086712213 1.291626636 39.90729068 3.402259624 0.1422520011 12
17000 39.91753362 39.93378637 39.89762734 0.3351171363 0.332849457 0.002267679209 0.09052016108 0.0004999161857 4.649812027e-05 0.000920450906 5032.918481 20567.08152 1.165141005e-12 2.91307253e-07 1.727069339e-06 0.09061921923 1.291765037 39.90774119 3.401895103 0.1400613093 12
17500 39.91795126 39.93420704 39.89799546 0.3351081468 0.3328542385 0.002253908284 0.08997140101 0.0004995205691 4.658055247e-05 0.0009253321305 5032.918481 20567.08152 1.18504891e-12 1.908458186e-07 1.116088165e-06 0.08984493792 1.29162567 39.9078586 3.402262171 0.1422543337 12
18000 39.91809722 39.93436177 39.89813094 0.3351049915 0.3328559029 0.002249088521 0.08977933425 0.0005027955823 4.617500386e-05 0.0009333914583 5032.918481 20567.08152 1.277557102e-12 3.192290379e-07 2.077018061e-06 0.08957549311 1.291761371 39.90832655 3.401904757 0.1400753124 12
18500 39.91786814 39.93413533 39.89793123 0.3351099393 0.3328533231 0.002256616234 0.09007930927 0.0005054361709 4.642717938e-05 0.0009351688252 5032.918481 20567.08152 1.331264835e-12 1.384000808e-07 6.041403455e-07 0.08999427955 1.291624241 39.9077773 3.402265934 0.1422609038 12
19000 39.91762906 39.93389144 39.89771854 0.3351150767 0.3328505635 0.002264513189 0.09039399748 0.0005039985743 4.624129359e-05 0.0009292626139 5032.918481 20567.08152 1.358910661e-12 2.0720614e-07 1.06760526e-06 0.09044051883 1.29162579 39.90752904 3.402261853 0.1422551261 12
19500 39.91765585 39.93391334 39.89773776 0.3351145092 0.3328508737 0.002263635509 0.09035902323 0.0005012059753 4.622451912e-05 0.0009244713614 5032.918481 20567.08152 1.449230375e-12 1.902226514e-07 8.736394143e-07 0.09039027583 1.291763885 39.90786899 3.401898139 0.1400656817 12
20000 39.91785259 39.93411085 39.89791131 0.3351102643 0.3328531055 0.002257158805 0.09010093245 0.0005006940426 4.627906596e-05 0.0009261725138 5032.918481 20567.08152 1.499276329e-12 1.325688277e-07 4.393931491e-07 0.09002841489 1.291625653 39.90775785 3.402262214 0.1422549418 12
20500 39.91794587 39.9342082 39.897996 0.3351082596 0.3328541873 0.002254072355 0.08997793826 0.0005023679415 4.617371295e-05 0.0009305391062 5032.918481 20567.08152 1.536187799e-12 1.879927768e-07 1.086971709e-06 0.08985364642 1.291624725 39.90785555 3.402264659 0.1422586549 12
21000 39.91785539 39.93411954 39.89791814 0.3351102065 0.3328531566 0.002257049896 0.09009659135 0.0005038201052 4.622518065e-05 0.0009319999378 5032.918481 20567.08152 1.559118588e-12 1.320987144e-07 4.822476876e-07 0.09002070398 1.291624753 39.90776299 3.402264584 0.1422588394 12
21500 39.91773211 39.93399431 39.89780848 0.3351128624 0.3328517478 0.002261114583 0.09025856622 0.0005033726454 4.619660619e-05 0.0009295011478 5032.918481 20567.08152 1.629705199e-12 1.388497962e-07 3.657557121e-07 0.09024884005 1.291625466 39.90763519 3.402262707 0.1422561178 12
22000 39.91772749 39.93398717 39.89780249 0.3351129621 0.332851689 0.002261273157 0.09026488568 0.0005020278268 4.618058258e-05 0.0009269529767 5032.918481 20567.08152 1.652021995e-12 1.417524699e-07 4.067790348e-07 0.09025818879 1.291625858 39.90762946 3.402261674 0.1422543965 12
22500 39.91781664 39.93407631 39.89788073 0.3351110411 0.3328527037 0.002258337396 0.09014789807 0.0005015763033 4.619942878e-05 0.0009273211283 5032.918481 20567.08152 1.651620576e-12 1.244033451e-07 2.227636511e-07 0.0900937353 1.291625561 39.90772134 3.402262456 0.1422554344 12
23000 39.91787215 39.93413369 39.89793079 0.3351098463 0.332853343 0.002256503369 0.09007481301 0.0005023069072 4.617455506e-05 0.0009294253861 5032.918481 20567.08152 1.712916983e-12 1.397411663e-07 5.910416582e-07 0.08999034027 1.291625092 39.90777927 3.402263693 0.1422572895 12
23500 39.91783858 39.93410122 39.89790223 0.3351105687 0.3328529615 0.00225760723 0.090118801 0.0005030762303 4.618335636e-05 0.0009303945176 5032.918481 20567.08152 1.81204529e-12 1.253049054e-07 3.689233424e-07 0.09005220281 1.29162504 39.90774509 3.402263829 0.1422576441 12
24000 39.91777726 39.93403915 39.89784783 0.3351118902 0.3328522621 0.002259628065 0.0901993298 0.0005029801701 4.618061006e-05 0.0009293863771 5032.918481 20567.08152 1.855271575e-12 1.243644084e-07 1.099280836e-07 0.09016549616 1.291625358 39.90768161 3.402262992 0.1422564336 12
24500 39.91776656 39.93402719 39.89783752 0.3351121202 0.3328521357 0.002259984432 0.09021353097 0.0005023512071 4.617444452e-05 0.0009280780862 5032.918481 20567.08152 1.915103287e-12 1.2653843e-07 1.61107893e-07 0.09018585082 1.291625584 39.90767009 3.402262397 0.1422554894 12
25000 39.91780577 39.93406622 39.89787175 0.335111276 0.3328525829 0.002258693114 0.09016207301 0.0005020545761 4.617964287e-05 0.0009280594366 5032.918481 20567.08152 1.941689389e-12 1.216063101e-07 1.632808249e-07 0.09011339891 1.291625479 39.90771043 3.402262673 0.1422558158 12
25500 39.91783686 39.93409814 39.89789967 0.335110606 0.332852939 0.002257666999 0.09012118293 0.0005023477734 4.617424255e-05 0.0009290227467 5032.918481 20567.08152 2.015590224e-12 1.248265469e-07 3.568447223e-07 0.09005575164 1.291625249 39.9077428 3.402263278 0.1422567244 12
26000 39.91782581 39.93408771 39.89789045 0.3351108442 0.3328528149 0.00225802924 0.09013561787 0.0005027416442 4.61752808e-05 0.0009296022596 5032.918481 20567.08152 2.106886601e-12 1.214253927e-07 2.875287237e-07 0.0900759142 1.291625193 39.90773165 3.402263426 0.1422570066 12
26500 39.91779621 39.93405786 39.89786429 0.3351114818 0.3328524768 0.002259004951 0.09017449925 0.0005027535436 4.617557548e-05 0.0009292234275 5032.918481 20567.08152 2.148600432e-12 1.237459766e-07 1.117674773e-07 0.09013067731 1.291625331 39.90770104 3.402263064 0.1422564981 12
27000 39.91778707 39.93404811 39.89785581 0.3351116786 0.332852371 0.002259307548 0.09018655761 0.0005024672928 4.617373658e-05 0.0009285701885 5032.918481 20567.08152 2.207189654e-12 1.239292057e-07 8.864310526e-08 0.09014777153 1.291625454 39.90769139 3.40226274 0.14225599 12
27500 39.91780375 39.93406462 39.89787031 0.3351113192 0.3328525608 0.002258758432 0.09016467581 0.0005022905891 4.617497822e-05 0.0009284689091 5032.918481 20567.08152 2.246735691e-12 1.218417912e-07 1.528928824e-07 0.09011700471 1.291625423 39.90770852 3.402262821 0.1422560688 12
28000 39.91782036 39.93408158 39.89788515 0.3351109615 0.3328527509 0.002258210573 0.090142844 0.000502400053 4.617389559e-05 0.0009288961659 5032.918481 20567.08152 2.298436992e-12 1.231429853e-07 2.511567873e-07 0.09008622992 1.291625314 39.90772577 3.402263109 0.1422564962 12
28500 39.91781765 39.93407921 39.89788303 0.3351110199 0.332852721 0.00225829887 0.0901463625 0.0005025959116 4.617385785e-05 0.0009292220223 5032.918481 20567.08152 2.289705332e-12 1.200408181e-07 2.367128648e-07 0.090091101 1.291625272 39.90772311 3.402263218 0.1422566854 12
29000 39.91780371 39.9340652 39.89787075 0.3351113201 0.3328525619 0.002258758217 0.09016466713 0.0005026292205 4.61741315e-05 0.0009290949483 5032.918481 20567.08152 2.466675237e-12 1.226804035e-07 1.543677515e-07 0.09011688038 1.291625329 39.90770871 3.402263067 0.1422564803 12
29500 39.91779754 39.93405874 39.89786511 0.3351114531 0.3328524908 0.00225896223 0.09017279693 0.0005025028007 4.61736649e-05 0.0009287775208 5032.918481 20567.08152 2.570720229e-12 1.196226645e-07 1.114317974e-07 0.09012836911 1.291625394 39.90770224 3.402262897 0.1422562173 12
29999 39.91780449 39.93406558 39.89787112 0.3351113032 0.3328525697 0.002258733494 0.09016368202 0.0005024030441 4.617393126e-05 0.0009286870145 5032.918481 20567.08152 2.58237168e-12 1.208128057e-07 1.522042952e-07 0.09011557284 1.291625388 39.90770936 3.402262912 0.1422562193 12
