# step v0 Mach sigma R umax_ref urms_ref umax_mean urms_mean umax_lab mean_x mean_y mean_z drop_ux drop_uy x0 y0 x_unwrapped center_dx center_dy axis_ratio mass_R mass_B min_f negative_total negative_color min_rho min_phi max_phi qx qy qz p_in p_out delta_p urms_lab
0 0 0 -5.560112678108922e-15 25.040521385269312 2.5018537765542006e-17 7.5789749037286902e-18 2.5022579260866512e-17 7.5789736966827769e-18 2.5018537765542006e-17 2.0816681711721683e-21 -3.4694469519536143e-21 -1.3877787807814457e-21 4.4666991457098471e-21 -1.0178699889193321e-20 50.000000000000007 50.000000000000007 50.000000000000007 7.1054273576010019e-15 7.1054273576010019e-15 1.0000000000000007 1969.8656512480636 8030.1343487520417 0.023382213674651542 0 0 0.99999999999999944 5.1710809399147485e-26 0.99999999999998512 -2.5812228760429912e-16 1.5724113064657592e-16 1.9210916363466502e-17 0.33333333333333387 0.33333333333333409 -2.2204460492503131e-16 7.5789749037286902e-18
500 0 0 0.035440145303214272 24.983975862246517 0.0018033734835284703 0.0011551698415468085 0.001803373483528468 0.0011551698415468085 0.0018033734835284703 -2.0723006644019771e-18 2.3092638912204183e-18 1.7347234759768767e-21 3.9364511662498171e-18 -9.9912666564253601e-18 50.000000000000007 50.000000000000007 50.000000000000007 7.1054273576010019e-15 7.1054273576010019e-15 1.000000000000002 1969.8656512479656 8030.134348751586 0.024378278852694391 0 0 0.99609037428460678 4.2230565154381904e-18 0.99999999999999978 -2.1056073551406485e-14 3.6531968585200997e-14 2.2000245968730985e-18 0.33462385925035976 0.33320534421902048 0.0014185150313392736 0.0011551698415468085
1000 0 0 0.085399061050931382 24.941996143581559 0.0020683812214065335 0.0014042315659313161 0.0020683812214065309 0.0014042315659313161 0.0020683812214065335 -1.9310941734575237e-18 3.3542613131490015e-18 1.734723475976935e-21 2.4070453554811993e-17 -2.9617961571866752e-18 49.999999999999993 50.000000000000007 49.999999999999993 -7.1054273576010019e-15 7.1054273576010019e-15 1.0000000000000007 1969.8656512478997 8030.1343487514068 0.024438273843795905 0 0 0.9971494746432773 5.750337620950742e-18 0.99999999999999978 -1.9352629308105884e-14 1.7773543053989371e-14 -6.1573608037238986e-18 0.33609310646992585 0.33266920003680311 0.0034239064331227365 0.0014042315659313161
1500 0 0 0.12361368657232305 24.912229795763167 0.001550701488967086 0.0010211936351437832 0.0015507014889670915 0.0010211936351437825 0.001550701488967086 -3.0423580321684513e-18 1.0803510863689521e-17 -1.7347234759769937e-21 5.3687515184991464e-17 -9.1569979787649438e-18 49.999999999999986 50.000000000000007 49.999999999999986 -1.4210854715202004e-14 7.1054273576010019e-15 1.0000000000000011 1969.8656512478371 8030.1343487510931 0.024471732947732885 0 0 0.99561486241185082 5.75998341777605e-18 0.99999999999999978 -3.0749748992746351e-14 1.2062745279647208e-13 -4.7570266320324007e-17 0.33719705315852727 0.33223508517791134 0.0049619679806159334 0.0010211936351437832
2000 0 0 0.13759777437979226 24.900809814254735 0.00064475028853801892 0.00038498962091448858 0.00064475028853801502 0.00038498962091448831 0.00064475028853801892 3.9024339315579607e-18 1.1603565330810454e-17 -6.2450045135173623e-21 2.4864076924122157e-17 8.4112398847774933e-18 49.999999999999986 50.000000000000014 49.999999999999986 -1.4210854715202004e-14 1.4210854715202004e-14 1.0000000000000013 1969.8656512477685 8030.1343487507929 0.024486020286700692 0 0 0.99511878610621429 5.2019735643329754e-18 0.99999999999999978 3.8680816633485798e-14 1.120322367861859e-13 -3.7311168154032037e-17 0.33760071352820537 0.33207487820774029 0.0055258353204650779 0.00038498962091448858
2500 0 0 0.13185556645324376 24.905173138985006 0.00083112731789916638 0.00029085874574862844 0.00083112731789915749 0.00029085874574862866 0.00083112731789916638 2.7294139171023796e-18 1.3514189767252051e-17 -1.3877787807816852e-21 5.5927690621415261e-18 3.9624876332601238e-17 49.999999999999979 50.000000000000014 49.999999999999979 -2.1316282072803006e-14 1.4210854715202004e-14 1.000000000000004 1969.8656512476889 8030.1343487505283 0.024479396898619558 0 0 0.99586440177210767 5.4205809706507839e-18 0.99999999999999978 2.7387382251918731e-14 1.4179619020019286e-13 -2.314518132233848e-17 0.33747166542413798 0.33217736107550266 0.0052943043486353147 0.00029085874574862844
3000 0 0 0.11500655617669024 24.918111288685921 0.0011006765048071549 0.00053041762690773692 0.0011006765048071653 0.00053041762690773659 0.0011006765048071549 3.2699537522169462e-18 1.4248324742286002e-17 2.2898349882898509e-20 -2.2016933503832135e-17 2.3233497546576449e-17 49.999999999999979 50.000000000000014 49.999999999999979 -2.1316282072803006e-14 1.4210854715202004e-14 1.0000000000000011 1969.865651247633 8030.1343487502054 0.024465002908434962 0 0 0.99715082081944839 5.5528689980466198e-18 0.99999999999999978 3.2836580676764981e-14 1.4193789373007082e-13 2.1203738764063474e-16 0.33701818726304378 0.33240280711467318 0.0046153801483705958 0.00053041762690773692
3500 0 0 0.097968559831244167 24.931197680147434 0.0010229727057262225 0.00048720512842079667 0.0010229727057262086 0.00048720512842079651 0.0010229727057262225 2.9042740434810825e-18 2.2354340600833009e-17 -8.3266726846907151e-21 -4.7111516431457287e-17 4.6564150097430248e-17 49.999999999999972 50.000000000000028 49.999999999999972 -2.8421709430404007e-14 2.8421709430404007e-14 1.0000000000000029 1969.865651247567 8030.134348750008 0.024446818074580691 0 0 0.99739229127664253 5.6269543983665437e-18 0.99999999999999978 2.8787729307571536e-14 2.1978447030000445e-13 -1.0299005396602043e-16 0.33654611822789393 0.33261656132941986 0.0039295568984740736 0.00048720512842079667
4000 0 0 0.088124216932496086 24.938831861935043 0.00074083522668873204 0.0002620460447897336 0.00074083522668870461 0.0002620460447897336 0.00074083522668873204 2.0858315075150886e-18 2.8748531333285973e-17 -7.2858385991045995e-21 -6.1249313652517398e-17 3.4747640230367911e-17 49.999999999999972 50.000000000000036 49.999999999999972 -2.8421709430404007e-14 3.5527136788005009e-14 1.0000000000000029 1969.8656512475068 8030.134348749667 0.024435957202887996 0 0 0.99725112228260271 5.6381658992859559e-18 0.99999999999999978 2.0901703490835283e-14 2.8524990529354977e-13 -3.3965656196612081e-17 0.33626889162050749 0.33273527715851647 0.0035336144619910193 0.0002620460447897336
4500 0 0 0.087109418084657775 24.939725370755912 0.00050552676962289402 8.2671909211068774e-05 0.00050552676962285791 8.2671909211068571e-05 0.00050552676962289402 1.12305997834774e-18 3.655235836231886e-17 1.0755285551059604e-20 -2.781915180373976e-17 2.9048319251290395e-17 49.999999999999972 50.000000000000057 49.999999999999972 -2.8421709430404007e-14 5.6843418860808015e-14 1.000000000000002 1969.8656512474251 8030.1343487494551 0.02443557698776766 0 0 0.99727167294376151 5.5763488216327786e-18 0.99999999999999978 1.130128934160343e-14 3.6533919471485113e-13 9.1147067075337092e-17 0.33623244423538734 0.33273964642828713 0.0034927978071002119 8.2671909211068774e-05
5000 0 0 0.092242937603874767 24.935889952793389 0.00066867307257993788 0.00019881290013952307 0.00066867307257991175 0.00019881290013952334 0.00066867307257993788 2.7738228380878979e-18 3.4133113002722147e-17 1.6306400674187768e-20 -9.5073940843696759e-18 7.5169582888127501e-18 49.999999999999972 50.000000000000064 49.999999999999972 -2.8421709430404007e-14 6.3948846218409017e-14 1.0000000000000004 1969.8656512473597 8030.1343487491149 0.024442352975906939 0 0 0.9974443529053717 5.5161400536808883e-18 0.99999999999999978 2.8102525393021958e-14 3.3841110252605389e-13 1.5886213750545289e-16 0.33636283887734142 0.33266363512810682 0.003699203749234603 0.00019881290013952307
5500 0 0 0.099215642335271706 24.930605714257563 0.00070261436148388705 0.00023265780206112291 0.00070261436148390949 0.00023265780206112297 0.00070261436148388705 -2.6052077162229774e-18 3.4360708722771505e-17 1.3183898417428838e-20 3.0488128839940061e-17 1.3321559314151711e-17 49.999999999999964 50.000000000000085 49.999999999999964 -3.5527136788005009e-14 8.5265128291212022e-14 1.0000000000000024 1969.865651247283 8030.1343487489312 0.024451128687311932 0 0 0.99763833580185901 5.4642890219331884e-18 0.99999999999999978 -2.5826564804408599e-14 3.3889275764711468e-13 1.0911054997554027e-16 0.33654456371166624 0.33256489135743494 0.0039796723542313006 0.00023265780206112291
6000 0 0 0.10445047801449978 24.926618970641282 0.00061061597871039377 0.00016899565622978543 0.00061061597871041784 0.00016899565622978526 0.00061061597871039377 -2.4077961846568238e-18 3.6382008516981725e-17 -8.3266726846921866e-21 2.9955886988297878e-17 3.4896080935525494e-17 49.999999999999957 50.000000000000092 49.999999999999957 -4.2632564145606011e-14 9.2370555648813024e-14 1.0000000000000011 1969.8656512472278 8030.1343487485801 0.024456515406611673 0 0 0.99725969537072545 5.4479017185483649e-18 0.99999999999999978 -2.4196795486860177e-14 3.6803475509674353e-13 -9.3609034990749233e-17 0.33668299015758302 0.33249267144097239 0.0041903187166106304 0.00016899565622978543
6500 0 0 0.10629703639661106 24.925200849433267 0.00048999127890821527 8.3682398849662596e-05 0.00048999127890820865 8.3682398849662596e-05 0.00048999127890821527 -1.8922363675963701e-18 4.2430989277716996e-17 1.1449174941452185e-20 -6.0692330361235048e-18 8.1132357369934469e-17 49.99999999999995 50.000000000000114 49.99999999999995 -4.9737991503207013e-14 1.1368683772161603e-13 1.0000000000000009 1969.8656512471503 8030.1343487483109 0.024458151046752571 0 0 0.99712942078160416 5.4591928491407925e-18 0.99999999999999978 -1.8859479102917905e-14 4.2353174817228801e-13 1.5716878747411128e-16 0.33673349346017795 0.33246885234299201 0.0042646411171859411 8.3682398849662596e-05
7000 0 0 0.10507852433483884 24.926111501024323 0.00055454727234809033 8.7632143071802971e-05 0.0005545472723480784 8.7632143071802971e-05 0.00055454727234809033 7.0499162063731709e-19 4.3373291069869192e-17 -8.6736173798882516e-21 -3.3691915142772689e-18 8.7414970471407849e-17 49.99999999999995 50.000000000000128 49.99999999999995 -4.9737991503207013e-14 1.2789769243681803e-13 1.0000000000000053 1969.8656512470832 8030.1343487479771 0.024457302029756767 0 0 0.99725638758884139 5.4855281196308757e-18 0.99999999999999978 7.3196652833676639e-15 4.331390525110293e-13 -9.5466878896222637e-17 0.3367031557890538 0.33248755544037845 0.0042156003486753524 8.7632143071802971e-05
7500 0 0 0.10231665272065717 24.928197038954607 0.00059669276215517666 0.00011610258700522063 0.00059669276215518674 0.00011610258700522033 0.00059669276215517666 2.2749163663971683e-18 4.3497150326055483e-17 -1.1449174941452884e-20 -2.1561769038850799e-17 5.1913835645471441e-17 49.999999999999943 50.000000000000149 49.999999999999943 -5.6843418860808015e-14 1.4921397450962104e-13 1.0000000000000002 1969.8656512470282 8030.1343487477079 0.024454434514160215 0 0 0.99750410789950494 5.5107182312224945e-18 0.99999999999999978 2.3318586644949235e-14 4.3207131665903842e-13 -9.991004939205655e-17 0.33663143145568247 0.33252697686713883 0.0041044545885436379 0.00011610258700522063
8000 0 0 0.09969669889458041 24.930179713190931 0.00058506514739391745 0.00010798639645335018 0.00058506514739394228 0.0001079863964533502 0.00058506514739391745 2.3786528302607314e-18 4.4586556668971285e-17 -6.938893903911118e-21 -3.7525298227407438e-17 -6.9723102545087941e-18 49.999999999999943 50.000000000000163 49.999999999999943 -5.6843418860808015e-14 1.6342482922482304e-13 1.0000000000000002 1969.8656512469565 8030.1343487474824 0.024451151233796615 0 0 0.99763373172945302 5.5246294551495937e-18 0.99999999999999978 2.3698712161787389e-14 4.4606343443297442e-13 -7.7152251638309405e-17 0.33656287209710839 0.33256383558627933 0.0039990365108290571 0.00010798639645335018
8500 0 0 0.098291194686635761 24.931245294820002 0.0005444667915661431 8.2077484651235519e-05 0.00054446679156618897 8.2077484651235316e-05 0.0005444667915661431 3.9912517735298216e-18 4.6061418568249283e-17 1.8041124150169572e-20 -1.3713242657181905e-17 -1.7983975067626208e-17 49.999999999999936 50.000000000000192 49.999999999999936 -6.3948846218409017e-14 1.9184653865522705e-13 1.0000000000000024 1969.8656512468788 8030.1343487471968 0.024449421871977284 0 0 0.99759570884940363 5.5260270796331114e-18 0.99999999999999978 3.9930839481439962e-14 4.6068560750033016e-13 1.7706967968652531e-16 0.33652600876802385 0.33258351839001382 0.0039424903780100329 8.2077484651235519e-05
9000 0 0 0.098302249067546241 24.93123821928128 0.00051376652551332787 7.2110330193474829e-05 0.00051376652551334565 7.2110330193474897e-05 0.00051376652551332787 7.1151418090709315e-18 4.3257064596984779e-17 9.7144514654762089e-21 2.0378582359156537e-17 -7.2361283669789218e-18 49.999999999999936 50.000000000000206 49.999999999999936 -6.3948846218409017e-14 2.0605739337042905e-13 1.0000000000000029 1969.8656512468092 8030.1343487468839 0.024449466518417284 0 0 0.99759635914447109 5.5176334520631896e-18 0.99999999999999978 7.1219722827531307e-14 4.3248388099665757e-13 7.1038987040042596e-17 0.33652627552908193 0.33258334063740369 0.0039429348916782403 7.2110330193474829e-05
9500 0 0 0.099263884963847235 24.930510041547045 0.00049656542841103768 7.8982501156669275e-05 0.00049656542841108767 7.8982501156669614e-05 0.00049656542841103768 7.6650491509561913e-18 4.9528089962646585e-17 3.4694469519559096e-21 1.1752781493550538e-18 4.511909760190376e-17 49.999999999999936 50.000000000000227 49.999999999999936 -6.3948846218409017e-14 2.2737367544323206e-13 1.0000000000000016 1969.8656512467367 8030.1343487466229 0.024450687953491944 0 0 0.99762262737688756 5.5046923347853133e-18 0.99999999999999978 7.6472249519387529e-14 4.9507999696357663e-13 3.5034887639187894e-17 0.33655145748071064 0.33256983477028784 0.0039816227104227941 7.8982501156669275e-05
10000 0 0 0.10046047888768041 24.929603081949185 0.00049359942965915282 8.117144987010803e-05 0.00049359942965915055 8.1171449870107867e-05 0.00049359942965915282 3.0891955660216677e-18 5.082080589694743e-17 -1.2490009027041783e-20 6.0418807946924962e-18 7.439657784982425e-17 49.999999999999936 50.000000000000242 49.999999999999936 -6.3948846218409017e-14 2.4158453015843406e-13 1.0000000000000018 1969.8656512466632 8030.1343487463901 0.024452188668159618 0 0 0.99765239315484999 5.4969746272946935e-18 0.99999999999999978 3.1207893020290204e-14 5.0815490638112773e-13 -1.0925512520862742e-16 0.33658280294470572 0.33255303646356904 0.0040297664811366762 8.117144987010803e-05
10500 0 0 0.10131054646442827 24.928958685922503 0.00050086867186993221 7.6208762431459709e-05 0.00050086867186992939 7.620876243145979e-05 0.00050086867186993221 1.2417150641051033e-18 5.1175383375438685e-17 -6.2450045135210561e-21 5.6277041945207202e-18 6.3634696316619652e-17 49.999999999999943 50.000000000000263 49.999999999999943 -5.6843418860808015e-14 2.6290081223123707e-13 1.0000000000000002 1969.8656512466009 8030.1343487460808 0.024453245178419129 0 0 0.99759117569080935 5.4944043093062906e-18 0.99999999999999978 1.2537388661970628e-14 5.1162221859829603e-13 -7.7690285821326436e-17 0.33660507603553724 0.33254110578548268 0.0040639702500545605 7.6208762431459709e-05
11000 0 0 0.10156767781859981 24.928763977502175 0.00051268528719078344 7.2224933337038208e-05 0.00051268528719076783 7.2224933337038154e-05 0.00051268528719078344 4.6920800578256525e-18 5.0581761001960774e-17 -1.0061396160673168e-20 2.1249592761232488e-18 7.4294192248888926e-17 49.999999999999936 50.000000000000291 49.999999999999936 -6.3948846218409017e-14 2.9132252166164108e-13 1.0000000000000009 1969.8656512465288 8030.1343487458071 0.024453556464062748 0 0 0.99756877692160451 5.4961106046543058e-18 0.99999999999999978 4.6810320376844405e-14 5.0573958007357083e-13 -8.3000687085634778e-17 0.33661179872258157 0.33253748208537232 0.0040743166372092521 7.2224933337038208e-05
11500 0 0 0.1013155511316971 24.928955485563801 0.00052286141734739461 7.2567068641715411e-05 0.00052286141734740089 7.2567068641715452e-05 0.00052286141734739461 6.8046263068721056e-18 5.489671217611107e-17 1.3530843112629996e-20 -9.7664644097740578e-18 8.9197735286536555e-17 49.999999999999943 50.00000000000032 49.999999999999943 -5.6843418860808015e-14 3.1974423109204508e-13 1.0000000000000036 1969.8656512464649 8030.1343487454851 0.024453234017523754 0 0 0.99758990469397368 5.5007157810627747e-18 0.99999999999999978 6.7617555765380074e-14 5.4874835009105158e-13 1.2611611463385226e-16 0.3366051475525339 0.33254097602355154 0.0040641715289823632 7.2567068641715411e-05
12000 0 0 0.10082572253786846 24.929327203035349 0.0005273189209856039 7.3672488637497417e-05 0.00052731892098564521 7.3672488637497308e-05 0.0005273189209856039 6.7980343576635886e-18 5.1950804769206412e-17 -8.673617379891279e-21 -2.3330971063246987e-18 5.2062955691089743e-17 49.999999999999943 50.000000000000341 49.999999999999943 -5.6843418860808015e-14 3.4106051316484809e-13 1.0000000000000011 1969.8656512463945 8030.1343487452859 0.024452620451190239 0 0 0.9976313362063316 5.5039646460047226e-18 0.99999999999999978 6.7902876907838553e-14 5.194790114021984e-13 -8.0490282831620658e-17 0.33659225228109324 0.33254779004123014 0.0040444622398631003 7.3672488637497417e-05
12500 0 0 0.10038197981100316 24.929663886718227 0.00052580455930002789 7.3217883098401656e-05 0.00052580455930003364 7.3217883098401575e-05 0.00052580455930002789 5.7270160835947654e-18 4.940561848525243e-17 6.2450045135218867e-21 -1.3179630958732622e-17 4.6502042467267276e-17 49.99999999999995 50.000000000000355 49.99999999999995 -4.9737991503207013e-14 3.5527136788005009e-13 1.0000000000000033 1969.8656512463167 8030.1343487449585 0.024452069342738178 0 0 0.99765145101729802 5.5060123951395563e-18 0.99999999999999978 5.7230262195950843e-14 4.9474282385221903e-13 7.0121418844580956e-17 0.33658057864177832 0.33255397081155869 0.0040266078302196306 7.3217883098401656e-05
13000 0 0 0.10015638493223819 24.929835029465064 0.00052095480277042036 7.2237065729733227e-05 0.00052095480277044063 7.2237065729733335e-05 0.00052095480277042036 2.859518177802759e-18 4.8682585740466821e-17 0 1.126595766504742e-17 2.2404175960667561e-17 49.999999999999957 50.000000000000391 49.999999999999957 -4.2632564145606011e-14 3.907985046680551e-13 1.0000000000000031 1969.8656512462571 8030.1343487447066 0.024451792504585752 0 0 0.99764673224013001 5.5063268792095493e-18 0.99999999999999978 2.8236568621622748e-14 4.8694575661197698e-13 -1.3894026487718752e-17 0.33657465266755165 0.33255712167250651 0.0040175309950451488 7.2237065729733227e-05
13500 0 0 0.10017295698678111 24.929822402381614 0.0005160000968673301 7.197176351206418e-05 0.00051600009686737422 7.1971763512064302e-05 0.0005160000968673301 7.9061757141192683e-18 5.1397774925069548e-17 -3.8163916471525343e-21 3.0693820815455158e-17 -2.2911696586390919e-17 49.999999999999957 50.000000000000419 49.999999999999957 -4.2632564145606011e-14 4.1922021409845911e-13 1.0000000000000018 1969.8656512461944 8030.1343487444856 0.024451817090402641 0 0 0.99764708216825926 5.5049313592790774e-18 0.99999999999999978 7.9321260957573145e-14 5.1347356305275847e-13 -3.0659839115771894e-17 0.33657510066774399 0.33255690288959971 0.0040181977781442724 7.197176351206418e-05
14000 0 0 0.10034582272214225 24.929691160304593 0.00051304788840357204 7.2189115260368588e-05 0.00051304788840363135 7.2189115260368574e-05 0.00051304788840357204 3.2817498718561267e-18 5.9244623096312933e-17 2.4286128663699005e-21 7.5146904190420416e-18 3.2300888519202653e-17 49.999999999999964 50.000000000000441 49.999999999999964 -3.5527136788005009e-14 4.4053649617126212e-13 1.0000000000000013 1969.8656512461205 8030.1343487441809 0.024452034457021821 0 0 0.99765093883991518 5.5031459969184831e-18 0.99999999999999978 3.3315038777845479e-14 5.9258444641075228e-13 4.4494266011242202e-18 0.33657965824467173 0.33255450518212909 0.0040251530625426413 7.2189115260368588e-05
14500 0 0 0.10055126565116623 24.929535198643354 0.00051262981889209542 7.2242054836563706e-05 0.0005126298188921492 7.2242054836563571e-05 0.00051262981889209542 -8.3266726846970568e-20 5.3763243856917726e-17 3.4694469519571073e-21 1.1718481851704041e-17 3.0708371798501577e-17 49.999999999999964 50.000000000000462 49.999999999999964 -3.5527136788005009e-14 4.6185277824406512e-13 1.0000000000000004 1969.8656512460489 8030.1343487438417 0.024452290178229769 0 0 0.99765369232592072 5.5021498987094359e-18 0.99999999999999978 -6.6521203117024443e-16 5.3742628266067509e-13 5.000655173606831e-17 0.33658506899014462 0.33255164980081942 0.0040334191893252047 7.2242054836563706e-05
15000 0 0 0.10069216699084989 24.929428236297166 0.00051408284875356636 7.2079238131243849e-05 0.00051408284875361862 7.2079238131244038e-05 0.00051408284875356636 1.2680828609403689e-18 5.2327933652894976e-17 -1.0061396160675977e-20 3.5580115168129366e-18 5.5948469219646214e-17 49.999999999999972 50.000000000000497 49.999999999999972 -2.8421709430404007e-14 4.9737991503207013e-13 1.0000000000000002 1969.8656512459725 8030.1343487436616 0.024452463994111821 0 0 0.99764320286830754 5.5016070972874742e-18 0.99999999999999978 1.2774069837405536e-14 5.233409445698499e-13 -1.032376953844274e-16 0.33658877824895073 0.33254968974533866 0.004039088503612065 7.2079238131243849e-05
15500 0 0 0.10073022721594389 24.929399343693955 0.00051620408421346523 7.1969197970741893e-05 0.00051620408421346035 7.1969197970742015e-05 0.00051620408421346523 -3.3233832352799341e-18 5.653255641397365e-17 -2.4286128663701367e-21 3.5565469425453343e-17 8.2551793415691931e-17 49.999999999999972 50.000000000000519 49.999999999999972 -2.8421709430404007e-14 5.1869619710487314e-13 1.0000000000000013 1969.8656512459213 8030.1343487432623 0.024452509356508667 0 0 0.99763997129107385 5.5019582691924431e-18 0.99999999999999978 -3.3645503924273861e-14 5.6608863070370525e-13 2.0284991562729503e-18 0.33658977904655457 0.33254915914122885 0.0040406199053257263 7.1969197970741893e-05
16000 0 0 0.10068293840048026 24.929435240051085 0.00051788832829616411 7.1985837907812615e-05 0.00051788832829622634 7.198583790781252e-05 0.00051788832829616411 -1.8662155154579369e-18 6.2271715561904302e-17 7.9797279895022395e-21 1.4845453743864103e-17 1.2019897407842054e-16 49.999999999999972 50.000000000000554 49.999999999999972 -2.8421709430404007e-14 5.5422333389287814e-13 1.0000000000000033 1969.8656512458579 8030.1343487430331 0.024452449034050323 0 0 0.997643948686742 5.5026062439496725e-18 0.99999999999999978 -1.8425338281798455e-14 6.2286226251337154e-13 6.344760547155392e-17 0.33658853247340442 0.33254981529305189 0.0040387171803525357 7.1985837907812615e-05
16500 0 0 0.10059804782646713 24.929499681099283 0.00051855872649569164 7.2016848129351156e-05 0.00051855872649573425 7.2016848129351143e-05 0.00051855872649569164 -1.6393136847999637e-18 6.4226401974639004e-17 1.3183898417438861e-20 5.0339311554608927e-18 6.3441768011296452e-17 49.999999999999972 50.000000000000576 49.999999999999972 -2.8421709430404007e-14 5.7553961596568115e-13 1.000000000000002 1969.8656512457655 8030.134348742652 0.024452342915153046 0 0 0.99765110573681082 5.5032515376816872e-18 0.99999999999999978 -1.6669567797322722e-14 6.4224188849527698e-13 1.6366232868141215e-16 0.3365862961089755 0.33255099459417065 0.0040353015148048565 7.2016848129351156e-05
17000 0 0 0.10052358195580902 24.929556211889548 0.00051825680352762403 7.200015968580809e-05 0.00051825680352769255 7.2000159685808185e-05 0.00051825680352762403 -5.6992605079809976e-18 6.8635028216494602e-17 -1.0061396160677478e-20 -8.1035984128735291e-18 3.3914024988391254e-17 49.999999999999972 50.000000000000611 49.999999999999972 -2.8421709430404007e-14 6.1106675275368616e-13 1.0000000000000038 1969.8656512456992 8030.1343487423883 0.024452250654838525 0 0 0.99765332390053052 5.5035961935827485e-18 0.99999999999999978 -5.7406986303033033e-14 6.8624797413662647e-13 -1.1465060767307854e-16 0.33658433480733485 0.33255202949466078 0.0040323053126740671 7.200015968580809e-05
17500 0 0 0.10048751429703211 24.929583597282697 0.00051742875283993526 7.1970917337348543e-05 0.00051742875283995087 7.1970917337348502e-05 0.00051742875283993526 -4.2077452633344604e-18 6.8852909485079185e-17 8.326672684698801e-21 -3.4348223644192607e-17 2.1992353524868588e-17 49.999999999999972 50.000000000000625 49.999999999999972 -2.8421709430404007e-14 6.2527760746888816e-13 1.000000000000002 1969.8656512456316 8030.1343487421427 0.024452206609278528 0 0 0.99765284122206155 5.5035817198728949e-18 0.99999999999999978 -4.2145811553798864e-14 6.8879301338889489e-13 5.4156752542927882e-17 0.3365833850910992 0.33255253098938908 0.0040308541017101129 7.1970917337348543e-05
18000 0 0 0.10049251532729707 24.929579807316241 0.00051659786314249372 7.1963927233079545e-05 0.00051659786314248298 7.1963927233079572e-05 0.00051659786314249372 -8.7884560740046968e-18 7.1596548134689961e-17 2.4286128663705689e-21 -5.5700204676059272e-17 1.2751866201075773e-17 49.999999999999964 50.000000000000668 49.999999999999964 -3.5527136788005009e-14 6.6791017161449417e-13 1.0000000000000033 1969.8656512455734 8030.1343487418617 0.024452213613087841 0 0 0.9976529079742531 5.5033638462030025e-18 0.99999999999999978 -8.7854392774782922e-14 7.1628315596405628e-13 5.2013293750202656e-17 0.33658351699069411 0.33255246166990587 0.0040310553207882349 7.1963927233079545e-05
18500 0 0 0.10052308095087582 24.929556608617887 0.00051611453696587609 7.1970190702991447e-05 0.00051611453696586698 7.1970190702991231e-05 0.00051611453696587609 -6.9434041849537047e-18 7.5182221559541195e-17 1.73472347597904e-21 -2.9314151650945174e-17 6.8944921061490476e-17 49.999999999999964 50.000000000000718 49.999999999999964 -3.5527136788005009e-14 7.1764816311770119e-13 1.0000000000000049 1969.8656512455048 8030.134348741648 0.024452252066859491 0 0 0.99765331712056604 5.5030446403444361e-18 0.99999999999999978 -6.9373760261597046e-14 7.5222556765466866e-13 -5.3168545536151946e-18 0.33658432202224414 0.33255203687056495 0.0040322851516791935 7.1970190702991447e-05
19000 0 0 0.10055799366463027 24.929530106756054 0.00051606741372318477 7.1971303335835677e-05 0.00051606741372317436 7.1971303335835446e-05 0.00051606741372318477 -8.1018525222128387e-18 8.1283590969257993e-17 9.3675067702871976e-21 -3.6211472684119908e-17 5.9638122711351317e-17 49.999999999999957 50.000000000000753 49.999999999999957 -4.2632564145606011e-14 7.531752999057062e-13 1.0000000000000009 1969.8656512454254 8030.134348741346 0.024452295510703048 0 0 0.99765377715283843 5.5028332012522449e-18 0.99999999999999978 -8.1040751393026531e-14 8.1324767444325238e-13 1.0435600935458074e-16 0.33658524142379836 0.33255155152936355 0.004033689894434811 7.1971303335835677e-05
19500 0 0 0.10058112497749208 24.929512545785219 0.00051633384338353901 7.1966695055644409e-05 0.00051633384338352188 7.1966695055644477e-05 0.00051633384338353901 -1.4736475928443002e-17 8.2510734356168176e-17 0 -3.5131552456881819e-17 1.0685345771019034e-16 49.999999999999957 50.000000000000767 49.999999999999957 -4.2632564145606011e-14 7.673861546209082e-13 1.0000000000000007 1969.8656512453508 8030.1343487410395 0.024452324010118993 0 0 0.99765253202727555 5.5027432960041702e-18 0.99999999999999978 -1.4724403338555839e-13 8.2476641281914296e-13 2.4880159440190406e-18 0.33658585052908624 0.33255122992458119 0.0040346206045050459 7.1966695055644409e-05
20000 0 0 0.10058657056424967 24.929508409144901 0.00051669988390115433 7.1964043484879466e-05 0.0005166998839011321 7.1964043484879601e-05 0.00051669988390115433 -1.9898319103567357e-17 8.295586440010757e-17 -6.2450045135252285e-21 -3.3384279489444686e-17 1.184267427603384e-16 49.99999999999995 50.000000000000817 49.99999999999995 -4.9737991503207013e-14 8.1712414612411521e-13 1.0000000000000036 1969.8656512452844 8030.1343487407621 0.024452330428667547 0 0 0.99765207238845988 5.5028379966819721e-18 0.99999999999999978 -1.9911085579901959e-13 8.299535612498043e-13 -5.9713057456092081e-17 0.33658599390194666 0.33255115418856701 0.0040348397133796454 7.1964043484879466e-05
20500 0 0 0.10057780381500754 24.929515061498631 0.00051697895846339532 7.196486359712017e-05 0.00051697895846330739 7.1964863597120021e-05 0.00051697895846339532 -1.7880488756308846e-17 8.7518187141935538e-17 1.1449174941463258e-20 1.9800891612693037e-17 1.3929424437994418e-16 49.999999999999943 50.000000000000846 49.999999999999943 -5.6843418860808015e-14 8.4554585555451922e-13 1.000000000000006 1969.8656512452151 8030.1343487404656 0.024452319262362954 0 0 0.99765281292247154 5.5029724089843652e-18 0.99999999999999978 -1.7845485278556735e-13 8.7517387712445953e-13 9.7878140898118771e-17 0.33658576302931009 0.33255127605405638 0.0040344869752537149 7.196486359712017e-05
21000 0 0 0.10056315430269269 24.929526180666389 0.00051708153414104484 7.1965725263396045e-05 0.00051708153414106316 7.1965725263395855e-05 0.00051708153414104484 -1.9542006901602431e-17 9.3687904656606464e-17 -3.4694469519586751e-22 2.9649346228990637e-17 9.6589441486485632e-17 49.999999999999943 50.000000000000888 49.999999999999943 -5.6843418860808015e-14 8.8817841970012523e-13 1.0000000000000016 1969.8656512451512 8030.1343487402537 0.024452300951537172 0 0 0.99765380507276846 5.5030974484004126e-18 0.99999999999999978 -1.9570825000612548e-13 9.3738324970281482e-13 1.2949494378226712e-17 0.33658537726517967 0.33255147972641769 0.004033897538761988 7.1965725263396045e-05
21500 0 0 0.10055071411262183 24.929535624070937 0.00051702176607739715 7.1965064791208673e-05 0.00051702176607749365 7.1965064791208809e-05 0.00051702176607739715 -2.446896851807985e-17 9.587886040677191e-17 -2.7755575615670424e-21 1.1686194994384592e-17 5.6780195252332873e-17 49.999999999999936 50.000000000000931 49.999999999999936 -6.3948846218409017e-14 9.3081098384573124e-13 1.0000000000000031 1969.8656512450866 8030.1343487399663 0.024452285542412383 0 0 0.99765368690977774 5.5031536418665871e-18 0.99999999999999978 -2.444154362938419e-13 9.5830115522663029e-13 -3.5942529669543392e-17 0.33658504969838665 0.33255165270179221 0.0040333969965944405 7.1965064791208673e-05
22000 0 0 0.10054500516526262 24.929539958674447 0.00051687784674635392 7.1964088894764546e-05 0.0005168778467463254 7.1964088894764289e-05 0.00051687784674635392 -2.5689519955779886e-17 1.0317094401040266e-16 7.2858385991137507e-21 5.0604396972029532e-18 3.3823879877452386e-17 49.999999999999929 50.000000000000988 49.999999999999929 -7.1054273576010019e-14 9.8765440270653926e-13 1.0000000000000013 1969.8656512450077 8030.134348739668 0.024452278582070521 0 0 0.99765361050428181 5.5031458750116705e-18 0.99999999999999978 -2.5721742454894717e-13 1.0319436260875634e-12 5.7541683335519377e-17 0.33658489939195574 0.33255173209998262 0.0040331672919731165 7.1964088894764546e-05
22500 0 0 0.1005462379809547 24.929539023991172 0.00051673794192406161 7.1963816601581455e-05 0.0005167379419241619 7.1963816601581184e-05 0.00051673794192406161 -2.6380633788611006e-17 1.0100288661012698e-16 -9.714451465485333e-21 3.255843023225173e-17 1.2794289566811417e-17 49.999999999999922 50.000000000001023 49.999999999999922 -7.815970093361102e-14 1.0231815394945443e-12 1.0000000000000033 1969.8656512449286 8030.1343487393688 0.024452280248284594 0 0 0.99765362702255855 5.5030991267422388e-18 0.99999999999999978 -2.6386710735129033e-13 1.010056113453881e-12 -1.203402792172398e-16 0.3365849318737883 0.33255171497859448 0.0040332168951938141 7.1963816601581455e-05
23000 0 0 0.10055162912327763 24.929534932384595 0.00051665967290488268 7.1963961239686184e-05 0.00051665967290498611 7.1963961239686361e-05 0.00051665967290488268 -2.1262852589776929e-17 1.041344094289687e-16 5.5511151231346611e-21 7.2997038993906532e-18 5.0112963173922644e-17 49.999999999999915 50.00000000000108 49.999999999999915 -8.5265128291212022e-14 1.0800249583553523e-12 1.0000000000000044 1969.8656512448665 8030.1343487391323 0.024452287025677658 0 0 0.99765369920757818 5.5030484103373732e-18 0.99999999999999978 -2.1230939097141448e-13 1.0411696190418337e-12 9.5122787075323014e-17 0.33658507384040659 0.33255164002802301 0.00403343381238358 7.1963961239686184e-05
23500 0 0 0.10055755060023773 24.929530437646434 0.00051665587352745239 7.1963999742543188e-05 0.00051665587352743049 7.1963999742543012e-05 0.00051665587352745239 -1.8867546414144858e-17 1.125009807536214e-16 1.5265566588620751e-20 2.0102317658811254e-17 9.5689596243269026e-17 49.999999999999908 50.00000000000113 49.999999999999908 -9.2370555648813024e-14 1.1297629498585593e-12 1.0000000000000071 1969.8656512447965 8030.1343487388331 0.02445229439144412 0 0 0.99765377459531912 5.5030139079093971e-18 0.99999999999999978 -1.8855874977065594e-13 1.124480640661097e-12 1.6702040876530817e-16 0.33658522975940336 0.33255155769118083 0.0040336720682225269 7.1963999742543188e-05
24000 0 0 0.1005613341131092 24.929527565368204 0.00051670385451449917 7.1963916867804039e-05 0.00051670385451443575 7.1963916867804026e-05 0.00051670385451449917 -1.786973347076224e-17 1.1914254305376279e-16 3.0184188482047039e-20 2.1035496786211572e-17 1.2050246548268373e-16 49.999999999999901 50.000000000001187 49.999999999999901 -9.9475983006414026e-14 1.1866063687193673e-12 1.0000000000000009 1969.8656512447124 8030.1343487385102 0.024452299049759832 0 0 0.99765379522768904 5.5030032037301127e-18 0.99999999999999978 -1.7870942354831118e-13 1.1911932232244416e-12 2.6545255814075063e-16 0.33658532937506208 0.33255150507376213 0.0040338243012999486 7.1963916867804039e-05
24500 0 0 0.10056208248197569 24.929526996846668 0.00051676652765402116 7.1963901075029372e-05 0.00051676652765399926 7.196390107502925e-05 0.00051676652765402116 -1.8679502389350058e-17 1.2361257850667056e-16 -4.163336342351425e-21 -1.9771820552376039e-17 9.5900947830793208e-17 49.999999999999893 50.000000000001243 49.999999999999893 -1.0658141036401503e-13 1.2434497875801753e-12 1.0000000000000024 1969.8656512446564 8030.1343487382746 0.024452299920524043 0 0 0.99765379929797471 5.5030152431558356e-18 0.99999999999999978 -1.8691065407183537e-13 1.2356246465082313e-12 -3.7263276070095201e-17 0.33658534906953791 0.33255149465686912 0.0040338544126687914 7.1963901075029372e-05
25000 0 0 0.1005604701307752 24.929528220380856 0.00051681269467468297 7.1963959580196365e-05 0.00051681269467470585 7.1963959580196568e-05 0.00051681269467468297 -1.1512318875992479e-17 1.2125300763464709e-16 2.151057110214977e-20 -2.9890648870837126e-17 1.0513135453940647e-16 49.999999999999886 50.000000000001307 49.999999999999886 -1.1368683772161603e-13 1.3073986337985843e-12 1.0000000000000024 1969.8656512445866 8030.1343487380391 0.024452297871959641 0 0 0.99765379049372394 5.5030374135040658e-18 0.99999999999999978 -1.1547506658803989e-13 1.212439919852352e-12 2.0561110989598805e-16 0.33658530660625469 0.33255151706792868 0.0040337895383260047 7.1963959580196365e-05
25500 0 0 0.10055794636925156 24.929530135956789 0.00051682827491578208 7.1963984569448663e-05 0.00051682827491583282 7.1963984569448772e-05 0.00051682827491578208 -1.7716730860182718e-17 1.2538060867339923e-16 9.3675067702914602e-21 -3.1535719164923731e-17 1.3724428812022939e-16 49.999999999999879 50.000000000001371 49.999999999999879 -1.2079226507921703e-13 1.3713474800169934e-12 1.0000000000000027 1969.8656512445182 8030.1343487377371 0.024452294719367752 0 0 0.99765377672413613 5.5030520810122963e-18 0.99999999999999978 -1.7716519441885549e-13 1.2541109440571778e-12 9.2555433077573439e-17 0.33658524014981056 0.3325515521572634 0.0040336879925471636 7.1963984569448663e-05
26000 0 0 0.10055587194628134 24.929531710656104 0.00051681667294344708 7.1963945052289086e-05 0.00051681667294349847 7.1963945052289275e-05 0.00051681667294344708 -1.9393514572065624e-17 1.3132099574454977e-16 4.1633363423519178e-21 -1.5716830454688095e-17 1.0939062464056634e-16 49.999999999999872 50.000000000001428 49.999999999999872 -1.2789769243681803e-13 1.4281908988778014e-12 1.0000000000000016 1969.8656512444531 8030.1343487374406 0.024452292151293194 0 0 0.99765375599063844 5.5030613023732825e-18 0.99999999999999978 -1.9385865528433123e-13 1.3132834172266261e-12 1.8201336877337479e-17 0.336585185530002 0.33255158100371646 0.0040336045262855391 7.1963945052289086e-05
26500 0 0 0.10055497449981785 24.929532392055535 0.00051679164445880268 7.1963893031073029e-05 0.00051679164445878154 7.1963893031072812e-05 0.00051679164445880268 -1.7517237660446127e-17 1.3668927101332077e-16 8.6736173799000434e-21 -1.4988575454862824e-17 1.2852436967652893e-16 49.999999999999865 50.000000000001499 49.999999999999865 -1.3500311979441904e-13 1.4992451724538114e-12 1.0000000000000022 1969.8656512443818 8030.1343487372023 0.024452291059304875 0 0 0.99765374397913065 5.5030621743570599e-18 0.99999999999999978 -1.755652372485168e-13 1.3666975706798829e-12 1.115882037487809e-16 0.33658516190399496 0.33255159348729002 0.0040335684167049357 7.1963893031073029e-05
27000 0 0 0.10055524839167866 24.929532184325108 0.00051676811709746597 7.1963868207956593e-05 0.0005167681170974457 7.1963868207956526e-05 0.00051676811709746597 -1.6439974381863093e-17 1.3951235999813532e-16 1.1449174941468442e-20 -5.6017050711610256e-17 1.1551752057874623e-16 49.999999999999865 50.000000000001563 49.999999999999865 -1.3500311979441904e-13 1.5631940186722204e-12 1.0000000000000031 1969.8656512443104 8030.1343487369159 0.024452291422195842 0 0 0.99765374764849957 5.5030542182405016e-18 0.99999999999999978 -1.6446197702808916e-13 1.3949753200891869e-12 1.1154598500792765e-16 0.3365851691204903 0.33255158968353221 0.0040335794369580902 7.1963868207956593e-05
27500 0 0 0.10055619621675084 24.92953146495741 0.00051675551488215984 7.1963866197892915e-05 0.0005167555148821439 7.1963866197893023e-05 0.00051675551488215984 -1.218226908241809e-17 1.4192570729792429e-16 -4.5102810375483491e-21 -4.7311865471913568e-17 1.3298287176904887e-16 49.999999999999865 50.000000000001641 49.999999999999865 -1.3500311979441904e-13 1.6413537196058314e-12 1.0000000000000018 1969.8656512442449 8030.1343487366084 0.024452292612589147 0 0 0.99765376033894182 5.5030453071399092e-18 0.99999999999999978 -1.2176663756501231e-13 1.4197875510708711e-12 -4.4543646481633242e-17 0.33658519408036308 0.33255157650683992 0.0040336175735231627 7.1963866197892915e-05
28000 0 0 0.10055719878327767 24.929530703945488 0.00051675558418532721 7.1963871178306241e-05 0.00051675558418541319 7.1963871178306281e-05 0.00051675558418532721 -9.208953044588385e-18 1.4676697357469356e-16 -5.2041704279405408e-21 -3.5679122733933878e-17 1.0478420912403649e-16 49.999999999999865 50.000000000001705 49.999999999999865 -1.3500311979441904e-13 1.7053025658242404e-12 1.0000000000000038 1969.8656512441746 8030.1343487363429 0.024452293858993401 0 0 0.99765377265802191 5.5030403297974374e-18 0.99999999999999978 -9.2324151914117472e-14 1.4673324082667596e-12 -3.463071174984743e-17 0.33658522047919121 0.33255156256651486 0.0040336579126763472 7.1963871178306241e-05
28500 0 0 0.10055781575696328 24.929530235561103 0.00051676416338759855 7.1963878308445778e-05 0.00051676416338758955 7.1963878308445778e-05 0.00051676416338759855 -4.9665133117314918e-18 1.4800834169411199e-16 2.4286128663723677e-21 1.7127181508774264e-17 1.3458716241335071e-16 49.999999999999858 50.000000000001776 49.999999999999858 -1.4210854715202004e-13 1.7763568394002505e-12 1.0000000000000007 1969.865651244103 8030.1343487360255 0.024452294617906298 0 0 0.99765377602222038 5.5030389779086199e-18 0.99999999999999978 -4.9613958774674671e-14 1.4791403761944778e-12 7.4629045887372688e-17 0.33658523672322765 0.33255155398605674 0.0040336827371709183 7.1963878308445778e-05
29000 0 0 0.10055791289057979 24.929530161753124 0.00051677486251600264 7.1963887205959675e-05 0.00051677486251599061 7.1963887205959675e-05 0.00051677486251600264 -8.0269124680560892e-18 1.5056011992728303e-16 3.4694469519606191e-21 -1.3655033815513558e-17 1.7014540511960266e-16 49.999999999999851 50.000000000001833 49.999999999999851 -1.4921397450962104e-13 1.8332002582610585e-12 1.0000000000000007 1969.8656512440332 8030.1343487357908 0.024452294728497543 0 0 0.99765377655024601 5.5030410443745845e-18 0.99999999999999978 -8.0269449941050564e-14 1.5058597882575743e-12 3.0894672975758664e-17 0.33658523927878864 0.33255155263334774 0.0040336866454409037 7.1963887205959675e-05
29500 0 0 0.10055761877747917 24.929530384948656 0.00051678248167949341 7.1963893973101101e-05 0.00051678248167947693 7.1963893973101155e-05 0.00051678248167949341 -1.2591316878055906e-17 1.4893364319620894e-16 6.9388939039214729e-22 1.9968547218531373e-17 1.3862364629335593e-16 49.999999999999844 50.000000000001911 49.999999999999844 -1.5631940186722204e-13 1.9113599591946695e-12 1.0000000000000007 1969.8656512439554 8030.1343487355207 0.024452294355589176 0 0 0.99765377494453555 5.5030445807742188e-18 0.99999999999999978 -1.2591804772812706e-13 1.4895073513625614e-12 -3.0791265246477652e-17 0.33658523153289827 0.33255155672135062 0.0040336748115476495 7.1963893973101101e-05
29999 0 0 0.10055716451135353 24.929530729748269 0.00051678489017875542 7.1963894684823354e-05 0.00051678489017876236 7.1963894684823503e-05 0.00051678489017875542 -1.1022432966379728e-17 1.5332839165026409e-16 -6.2450045135295904e-21 -8.8347854820261143e-18 1.6125497903578084e-16 49.999999999999837 50.000000000001982 49.999999999999837 -1.6342482922482304e-13 1.9824142327706795e-12 1.0000000000000038 1969.8656512438974 8030.1343487352642 0.024452293788520617 0 0 0.99765377246608189 5.5030478480054112e-18 0.99999999999999978 -1.1005866357202413e-13 1.5335593038541348e-12 -5.5185055124011492e-18 0.33658521957097054 0.33255156303722122 0.0040336565337493191 7.1963894684823354e-05
