# 1:passo  2:R0  3:|a2|/R0  4:|a4|/R0  5:|a8|/R0  6:rmin  7:rmax
0 24.99530979 1.096091932e-16 9.52226216e-05 8.27724819e-05 24.98429581 25.00965244
500 24.97105786 2.482444569e-17 0.002591784081 1.547368325e-06 24.90503011 25.04298453
1000 24.9630403 2.397657096e-17 0.002677487375 1.456985094e-06 24.89450115 25.03715657
1500 24.96080319 8.565367025e-17 0.002638039555 1.897138466e-06 24.89319192 25.03394008
2000 24.96094178 2.091978574e-16 0.00263569587 1.886423583e-06 24.8933971 25.0340203
2500 24.96159624 9.483650743e-17 0.002638843339 1.784814721e-06 24.89399659 25.03475237
3000 24.96206867 1.05507058e-16 0.002641015438 1.708938888e-06 24.89443179 25.03527823
3500 24.96226755 1.43080505e-16 0.002641915536 1.676044314e-06 24.89461534 25.03549922
4000 24.96229921 6.10003214e-17 0.002642056009 1.670421329e-06 24.89464459 25.03553431
4500 24.96227132 1.264810451e-16 0.002641923764 1.674785294e-06 24.89461897 25.03550315
5000 24.96224083 4.193148954e-17 0.002641780183 1.679737908e-06 24.89459095 25.03546913
5500 24.96222415 2.03828948e-16 0.002641701573 1.682491197e-06 24.89457564 25.03545052
6000 24.96221911 1.202895596e-16 0.002641677703 1.683347078e-06 24.89457102 25.03544489
6500 24.96221958 1.927286896e-17 0.002641679843 1.683288202e-06 24.89457145 25.03544541
7000 24.9622213 1.091710761e-16 0.002641687935 1.683012363e-06 24.89457303 25.03544733
7500 24.96222254 1.287753351e-16 0.002641693775 1.682809553e-06 24.89457417 25.03544872
8000 24.96222306 4.757500524e-17 0.002641696236 1.682722721e-06 24.89457465 25.0354493
8500 24.96222314 5.841706685e-17 0.002641696622 1.68270823e-06 24.89457472 25.03544939
9000 24.96222307 1.567537162e-16 0.002641696269 1.682720002e-06 24.89457465 25.0354493
9500 24.96222298 9.674832299e-17 0.002641695886 1.682733211e-06 24.89457458 25.03544921
10000 24.96222294 1.653873017e-16 0.002641695677 1.682740525e-06 24.89457454 25.03544916
10500 24.96222293 5.198364194e-17 0.002641695614 1.682742783e-06 24.89457453 25.03544915
11000 24.96222293 4.611128047e-17 0.00264169562 1.682742614e-06 24.89457453 25.03544915
11500 24.96222293 1.081525891e-16 0.002641695641 1.682741875e-06 24.89457453 25.03544916
12000 24.96222294 3.312010628e-17 0.002641695657 1.682741335e-06 24.89457454 25.03544916
12500 24.96222294 1.404554661e-16 0.002641695663 1.682741105e-06 24.89457454 25.03544916
13000 24.96222294 1.186607303e-16 0.002641695664 1.682741067e-06 24.89457454 25.03544916
13500 24.96222294 2.145517244e-16 0.002641695663 1.682741099e-06 24.89457454 25.03544916
14000 24.96222294 7.88835412e-17 0.002641695662 1.682741134e-06 24.89457454 25.03544916
14500 24.96222294 1.847552608e-16 0.002641695662 1.682741154e-06 24.89457454 25.03544916
15000 24.96222294 1.436013684e-16 0.002641695662 1.68274116e-06 24.89457454 25.03544916
15500 24.96222294 1.38107405e-16 0.002641695662 1.682741159e-06 24.89457454 25.03544916
16000 24.96222294 1.394420084e-16 0.002641695662 1.682741157e-06 24.89457454 25.03544916
16500 24.96222294 1.239497677e-16 0.002641695662 1.682741156e-06 24.89457454 25.03544916
17000 24.96222294 2.459729004e-16 0.002641695662 1.682741155e-06 24.89457454 25.03544916
17500 24.96222294 1.224650908e-16 0.002641695662 1.682741155e-06 24.89457454 25.03544916
18000 24.96222294 1.487458255e-16 0.002641695662 1.682741155e-06 24.89457454 25.03544916
18500 24.96222294 7.100284917e-17 0.002641695662 1.682741155e-06 24.89457454 25.03544916
19000 24.96222294 6.438812575e-17 0.002641695662 1.682741155e-06 24.89457454 25.03544916
19500 24.96222294 1.772834963e-16 0.002641695662 1.682741155e-06 24.89457454 25.03544916
20000 24.96222294 1.451201189e-16 0.002641695662 1.682741155e-06 24.89457454 25.03544916
20500 24.96222294 9.277778819e-17 0.002641695662 1.682741155e-06 24.89457454 25.03544916
21000 24.96222294 1.465031351e-16 0.002641695662 1.682741155e-06 24.89457454 25.03544916
21500 24.96222294 1.911291367e-16 0.002641695662 1.682741155e-06 24.89457454 25.03544916
22000 24.96222294 1.239512421e-16 0.002641695662 1.682741155e-06 24.89457454 25.03544916
22500 24.96222294 1.883393546e-16 0.002641695662 1.682741155e-06 24.89457454 25.03544916
23000 24.96222294 8.018094212e-17 0.002641695662 1.682741155e-06 24.89457454 25.03544916
23500 24.96222294 1.380175073e-16 0.002641695662 1.682741155e-06 24.89457454 25.03544916
24000 24.96222294 3.056453891e-16 0.002641695662 1.682741155e-06 24.89457454 25.03544916
24500 24.96222294 5.759845912e-16 0.002641695662 1.682741155e-06 24.89457454 25.03544916
25000 24.96222294 6.982900696e-16 0.002641695662 1.682741155e-06 24.89457454 25.03544916
25500 24.96222294 4.927101348e-16 0.002641695662 1.682741155e-06 24.89457454 25.03544916
26000 24.96222294 4.342785886e-16 0.002641695662 1.682741155e-06 24.89457454 25.03544916
26500 24.96222294 5.432873119e-16 0.002641695662 1.682741155e-06 24.89457454 25.03544916
27000 24.96222294 6.580551041e-16 0.002641695662 1.682741155e-06 24.89457454 25.03544916
27500 24.96222294 4.366435111e-16 0.002641695662 1.682741155e-06 24.89457454 25.03544916
28000 24.96222294 4.938644742e-16 0.002641695662 1.682741155e-06 24.89457454 25.03544916
28500 24.96222294 4.686528676e-16 0.002641695662 1.682741155e-06 24.89457454 25.03544916
29000 24.96222294 3.122808127e-16 0.002641695662 1.682741155e-06 24.89457454 25.03544916
29500 24.96222294 1.973713318e-16 0.002641695662 1.682741155e-06 24.89457454 25.03544916
29999 24.96222294 1.229711785e-16 0.002641695662 1.682741155e-06 24.89457454 25.03544916
