# step v0 Mach sigma R umax_ref urms_ref umax_mean urms_mean umax_lab mean_x mean_y mean_z drop_ux drop_uy x0 y0 x_unwrapped center_dx center_dy axis_ratio mass_R mass_B min_f negative_total negative_color min_rho min_phi max_phi qx qy qz p_in p_out delta_p urms_lab
0 0 0 -5.560112678108922e-15 25.040521385269312 4.1633363423443383e-17 7.6710091929498759e-18 4.16423848237865e-17 7.6709993386014205e-18 4.1633363423443383e-17 -9.0205620750793965e-21 8.3266726846886733e-21 6.9388939039072287e-22 -1.7831746667921404e-20 3.6851987604447505e-21 50.000000000000007 50.000000000000007 50.000000000000007 7.1054273576010019e-15 7.1054273576010019e-15 1.0000000000000007 1969.8656512480636 8030.1343487520408 0.016056273502774474 0 0 0.99999999999999944 5.1710809399147485e-26 0.99999999999998512 -2.7203244344432893e-16 -1.884968087541741e-18 1.475255170467363e-17 0.33333333333333387 0.33333333333333409 -2.2204460492503131e-16 7.6710091929498759e-18
500 0 0 1.250891527755291 24.713622438755291 0.015249208918666815 0.0060679045363026913 0.015249208918666815 0.0060679045363026913 0.015249208918666815 -7.8582973461751059e-19 4.22231694052764e-19 -4.1633363423444269e-21 7.0986330299495705e-18 -4.5248165180096533e-18 50.000000000000007 50.000000000000007 50.000000000000007 7.1054273576010019e-15 7.1054273576010019e-15 1.0000000000000044 1969.8656512479974 8030.1343487516333 0.0090656808296560604 0 0 0.57712642209223297 6.461572404030219e-18 0.99999999999999889 -8.5244040558957179e-15 2.5252396744848693e-14 -4.4938889195271761e-17 0.38891306961202943 0.33829760314792767 0.050615466464101755 0.0060679045363026913
1000 0 0 1.1109519745888543 24.725426682777048 0.016234480632196395 0.0039143500258501341 0.016234480632196392 0.003914350025850135 0.016234480632196395 -2.2409157862669574e-18 4.1799896877139343e-18 1.908195823574588e-21 5.3379983542135816e-18 2.0515548330186985e-17 50.000000000000007 49.999999999999993 50.000000000000007 7.1054273576010019e-15 -7.1054273576010019e-15 1.0000000000000051 1969.8656512479477 8030.1343487514805 0.0088862993013142759 0 0 0.57839320696505958 8.8093083230313367e-18 0.99999999999999922 -2.2756102557863755e-14 2.1847107456451909e-14 1.4909916005024966e-18 0.38449402059114751 0.33956246131647144 0.044931559274676069 0.0039143500258501341
1500 0 0 1.0702214254470748 24.777721628272229 0.01721240169012251 0.0035559913350438331 0.017212401690122506 0.0035559913350438318 0.01721240169012251 -3.7792685647634037e-18 5.4411336547493309e-18 -6.9388939039078381e-22 -1.7135160480203116e-17 2.7019488160365765e-17 50.000000000000007 50.000000000000007 50.000000000000007 7.1054273576010019e-15 7.1054273576010019e-15 1.0000000000000022 1969.8656512478935 8030.1343487513595 0.0087687916110209835 0 0 0.57378908636954162 9.0613887823561383e-18 0.999999999999999 -3.6994658638572764e-14 7.7985388329329663e-14 7.8112955774947734e-18 0.38390437217582202 0.34071148134013213 0.04319289083568989 0.0035559913350438331
2000 0 0 1.0114224047132143 24.818881913247502 0.016879345593985524 0.0032534062376503355 0.016879345593985524 0.0032534062376503355 0.016879345593985524 -5.079964227051041e-18 8.7416185401432879e-18 3.4694469519539957e-21 -2.0006894822770995e-17 1.8154714194940364e-17 50.000000000000007 50.000000000000014 50.000000000000007 7.1054273576010019e-15 1.4210854715202004e-14 1.0000000000000004 1969.865651247861 8030.134348751043 0.0087579095975921402 0 0 0.57303917029359464 9.0121096183040101e-18 0.999999999999999 -5.0980053512006407e-14 8.535011618900773e-14 8.0599025871081975e-18 0.38179287749969998 0.34104074336857498 0.040752134131124995 0.0032534062376503355
2500 0 0 1.0005756896387417 24.826638535003049 0.016415617660282565 0.0030605414506497349 0.016415617660282551 0.0030605414506497345 0.016415617660282565 -6.5190908227217332e-18 1.075112221471533e-17 2.775557561563271e-21 -1.8473586851768126e-17 1.4681043728984039e-17 49.999999999999993 50.000000000000014 49.999999999999993 -7.1054273576010019e-15 1.4210854715202004e-14 1.0000000000000007 1969.8656512478037 8030.1343487508384 0.0087692870991135669 0 0 0.57298312338572033 1.0228125048106159e-17 0.999999999999999 -6.4889032461070556e-14 1.2442001232461711e-13 3.5050839604090541e-18 0.38150859045897129 0.34120608683053882 0.040302503628432462 0.0030605414506497349
3000 0 0 1.0031969575996507 24.823975098757394 0.016179964058694415 0.0029816902899708316 0.016179964058694405 0.002981690289970832 0.016179964058694415 -5.881059528257503e-18 8.0064427310246238e-18 1.2143064331839574e-21 -4.9714017392545419e-18 2.7767044266986929e-17 49.999999999999993 50.000000000000021 49.999999999999993 -7.1054273576010019e-15 2.1316282072803006e-14 1.0000000000000038 1969.8656512477605 8030.1343487505765 0.0087776206146861335 0 0 0.57309292605195106 1.0245820823179742e-17 0.999999999999999 -5.847665762530839e-14 8.0246790115645616e-14 3.1671222080668851e-17 0.38165883010538737 0.34124640809768614 0.040412422007701232 0.0029816902899708316
3500 0 0 1.0055280448666726 24.822383963998156 0.016130311075873729 0.0029536831618833083 0.016130311075873715 0.0029536831618833088 0.016130311075873729 -6.9069749919505644e-18 9.8313718277528204e-18 5.2041704279314073e-22 2.5505917014376382e-18 2.845471554953658e-17 49.999999999999993 50.000000000000014 49.999999999999993 -7.1054273576010019e-15 1.4210854715202004e-14 1.0000000000000031 1969.8656512476985 8030.13434875038 0.0087789622610956325 0 0 0.57312795111906678 1.0211805016187667e-17 0.999999999999999 -6.8962197063981989e-14 9.4852079275263741e-14 -1.2068812838967053e-17 0.38173794653274451 0.34122902336383903 0.040508923168905475 0.0029536831618833083
4000 0 0 1.0065832044870182 24.821896647747238 0.016131922580959288 0.0029471417735966168 0.016131922580959274 0.0029471417735966164 0.016131922580959288 -1.1545278622018492e-17 8.6850665548273262e-18 -2.4286128663680456e-21 -1.3023495246825329e-17 2.0056614708499877e-17 49.999999999999986 50.000000000000021 49.999999999999986 -1.4210854715202004e-14 2.1316282072803006e-14 1.0000000000000042 1969.8656512476396 8030.1343487501217 0.0087788016944831057 0 0 0.57314227936807516 1.0169157771331742e-17 0.999999999999999 -1.1568111919768587e-13 8.7534742908984553e-14 -5.0640110620436009e-17 0.38174425838896675 0.34119203070178988 0.040552227687176867 0.0029471417735966168
4500 0 0 1.0081879403376051 24.820862460683504 0.016138606669630191 0.0029449096492589217 0.016138606669630202 0.0029449096492589234 0.016138606669630191 -1.3816725541463476e-17 9.0559504339915542e-18 -1.214306433184064e-21 -2.6179278323210505e-17 2.8299911246586675e-17 49.999999999999986 50.000000000000021 49.999999999999986 -1.4210854715202004e-14 2.1316282072803006e-14 1.0000000000000011 1969.8656512476089 8030.134348750008 0.00877931071973404 0 0 0.57318544276882966 1.0131266933892168e-17 0.999999999999999 -1.3787712338969964e-13 9.0248229896172649e-14 -3.2478265663923067e-17 0.38177617365337752 0.34115760361236525 0.04061857004101227 0.0029449096492589217
5000 0 0 1.010046944857637 24.819520477170983 0.016150607504443838 0.0029446855163486481 0.016150607504443856 0.0029446855163486481 0.016150607504443838 -1.1724302084740049e-17 1.0995024335439201e-17 6.9388939039091227e-22 -3.3450931529468094e-17 1.8128717104336781e-17 49.999999999999972 50.000000000000028 49.999999999999972 -2.8421709430404007e-14 2.8421709430404007e-14 1.0000000000000029 1969.8656512475491 8030.1343487497707 0.0087799507238236728 0 0 0.57323842686131776 1.0109291955505602e-17 0.999999999999999 -1.1706694641455684e-13 1.0997840592930877e-13 -5.0624945360913088e-18 0.38182812780434566 0.34113246062630009 0.040695667178045569 0.0029446855163486481
5500 0 0 1.0113526564533366 24.818565349141892 0.016166230267830047 0.0029455434513741782 0.016166230267830053 0.0029455434513741786 0.016166230267830047 -9.6138375038663581e-18 1.2850484565344857e-17 -2.0816681711727946e-21 -1.6959084412391687e-17 -1.2739561993341243e-17 49.999999999999972 50.000000000000036 49.999999999999972 -2.8421709430404007e-14 3.5527136788005009e-14 1.0000000000000064 1969.8656512475013 8030.1343487494933 0.0087801918642065324 0 0 0.5732749281000602 1.0096484663941462e-17 0.999999999999999 -9.588727423900348e-14 1.287744604756857e-13 -1.7714121967583889e-17 0.38186621006955446 0.34111636646554838 0.040749843604006075 0.0029455434513741782
6000 0 0 1.0119820957201808 24.818114404245041 0.01617922308696941 0.0029465778008452661 0.016179223086969417 0.0029465778008452665 0.01617922308696941 -1.0702549957389951e-17 1.1844344949278252e-17 -4.1633363423456758e-21 -1.320734110314451e-17 -9.740042614557312e-18 49.999999999999964 50.000000000000043 49.999999999999964 -3.5527136788005009e-14 4.2632564145606011e-14 1.0000000000000004 1969.8656512474436 8030.1343487493659 0.0087801542849542738 0 0 0.57329252600163649 1.0101058804123889e-17 0.999999999999999 -1.0681906748022385e-13 1.1829781403592532e-13 -1.0133819791226128e-17 0.3818831671571164 0.34110722103821683 0.040775946118899564 0.0029465778008452661
6500 0 0 1.0122270635558641 24.817942254787226 0.016186953349844831 0.0029473096943151153 0.016186953349844834 0.002947309694315114 0.016186953349844831 -7.7424178179824042e-18 6.0895732900711225e-18 1.0408340855864498e-21 3.7339233273070595e-18 -7.4955173454168845e-18 49.999999999999957 50.000000000000043 49.999999999999957 -4.2632564145606011e-14 4.2632564145606011e-14 1.0000000000000009 1969.865651247397 8030.1343487491686 0.0087800799212275418 0 0 0.57329990408231679 1.0100418938195021e-17 0.999999999999999 -7.7775026002813163e-14 6.0889282003642666e-14 2.3120080375866699e-17 0.38188891862530305 0.34110281907022766 0.040786099555075395 0.0029473096943151153
7000 0 0 1.0123182837064311 24.817874799720112 0.01619069378011222 0.0029477285705166727 0.01619069378011221 0.0029477285705166727 0.01619069378011222 -9.0379093098425222e-18 5.5941362653320854e-18 -1.0408340855864709e-21 -2.8281371388235036e-17 9.8722027104591887e-18 49.99999999999995 50.000000000000043 49.99999999999995 -4.9737991503207013e-14 4.2632564145606011e-14 1.0000000000000022 1969.865651247344 8030.1343487488703 0.0087800428822546982 0 0 0.57330308711618416 1.0101475021648907e-17 0.999999999999999 -9.0132761941286469e-14 5.5845789808279004e-14 -1.902843162417273e-17 0.38189115099998333 0.34110126500548038 0.04078988599450295 0.0029477285705166727
7500 0 0 1.0123392802410409 24.817855700498303 0.016192345376512044 0.0029479618178132982 0.016192345376512051 0.0029479618178132987 0.016192345376512044 -1.0781653347895281e-17 2.7366997557020846e-18 -1.9081958235752365e-21 -1.4825118409814313e-17 6.4638146151896043e-18 49.99999999999995 50.000000000000043 49.99999999999995 -4.9737991503207013e-14 4.2632564145606011e-14 1.0000000000000022 1969.8656512473033 8030.1343487486838 0.0087800216429947467 0 0 0.57330406001501732 1.0102685927556039e-17 0.999999999999999 -1.0817171821649588e-13 2.6690184350836033e-14 -2.8303164333114896e-17 0.38189190304634862 0.3411011396356034 0.040790763410745223 0.0029479618178132982
8000 0 0 1.0123192137422048 24.817867656568101 0.016192962770353401 0.0029480864067890308 0.016192962770353408 0.0029480864067890321 0.016192962770353401 -1.1378051278936721e-17 5.2284565565963218e-18 3.8163916471506001e-21 2.4904907302922076e-18 -7.7688037930720634e-18 49.999999999999943 50.00000000000005 49.999999999999943 -5.6843418860808015e-14 4.9737991503207013e-14 1.0000000000000047 1969.8656512472467 8030.1343487484128 0.0087800006889761639 0 0 0.57330365894081137 1.010364391313803e-17 0.999999999999999 -1.1395181674580638e-13 5.2784653712120786e-14 4.4702635714341725e-17 0.38189149942238437 0.34110156421317261 0.040789935209211758 0.0029480864067890308
8500 0 0 1.0122837132530547 24.817892282240859 0.016193014226585849 0.0029481375376102605 0.016193014226585856 0.0029481375376102605 0.016193014226585849 -1.1573034197636904e-17 6.127043317152853e-18 2.7755575615641463e-21 8.7625436420989575e-18 7.8130048215303061e-19 49.999999999999936 50.000000000000057 49.999999999999936 -6.3948846218409017e-14 5.6843418860808015e-14 1.0000000000000007 1969.8656512472087 8030.1343487482154 0.0087799837396166612 0 0 0.5733027303944852 1.0104570855669269e-17 0.999999999999999 -1.1575159220654853e-13 6.1032396584531634e-14 3.4905972648677177e-17 0.38189055715109466 0.34110209285521959 0.040788464295875071 0.0029481375376102605
9000 0 0 1.0122520449826489 24.817914691519785 0.016192799531217671 0.0029481440604133425 0.016192799531217668 0.0029481440604133429 0.016192799531217671 -1.575822805578092e-17 5.8286708792848842e-18 -6.7654215563128124e-21 -4.123741678770212e-18 8.5319027596922099e-18 49.999999999999929 50.000000000000057 49.999999999999929 -7.1054273576010019e-14 5.6843418860808015e-14 1.0000000000000029 1969.8656512471707 8030.1343487479526 0.0087799747009951658 0 0 0.57330187644637987 1.0105107801595599e-17 0.999999999999999 -1.5735199601629724e-13 5.8450206480431532e-14 -4.6078273010969901e-17 0.38188969189250999 0.3411025404511146 0.040787151441395386 0.0029481440604133425
9500 0 0 1.0122307735510412 24.817929762294103 0.016192533636234283 0.0029481318551272525 0.016192533636234272 0.0029481318551272538 0.016192533636234283 -1.7121720707899784e-17 2.5632274081046325e-18 1.5612511283799197e-21 -7.4632222625650204e-18 1.3657548401574887e-17 49.999999999999922 50.000000000000064 49.999999999999922 -7.815970093361102e-14 6.3948846218409017e-14 1.0000000000000013 1969.8656512471064 8030.1343487477798 0.0087799715979425871 0 0 0.57330129066535473 1.0105366431294813e-17 0.999999999999999 -1.7050119975906064e-13 2.5758095802707249e-14 4.6690044991487752e-17 0.38188912332614949 0.34110285375224958 0.040786269573899914 0.0029481318551272525
10000 0 0 1.0122183888075471 24.817938579307896 0.016192320963776295 0.0029481166358439636 0.016192320963776315 0.002948116635843964 0.016192320963776295 -2.0515186771607822e-17 1.5834555888724711e-18 0 -1.6627232892699095e-17 -9.2092702150326344e-18 49.999999999999915 50.000000000000071 49.999999999999915 -8.5265128291212022e-14 7.1054273576010019e-14 1.0000000000000027 1969.8656512470491 8030.1343487475397 0.0087799710153744631 0 0 0.57330093722341813 1.0105477262191645e-17 0.999999999999999 -2.0493893040929301e-13 1.6326621044698841e-14 9.0370965697899346e-18 0.38188879926063873 0.34110304320064549 0.040785756059993239 0.0029481166358439636
10500 0 0 1.0122117582307206 24.817943349419533 0.016192180653156949 0.0029481042366962754 0.016192180653156956 0.002948104236696275 0.016192180653156949 -1.9136775497596507e-17 4.2951753265209902e-19 -6.9388939039111314e-22 -2.3846800270881762e-17 -2.1119192245730476e-17 49.999999999999908 50.000000000000057 49.999999999999908 -9.2370555648813024e-14 5.6843418860808015e-14 1.0000000000000036 1969.86565124701 8030.1343487473605 0.0087799711744795221 0 0 0.573300740721296 1.0105511597397214e-17 0.999999999999999 -1.9135431086891863e-13 4.5185751841592126e-15 -3.7041073023140398e-18 0.38188862479905228 0.34110314374691686 0.040785481052135419 0.0029481042366962754
11000 0 0 1.01220871797211 24.817945590417565 0.016192097976858631 0.0029480955737056815 0.016192097976858621 0.0029480955737056802 0.016192097976858631 -1.9497944925295682e-17 1.3752887717552284e-18 -6.5919492087157775e-21 1.8046216617726635e-17 -5.4708192797656106e-18 49.999999999999893 50.000000000000057 49.999999999999893 -1.0658141036401503e-13 5.6843418860808015e-14 1.0000000000000016 1969.8656512469663 8030.1343487471186 0.0087799715959676651 0 0 0.57330064638574119 1.010550200422123e-17 0.999999999999999 -1.9526784766599702e-13 1.4416256820088105e-14 -4.8331169394901876e-17 0.38188854193599925 0.34110318706911885 0.040785354866880397 0.0029480955737056815
11500 0 0 1.0122077980538018 24.81794630275925 0.016192054706549962 0.0029480901600840719 0.016192054706549979 0.0029480901600840732 0.016192054706549962 -1.7847182065555498e-17 -1.5022705301968333e-19 -1.7347234759778675e-21 -3.8337651431399226e-18 1.7685002670584481e-17 49.999999999999886 50.000000000000057 49.999999999999886 -1.1368683772161603e-13 5.6843418860808015e-14 1.0000000000000004 1969.8656512469177 8030.1343487468876 0.0087799721099921998 0 0 0.57330061464949189 1.0105480355813646e-17 0.999999999999999 -1.7835862994863838e-13 -1.6969389640912383e-15 6.3026553543694797e-18 0.38188851568130938 0.34110319905173536 0.04078531662957402 0.0029480901600840719
12000 0 0 1.0122079314628338 24.817946239325174 0.016192036369667245 0.0029480872271878266 0.016192036369667259 0.0029480872271878257 0.016192036369667245 -1.5841494782630389e-17 -6.1096960823942427e-19 -2.9490299091624685e-21 -8.7580039127106352e-18 6.2764641003147539e-18 49.999999999999879 50.000000000000057 49.999999999999879 -1.2079226507921703e-13 5.6843418860808015e-14 1.0000000000000024 1969.8656512468731 8030.1343487466893 0.0087799725570797682 0 0 0.57330061484192418 1.0105454875224579e-17 0.999999999999999 -1.5847869880806505e-13 -6.1962154157546578e-15 -3.2944665399756356e-18 0.38188851870611262 0.34110319659678578 0.040785322109326838 0.0029480872271878266
12500 0 0 1.0122084204773745 24.81794590731198 0.016192031984210764 0.0029480859447490898 0.016192031984210778 0.0029480859447490889 0.016192031984210764 -1.389166559563169e-17 -3.9666187001712564e-18 2.2551405187713782e-21 1.2672572414051938e-17 7.5041112756072719e-18 49.999999999999872 50.00000000000005 49.999999999999872 -1.2789769243681803e-13 4.9737991503207013e-14 1 1969.8656512468167 8030.1343487464947 0.0087799728560391931 0 0 0.57330062655821434 1.0105439580216075e-17 0.999999999999999 -1.389847438526548e-13 -3.9561507295167085e-14 3.7562216843368941e-17 0.38188853166756553 0.34110318930854489 0.040785342359020649 0.0029480859447490898
13000 0 0 1.0122089146858277 24.817945563902985 0.016192033880615419 0.0029480855845671217 0.016192033880615408 0.0029480855845671226 0.016192033880615419 -1.407832184164725e-17 -5.3838877800453951e-18 4.1633363423472572e-21 -1.1486455284869384e-17 1.8331703720143145e-17 49.999999999999872 50.000000000000057 49.999999999999872 -1.2789769243681803e-13 5.6843418860808015e-14 1.0000000000000011 1969.8656512467714 8030.1343487462582 0.008779973020737011 0 0 0.57330063946263454 1.0105428956361832e-17 0.999999999999999 -1.4083395907804608e-13 -5.4055121923718419e-14 4.3939357492088709e-17 0.38188854472777894 0.34110318189105576 0.040785362836723182 0.0029480855845671217
13500 0 0 1.0122092943072083 24.817945297292283 0.016192037597694858 0.0029480856432758155 0.016192037597694865 0.0029480856432758163 0.016192037597694858 -1.595598653204624e-17 -3.9326181200422727e-18 1.5612511283802584e-21 7.9801111389119272e-19 -9.3958099018439052e-18 49.999999999999865 50.000000000000057 49.999999999999865 -1.3500311979441904e-13 5.6843418860808015e-14 1.0000000000000038 1969.8656512467182 8030.1343487460372 0.0087799730996376349 0 0 0.57330064980711826 1.010542303044566e-17 0.999999999999999 -1.5935213218409849e-13 -3.9799814919444509e-14 5.4418699890922472e-18 0.38188855471657601 0.34110317614546426 0.040785378571111752 0.0029480856432758155
14000 0 0 1.0122095462199008 24.817945118515141 0.016192041096587353 0.0029480858403328199 0.016192041096587343 0.0029480858403328203 0.016192041096587353 -1.3693213229980859e-17 -2.5205532105962029e-18 -7.8062556419015235e-21 -1.7695677986121507e-17 -4.7153831073890974e-18 49.999999999999858 50.000000000000043 49.999999999999858 -1.4210854715202004e-13 4.2632564145606011e-14 1.0000000000000029 1969.8656512466625 8030.1343487457243 0.0087799731313104312 0 0 0.57330065689523835 1.0105420351248518e-17 0.999999999999999 -1.3719103972555522e-13 -2.5142594169830224e-14 -6.791520426311946e-17 0.38188856137676275 0.34110317236142668 0.040785389015336071 0.0029480858403328199
14500 0 0 1.0122096932583489 24.817945012987298 0.016192043715036773 0.0029480860445510056 0.016192043715036786 0.0029480860445510056 0.016192043715036773 -1.6105172750981291e-17 -4.4374226515521482e-18 3.9898639947497814e-21 -8.3527940457984471e-19 -5.8371022338708024e-18 49.999999999999851 50.000000000000043 49.999999999999851 -1.4921397450962104e-13 4.2632564145606011e-14 1.0000000000000013 1969.8656512466152 8030.1343487455015 0.0087799731381251692 0 0 0.57330066115004308 1.0105419181570084e-17 0.999999999999999 -1.6101920176214956e-13 -4.4305975988728763e-14 7.5658644582161459e-18 0.38188856530293613 0.34110317018949476 0.040785395113441369 0.0029480860445510056
15000 0 0 1.0122097665036804 24.817944959747805 0.016192045409495547 0.0029480862055204708 0.01619204540949554 0.0029480862055204712 0.016192045409495547 -1.6611365061272186e-17 -2.5236757128531064e-18 3.469446951956429e-22 -3.0779924724152615e-17 -3.9736920071201468e-18 49.999999999999844 50.000000000000036 49.999999999999844 -1.5631940186722204e-13 3.5527136788005009e-14 1.0000000000000033 1969.8656512465645 8030.1343487454269 0.0087799731332971979 0 0 0.57330066334024443 1.01054190931039e-17 0.999999999999999 -1.6563703523168335e-13 -2.493908940220236e-14 -9.4744320500928115e-18 0.38188856727536918 0.34110316912312966 0.040785398152239527 0.0029480862055204708
15500 0 0 1.0122097947269928 24.817944938777313 0.016192046365409964 0.0029480863130387498 0.016192046365409961 0.0029480863130387494 0.016192046365409964 -1.7166129628890477e-17 -3.2959746043586955e-18 -3.6429192995543476e-21 -3.3287371048471781e-17 -2.3154225880038051e-17 49.999999999999837 50.000000000000036 49.999999999999837 -1.6342482922482304e-13 3.5527136788005009e-14 1.0000000000000024 1969.8656512465154 8030.1343487451395 0.008779973125008278 0 0 0.57330066423892656 1.0105419320835069e-17 0.999999999999999 -1.7162009660620647e-13 -3.2953078200198549e-14 -2.5215798390326658e-17 0.38188856804061849 0.34110316871670249 0.040785399323916005 0.0029480863130387498
16000 0 0 1.0122097995949542 24.817944934711058 0.016192046820330007 0.0029480863752746073 0.016192046820329997 0.002948086375274606 0.016192046820330007 -1.9628743075389474e-17 -1.3395534681504306e-18 -1.2143064331847984e-21 -2.3373315959626151e-17 -2.0644013305058996e-17 49.999999999999829 50.000000000000036 49.999999999999829 -1.7053025658242404e-13 3.5527136788005009e-14 1.0000000000000038 1969.8656512464649 8030.1343487448175 0.0087799731174917003 0 0 0.57330066444844774 1.0105419608709914e-17 0.999999999999999 -1.9727925890029024e-13 -1.3391685763780581e-14 -2.9165819208612067e-17 0.38188856817787664 0.34110316865113138 0.040785399526745258 0.0029480863752746073
16500 0 0 1.012209794731765 24.817944937799147 0.016192046981750349 0.0029480864060446067 0.016192046981750342 0.0029480864060446054 0.016192046981750349 -2.1134483052539451e-17 -2.398081733192473e-18 -1.7347234759783513e-22 -3.3098218823653118e-17 -3.2026267707115788e-17 49.999999999999822 50.000000000000036 49.999999999999822 -1.7763568394002505e-13 3.5527136788005009e-14 1.0000000000000033 1969.865651246414 8030.1343487446975 0.0087799731121042043 0 0 0.57330066435550986 1.010541988926241e-17 0.999999999999999 -2.1145108170283523e-13 -2.4018384937180004e-14 -6.0493766546267764e-18 0.38188856805393689 0.34110316872822111 0.040785399325715788 0.0029480864060446067
17000 0 0 1.0122097873906803 24.81794494282067 0.016192046996732237 0.002948086417987454 0.016192046996732254 0.002948086417987454 0.016192046996732237 -1.7076617897531367e-17 -2.9039270987878408e-18 3.8163916471524794e-21 -6.5015280523597989e-19 -4.5480577040202275e-18 49.999999999999808 50.000000000000036 49.999999999999808 -1.9184653865522705e-13 3.5527136788005009e-14 1.0000000000000002 1969.8656512463679 8030.1343487443937 0.0087799731087501547 0 0 0.57330066417160963 1.010542008624473e-17 0.999999999999999 -1.7069895846693257e-13 -2.8942397497270391e-14 2.8636006611556967e-17 0.38188856786239983 0.34110316884073377 0.040785399021666058 0.002948086417987454
17500 0 0 1.0122097808035204 24.817944947419935 0.016192046953911552 0.0029480864201716288 0.016192046953911562 0.0029480864201716288 0.016192046953911552 -1.5027909472401345e-17 -2.41855147020916e-18 4.6837533851418248e-21 1.5241285726718186e-17 1.757910380224025e-17 49.999999999999808 50.000000000000036 49.999999999999808 -1.9184653865522705e-13 3.5527136788005009e-14 1.0000000000000013 1969.8656512463215 8030.1343487442491 0.0087799731069058383 0 0 0.57330066399559454 1.010542020761491e-17 0.999999999999999 -1.503827439742772e-13 -2.4043538480521227e-14 3.0800265289065436e-17 0.38188856768901835 0.34110316894032988 0.040785398748688473 0.0029480864201716288
18000 0 0 1.0122097760130009 24.817944950805252 0.016192046899365434 0.0029480864181981627 0.016192046899365448 0.0029480864181981635 0.016192046899365434 -1.0354217483420344e-17 -6.3445776410436887e-18 1.7347234759784788e-21 2.4410856876586157e-17 1.2731196351347869e-17 49.999999999999801 50.000000000000028 49.999999999999801 -1.9895196601282805e-13 2.8421709430404007e-14 1.0000000000000007 1969.865651246268 8030.1343487439999 0.0087799731060493238 0 0 0.57330066386304468 1.0105420264394285e-17 0.999999999999999 -1.0338474871836344e-13 -6.3691510806299803e-14 7.692647305528023e-19 0.38188856756207601 0.34110316901197735 0.040785398550098662 0.0029480864181981627
18500 0 0 1.0122097730082562 24.817944952948856 0.016192046852983675 0.0029480864151165574 0.016192046852983678 0.0029480864151165583 0.016192046852983675 -1.0698386621054844e-17 -4.0141501234143384e-18 2.4286128663699542e-21 7.8532860687443903e-18 -2.3498517890117946e-17 49.999999999999794 50.000000000000028 49.999999999999794 -2.0605739337042905e-13 2.8421709430404007e-14 1.0000000000000042 1969.8656512462082 8030.1343487437507 0.0087799731057666246 0 0 0.57330066377761435 1.0105420289713318e-17 0.999999999999999 -1.0765910732346562e-13 -4.0001476510291923e-14 -4.037577534077856e-19 0.38188856748205968 0.34110316905655524 0.040785398425504438 0.0029480864151165574
19000 0 0 1.0122097713720331 24.817944954127732 0.01619204682040503 0.002948086412334355 0.016192046820405041 0.0029480864123343558 0.01619204682040503 -1.03632380454962e-17 -3.6040614936931544e-18 2.0816681711743286e-21 -8.7624997244385978e-18 -1.766561601372775e-18 49.999999999999794 50.000000000000028 49.999999999999794 -2.0605739337042905e-13 2.8421709430404007e-14 1.0000000000000013 1969.8656512461662 8030.1343487436097 0.0087799731057663886 0 0 0.57330066372972155 1.010542029899177e-17 0.999999999999999 -1.0262840916372354e-13 -3.6011937782814458e-14 9.3156435958368373e-18 0.38188856743831989 0.34110316908068183 0.040785398357638059 0.002948086412334355
19500 0 0 1.0122097706270683 24.817944954672431 0.016192046800569758 0.0029480864103126202 0.016192046800569751 0.0029480864103126193 0.016192046800569758 -1.0020803631338189e-17 -2.9153762737296956e-18 -2.4286128663700904e-21 -1.9468338034357459e-17 -2.1546424746728459e-17 49.999999999999787 50.000000000000028 49.999999999999787 -2.1316282072803006e-13 2.8421709430404007e-14 1.000000000000002 1969.8656512461116 8030.1343487433924 0.0087799731058706455 0 0 0.57330066370695576 1.010542029779007e-17 0.999999999999999 -9.9537131796356791e-14 -2.8919846119379653e-14 -4.4178293509171017e-17 0.38188856741829386 0.34110316909156813 0.04078539832672573 0.0029480864103126202
20000 0 0 1.0122097703868744 24.817944954854614 0.01619204679010771 0.0029480864090453622 0.016192046790107707 0.0029480864090453618 0.01619204679010771 -6.8049732515691691e-18 -1.8582357874683628e-18 -3.4694469519573615e-21 2.1240854562568593e-17 5.1316282177450902e-18 49.999999999999787 50.000000000000036 49.999999999999787 -2.1316282072803006e-13 3.5527136788005009e-14 1.0000000000000009 1969.8656512460693 8030.1343487432086 0.0087799731059886865 0 0 0.57330066369882204 1.0105420293192157e-17 0.999999999999999 -6.8357212251735078e-14 -1.892957362040204e-14 -4.105102129010825e-17 0.381888567411726 0.3411031690949779 0.0407853983167481 0.0029480864090453622
20500 0 0 1.0122097703906421 24.817944954859474 0.016192046785569569 0.0029480864083535822 0.016192046785569569 0.0029480864083535831 0.016192046785569569 -7.0384670314360245e-18 -2.7530061563782154e-18 -3.4694469519574234e-22 2.0651854604258229e-17 1.3537597520758935e-17 49.99999999999978 50.000000000000028 49.99999999999978 -2.2026824808563106e-13 2.8421709430404007e-14 1.0000000000000009 1969.8656512460195 8030.1343487429449 0.008779973106084393 0 0 0.57330066369803012 1.0105420288743138e-17 0.999999999999999 -7.0523014193854766e-14 -2.725581263745661e-14 -1.216456712735731e-17 0.38188856741169347 0.34110316909480154 0.04078539831689193 0.0029480864083535822
21000 0 0 1.0122097704847781 24.817944954796804 0.01619204678429409 0.0029480864080368668 0.016192046784294083 0.0029480864080368681 0.01619204678429409 -4.334727021775733e-18 -5.7828741795228048e-18 -8.6736173798938158e-22 2.876258539685543e-17 -2.8694774516258038e-18 49.99999999999978 50.000000000000021 49.99999999999978 -2.2026824808563106e-13 2.1316282072803006e-14 1.0000000000000002 1969.8656512459704 8030.1343487427339 0.0087799731061496376 0 0 0.57330066370016441 1.0105420285140525e-17 0.999999999999999 -4.251677135441174e-14 -5.8013760896724673e-14 1.1822954347396892e-17 0.38188856741411503 0.34110316909332705 0.04078539832078798 0.0029480864080368668
21500 0 0 1.0122097705910158 24.817944954723366 0.016192046784533561 0.0029480864079337657 0.016192046784533568 0.0029480864079337657 0.016192046784533561 -7.080447339555191e-18 -4.9817788783160031e-18 2.9490299091640107e-21 3.4023344946344249e-17 1.2047072049636785e-17 49.999999999999773 50.000000000000021 49.999999999999773 -2.2737367544323206e-13 2.1316282072803006e-14 1.0000000000000018 1969.8656512459147 8030.1343487425147 0.0087799731061883064 0 0 0.57330066370289501 1.0105420282810067e-17 0.999999999999999 -7.115011752451377e-14 -4.9766018129365763e-14 2.5859886371273373e-17 0.3818885674168937 0.34110316909170435 0.040785398325189348 0.0029480864079337657
22000 0 0 1.0122097706770388 24.817944954662931 0.016192046785284103 0.0029480864079344999 0.016192046785284117 0.0029480864079345008 0.016192046785284103 -9.7508806584772429e-18 -5.4595217236007081e-18 -4.3368086899471817e-21 1.7609334152098144e-17 -3.4386256878001681e-18 49.999999999999773 50.000000000000021 49.999999999999773 -2.2737367544323206e-13 2.1316282072803006e-14 1.0000000000000022 1969.8656512458674 8030.1343487422291 0.0087799731062079313 0 0 0.57330066370520882 1.0105420281419886e-17 0.999999999999999 -9.7530056735478806e-14 -5.4320317721341633e-14 -3.2583061046590571e-17 0.38188856741915966 0.34110316909040483 0.040785398328754829 0.0029480864079344999
22500 0 0 1.0122097707356008 24.817944954621449 0.01619204678605159 0.0029480864079738916 0.01619204678605158 0.0029480864079738933 0.01619204678605159 -6.5638466884090173e-18 -8.9442342421472837e-18 -2.0816681711746976e-21 -1.3932905971364846e-17 2.4549646312814472e-17 49.999999999999773 50.000000000000021 49.999999999999773 -2.2737367544323206e-13 2.1316282072803006e-14 1.0000000000000004 1969.8656512458153 8030.1343487420318 0.0087799731062157323 0 0 0.57330066370682409 1.0105420280522246e-17 0.999999999999999 -6.6002325133096562e-14 -8.9252444410853338e-14 -3.9468480782052031e-17 0.38188856742070409 0.34110316908952143 0.040785398331182665 0.0029480864079738916
23000 0 0 1.0122097707702384 24.817944954596658 0.016192046786647315 0.0029480864080185759 0.016192046786647322 0.0029480864080185776 0.016192046786647315 -2.5680846338392664e-18 -7.8083373100765383e-18 5.0306980803390115e-21 2.7506024639764942e-17 2.2243570273995274e-17 49.999999999999773 50.000000000000014 49.999999999999773 -2.2737367544323206e-13 1.4210854715202004e-14 1.0000000000000009 1969.8656512457651 8030.1343487418098 0.00877997310621716 0 0 0.57330066370779809 1.0105420280296422e-17 0.999999999999999 -2.5502603448264476e-14 -7.7506848595448874e-14 5.1215490807150037e-17 0.38188856742161797 0.3411031690889989 0.040785398332619072 0.0029480864080185759
23500 0 0 1.012209770787968 24.817944954583862 0.016192046787040379 0.0029480864080548294 0.016192046787040375 0.002948086408054829 0.016192046787040379 1.0807327255349194e-18 -7.7285400301816586e-18 2.9490299091643068e-21 3.523083774191352e-17 2.83701859735064e-17 49.99999999999978 50.000000000000014 49.99999999999978 -2.2026824808563106e-13 1.4210854715202004e-14 1.0000000000000024 1969.8656512457123 8030.1343487415015 0.0087799731062157983 0 0 0.57330066370830202 1.0105420280248153e-17 0.999999999999999 1.01355555760286e-14 -7.7267456703651696e-14 7.655291242430095e-18 0.38188856742208288 0.3411031690887284 0.040785398333354483 0.0029480864080548294
24000 0 0 1.0122097707952129 24.817944954578451 0.016192046787266594 0.0029480864080795601 0.016192046787266597 0.002948086408079561 0.016192046787266594 -3.9725167599920778e-19 -1.0497852587234961e-17 1.5612511283811661e-21 4.8528604982681312e-17 -5.1577420272422258e-20 49.99999999999978 50.000000000000007 49.99999999999978 -2.2026824808563106e-13 7.1054273576010019e-15 1.0000000000000016 1969.8656512456701 8030.1343487413433 0.0087799731062135674 0 0 0.57330066370850807 1.0105420280293547e-17 0.999999999999999 -3.5548820450951638e-15 -1.0492068367307547e-13 1.1073066617656899e-17 0.38188856742227018 0.34110316908861488 0.040785398333655298 0.0029480864080795601
24500 0 0 1.0122097707968498 24.817944954577175 0.016192046787378147 0.0029480864080942454 0.016192046787378137 0.0029480864080942445 0.016192046787378147 -3.878494747594098e-18 -8.6375351315951942e-18 -4.3368086899477798e-21 1.0097576360006595e-17 1.8330722754862993e-18 49.99999999999978 49.999999999999993 49.99999999999978 -2.2026824808563106e-13 -7.1054273576010019e-15 1.0000000000000002 1969.8656512456162 8030.1343487410986 0.0087799731062114198 0 0 0.57330066370855004 1.0105420280366954e-17 0.999999999999999 -3.9744683662490095e-14 -8.6905580375056325e-14 -2.921668794274673e-17 0.38188856742230753 0.34110316908858418 0.040785398333723355 0.0029480864080942454
25000 0 0 1.0122097707960669 24.817944954577705 0.016192046787420762 0.002948086408101775 0.016192046787420752 0.0029480864081017737 0.016192046787420762 -8.9747653753258095e-18 -8.3349993573846921e-18 -4.6837533851437463e-21 -2.1103031703306458e-17 5.4051282256365019e-18 49.99999999999978 50.000000000000007 49.99999999999978 -2.2026824808563106e-13 7.1054273576010019e-15 1.0000000000000038 1969.8656512455691 8030.1343487409258 0.0087799731062096608 0 0 0.5733006637085154 1.0105420280427214e-17 0.999999999999999 -9.0010898251546629e-14 -8.3695908263630238e-14 -4.9032989867676e-17 0.38188856742227795 0.34110316908858701 0.040785398333690936 0.002948086408101775
25500 0 0 1.0122097707945306 24.81794495457871 0.016192046787427777 0.0029480864081049118 0.016192046787427774 0.0029480864081049113 0.016192046787427777 -8.7287815864321859e-18 -6.7560540495486284e-18 2.255140518772972e-21 -3.887982515725904e-19 4.7199021467715739e-18 49.999999999999773 50.000000000000007 49.999999999999773 -2.2737367544323206e-13 7.1054273576010019e-15 1.000000000000004 1969.8656512455159 8030.134348740703 0.008779973106208365 0 0 0.573300663708456 1.0105420280472168e-17 0.999999999999999 -8.6436500318365361e-14 -6.7436995671072896e-14 2.0617872986758644e-17 0.38188856742222871 0.34110316908860133 0.040785398333627376 0.0029480864081049118
26000 0 0 1.0122097707930202 24.817944954579783 0.016192046787419982 0.002948086408105656 0.016192046787419971 0.002948086408105656 0.016192046787419982 -1.2179840469545469e-17 -9.5663060806351398e-18 -3.469446951958488e-22 -6.1413756231869057e-18 -2.4155744641923678e-17 49.999999999999766 49.999999999999993 49.999999999999766 -2.3447910280083306e-13 -7.1054273576010019e-15 1.0000000000000024 1969.8656512454675 8030.1343487404429 0.0087799731062074143 0 0 0.57330066370839528 1.0105420280500982e-17 0.999999999999999 -1.2206078163425996e-13 -9.5417163753497292e-14 -4.6633642226824559e-18 0.38188856742218141 0.34110316908861665 0.04078539833356476 0.002948086408105656
26500 0 0 1.0122097707919369 24.817944954580579 0.016192046787408512 0.0029480864081053858 0.016192046787408525 0.0029480864081053858 0.016192046787408512 -1.2335271692993465e-17 -7.4763112367755007e-18 -8.6736173798964e-22 -1.8353956536222296e-17 -3.0511020688535045e-17 49.999999999999766 49.999999999999986 49.999999999999766 -2.3447910280083306e-13 -1.4210854715202004e-14 1.0000000000000013 1969.8656512454202 8030.1343487402328 0.0087799731062066996 0 0 0.57330066370834354 1.010542028051783e-17 0.999999999999999 -1.2392387452834504e-13 -7.4839060782770601e-14 -1.1102472152412656e-17 0.38188856742214339 0.34110316908862359 0.040785398333519796 0.0029480864081053858
27000 0 0 1.0122097707912736 24.817944954581108 0.01619204678739852 0.0029480864081047678 0.016192046787398506 0.0029480864081047678 0.01619204678739852 -1.3439596657802287e-17 -9.3300367432072472e-18 -7.2858385991132e-21 -1.6323243139819277e-17 -2.7436072414338849e-17 49.999999999999773 49.999999999999979 49.999999999999773 -2.2737367544323206e-13 -2.1316282072803006e-14 1.0000000000000009 1969.8656512453722 8030.134348740019 0.0087799731062061046 0 0 0.57330066370830179 1.0105420280525802e-17 0.999999999999999 -1.3462625111926307e-13 -9.3038695237607216e-14 -6.8407375925964551e-17 0.3818885674221158 0.34110316908862359 0.040785398333492207 0.0029480864081047678
27500 0 0 1.0122097707909268 24.817944954581417 0.016192046787391123 0.0029480864081041797 0.016192046787391109 0.0029480864081041789 0.016192046787391123 -1.2381762282150381e-17 -7.6837841645030389e-18 -1.734723475979374e-21 1.5848296911834461e-17 1.0351561808321967e-18 49.999999999999773 49.999999999999972 49.999999999999773 -2.2737367544323206e-13 -2.8421709430404007e-14 1.0000000000000009 1969.8656512453251 8030.1343487397899 0.0087799731062055721 0 0 0.5733006637082686 1.0105420280528923e-17 0.999999999999999 -1.2456051814908047e-13 -7.6941111901018757e-14 7.6124905835578983e-18 0.38188856742209737 0.34110316908861965 0.040785398333477718 0.0029480864081041797
28000 0 0 1.0122097707906912 24.817944954581556 0.01619204678738655 0.0029480864081037356 0.01619204678738656 0.0029480864081037348 0.01619204678738655 -1.1140741107435053e-17 -7.2632871939258449e-18 6.9388939039176934e-22 3.884038472640358e-17 1.3415090032456116e-18 49.999999999999773 49.999999999999972 49.999999999999773 -2.2737367544323206e-13 -2.8421709430404007e-14 1.0000000000000011 1969.865651245266 8030.1343487395761 0.0087799731062050863 0 0 0.57330066370824073 1.0105420280529706e-17 0.999999999999999 -1.1176086065071335e-13 -7.2404376358594553e-14 -1.6459764360063664e-17 0.3818885674220826 0.3411031690886146 0.040785398333468004 0.0029480864081037356
28500 0 0 1.0122097707906261 24.817944954581616 0.016192046787384059 0.0029480864081034819 0.016192046787384052 0.0029480864081034824 0.016192046787384059 -3.3070768346072658e-18 -5.9226928916891139e-18 2.9490299091651027e-21 5.3377516178726252e-17 -2.8883847011606043e-17 49.999999999999766 49.999999999999964 49.999999999999766 -2.3447910280083306e-13 -3.5527136788005009e-14 1.0000000000000007 1969.8656512452196 8030.1343487393924 0.0087799731062045902 0 0 0.57330066370821742 1.0105420280529428e-17 0.999999999999999 -3.2850892198381349e-14 -5.8993933783906229e-14 1.4256192433905866e-17 0.38188856742207183 0.34110316908860655 0.040785398333465284 0.0029480864081034819
29000 0 0 1.0122097707906197 24.817944954581627 0.01619204678738307 0.0029480864081033618 0.016192046787383067 0.0029480864081033618 0.01619204678738307 -3.258157632584721e-18 -5.0653925498601775e-18 -1.3877787807836103e-21 -3.9155309851484299e-17 -3.4887085564682166e-17 49.999999999999766 49.999999999999964 49.999999999999766 -2.3447910280083306e-13 -3.5527136788005009e-14 1.0000000000000011 1969.8656512451723 8030.1343487391769 0.0087799731062041201 0 0 0.57330066370819577 1.0105420280528846e-17 0.999999999999999 -3.2732930684377571e-14 -5.0845449792439997e-14 9.1114608377816989e-18 0.38188856742206267 0.34110316908859767 0.040785398333465006 0.0029480864081033618
29500 0 0 1.0122097707906428 24.817944954581616 0.016192046787382959 0.0029480864081033223 0.016192046787382945 0.0029480864081033228 0.016192046787382959 -4.2674197509097406e-19 -1.641950464484182e-17 2.6020852139693541e-21 -3.4951781483444051e-17 2.6653366889939734e-17 49.999999999999766 49.999999999999957 49.999999999999766 -2.3447910280083306e-13 -4.2632564145606011e-14 1.0000000000000011 1969.8656512451253 8030.1343487389686 0.0087799731062036413 0 0 0.57330066370817612 1.0105420280528316e-17 0.999999999999999 -4.7570456240509667e-15 -1.642152668186736e-13 -6.1984701778070777e-18 0.38188856742205529 0.34110316908858934 0.04078539833346595 0.0029480864081033223
29999 0 0 1.0122097707906779 24.817944954581598 0.016192046787383802 0.0029480864081033627 0.016192046787383816 0.0029480864081033631 0.016192046787383802 -1.2824116768526947e-17 -2.2178439640399455e-17 2.2551405187735076e-21 -7.122861698574222e-17 1.8271349058055745e-16 49.999999999999758 49.999999999999957 49.999999999999758 -2.4158453015843406e-13 -4.2632564145606011e-14 1.0000000000000016 1969.8656512450787 8030.134348738773 0.0087799731062031903 0 0 0.57330066370815691 1.0105420280528046e-17 0.999999999999999 -1.2816353880951148e-13 -2.2177317494423679e-13 1.2333747091056838e-17 0.38188856742204819 0.34110316908858079 0.040785398333467393 0.0029480864081033627
