# step v0 Mach sigma R umax_ref urms_ref umax_mean urms_mean umax_lab mean_x mean_y mean_z drop_ux drop_uy x0 y0 x_unwrapped center_dx center_dy axis_ratio mass_R mass_B min_f negative_total negative_color min_rho min_phi max_phi qx qy qz p_in p_out delta_p urms_lab
0 0 0 -5.560112678108922e-15 25.040521385269312 2.775557561562892e-17 7.4680932510941472e-18 2.7757192199288639e-17 7.4680889045804607e-18 2.775557561562892e-17 1.6154612370034016e-21 7.7628875549962114e-21 1.4311468676808658e-21 2.4159302177664461e-21 1.7494362876818029e-20 50.000000000000007 50.000000000000007 50.000000000000007 7.1054273576010019e-15 7.1054273576010019e-15 1.0000000000000007 1969.8656512480634 8030.1343487520408 -0.0034795669555643788 408 1008 0.99999999999999944 5.1710809399147485e-26 0.99999999999998512 -1.6516662741568436e-17 7.0591394499494885e-17 8.3190532386202677e-18 0.33333333333333387 0.33333333333333409 -2.2204460492503131e-16 7.4680932510941472e-18
500 0 0 0.63852580718923602 24.233802059450291 0.031721088107222115 0.0082622776372103836 0.031721088107222115 0.0082622776372103836 0.031721088107222115 -1.5681900222830545e-19 -3.9371284010770139e-18 -2.1150073879761257e-20 -3.6550168687163433e-18 2.8093880463025105e-18 50.000000000000007 50.000000000000007 50.000000000000007 7.1054273576010019e-15 7.1054273576010019e-15 1.0000000000000047 1969.8656512480204 8030.1343487518043 -0.01778760074028813 1672 3712 0.93124267054121979 4.2215979542830039e-18 0.99999999999999933 -1.2630413208369884e-15 -1.4039225511297548e-14 -2.0322335811763215e-16 0.35636787379077878 0.33001931298208659 0.02634856080869219 0.0082622776372103836
1000 0 0 0.9397237664846152 23.992369244322539 0.031865574988557258 0.0070575017263771311 0.031865574988557258 0.0070575017263771311 0.031865574988557258 -1.3419820810157035e-18 7.4072692424212184e-19 -6.3859507959398386e-21 6.6317273410664528e-18 2.6084885468636609e-18 50.000000000000007 50.000000000000007 50.000000000000007 7.1054273576010019e-15 7.1054273576010019e-15 1.0000000000000047 1969.8656512479811 8030.1343487516187 -0.018005155577063003 1576 3624 0.9398561311959619 5.2255228345539819e-18 0.99999999999999944 -1.2545520178264269e-14 1.6132928326584306e-16 -8.1195443855888701e-17 0.36579671825164656 0.3266291080454562 0.039167610206190362 0.0070575017263771311
1500 0 0 1.0338094035612009 23.919430830045567 0.032224065508061617 0.0057606140309711422 0.032224065508061617 0.0057606140309711422 0.032224065508061617 -1.1723261250651911e-18 5.6100957213093046e-19 -7.7086774463723635e-21 -1.2389438494760123e-18 2.3098131628234023e-18 50.000000000000007 50.000000000000007 50.000000000000007 7.1054273576010019e-15 7.1054273576010019e-15 1.0000000000000007 1969.8656512479492 8030.1343487514605 -0.017704735855013587 1584 3584 0.94345632974620774 5.5219710794872748e-18 0.99999999999999956 -1.269465218708965e-14 9.1654114853234603e-15 -1.3337655188829875e-16 0.36865971784165641 0.32543923275124126 0.043220485090415151 0.0057606140309711422
2000 0 0 1.0432288102905396 23.912230854956782 0.032625610883888788 0.0053459802399179685 0.032625610883888788 0.0053459802399179667 0.032625610883888788 -8.5140228200948387e-19 2.395653120324159e-18 -1.1882855810442062e-20 -9.1105987127446094e-18 -2.4208910137091593e-18 49.999999999999993 50.000000000000007 49.999999999999993 -7.1054273576010019e-15 7.1054273576010019e-15 1.0000000000000004 1969.8656512479042 8030.1343487513122 -0.017650450866852855 1592 3624 0.944055705211721 5.2834925034353485e-18 0.99999999999999956 -8.902607654976552e-15 2.168555455648799e-14 -1.0295193517093499e-16 0.36894225456378232 0.32531483993156335 0.043627414632218975 0.0053459802399179685
2500 0 0 1.0290760004912793 23.922962341867006 0.032873851307795431 0.0053157211057933305 0.032873851307795431 0.0053157211057933305 0.032873851307795431 5.408867798096254e-19 7.4697192875569178e-19 1.4891516839089971e-20 -6.0336043974231176e-19 1.042177283398558e-17 50.000000000000007 50.000000000000014 50.000000000000007 7.1054273576010019e-15 1.4210854715202004e-14 1.0000000000000004 1969.8656512478781 8030.1343487511122 -0.01770896814196157 1576 3600 0.94369987650400711 5.4316632390033183e-18 0.99999999999999956 5.8807142776272706e-15 7.4998567198194394e-15 1.6751053424452698e-16 0.36852064336577844 0.32550439873079368 0.043016244634984768 0.0053157211057933305
3000 0 0 1.0153180362749097 23.933347136445665 0.032964569620794255 0.0053332774683245163 0.032964569620794255 0.0053332774683245163 0.032964569620794255 5.6482596377811705e-19 3.699471284868588e-18 -4.8138576458362244e-21 1.8992410473895596e-19 5.0682603684948297e-18 50.000000000000007 50.000000000000014 50.000000000000007 7.1054273576010019e-15 1.4210854715202004e-14 1 1969.8656512478406 8030.134348751023 -0.017767282530728602 1576 3592 0.94327203404694204 5.5461427942319845e-18 0.99999999999999956 6.1201061173120699e-15 3.5338919290861526e-14 -6.227226729596587e-17 0.36811376607022006 0.32569103136092464 0.042422734709295418 0.0053332774683245163
3500 0 0 1.0075186490224319 23.93922484481012 0.032975870717932322 0.005339837311061372 0.032975870717932322 0.005339837311061372 0.032975870717932322 1.9706458687099065e-18 2.4317353686246012e-18 -4.9873299934339628e-21 2.5437444395970623e-18 -8.8458923894301485e-19 50.000000000000007 50.000000000000014 50.000000000000007 7.1054273576010019e-15 1.4210854715202004e-14 1.0000000000000009 1969.8656512478187 8030.1343487508539 -0.017799609136824216 1576 3576 0.94300690096435502 5.5892153780159665e-18 0.99999999999999956 1.974109894650744e-14 2.1697489250714803e-14 -6.6819078568208224e-17 0.36788439246393184 0.32579787314036002 0.042086519323571825 0.005339837311061372
4000 0 0 1.0044940313951269 23.94150462487773 0.032963565693791816 0.0053403046535605058 0.032963565693791816 0.0053403046535605058 0.032963565693791816 1.0543649286988648e-18 -4.5102810375403889e-21 2.3310346708441917e-21 -5.0834105907179184e-18 2.7753875225434324e-18 50.000000000000007 50.000000000000014 50.000000000000007 7.1054273576010019e-15 1.4210854715202004e-14 1.0000000000000004 1969.8656512477714 8030.1343487507274 -0.017812067722848011 1576 3568 0.9428933929782769 5.5998293614379682e-18 0.99999999999999956 1.0099575323730021e-14 -9.8662397696180903e-17 2.5310096551551892e-17 0.36779578650424083 0.32583960843048049 0.041956178073760342 0.0053403046535605058
4500 0 0 1.0039272212022083 23.941933567291095 0.032950991403222406 0.0053394809120654854 0.032950991403222406 0.0053394809120654854 0.032950991403222406 9.1905649757266848e-19 3.5482033977635642e-18 2.6779793660396511e-21 8.5282806964457516e-18 3.9051519532962283e-18 50.000000000000007 50.000000000000014 50.000000000000007 7.1054273576010019e-15 1.4210854715202004e-14 1.0000000000000004 1969.8656512477328 8030.1343487505446 -0.017814530373086845 1576 3568 0.94286537029951523 5.5879655143008238e-18 0.99999999999999956 9.4577159909155781e-15 3.5692369410850037e-14 3.431197069641962e-17 0.36777923419184572 0.32584748217271264 0.041931752019133073 0.0053394809120654854
5000 0 0 1.0042063460228297 23.941724910285007 0.032943716940513929 0.0053386973005285941 0.032943716940513922 0.0053386973005285941 0.032943716940513929 5.7349958115804308e-19 1.0373646386343309e-18 -1.0538445116561137e-20 4.5524282942119508e-18 3.2266339563762057e-19 50.000000000000007 50.000000000000014 50.000000000000007 7.1054273576010019e-15 1.4210854715202004e-14 1.0000000000000004 1969.8656512477148 8030.1343487503618 -0.0178135195096276 1576 3568 0.94287040158234747 5.5805949634600002e-18 0.99999999999999956 5.7037728536545507e-15 1.0805808895837996e-14 -1.0612200700115678e-16 0.36778740005696714 0.32584362408485923 0.041943775972107911 0.0053386973005285941
5500 0 0 1.0045753827145187 23.941447709242571 0.032940828495117286 0.005338207595606422 0.032940828495117286 0.0053382075956064229 0.032940828495117286 -3.4520997171945984e-19 2.4525520503365444e-18 4.3259666682181051e-21 3.4679324320382437e-19 1.1880957509097973e-17 50.000000000000007 50.000000000000021 50.000000000000007 7.1054273576010019e-15 2.1316282072803006e-14 1.0000000000000007 1969.8656512476762 8030.134348750209 -0.017812080834141396 1576 3568 0.94288147776762143 5.5759242711371911e-18 0.99999999999999956 -3.4278152759786204e-15 2.4565419044045892e-14 7.2875744878714721e-17 0.36779818348363924 0.32583850773994127 0.041959675743697966 0.005338207595606422
6000 0 0 1.0048100412254706 23.941271381916952 0.03294024715164192 0.005337982831965616 0.03294024715164192 0.0053379828319656143 0.03294024715164192 -1.3957585087712579e-18 2.8928248685395844e-18 -1.1926223897343274e-22 -3.7183424040495205e-18 -7.0481325725946419e-18 49.999999999999993 50.000000000000014 49.999999999999993 -7.1054273576010019e-15 1.4210854715202004e-14 1.0000000000000009 1969.8656512476543 8030.1343487500353 -0.017811146742464368 1576 3568 0.94288934167915528 5.5741295851120155e-18 0.99999999999999956 -1.3815344631587098e-14 2.8773641773230157e-14 -2.666494985209632e-18 0.36780503083965504 0.32583524464089819 0.041969786198756853 0.005337982831965616
6500 0 0 1.004911511265566 23.941194910333685 0.032940483047394449 0.0053379176322297323 0.032940483047394449 0.0053379176322297323 0.032940483047394449 1.3142265054003417e-18 3.2949337702711312e-18 4.922277863085361e-21 7.980624803763894e-18 1.2253053236852867e-18 50.000000000000007 50.000000000000021 50.000000000000007 7.1054273576010019e-15 2.1316282072803006e-14 1.0000000000000011 1969.8656512476173 8030.1343487499162 -0.017810734393818743 1576 3568 0.94289306859359756 5.5736063886112086e-18 0.99999999999999956 1.3020827476426839e-14 3.344134970736858e-14 3.8144759592881023e-17 0.36780799619872206 0.32583383763941731 0.041974158559304753 0.0053379176322297323
7000 0 0 1.0049370723198077 23.941175617920763 0.032940820898584182 0.0053379199051546535 0.032940820898584168 0.0053379199051546535 0.032940820898584182 1.222633105868781e-18 3.6522868063225479e-18 5.4426949058786897e-21 3.7993807285726116e-18 1.8069852256605962e-19 50.000000000000007 50.000000000000021 50.000000000000007 7.1054273576010019e-15 2.1316282072803006e-14 1.0000000000000009 1969.8656512475779 8030.1343487497516 -0.017810626409141186 1576 3568 0.94289418858628782 5.5737982199216397e-18 0.99999999999999956 1.1639987747540798e-14 3.6702195102544799e-14 4.0288035541182647e-17 0.36780874197088492 0.32583348192694711 0.041975260043937812 0.0053379199051546535
7500 0 0 1.0049329730268313 23.941178659757647 0.032941040394849179 0.0053379379451960864 0.032941040394849179 0.0053379379451960864 0.032941040394849179 1.5213524884320974e-18 1.663252868767041e-18 1.1850329745269971e-20 -2.3598335439474339e-18 -5.9132333316118089e-18 50.000000000000007 50.000000000000028 50.000000000000007 7.1054273576010019e-15 2.8421709430404007e-14 1 1969.8656512475425 8030.1343487495969 -0.017810639602998505 1576 3568 0.94289418803974001 5.573985565638193e-18 0.99999999999999956 1.5459856464938252e-14 1.6274525765585623e-14 9.5541905974702924e-17 0.3678086221157586 0.32583353862849457 0.041975083487264031 0.0053379379451960864
8000 0 0 1.0049232825031222 23.941185930768516 0.032941137336562398 0.0053379521839020186 0.032941137336562398 0.0053379521839020186 0.032941137336562398 3.1606661732307407e-19 1.5994150448511212e-18 3.6212352561027282e-21 1.0457611190734834e-17 -2.6148392776138755e-18 50.000000000000007 50.000000000000028 50.000000000000007 7.1054273576010019e-15 2.8421709430404007e-14 1.0000000000000004 1969.865651247507 8030.134348749496 -0.017810677152884296 1576 3568 0.94289391067211081 5.574104635780958e-18 0.99999999999999956 2.1024836088042489e-15 1.5512980386156572e-14 2.9870832527742269e-17 0.36780833918398337 0.32583367320840928 0.041974665975574088 0.0053379521839020186
8500 0 0 1.0049163277245672 23.941191157474112 0.032941162775111027 0.0053379594168423044 0.032941162775111027 0.0053379594168423035 0.032941162775111027 1.3877787807819019e-20 2.8449465006028988e-19 8.5326710974637252e-21 5.0938837210350299e-18 2.307022755043656e-18 50.000000000000007 50.000000000000028 50.000000000000007 7.1054273576010019e-15 2.8421709430404007e-14 1.0000000000000009 1969.865651247479 8030.1343487492786 -0.017810704766277698 1576 3568 0.94289368273090879 5.5741648281529143e-18 0.99999999999999956 5.2388815734111065e-16 2.1287225454580394e-15 1.441118297945825e-16 0.36780813617024216 0.32583376985259777 0.041974366317644396 0.0053379594168423044
9000 0 0 1.0049130049452941 23.941193657525393 0.032941159723426192 0.0053379618417094656 0.032941159723426192 0.0053379618417094656 0.032941159723426192 -8.7811702353976421e-19 2.0733414984881987e-18 -2.5804011705163952e-21 1.7099721588075783e-18 3.3935951000510606e-18 50.000000000000007 50.000000000000028 50.000000000000007 7.1054273576010019e-15 2.8421709430404007e-14 1.0000000000000009 1969.8656512474438 8030.1343487490713 -0.017810718187892118 1576 3568 0.94289356387800838 5.5741790773477958e-18 0.99999999999999956 -8.3683041687577657e-15 2.0669879652306184e-14 -4.012249259123712e-17 0.36780803919129618 0.3258338160460178 0.041974223145278378 0.0053379618417094656
9500 0 0 1.0049119922864986 23.94119442094615 0.032941150924415769 0.0053379620474255131 0.032941150924415769 0.0053379620474255122 0.032941150924415769 -8.6979035085507934e-19 5.2811921502656627e-18 -2.288750786117711e-20 -1.9119198358114744e-18 4.302072012729976e-19 50.000000000000007 50.000000000000043 50.000000000000007 7.1054273576010019e-15 4.2632564145606011e-14 1.0000000000000016 1969.8656512474267 8030.1343487489376 -0.017810722396805218 1576 3568 0.9428935225068833 5.5741806739760676e-18 0.99999999999999956 -9.4715857319103937e-15 5.2983443424525645e-14 -2.207990226354762e-16 0.36780800964320631 0.32583383013412964 0.04197417950907667 0.0053379620474255131
10000 0 0 1.0049119811755183 23.941194430539035 0.032941144443687433 0.005337961617082985 0.032941144443687426 0.005337961617082985 0.032941144443687433 7.8756445809377128e-20 2.6548208076359197e-18 -6.7220534694126951e-21 -2.9486267117170944e-18 -5.1293372000498329e-18 50.000000000000007 50.000000000000036 50.000000000000007 7.1054273576010019e-15 3.5527136788005009e-14 1.0000000000000009 1969.8656512473733 8030.1343487488048 -0.017810722539169342 1576 3568 0.94289351787539466 5.5741757235407138e-18 0.99999999999999956 -5.5516233428941353e-17 2.5897037495633903e-14 -5.6856037158032421e-17 0.36780800932498087 0.32583383029681728 0.041974179028163583 0.005337961617082985
10500 0 0 1.0049122224293123 23.941194249663663 0.032941141290284338 0.0053379612123303343 0.032941141290284338 0.0053379612123303343 0.032941141290284338 -1.3454515279681544e-18 3.6387559632104187e-18 4.336808689943767e-22 -1.4064379802269755e-18 3.2398167791440696e-18 50.000000000000007 50.000000000000028 50.000000000000007 7.1054273576010019e-15 2.8421709430404007e-14 1.0000000000000009 1969.8656512473519 8030.1343487486338 -0.01781072161554071 1576 3568 0.94289352429642848 5.5741720130037062e-18 0.99999999999999956 -1.3784109563738157e-14 3.68205897415522e-14 3.66154767927767e-17 0.3678080163693539 0.32583382694714369 0.041974189422210206 0.0053379612123303343
11000 0 0 1.0049124235576139 23.9411940985594 0.032941140299693389 0.0053379609858988002 0.032941140299693382 0.0053379609858988002 0.032941140299693389 7.8756445809379415e-20 3.0971752940102646e-18 2.1250362580724624e-21 -2.3919744392783264e-18 2.0786541949952358e-18 50.000000000000007 50.000000000000028 50.000000000000007 7.1054273576010019e-15 2.8421709430404007e-14 1.0000000000000004 1969.8656512473287 8030.1343487484119 -0.017810720820846816 1576 3568 0.94289353072157667 5.5741701226693776e-18 0.99999999999999956 4.4409235975383522e-16 3.0970235454095128e-14 2.5852959831547506e-17 0.3678080222405643 0.32583382415250478 0.041974198088059522 0.0053379609858988002
11500 0 0 1.004912529291216 23.941194019031073 0.032941140264851579 0.0053379608997829583 0.032941140264851579 0.0053379608997829583 0.032941140264851579 -6.1305127641047584e-19 3.1728092375629891e-18 -1.8420594910536899e-20 -4.1708655288511198e-18 -2.7683661171259957e-18 50.000000000000007 50.000000000000028 50.000000000000007 7.1054273576010019e-15 2.8421709430404007e-14 1.0000000000000007 1969.8656512472801 8030.1343487482463 -0.017810720395753779 1576 3568 0.94289353441724499 5.574169482365299e-18 0.99999999999999956 -6.7029719346908562e-15 3.175042778740195e-14 -1.4688257784372677e-16 0.36780802532661255 0.32583382268273431 0.041974202643878245 0.0053379608997829583
12000 0 0 1.0049125665039056 23.941193990997725 0.032941140481136423 0.0053379608849583472 0.032941140481136423 0.0053379608849583472 0.032941140481136423 9.815065427081221e-19 3.2987501619189904e-18 2.0599841277233916e-21 -1.5121619800805039e-19 -3.6241616071921977e-18 50.000000000000007 50.000000000000036 50.000000000000007 7.1054273576010019e-15 3.5527136788005009e-14 1.0000000000000009 1969.8656512472658 8030.1343487481399 -0.017810720242700313 1576 3568 0.9428935358674666 5.5741694582528941e-18 0.99999999999999956 1.0012826894423226e-14 3.355627471413557e-14 2.7095657110820654e-17 0.36780802641252242 0.32583382216515827 0.041974204247364144 0.0053379608849583472
12500 0 0 1.0049125709598712 23.941193987610351 0.032941140667601079 0.0053379608940613815 0.032941140667601072 0.0053379608940613806 0.032941140667601079 -5.3880511163865588e-19 6.7716665608263274e-18 -5.5402731014035976e-21 -8.8424306185019331e-18 4.7723079763186544e-19 50.000000000000007 50.000000000000036 50.000000000000007 7.1054273576010019e-15 3.5527136788005009e-14 1.000000000000002 1969.8656512472319 8030.134348747908 -0.01781072022195497 1576 3568 0.94289353614617 5.5741695314435506e-18 0.99999999999999956 -5.1555969265234294e-15 6.7416123813105594e-14 -7.7363358308925558e-17 0.36780802654239603 0.32583382210297179 0.041974204439424234 0.0053379608940613815
13000 0 0 1.0049125654226609 23.941193991756556 0.032941140767451034 0.0053379609052123921 0.032941140767451034 0.0053379609052123904 0.032941140767451034 1.6514567491307371e-19 4.7732651165001433e-18 -6.6570013390642897e-21 -7.8570344569938549e-18 1.9884971115208935e-18 50.000000000000007 50.000000000000043 50.000000000000007 7.1054273576010019e-15 4.2632564145606011e-14 1.0000000000000004 1969.8656512472103 8030.1343487478307 -0.017810720242740663 1576 3568 0.94289353601675319 5.5741696541498768e-18 0.99999999999999956 2.4945289967926392e-15 4.8328528784854976e-14 -1.0712134937764702e-17 0.36780802638068205 0.32583382217981083 0.041974204200871224 0.0053379609052123921
13500 0 0 1.0049125597676416 23.941193996003459 0.032941140803451632 0.0053379609121309343 0.032941140803451632 0.0053379609121309343 0.032941140803451632 -4.8017145815063277e-19 4.6532222519626354e-18 -7.9797279894975104e-21 -1.0731417222276689e-17 5.1871315778417134e-18 50.000000000000007 50.000000000000043 50.000000000000007 7.1054273576010019e-15 4.2632564145606011e-14 1.000000000000002 1969.8656512471739 8030.1343487476224 -0.017810720264962374 1576 3568 0.94289353584141422 5.5741697121066786e-18 0.99999999999999956 -4.7427259365075917e-15 4.6701574687185872e-14 -5.3453762618323452e-17 0.36780802621559183 0.32583382225837093 0.041974203957220901 0.0053379609121309343
14000 0 0 1.0049125564867947 23.941193998470517 0.032941140808365917 0.005337960915062852 0.032941140808365917 0.005337960915062852 0.032941140808365917 -6.2796989830394017e-20 6.8660355179198769e-19 1.4203048459567709e-21 -6.322184610922379e-18 -1.3933395379843895e-17 50.000000000000007 50.000000000000043 50.000000000000007 7.1054273576010019e-15 4.2632564145606011e-14 1.0000000000000004 1969.8656512471312 8030.1343487475342 -0.01781072027809593 1576 3568 0.94289353572922541 5.5741697326209995e-18 0.99999999999999956 -1.7346533310608626e-16 7.0874276957136112e-15 7.2361586135386188e-18 0.36780802611982188 0.32583382230396402 0.041974203815857869 0.005337960915062852
14500 0 0 1.0049125551871299 23.941193999449059 0.0329411408035057 0.0053379609157630879 0.032941140803505693 0.0053379609157630879 0.0329411408035057 -3.9374753457743015e-18 2.3887142264213645e-18 -1.0343288725517347e-20 -1.6701677812109901e-17 -7.3134512237543139e-19 50.000000000000007 50.000000000000043 50.000000000000007 7.1054273576010019e-15 4.2632564145606011e-14 1.0000000000000004 1969.8656512470934 8030.1343487473168 -0.017810720283401294 1576 3568 0.94289353568031964 5.5741697356634989e-18 0.99999999999999956 -3.9357401802508606e-14 2.3966938061787909e-14 -1.1385786620553771e-16 0.36780802608188845 0.3258338223220319 0.041974203759856554 0.0053379609157630879
15000 0 0 1.0049125549297384 23.941193999643669 0.03294114079829439 0.0053379609156140057 0.03294114079829439 0.0053379609156140057 0.03294114079829439 -1.5563939026473002e-18 3.6817771054153252e-18 -4.5970172113412231e-21 -5.1030854770518186e-18 1.8946389458408271e-19 50.000000000000007 50.000000000000036 50.000000000000007 7.1054273576010019e-15 3.5527136788005009e-14 1.0000000000000002 1969.865651247062 8030.1343487470913 -0.017810720284516683 1576 3568 0.94289353566783607 5.5741697328495812e-18 0.99999999999999956 -1.5706192280724642e-14 3.7094241972840847e-14 -5.2584104730448727e-17 0.36780802607437341 0.32583382232560903 0.041974203748764372 0.0053379609156140057
15500 0 0 1.004912555039438 23.941193999561815 0.032941140795211127 0.0053379609153182831 0.032941140795211127 0.0053379609153182822 0.032941140795211127 -3.167605067135534e-19 3.6817771054153653e-18 2.9815559743369108e-21 -3.1078461488963072e-18 -4.0629796676905006e-18 50.000000000000007 50.000000000000043 50.000000000000007 7.1054273576010019e-15 4.2632564145606011e-14 1.0000000000000004 1969.8656512470313 8030.1343487469312 -0.017810720284122367 1576 3568 0.94289353566965628 5.5741697296323253e-18 0.99999999999999956 -3.1086223513680702e-15 3.7296338634220684e-14 2.3875316813159583e-17 0.36780802607757124 0.32583382232408131 0.041974203753489925 0.0053379609153182831
16000 0 0 1.0049125551932523 23.941193999446391 0.032941140793964728 0.0053379609151120635 0.032941140793964728 0.0053379609151120635 0.032941140793964728 8.6805562737932517e-19 2.4986956947985212e-18 -6.5702651652661751e-21 9.8352005233007198e-19 2.5896279289415527e-18 49.999999999999993 50.00000000000005 49.999999999999993 -7.1054273576010019e-15 4.9737991503207013e-14 1.0000000000000004 1969.8656512469997 8030.1343487468284 -0.017810720283522652 1576 3568 0.9428935356742304 5.5741697278204751e-18 0.99999999999999956 8.3301391934950919e-15 2.5227432989827214e-14 -1.0244607661723899e-16 0.36780802608205526 0.3258338223219383 0.041974203760116957 0.0053379609151120635
16500 0 0 1.0049125552926432 23.941193999371642 0.032941140793702445 0.0053379609150155825 0.032941140793702445 0.0053379609150155825 0.032941140793702445 9.5444485648304193e-19 1.021405182655789e-18 -2.8406096919138153e-21 3.1651969274998393e-18 1.7586445211436558e-18 49.999999999999993 50.00000000000005 49.999999999999993 -7.1054273576010019e-15 4.9737991503207013e-14 1.0000000000000011 1969.8656512469679 8030.1343487466629 -0.017810720283127236 1576 3568 0.94289353567753387 5.5741697270573423e-18 0.99999999999999956 8.049125160633841e-15 9.5641806208471552e-15 4.9082760602248783e-18 0.36780802608494989 0.32583382232055041 0.041974203764399476 0.0053379609150155825
17000 0 0 1.0049125553362928 23.9411939993388 0.032941140793795287 0.0053379609149873672 0.032941140793795287 0.0053379609149873672 0.032941140793795287 1.4776374568380134e-18 2.0951990142861619e-18 2.4177708446442608e-21 4.1158400760264888e-18 1.135924681237716e-17 50.000000000000007 50.00000000000005 50.000000000000007 7.1054273576010019e-15 4.9737991503207013e-14 1.0000000000000007 1969.8656512469302 8030.1343487464583 -0.0178107202829507 1576 3568 0.94289353567911094 5.574169726879448e-18 0.99999999999999956 1.4606379529249257e-14 2.1296332355782578e-14 9.6121727969888185e-19 0.3678080260862176 0.32583382231993735 0.041974203766280249 0.0053379609149873672
17500 0 0 1.0049125553476408 23.941193999330245 0.032941140793936681 0.0053379609149880394 0.032941140793936681 0.0053379609149880394 0.032941140793936681 3.3653635433972578e-19 1.082467449010252e-19 1.3877787807823745e-21 -9.9712947140693773e-19 -7.0736309220951255e-18 49.999999999999993 50.000000000000043 49.999999999999993 -7.1054273576010019e-15 4.2632564145606011e-14 1.0000000000000004 1969.8656512468992 8030.1343487463973 -0.017810720282903567 1576 3568 0.94289353567958278 5.5741697269122689e-18 0.99999999999999956 3.1676004084524399e-15 1.688970461935274e-15 4.2343442814733201e-17 0.36780802608654201 0.32583382231977276 0.041974203766769247 0.0053379609149880394
18000 0 0 1.0049125553462075 23.941193999331336 0.032941140794030349 0.0053379609149955994 0.032941140794030349 0.0053379609149955994 0.032941140794030349 -2.8178848143786681e-18 -2.0927704014198628e-18 -5.789639601076585e-21 -6.0033414631089614e-18 -9.5693563039337521e-19 50.000000000000007 50.000000000000043 50.000000000000007 7.1054273576010019e-15 4.2632564145606011e-14 1.0000000000000004 1969.8656512468685 8030.1343487462191 -0.017810720282908709 1576 3568 0.94289353567957246 5.5741697269924308e-18 0.99999999999999956 -2.7765981838902406e-14 -2.0822536297573988e-14 1.1225824805312551e-17 0.36780802608649277 0.3258338223197853 0.041974203766707463 0.0053379609149955994
18500 0 0 1.0049125553421407 23.941193999334409 0.032941140794072656 0.0053379609150017186 0.032941140794072669 0.0053379609150017186 0.032941140794072656 -3.4763858458599874e-18 -1.9866053246900489e-18 -2.6888213877659584e-21 -4.9096151856240216e-18 -1.0354352288011178e-17 49.999999999999993 50.000000000000043 49.999999999999993 -7.1054273576010019e-15 4.2632564145606011e-14 1.0000000000000004 1969.8656512468324 8030.1343487460563 -0.017810720282924904 1576 3568 0.94289353567943912 5.5741697270473213e-18 0.99999999999999956 -3.5100394812914715e-14 -1.9971654988472736e-14 -3.3918073471639379e-17 0.36780802608636926 0.32583382231983704 0.041974203766532214 0.0053379609150017186
19000 0 0 1.0049125553392479 23.941193999336637 0.032941140794084577 0.0053379609150049061 0.032941140794084577 0.0053379609150049061 0.032941140794084577 -1.2871648191757309e-18 2.1441182163088994e-19 -2.8189256484643701e-21 -6.4364163729908346e-18 1.5021534012084322e-18 49.999999999999993 50.000000000000036 49.999999999999993 -7.1054273576010019e-15 3.5527136788005009e-14 1.0000000000000002 1969.865651246801 8030.1343487457907 -0.017810720282937197 1576 3568 0.94289353567932321 5.5741697270696305e-18 0.99999999999999956 -1.3055529118429467e-14 2.3221449277135026e-15 -4.7085981461252933e-17 0.36780802608627711 0.32583382231986963 0.041974203766407481 0.0053379609150049061
19500 0 0 1.0049125553378337 23.941193999337674 0.032941140794084126 0.0053379609150060485 0.032941140794084126 0.0053379609150060485 0.032941140794084126 -2.3463869736079888e-18 4.6525283625732855e-18 -5.9197438617752939e-21 -6.437145037258992e-18 -5.6926713681160142e-18 49.999999999999993 50.000000000000043 49.999999999999993 -7.1054273576010019e-15 4.2632564145606011e-14 1.0000000000000002 1969.865651246774 8030.1343487456552 -0.017810720282943584 1576 3568 0.94289353567925349 5.5741697270747781e-18 0.99999999999999956 -2.3717140634104327e-14 4.6798719837115284e-14 -3.8538646513020342e-17 0.36780802608622937 0.32583382231988278 0.041974203766346585 0.0053379609150060485
20000 0 0 1.0049125553373457 23.941193999338047 0.032941140794081142 0.0053379609150062766 0.032941140794081135 0.0053379609150062766 0.032941140794081142 -8.4515727749654776e-19 3.5308561630058973e-18 -1.4799359654438473e-20 1.9235109649864723e-17 -2.1686088610753353e-18 49.999999999999986 50.000000000000036 49.999999999999986 -1.4210854715202004e-14 3.5527136788005009e-14 1.0000000000000011 1969.8656512467328 8030.1343487454888 -0.017810720282946061 1576 3568 0.94289353567921608 5.5741697270748043e-18 0.99999999999999956 -8.6076977025084596e-15 3.4881168498363435e-14 -1.2833290555477154e-16 0.36780802608620877 0.32583382231988323 0.041974203766325546 0.0053379609150062766
20500 0 0 1.0049125553373515 23.941193999338061 0.032941140794079116 0.0053379609150061751 0.032941140794079116 0.005337960915006176 0.032941140794079116 -5.6170346152173142e-19 4.7732651165015323e-18 1.7130394325284427e-21 -9.5562178671889701e-18 1.7836261932274053e-18 49.999999999999986 50.000000000000036 49.999999999999986 -1.4210854715202004e-14 3.5527136788005009e-14 1.0000000000000007 1969.8656512467014 8030.134348745325 -0.017810720282946765 1576 3568 0.94289353567919476 5.5741697270728383e-18 0.99999999999999956 -5.4956056659604194e-15 4.7868610117407506e-14 7.920215809433751e-17 0.36780802608620278 0.32583382231987701 0.041974203766325768 0.0053379609150061751
21000 0 0 1.0049125553374429 23.94119399933799 0.032941140794078214 0.0053379609150060988 0.032941140794078214 0.0053379609150060988 0.032941140794078214 -4.1217029789242006e-19 1.9876461587758205e-18 -6.7220534694155214e-22 7.7425125117722324e-18 -1.0654465091401607e-18 49.999999999999993 50.000000000000036 49.999999999999993 -7.1054273576010019e-15 3.5527136788005009e-14 1.0000000000000004 1969.8656512466669 8030.1343487451995 -0.017810720282946925 1576 3568 0.94289353567917888 5.5741697270711566e-18 0.99999999999999956 -4.3194671197150844e-15 1.9252829133403304e-14 6.5379497081483895e-18 0.36780802608619989 0.32583382231987018 0.04197420376632971 0.0053379609150060988
21500 0 0 1.0049125553375311 23.941193999337877 0.032941140794078394 0.0053379609150060788 0.032941140794078387 0.0053379609150060788 0.032941140794078394 -1.7295193055502861e-18 3.6384090185167202e-18 1.8431436932268597e-21 -1.0176942445880708e-17 -2.6563622567598019e-17 49.999999999999993 50.000000000000028 49.999999999999993 -7.1054273576010019e-15 2.8421709430404007e-14 1.0000000000000009 1969.8656512466264 8030.1343487450549 -0.017810720282947043 1576 3568 0.9428935356791649 5.5741697270700681e-18 0.99999999999999956 -1.6896212982291426e-14 3.5843507511331872e-14 5.0774422587966615e-17 0.367808026086197 0.32583382231986341 0.041974203766333595 0.0053379609150060788
22000 0 0 1.0049125553376068 23.941193999337813 0.032941140794078963 0.0053379609150061551 0.032941140794078963 0.0053379609150061551 0.032941140794078963 -1.195918364339404e-18 5.2152726581810042e-18 7.9797279894999404e-21 3.8128389298136398e-17 -2.3320563987917872e-18 49.999999999999993 50.000000000000036 49.999999999999993 -7.1054273576010019e-15 3.5527136788005009e-14 1.0000000000000009 1969.8656512466 8030.1343487449376 -0.017810720282947334 1576 3568 0.94289353567915002 5.5741697270698578e-18 0.99999999999999956 -1.1733670015023597e-14 5.2260495748316196e-14 6.2291165546806933e-17 0.36780802608619328 0.32583382231985641 0.041974203766336871 0.0053379609150061551
22500 0 0 1.0049125553375911 23.941193999337813 0.03294114079407965 0.0053379609150062575 0.03294114079407965 0.0053379609150062575 0.03294114079407965 -3.0194596822877845e-18 6.7258698610629652e-18 -6.6570013390666279e-21 -1.4940085377155631e-17 -8.9295697401699022e-17 49.999999999999993 50.000000000000036 49.999999999999993 -7.1054273576010019e-15 3.5527136788005009e-14 1.0000000000000009 1969.8656512465798 8030.1343487448557 -0.017810720282947754 1576 3568 0.94289353567913681 5.5741697270698978e-18 0.99999999999999956 -2.9976019970813332e-14 6.7281900325305718e-14 -3.5248216611149527e-17 0.36780802608618801 0.32583382231985181 0.041974203766336204 0.0053379609150062575
23000 0 0 1.0049125553376312 23.941193999337823 0.032941140794080059 0.0053379609150063087 0.032941140794080052 0.0053379609150063087 0.032941140794080059 -4.9973913895982734e-18 1.5382833895585135e-17 -1.1416648876282157e-20 4.3615272875320496e-17 7.3279851443868601e-17 50.000000000000007 50.000000000000036 50.000000000000007 7.1054273576010019e-15 3.5527136788005009e-14 1.0000000000000007 1969.8656512465639 8030.1343487447548 -0.017810720282948098 1576 3568 0.94289353567912526 5.57416972706984e-18 0.99999999999999956 -4.9852481320327571e-14 1.5365725166761268e-13 -1.1183047545013685e-16 0.36780802608618479 0.32583382231984692 0.04197420376633787 0.0053379609150063087
23500 0 0 1.0049125553375966 23.94119399933782 0.032941140794080462 0.0053379609150063685 0.032941140794080434 0.0053379609150063694 0.032941140794080462 6.5676630800539318e-19 2.7786453693525585e-17 -1.3379054808482818e-20 4.0961765267248363e-17 6.564708132038535e-17 49.999999999999993 50.000000000000043 49.999999999999993 -7.1054273576010019e-15 4.2632564145606011e-14 1.0000000000000007 1969.8656512465384 8030.1343487446602 -0.017810720282948514 1576 3568 0.94289353567911338 5.5741697270697592e-18 0.99999999999999956 7.0776700879194784e-15 2.7817201664466012e-13 -1.4275030372690802e-16 0.36780802608617974 0.32583382231984331 0.041974203766336426 0.0053379609150063685
24000 0 0 1.0049125553375875 23.941193999337827 0.032941140794080628 0.0053379609150064292 0.032941140794080587 0.0053379609150064284 0.032941140794080628 -1.1610504224723032e-17 3.7201838831745897e-17 -1.4745149545815893e-21 1.1990495910175382e-17 8.550362074959619e-17 49.999999999999986 50.000000000000057 49.999999999999986 -1.4210854715202004e-14 5.6843418860808015e-14 1.0000000000000007 1969.8656512465157 8030.1343487445529 -0.017810720282948847 1576 3568 0.94289353567910184 5.5741697270696413e-18 0.99999999999999956 -1.1584483711386297e-13 3.7154979634994019e-13 -1.5798325338171448e-18 0.36780802608617602 0.32583382231983998 0.041974203766336038 0.0053379609150064292
24500 0 0 1.0049125553375873 23.94119399933782 0.032941140794081079 0.0053379609150064917 0.032941140794081059 0.0053379609150064882 0.032941140794081079 -9.0556034893022392e-18 5.1751311569472046e-17 2.7321894746659185e-21 -5.8679410500115091e-17 1.0661535135266114e-16 49.999999999999986 50.000000000000064 49.999999999999986 -1.4210854715202004e-14 6.3948846218409017e-14 1.0000000000000004 1969.8656512464947 8030.1343487444692 -0.017810720282949277 1576 3568 0.94289353567908996 5.5741697270694102e-18 0.99999999999999956 -9.1524011889555543e-14 5.173580763717783e-13 1.3335175225314887e-17 0.3678080260861728 0.32583382231983676 0.041974203766336038 0.0053379609150064917
25000 0 0 1.0049125553375795 23.941193999337827 0.032941140794081572 0.0053379609150065437 0.032941140794081537 0.0053379609150065429 0.032941140794081572 -2.3636648194291e-17 4.7960593829764633e-17 -8.7928796188654071e-21 -1.2045466105547108e-16 8.2973059321455202e-17 49.999999999999979 50.000000000000085 49.999999999999979 -2.1316282072803006e-14 8.5265128291212022e-14 1.0000000000000011 1969.8656512464775 8030.1343487443628 -0.01781072028294968 1576 3568 0.9428935356790783 5.5741697270692361e-18 0.99999999999999956 -2.3656424719522076e-13 4.796555947567116e-13 -4.7258458728663737e-17 0.36780802608616842 0.32583382231983271 0.041974203766335705 0.0053379609150065437
25500 0 0 1.0049125553375993 23.94119399933782 0.032941140794081884 0.0053379609150066079 0.032941140794081843 0.0053379609150066053 0.032941140794081884 -3.6783770474036295e-17 5.0230652970430432e-17 8.7820375971406285e-21 -1.4675391482034647e-16 6.9150103259697931e-17 49.999999999999964 50.000000000000085 49.999999999999964 -3.5527136788005009e-14 8.5265128291212022e-14 1.0000000000000007 1969.8656512464624 8030.1343487442864 -0.017810720282950086 1576 3568 0.94289353567906653 5.5741697270691552e-18 0.99999999999999956 -3.6852812420700882e-13 5.0265802868343877e-13 7.970772365322625e-17 0.36780802608616481 0.32583382231982827 0.041974203766336537 0.0053379609150066079
26000 0 0 1.0049125553376193 23.94119399933782 0.032941140794082502 0.0053379609150066565 0.032941140794082467 0.0053379609150066608 0.032941140794082502 -3.1127531108261565e-17 4.3666806282023973e-17 -2.1684043449730244e-23 -7.7992145128463183e-17 1.4341468753730022e-16 49.999999999999957 50.000000000000085 49.999999999999957 -4.2632564145606011e-14 8.5265128291212022e-14 1.0000000000000009 1969.8656512464374 8030.1343487442045 -0.017810720282950492 1576 3568 0.94289353567905476 5.574169727068998e-18 0.99999999999999956 -3.119726786017567e-13 4.3718522725610942e-13 1.1991975992499623e-17 0.36780802608616125 0.32583382231982388 0.04197420376633737 0.0053379609150066565
26500 0 0 1.0049125553376028 23.941193999337813 0.032941140794082772 0.0053379609150067276 0.032941140794082738 0.0053379609150067285 0.032941140794082772 -3.0545357909723621e-17 2.7877006258973576e-17 -1.5308934675509757e-20 -3.5185919897841606e-17 6.1836107902737474e-17 49.999999999999957 50.000000000000085 49.999999999999957 -4.2632564145606011e-14 8.5265128291212022e-14 1.0000000000000016 1969.8656512464161 8030.1343487441018 -0.017810720282950832 1576 3568 0.94289353567904277 5.5741697270689688e-18 0.99999999999999956 -3.0531827363043727e-13 2.7877287992693459e-13 -1.5547641329626054e-16 0.36780802608615704 0.32583382231982033 0.041974203766336704 0.0053379609150067276
27000 0 0 1.0049126787035716 23.94119399933782 0.032941140794083196 0.0053379609150067979 0.032941140794083161 0.005337960915006797 0.032941140794083196 -3.2731803378847291e-17 8.3967555131261702e-18 -9.3675067702837189e-21 -2.9276762135539145e-17 1.9442405470954869e-17 49.99999999999995 50.000000000000071 49.99999999999995 -4.9737991503207013e-14 7.1054273576010019e-14 1.0000000000000013 1969.865651246392 8030.1343487439999 -0.017810720282951244 1576 3568 0.94289353567903067 5.5741697270690312e-18 0.99999999999999956 -3.2771701746124719e-13 8.4136254527530612e-14 -9.1543825906201752e-17 0.36780802608615176 0.32583381716694054 0.04197420891921122 0.0053379609150067979
27500 0 0 1.0049126787035714 23.941193999337813 0.03294114079408355 0.0053379609150068646 0.032941140794083543 0.0053379609150068603 0.03294114079408355 -4.3541559247060015e-17 5.4928284143382804e-18 -1.1666015375955323e-20 -7.0361881160052001e-17 -2.0333260356462014e-17 49.99999999999995 50.000000000000064 49.99999999999995 -4.9737991503207013e-14 6.3948846218409017e-14 1.0000000000000009 1969.8656512463722 8030.134348743919 -0.017810720282951623 1576 3568 0.94289353567901868 5.5741697270689541e-18 0.99999999999999956 -4.3575212649517748e-13 5.4860844544739535e-14 -1.1862121250716386e-16 0.36780802608614838 0.32583381716693716 0.04197420891921122 0.0053379609150068646
28000 0 0 1.0049125553375615 23.941193999337809 0.032941140794083723 0.0053379609150069202 0.032941140794083688 0.005337960915006921 0.032941140794083723 -4.3028081098170918e-17 4.4249326425259786e-18 -1.8214596497774337e-21 -7.7275529941617698e-17 1.7908637450518124e-18 49.999999999999943 50.000000000000057 49.999999999999943 -5.6843418860808015e-14 5.6843418860808015e-14 1.0000000000000007 1969.8656512463492 8030.1343487438171 -0.017810720282951938 1576 3568 0.94289353567900602 5.574169727068941e-18 0.99999999999999956 -4.3018713742236192e-13 4.4415209463485796e-14 1.5533352749577955e-17 0.36780802608614499 0.32583382231981001 0.041974203766334983 0.0053379609150069202
28500 0 0 1.0049126787035605 23.941193999337806 0.032941140794084139 0.0053379609150069869 0.032941140794084126 0.0053379609150069887 0.032941140794084139 -4.0345851659613344e-17 -2.6048607715293536e-18 4.4560709289198368e-21 -6.6596116266374789e-17 1.682386547069696e-17 49.999999999999936 50.00000000000005 49.999999999999936 -6.3948846218409017e-14 4.9737991503207013e-14 1.0000000000000009 1969.8656512463228 8030.1343487437189 -0.017810720282952351 1576 3568 0.94289353567899425 5.5741697270689403e-18 0.99999999999999956 -4.0398240178845964e-13 -2.5426709693237185e-14 6.6819992748717806e-17 0.36780802608614116 0.32583381716693038 0.041974208919210776 0.0053379609150069869
29000 0 0 1.0049126787035698 23.941193999337806 0.03294114079408466 0.0053379609150070589 0.032941140794084604 0.0053379609150070581 0.03294114079408466 -5.3334767158350733e-17 -1.2191636589177208e-17 1.7065342194938928e-20 -3.2182492883054266e-17 7.5797817899003009e-19 49.999999999999936 50.00000000000005 49.999999999999936 -6.3948846218409017e-14 4.9737991503207013e-14 1.0000000000000009 1969.8656512462983 8030.1343487435961 -0.01781072028295267 1576 3568 0.94289353567898193 5.5741697270689379e-18 0.99999999999999956 -5.336564523881669e-13 -1.2171123484061575e-13 1.1455411614688366e-16 0.3678080260861365 0.32583381716692533 0.041974208919211164 0.0053379609150070589
29500 0 0 1.0049125553376073 23.941193999337791 0.032941140794085041 0.0053379609150071257 0.032941140794084993 0.0053379609150071266 0.032941140794085041 -7.4458841870037614e-17 -9.9809049913902793e-18 8.6736173798928317e-21 -1.0317976300092007e-16 -6.9637756139095059e-18 49.999999999999929 50.000000000000036 49.999999999999929 -7.1054273576010019e-14 3.5527136788005009e-14 1.0000000000000004 1969.8656512462744 8030.1343487434906 -0.017810720282953035 1576 3568 0.94289353567896972 5.5741697270688655e-18 0.99999999999999956 -7.4479311458747861e-13 -9.9822276545031186e-14 5.4549580794190297e-17 0.367808026086133 0.32583382231979607 0.041974203766336926 0.0053379609150071257
29999 0 0 1.0049125553376141 23.941193999337795 0.032941140794085416 0.0053379609150071847 0.032941140794085402 0.0053379609150071864 0.032941140794085416 -8.2414630675571638e-17 -7.2743894241686194e-18 -1.8106176280526532e-21 -5.8864722764658405e-17 -5.0424863975138956e-18 49.999999999999915 50.000000000000036 49.999999999999915 -8.5265128291212022e-14 3.5527136788005009e-14 1.0000000000000004 1969.865651246253 8030.1343487434033 -0.017810720282953441 1576 3568 0.94289353567895673 5.5741697270685997e-18 0.99999999999999956 -8.2447589574497545e-13 -7.2702045837698501e-14 -3.9961890697291292e-17 0.36780802608612861 0.32583382231979141 0.041974203766337204 0.0053379609150071847
