# step v0 Mach sigma R umax_ref urms_ref umax_mean urms_mean umax_lab mean_x mean_y mean_z drop_ux drop_uy x0 y0 x_unwrapped center_dx center_dy axis_ratio mass_R mass_B min_f negative_total negative_color min_rho min_phi max_phi qx qy qz p_in p_out delta_p urms_lab
0 0 0 -7.7747122244245533e-14 50.0202729669018 0.00026067433363429897 3.7401350118196835e-05 0.00026067433363429897 3.7401350118196835e-05 0.00026067433363429897 2.1578942857587186e-21 -1.986651564030526e-21 -7.9066860817867783e-22 7.1041510903375196e-21 -3.1263563302760907e-22 100.00000000000001 100.00000000000001 100.00000000000001 1.4210854715202004e-14 1.4210854715202004e-14 1.0000000000000036 7860.3518655361759 32139.648134464067 0.027717800665337723 0 0 0.99999999999999933 8.75651076269652e-27 1 -2.4528727490369313e-16 4.5081554593802741e-16 -1.8751548542978356e-17 0.33333333333333559 0.33333333333333715 -1.5543122344752192e-15 3.7401350118196835e-05
500 0 0 0.13655664174584636 49.877111862798422 0.00076444035220543855 0.00039263665390635048 0.00076444035220543779 0.00039263665390635043 0.00076444035220543855 -1.1221058804356162e-18 7.5234957153115371e-19 2.2461676186512223e-21 -1.0517478370136922e-18 1.2133404713384204e-17 100.00000000000001 100.00000000000001 100.00000000000001 1.4210854715202004e-14 1.4210854715202004e-14 1.0000000000000013 7860.351865535943 32139.648134462637 0.027592605659670505 0 0 0.99335463683522596 5.0163638610082486e-23 1 -4.4944924704578204e-14 3.5617341561722856e-14 6.1931041924496991e-17 0.33514309274868553 0.33240523089891594 0.0027378618497695961 0.00039263665390635048
1000 0 0 0.032165543925398901 49.962137371718221 0.00096340605094677651 0.00060559902427219099 0.00096340605094677716 0.00060559902427219099 0.00096340605094677651 -9.492406860545628e-19 -7.0221606307545137e-19 4.0803186381958952e-21 -1.3458249833083508e-17 -1.9580726341533328e-17 100.00000000000001 100.00000000000001 100.00000000000001 1.4210854715202004e-14 1.4210854715202004e-14 1.0000000000000082 7860.3518655357639 32139.648134462084 0.027642174607701825 0 0 0.99780531049386378 1.3437460095102352e-20 1 -3.7483901480775059e-14 -3.0808688933348094e-15 1.0897134336470654e-16 0.333921852221994 0.33327805382549852 0.00064379839649547632 0.00060559902427219099
1500 0 0 0.11953598253012987 49.893199335024441 0.0010795181390103764 0.00073257819828630275 0.0010795181390103753 0.00073257819828630275 0.0010795181390103764 -1.0374513748080105e-18 -2.0643209364125616e-19 5.3038543136872551e-23 8.5647761810807654e-18 3.2157547441910297e-17 100.00000000000001 100.00000000000001 100.00000000000001 1.4210854715202004e-14 1.4210854715202004e-14 1.0000000000000004 7860.3518655354601 32139.648134461539 0.027622740666006416 0 0 0.99654703938128408 9.4412663892084531e-20 1 -4.1276017163655726e-14 3.5027536426923689e-14 -1.7052652694647162e-17 0.33511963448893572 0.33272379729823032 0.0023958371907054077 0.00073257819828630275
2000 0 0 0.083524103885662476 49.918413597524449 0.0011383545762312509 0.00075981303299165056 0.0011383545762312527 0.00075981303299165056 0.0011383545762312509 3.1988300897015887e-19 1.7891070569488795e-18 4.6147593845058205e-22 -1.1706274936699239e-17 -1.0417992524939458e-17 100.00000000000001 100.00000000000001 100.00000000000001 1.4210854715202004e-14 1.4210854715202004e-14 1.0000000000000024 7860.3518655352818 32139.648134460553 0.027608990181712832 0 0 0.99850042699136154 2.635556494231456e-19 1 1.3336540530782537e-14 9.3560582729596692e-14 -1.4738130024337072e-17 0.33467789881568005 0.33300468651051568 0.0016732123051643732 0.00075981303299165056
2500 0 0 0.086494987894275066 49.915713201747394 0.0010640284496879278 0.00069966561993370054 0.0010640284496879291 0.00069966561993370033 0.0010640284496879278 -6.5355706957434205e-19 8.6094326112739474e-19 -4.4891885690237848e-21 -5.8433663633825241e-18 2.7658221400830971e-17 100.00000000000001 100.00000000000001 100.00000000000001 1.4210854715202004e-14 1.4210854715202004e-14 1.0000000000000016 7860.351865535029 32139.648134459003 0.027613702380684189 0 0 0.99855208639079485 5.0404200644757587e-19 1 -2.5847374709856742e-14 6.0361438917121927e-14 -1.8831594352002319e-16 0.33475013863254766 0.33301731779625743 0.0017328208362902275 0.00069966561993370054
3000 0 0 0.12632813451895847 49.885161151625617 0.00088587213461282436 0.00057215213873344946 0.00088587213461282241 0.00057215213873344924 0.00088587213461282436 1.5135462327900133e-19 2.52324203198248e-18 2.3484885514226241e-21 6.3763199758590682e-18 -4.6775651710102375e-18 100.00000000000001 100.00000000000001 100.00000000000001 1.4210854715202004e-14 1.4210854715202004e-14 1.0000000000000007 7860.3518655347043 32139.648134458734 0.027625956076281818 0 0 0.99769724944494864 7.9218403119553736e-19 1 6.1097164111810487e-15 8.4748180695370934e-14 1.5485282940270467e-16 0.33529931622917114 0.3327669372290315 0.0025323790001396396 0.00057215213873344946
3500 0 0 0.066981615117109469 49.929726803394118 0.00063478388833737381 0.00040194437719399029 0.00063478388833737402 0.0004019443771939904 0.00063478388833737381 1.2569806306930389e-18 -2.3366725221412134e-19 8.3297704440538e-22 -1.4400147065216625e-18 -2.2867462913514428e-17 100.00000000000001 100.00000000000001 100.00000000000001 1.4210854715202004e-14 1.4210854715202004e-14 1.0000000000000022 7860.3518655345279 32139.648134457657 0.027658480564300314 0 0 0.99815894215381362 1.1087164236269374e-18 1 5.0648721328094837e-14 9.7075125715662125e-15 -3.5728967522250516e-18 0.33453246512989354 0.33319094737272936 0.001341517757164179 0.00040194437719399029
4000 0 0 0.14310338233052744 49.871240566416795 0.00038766199212187253 0.00022505782376508576 0.00038766199212187259 0.00022505782376508579 0.00038766199212187253 1.7600504387264686e-18 -2.9403562917813566e-20 -2.928627916861849e-22 9.967507580789768e-18 2.604444594707358e-19 100.00000000000001 100.00000000000003 100.00000000000001 1.4210854715202004e-14 2.8421709430404007e-14 1.0000000000000038 7860.3518655343223 32139.648134456445 0.027677000697775112 0 0 0.99740875836490583 1.4378122077775208e-18 1 7.0655287176535353e-14 -7.7403361498085133e-15 -5.0847045957193979e-17 0.33553690563439764 0.33266744859452418 0.0028694570398734576 0.00022505782376508576
4500 0 0 0.066274602262074711 49.929611137652202 0.00016975606030992233 0.00011084470232563043 0.00016975606030992306 0.0001108447023256305 0.00016975606030992233 3.0983896004429263e-18 -7.3500233677155135e-19 6.4878606150405847e-21 -3.4248431438145725e-19 -2.4968164172440358e-17 100.00000000000001 100.00000000000001 100.00000000000001 1.4210854715202004e-14 1.4210854715202004e-14 1.0000000000000022 7860.3518655340531 32139.648134456125 0.027712972784960262 0 0 0.99810748744717992 1.7689775774135747e-18 1 1.2391823678292724e-13 -2.9601320547035289e-14 2.5248216915188175e-16 0.33453856392440579 0.33321120325100978 0.0013273606733960053 0.00011084470232563043
5000 0 0 0.13773250349599486 49.875325091845554 0.00025887187359989358 0.00017510782411552176 0.00025887187359989591 0.0001751078241155216 0.00025887187359989358 4.3810658226240941e-18 -2.3341571731012415e-18 2.5063169810506797e-21 1.0339872616940299e-17 2.9799008470088169e-18 100.00000000000001 100.00000000000001 100.00000000000001 1.4210854715202004e-14 1.4210854715202004e-14 1.0000000000000049 7860.351865533733 32139.648134455019 0.027710383465477214 0 0 0.99782166508679471 2.0948568565824417e-18 1 1.7577432437975251e-13 -8.0598722140834411e-14 3.255072998441671e-17 0.33548291429048382 0.33272137833573345 0.0027615359547503715 0.00017510782411552176
5500 0 0 0.081388612769680499 49.918331366100759 0.00038042376503545687 0.00026869770536930141 0.00038042376503545476 0.00026869770536930147 0.00038042376503545687 5.5598754766812181e-18 -2.6344378067930087e-18 -1.643279415374154e-21 3.8982418377637538e-18 -3.283945254961884e-17 100.00000000000001 100.00000000000001 100.00000000000001 1.4210854715202004e-14 1.4210854715202004e-14 1.0000000000000078 7860.3518655335911 32139.648134454423 0.02769612264249462 0 0 0.998346884821667 2.4102450575436422e-18 1 2.2189541701203141e-13 -1.0397585570309786e-13 -6.6433270858706137e-17 0.3347456303713513 0.33311519500738096 0.0016304353639703395 0.00026869770536930141
6000 0 0 0.1181644558212972 49.890416111459494 0.00045924307637559874 0.00032400561785923967 0.00045924307637560362 0.00032400561785923961 0.00045924307637559874 5.147531706441402e-18 -1.8095767939657772e-18 2.0579012965617679e-21 1.3028929412281594e-18 1.4566617439293179e-18 100.00000000000001 99.999999999999986 100.00000000000001 1.4210854715202004e-14 -1.4210854715202004e-14 1.0000000000000029 7860.3518655333928 32139.648134453178 0.0276889165588938 0 0 0.99851791437666804 2.7117721966155351e-18 1 2.0605739167636316e-13 -7.3035327785575532e-14 1.0408242807984258e-16 0.3352231883470348 0.33285470828550739 0.0023684800615274004 0.00032400561785923967
6500 0 0 0.10060749626954631 49.903870881864513 0.00047374816654748632 0.00033406165562356615 0.00047374816654748383 0.0003340616556235661 0.00047374816654748632 3.749604793325217e-18 -2.0738619155310188e-19 3.7471990972123063e-21 1.3251196579628447e-17 -3.1585160646825891e-17 100.00000000000001 99.999999999999986 100.00000000000001 1.4210854715202004e-14 -1.4210854715202004e-14 1.0000000000000062 7860.3518655330072 32139.64813445264 0.027688740608599587 0 0 0.99857004912803282 2.9969758792112565e-18 1 1.5006746184793342e-13 8.8297407986560536e-15 1.5505296363000174e-16 0.33498567618276698 0.33296965028153558 0.0020160259012313997 0.00033406165562356615
7000 0 0 0.096957419369967296 49.90678848881177 0.00042983672902812412 0.00030336447695019047 0.00042983672902812125 0.00030336447695019058 0.00042983672902812412 3.3831444590250677e-18 7.482729713628832e-19 -4.5050760429404179e-22 -2.5813679926363288e-18 -6.7998826611445988e-18 100.00000000000001 100.00000000000001 100.00000000000001 1.4210854715202004e-14 1.4210854715202004e-14 1.0000000000000027 7860.3518655327944 32139.648134451618 0.027694865516526796 0 0 0.99862260688594962 3.2650136089553011e-18 1 1.3497883366575536e-13 5.6173815599080967e-14 3.9338633896743847e-18 0.33493002523271459 0.33298725507446841 0.0019427701582461765 0.00030336447695019047
7500 0 0 0.11506268696262519 49.893140235815466 0.00034573057365564706 0.00024149641839000825 0.00034573057365564879 0.00024149641839000819 0.00034573057365564706 3.073583054736983e-18 6.6266436782341554e-19 -5.3946071864100938e-21 1.0822851595266317e-17 -1.7604078056962064e-17 100.00000000000001 99.999999999999986 100.00000000000001 1.4210854715202004e-14 -1.4210854715202004e-14 1.0000000000000004 7860.3518655325752 32139.648134450192 0.027705042507473042 0 0 0.99841587871485249 3.5153032624947151e-18 1 1.2264494975156026e-13 4.0079051188968151e-14 -2.4686748138375769e-16 0.33515969309192717 0.33285351059030888 0.0023061825016182924 0.00024149641839000825
8000 0 0 0.083856249020244814 49.917012629080894 0.00023363111972439323 0.00016141990052440997 0.00023363111972439138 0.00016141990052440995 0.00023363111972439323 4.0627657488264113e-18 -1.4542186899120123e-18 -3.5582680921980558e-21 -7.0914272298757054e-18 -1.3422430940723923e-17 100.00000000000001 99.999999999999986 100.00000000000001 1.4210854715202004e-14 -1.4210854715202004e-14 1.0000000000000047 7860.3518655322578 32139.648134449952 0.027717206249725818 0 0 0.99851069301695883 3.7482596708474374e-18 1 1.6271879253493575e-13 -7.2379603158689246e-14 -9.5390257235804528e-17 0.3347441366594443 0.33306422344742265 0.0016799132120216553 0.00016141990052440997
8500 0 0 0.11973310588604812 49.88980811869029 0.00012150325828313221 7.8129373012149553e-05 0.00012150325828313047 7.8129373012149567e-05 0.00012150325828313221 3.7664370320534939e-18 -1.6868451080406481e-18 -1.4841947426591929e-21 1.9312953499605707e-18 -5.8407086964791634e-18 100.00000000000001 99.999999999999986 100.00000000000001 1.4210854715202004e-14 -1.4210854715202004e-14 1.0000000000000016 7860.3518655321113 32139.648134448238 0.027723727939945212 0 0 0.99805710678308779 3.9642837434897663e-18 1 1.5090402885609144e-13 -6.7300332026935767e-14 -7.6510604729578888e-17 0.33520906709184201 0.33280911587132023 0.0023999512205217788 7.8129373012149553e-05
9000 0 0 0.081996891505107652 49.91862771871272 6.4204222160770598e-05 3.838221352710603e-05 6.4204222160768322e-05 3.8382213527105902e-05 6.4204222160770598e-05 4.6298576951454743e-18 -2.2832430390818322e-18 2.8881607834832419e-21 -3.5973326482792967e-18 -2.0543718761818556e-17 100.00000000000001 99.999999999999972 100.00000000000001 1.4210854715202004e-14 -2.8421709430404007e-14 1.0000000000000013 7860.3518655318394 32139.648134448213 0.027731262162095982 0 0 0.99851080060099495 4.1642030385904005e-18 1 1.8514616944102487e-13 -8.9799695245657159e-14 1.3450367012834993e-16 0.33471087516408754 0.33306826407375162 0.0016426110903359215 3.838221352710603e-05
9500 0 0 0.11511346722795013 49.893490575563618 0.00013178932195643687 8.928705070001698e-05 0.00013178932195643923 8.9287050700016899e-05 0.00013178932195643687 5.7052453039693651e-18 -2.3916632563304994e-18 -1.4666472417931094e-21 9.9290344952435457e-18 -3.2644164257710293e-18 100.00000000000001 99.999999999999972 100.00000000000001 1.4210854715202004e-14 -2.8421709430404007e-14 1.0000000000000031 7860.3518655315802 32139.648134447601 0.027718519450977468 0 0 0.99815994453346601 4.3488699981305268e-18 1 2.2820981724085056e-13 -9.470896289442976e-14 -2.9642226342649463e-17 0.33514218205339819 0.33283499797186733 0.0023071840815308553 8.928705070001698e-05
10000 0 0 0.088698411646016023 49.913642589377027 0.00019380947118242562 0.00013438098183722797 0.00019380947118241803 0.00013438098183722795 0.00019380947118242562 7.0688246922617854e-18 -3.6509857637165983e-18 -1.0343527315321608e-21 -1.2292811985869574e-17 -9.284617080313918e-18 100.00000000000001 99.999999999999972 100.00000000000001 1.4210854715202004e-14 -2.8421709430404007e-14 1.0000000000000042 7860.3518655313728 32139.648134446645 0.027718240338419325 0 0 0.99864616589870514 4.5133939426357237e-18 1 2.8247976916636578e-13 -1.4438103448203318e-13 1.2670733395915518e-17 0.33479421551209931 0.3330171780721411 0.0017770374399582178 0.00013438098183722797
10500 0 0 0.10545329708841264 49.900909158588938 0.00022469277557154302 0.00015824358986578054 0.00022469277557153966 0.00015824358986578105 0.00022469277557154302 7.7970616074775923e-18 -3.063174713881668e-18 2.945515766892764e-22 1.3173587635207141e-17 -5.1148187206037675e-18 100.00000000000003 99.999999999999972 100.00000000000003 2.8421709430404007e-14 -2.8421709430404007e-14 1.0000000000000042 7860.3518655311609 32139.648134444669 0.027716732303379701 0 0 0.9985260344911937 4.4455079987981742e-18 1 3.1180613223081048e-13 -1.1340928111842679e-13 -5.1716640613757456e-18 0.33501256485546488 0.33289931083130925 0.0021132540241556308 0.00015824358986578054
11000 0 0 0.098425980618048164 49.906261652875877 0.00022739413295785584 0.00015995938785724544 0.00022739413295786302 0.00015995938785724539 0.00022739413295785584 7.506061744382454e-18 -2.6459737179090484e-18 5.5649051194251763e-21 1.6549612353841191e-18 2.1173944812904879e-19 100.00000000000003 99.999999999999972 100.00000000000003 2.8421709430404007e-14 -2.8421709430404007e-14 1.0000000000000018 7860.3518655308935 32139.648134444462 0.027718190837622905 0 0 0.99880675128700591 4.4846621152900489e-18 1 2.9998052653024132e-13 -9.9288632871008531e-14 2.4070437169200009e-16 0.33491993315643942 0.33294771609673152 0.0019722170597079036 0.00015995938785724544
11500 0 0 0.096165290921506025 49.90797537731946 0.00020135215489838312 0.00014247175608313295 0.00020135215489838442 0.00014247175608313271 0.00020135215489838312 6.070317859489495e-18 -4.238102924161628e-18 -3.7012638065485602e-22 -1.659351894966606e-17 -8.5657904101153352e-18 100.00000000000003 99.999999999999972 100.00000000000003 2.8421709430404007e-14 -2.8421709430404007e-14 1.0000000000000002 7860.3518655305952 32139.648134443803 0.027721272204861751 0 0 0.99877754360088222 4.5014734404514573e-18 1 2.4224372677337114e-13 -1.7831569554260795e-13 -4.3459413016745391e-17 0.33489036035752356 0.33296350818220555 0.0019268521753180168 0.00014247175608313295
12000 0 0 0.10607850940927838 49.900415074678044 0.00015713019701191504 0.00011064676895493504 0.00015713019701191043 0.00011064676895493506 0.00015713019701191504 3.3129965784661706e-18 -3.1932789745802412e-18 -1.2003066505292358e-21 -7.0684288007828109e-18 -7.1630220178385509e-19 100.00000000000003 99.999999999999957 100.00000000000003 2.8421709430404007e-14 -4.2632564145606011e-14 1.0000000000000009 7860.3518655305024 32139.648134442432 0.02772499380438322 0 0 0.99850140713702151 4.4460332943475172e-18 1 1.322587876789402e-13 -1.309369279667294e-13 -4.173820682825586e-17 0.33502076994394897 0.33289496579481459 0.0021258041491343804 0.00011064676895493504
12500 0 0 0.09109151198651512 49.911806152868337 9.9344345604752854e-05 7.0467991742570961e-05 9.9344345604754697e-05 7.0467991742570921e-05 9.9344345604752854e-05 3.5727063668636717e-18 -9.9408328790921565e-19 -1.659880036232989e-21 -3.7437517271851374e-18 -9.6708468616253227e-18 100.00000000000003 99.999999999999957 100.00000000000003 2.8421709430404007e-14 -4.2632564145606011e-14 1.0000000000000002 7860.351865530155 32139.64813444205 0.027730493308983591 0 0 0.99868766673706699 4.5454296795804641e-18 1 1.4280937628334761e-13 -3.7855135269249411e-14 -5.997887712270794e-17 0.33482526019659947 0.3330002107943093 0.0018250494022901687 7.0467991742570961e-05
13000 0 0 0.10893055112354785 49.898208503113537 4.0489072300206124e-05 2.820791560386997e-05 4.0489072300203854e-05 2.8207915603869964e-05 4.0489072300206124e-05 3.6322073820897501e-18 -4.2812975387138384e-19 3.9386400188786732e-21 -1.626265216420648e-18 6.7911721035162704e-18 100.00000000000003 99.999999999999957 100.00000000000003 2.8421709430404007e-14 -4.2632564145606011e-14 1.0000000000000004 7860.3518655299695 32139.648134441049 0.027732366095079234 0 0 0.99840688933672428 4.4469132164353034e-18 1 1.4517163491796785e-13 -1.7617851622020453e-14 1.0472947862673728e-16 0.33506002173187849 0.33287696637996639 0.0021830553519120999 2.820791560386997e-05
13500 0 0 0.091220192096294866 49.911672539123217 1.9002337953976299e-05 1.2774963310542801e-05 1.9002337953980802e-05 1.2774963310542723e-05 1.9002337953976299e-05 4.5033096175739522e-18 5.390653201601921e-19 1.2366473519501821e-21 -7.612325308996255e-18 -7.7444806554548977e-18 100.00000000000003 99.999999999999957 100.00000000000003 2.8421709430404007e-14 -4.2632564145606011e-14 1.000000000000006 7860.3518655296766 32139.648134439991 0.027740321310974033 0 0 0.99868277282815288 4.5470015898362531e-18 1 1.796865611930151e-13 2.1309343178899098e-14 4.3222391914784089e-17 0.33482899902060781 0.33300136657601698 0.0018276324445908321 1.2774963310542801e-05
14000 0 0 0.10710651775084919 49.899562975173332 6.2084449542308256e-05 4.4019117277153544e-05 6.2084449542312308e-05 4.4019117277153639e-05 6.2084449542308256e-05 4.8073741168478205e-18 9.3432206416181641e-19 -1.5947831842945777e-23 6.4272461359828235e-18 -3.2013652120217071e-18 100.00000000000003 99.999999999999957 100.00000000000003 2.8421709430404007e-14 -4.2632564145606011e-14 1.0000000000000009 7860.3518655294947 32139.648134439278 0.0277344587684441 0 0 0.99851069972332951 4.4751212065017523e-18 1 1.9168607588666625e-13 3.2460145682478014e-14 -5.3457628646012897e-17 0.33503807064626434 0.33289162864627853 0.0021464419999858153 4.4019117277153544e-05
14500 0 0 0.095048129893685024 49.908727358724832 9.3877918666318143e-05 6.5856051079546654e-05 9.3877918666322317e-05 6.5856051079546491e-05 9.3877918666318143e-05 6.00095060449491e-18 -1.0234868508271504e-19 2.8231746837283847e-21 5.206832680062132e-19 1.7236758031288423e-17 100.00000000000003 99.999999999999957 100.00000000000003 2.8421709430404007e-14 -4.2632564145606011e-14 1.000000000000004 7860.3518655291909 32139.648134438521 0.02773315052922129 0 0 0.9987422967593671 4.5552835105828251e-18 1 2.4024879519951429e-13 -6.7723600266969813e-15 1.1311412332877049e-16 0.33488080961625782 0.33297637055471824 0.0019044390615395868 6.5856051079546654e-05
15000 0 0 0.10272370558788839 49.902871993897861 0.00010805446340915658 7.6525267786423451e-05 0.00010805446340916185 7.6525267786423397e-05 0.00010805446340915658 6.7761768418662648e-18 -6.7463395980794394e-19 1.1184444668335997e-21 1.1156318222385847e-17 -8.678006077367701e-18 100.00000000000003 99.999999999999957 100.00000000000003 2.8421709430404007e-14 -4.2632564145606011e-14 1.0000000000000018 7860.3518655289836 32139.648134437295 0.027732295500918155 0 0 0.99871407680949242 4.5177443408623517e-18 1 2.7143391700956698e-13 -2.4681645616198011e-14 6.2921925265095037e-17 0.33498193166048817 0.33292345884151997 0.0020584728189682044 7.6525267786423451e-05
15500 0 0 0.099928346704347304 49.904990366786642 0.00010878362952290274 7.6445182136211391e-05 0.00010878362952290731 7.644518213621158e-05 0.00010878362952290274 7.1294099096624992e-18 -6.7515437685075272e-19 -1.3984014314892018e-21 2.5410475021010164e-17 1.6600369692245531e-17 100.00000000000004 99.999999999999957 100.00000000000004 4.2632564145606011e-14 -4.2632564145606011e-14 1.0000000000000011 7860.3518655287362 32139.648134436884 0.027732341960509305 0 0 0.99882024495938715 4.5332236124461347e-18 1 2.8514170191673571e-13 -2.3953061756287752e-14 -6.6997858436535514e-17 0.33494569004671315 0.33294331822037065 0.0020023718263424972 7.6445182136211391e-05
16000 0 0 0.09842200437231366 49.906130400727271 9.4757938694369658e-05 6.7200073559860995e-05 9.4757938694365213e-05 6.7200073559861077e-05 9.4757938694369658e-05 6.2669487654931625e-18 -2.8709673527441584e-20 4.0256602618251253e-21 -4.0358381424179748e-17 8.9321593779032659e-18 100.00000000000004 99.999999999999957 100.00000000000004 4.2632564145606011e-14 -4.2632564145606011e-14 1.0000000000000038 7860.3518655284788 32139.648134435523 0.027733683189192952 0 0 0.99879462732094881 4.5288979474303139e-18 1 2.5032666996265213e-13 -3.9100662913352496e-15 1.3178364420886131e-16 0.33492620299265596 0.33295406042055065 0.0019721425721053176 6.7200073559860995e-05
16500 0 0 0.10351092577894312 49.90225318466841 7.3119290102078836e-05 5.1322774823731598e-05 7.3119290102082685e-05 5.1322774823731679e-05 7.3119290102078836e-05 6.9426994535389279e-18 -1.5092094241011863e-18 -1.1419787420389523e-21 4.9812828946724898e-17 1.3072671759047091e-17 100.00000000000004 99.999999999999943 100.00000000000004 4.2632564145606011e-14 -5.6843418860808015e-14 1.0000000000000031 7860.351865528296 32139.648134434363 0.027735577749782581 0 0 0.99869212971669874 4.5202837132239213e-18 1 2.7761040058105711e-13 -5.5816462351271508e-14 1.1501944688641003e-17 0.33499303442699829 0.33291876083867172 0.0020742735883265695 5.1322774823731598e-05
17000 0 0 0.09605977911935655 49.907923976098516 4.4398930333244596e-05 3.1692174518904998e-05 4.4398930333248709e-05 3.1692174518905004e-05 4.4398930333244596e-05 7.3961182230839236e-18 -1.5723533586268597e-18 -4.690024572325527e-22 -2.6387714634197982e-17 3.5117222731800235e-18 100.00000000000004 99.999999999999957 100.00000000000004 4.2632564145606011e-14 -4.2632564145606011e-14 1.0000000000000013 7860.351865528065 32139.648134434068 0.027738565553629396 0 0 0.99875407581443909 4.5749822770036014e-18 1 2.9615220844743677e-13 -6.0909610794376769e-14 -3.8187585176411554e-17 0.33489546691828342 0.33297072688771512 0.001924740030568306 3.1692174518904998e-05
17500 0 0 0.10464699847456431 49.901388125012801 1.6345649327155233e-05 1.1270004079684263e-05 1.6345649327149131e-05 1.1270004079684275e-05 1.6345649327155233e-05 7.0348756117389377e-18 -1.5955986532050544e-18 8.6076420168381329e-22 4.6599970998586751e-17 -9.3965897353839418e-18 100.00000000000004 99.999999999999957 100.00000000000004 4.2632564145606011e-14 -4.2632564145606011e-14 1.0000000000000004 7860.3518655278112 32139.648134433104 0.027739737903786903 0 0 0.99864493899216689 4.5211852631116156e-18 1 2.8140272246352088e-13 -6.254025070297629e-14 -7.5044396482868327e-18 0.33500798605630289 0.3329109101550794 0.0020970759012234885 1.1270004079684263e-05
18000 0 0 0.096122893417367156 49.907878698110629 1.1230733147074109e-05 7.4922412883461712e-06 1.1230733147077354e-05 7.4922412883461992e-06 1.1230733147074109e-05 4.7715019327195812e-18 1.8396742462752558e-19 -3.9864694893137214e-21 -1.0015891119899335e-17 1.5814525785137571e-17 100.00000000000004 99.999999999999957 100.00000000000004 4.2632564145606011e-14 -4.2632564145606011e-14 1.000000000000002 7860.3518655275693 32139.648134432562 0.027742404454074721 0 0 0.9987554927033887 4.5770557940577457e-18 1 1.903564653994716e-13 8.470654733194749e-15 -1.0527528532045586e-16 0.334896234729473 0.33297022833679885 0.0019260063926741511 7.4922412883461712e-06
18500 0 0 0.10354290338374533 49.902233010767219 3.1314925594796879e-05 2.2418588711314166e-05 3.1314925594792982e-05 2.2418588711314155e-05 3.1314925594796879e-05 6.0106596349508322e-18 -5.013350845578149e-19 -5.7149761296198036e-23 1.5927948099905778e-19 -1.7909161066424318e-17 100.00000000000004 99.999999999999957 100.00000000000004 4.2632564145606011e-14 -4.2632564145606011e-14 1.0000000000000002 7860.3518655272765 32139.648134431078 0.027739766946364101 0 0 0.99868925027794786 4.5347383959871303e-18 1 2.4110227745562898e-13 -2.1212198664244397e-14 6.1251201336027663e-17 0.33499335850261935 0.33291844327064157 0.0020749152319777808 2.2418588711314166e-05
19000 0 0 0.09790655312524589 49.906526086406174 4.6393345073450514e-05 3.2410807983906001e-05 4.6393345073446977e-05 3.2410807983906022e-05 4.6393345073450514e-05 5.1562270078685149e-18 -1.5282913823371682e-19 -2.2972836896109091e-21 1.2503860634745606e-17 1.5804944541319481e-19 100.00000000000006 99.999999999999943 100.00000000000006 5.6843418860808015e-14 -5.6843418860808015e-14 1.0000000000000016 7860.3518655270973 32139.648134430536 0.02773903983985454 0 0 0.99878657978133889 4.5682337700447925e-18 1 2.063952305556173e-13 -5.4609097141332255e-15 -8.1117767936733077e-17 0.33491937514527303 0.3329575765429072 0.0019617986023658385 3.2410807983906001e-05
19500 0 0 0.10130065541463711 49.903944956512639 5.1966338320035849e-05 3.6996733845371402e-05 5.1966338320039142e-05 3.6996733845371361e-05 5.1966338320035849e-05 4.8371679925493584e-18 -1.7746221159262107e-19 3.0655721889345585e-22 -3.0373954623348732e-17 -6.8284214314613744e-19 100.00000000000006 99.999999999999943 100.00000000000006 5.6843418860808015e-14 -5.6843418860808015e-14 1.0000000000000016 7860.3518655268081 32139.648134429608 0.027738828436403358 0 0 0.99878028599217406 4.5532362719266987e-18 1 1.9321089845732457e-13 -3.9343528435153985e-15 4.102635030567752e-17 0.33496371071097325 0.332933797935482 0.0020299127754912494 3.6996733845371402e-05
20000 0 0 0.10016080494892224 49.90481489231631 5.2119578484322233e-05 3.6449804559022591e-05 5.2119578484325851e-05 3.6449804559022577e-05 5.2119578484322233e-05 4.582694900645044e-18 -5.4184087772195151e-19 -1.1020468722409002e-21 2.7672791978309475e-17 -9.570980284338345e-18 100.00000000000006 99.999999999999943 100.00000000000006 5.6843418860808015e-14 -5.6843418860808015e-14 1.0000000000000042 7860.3518655266662 32139.648134429004 0.027738995687945644 0 0 0.99882278398495461 4.5564560127907705e-18 1 1.8358838797135593e-13 -2.165975753280465e-14 -7.7006531524812689e-17 0.3349486449680627 0.33294160806861628 0.0020070368994464238 3.6449804559022591e-05
20500 0 0 0.099199773015105477 49.905548401875208 4.4349095582381486e-05 3.1610796277646797e-05 4.4349095582378409e-05 3.1610796277646831e-05 4.4349095582381486e-05 5.1255224023441044e-18 -7.6241096769266665e-19 3.6286760243543927e-21 -3.7327464689810649e-17 9.0670251987753017e-18 100.00000000000006 99.999999999999957 100.00000000000006 5.6843418860808015e-14 -4.2632564145606011e-14 1.0000000000000009 7860.3518655263724 32139.648134427978 0.027739857264587414 0 0 0.99880925900190964 4.5695718769121969e-18 1 2.0478410718609502e-13 -3.0510316495480083e-14 1.4305644110992582e-16 0.33493594249262409 0.33294819210831256 0.0019877503843115374 3.1610796277646797e-05
21000 0 0 0.10178284189414519 49.90358378396472 3.4114561477597678e-05 2.3717873774817376e-05 3.4114561477599453e-05 2.3717873774817335e-05 3.4114561477597678e-05 3.2149359129772563e-18 -6.9406286273913049e-19 3.1745735455190615e-21 2.5253376161655128e-17 -2.5062816791090797e-17 100.00000000000006 99.999999999999957 100.00000000000006 5.6843418860808015e-14 -4.2632564145606011e-14 1.0000000000000062 7860.3518655261514 32139.648134427021 0.027740783735957075 0 0 0.99875545081875239 4.5496726706128283e-18 1 1.2891987824503737e-13 -2.5049406993105094e-14 6.2101054132919822e-17 0.33496970448540075 0.33293011465684719 0.0020395898285535674 2.3717873774817376e-05
21500 0 0 0.098098701276210232 49.906389500538047 1.9700520639252804e-05 1.4181156271365401e-05 1.9700520639249599e-05 1.4181156271365435e-05 1.9700520639252804e-05 5.036040486543678e-18 -5.0523821237884848e-19 1.4325116238737965e-21 -2.2834807408936455e-17 1.1088309833567719e-17 100.00000000000006 99.999999999999957 100.00000000000006 5.6843418860808015e-14 -4.2632564145606011e-14 1 7860.3518655258868 32139.648134426454 0.027742289032101453 0 0 0.99879168887056036 4.5775499220947155e-18 1 2.0147002555842564e-13 -1.9127061046120275e-14 5.8368610542263631e-17 0.33492137220503482 0.33295571806218899 0.0019656541428458296 1.4181156271365401e-05
22000 0 0 0.1022490967844986 49.903231086880801 7.908681209204728e-06 4.4397732846685753e-06 7.9086812092016549e-06 4.4397732846685736e-06 7.908681209204728e-06 4.3159073049408258e-18 3.0010716134435306e-20 5.4492332266876659e-22 1.5310795854869305e-17 -1.5358631671020117e-17 100.00000000000006 99.999999999999957 100.00000000000006 5.6843418860808015e-14 -4.2632564145606011e-14 1.0000000000000007 7860.3518655256003 32139.648134425104 0.027742547261578415 0 0 0.99873439789163809 4.5504066392410711e-18 1 1.7269107152542254e-13 6.85215759775949e-16 -2.0150432438162507e-17 0.33497571904728152 0.33292677162328638 0.00204894742399514 4.4397732846685753e-06
22500 0 0 0.098184831687693541 49.906325436430286 7.8768549571509081e-06 4.5389634323355881e-06 7.8768549571526835e-06 4.5389634323355889e-06 7.8768549571509081e-06 3.1121155999497394e-18 6.0030105886252592e-19 -1.4067319129914222e-21 -2.7083327533809697e-17 1.7709788309974989e-17 100.00000000000006 99.999999999999957 100.00000000000006 5.6843418860808015e-14 -4.2632564145606011e-14 1.0000000000000007 7860.3518655253984 32139.648134423722 0.027743619203442788 0 0 0.99879335503157707 4.5776582317749433e-18 1 1.2440119450831201e-13 2.4907159694544776e-14 -4.5097577155906812e-17 0.33492244499565682 0.33295506248794726 0.0019673825077095586 4.5389634323355881e-06
23000 0 0 0.1016789545816978 49.903665880294703 1.5787669261504471e-05 1.1449082819908121e-05 1.5787669261507965e-05 1.1449082819908102e-05 1.5787669261504471e-05 3.7270615196572077e-18 1.2155207396184958e-18 5.5341202752504849e-21 1.1111294075242439e-17 -8.2181563632354379e-18 100.00000000000006 99.999999999999957 100.00000000000006 5.6843418860808015e-14 -4.2632564145606011e-14 1.0000000000000016 7860.3518655251955 32139.648134423209 0.027742462374725576 0 0 0.99875808943244926 4.557351611194425e-18 1 1.488655119313842e-13 4.8627768478581856e-14 1.9110583641714614e-16 0.33496822167806101 0.33293071696196264 0.0020375047160983706 1.1449082819908121e-05
23500 0 0 0.099084342071632248 49.905640899688379 2.3093823476757345e-05 1.5970658050508315e-05 2.3093823476758917e-05 1.5970658050508274e-05 2.3093823476757345e-05 5.2964522958484988e-18 3.071501386568579e-18 3.2029732202241802e-21 -2.7393655554800568e-18 1.230092819894588e-17 100.00000000000004 99.999999999999957 100.00000000000004 4.2632564145606011e-14 -4.2632564145606011e-14 1.0000000000000016 7860.3518655249945 32139.648134421976 0.027742116341208635 0 0 0.99880819441787549 4.573616188525908e-18 1 2.12043273988238e-13 1.2181575193004335e-13 1.3134076214797135e-16 0.33493422549876062 0.33294879178254416 0.0019854337162164559 1.5970658050508315e-05
24000 0 0 0.10060514658693953 49.904482999870709 2.4885245535996272e-05 1.7891369896107934e-05 2.4885245536001761e-05 1.7891369896107876e-05 2.4885245535996272e-05 5.3969090481404544e-18 2.3672036553211465e-18 8.5226160008896543e-22 -7.7844163424443882e-19 7.2585985316721637e-18 100.00000000000004 99.999999999999972 100.00000000000004 4.2632564145606011e-14 -2.8421709430404007e-14 1.0000000000000022 7860.3518655246562 32139.648134421757 0.027742129203104624 0 0 0.99880358579652528 4.56681221015029e-18 1 2.1633953309341258e-13 9.6700425338972016e-14 1.9651437011534455e-17 0.33495416033530173 0.33293820624582243 0.0020159540894792993 1.7891369896107934e-05
24500 0 0 0.10018137166067409 49.904805248815293 2.5071663378304302e-05 1.7381376256851754e-05 2.5071663378306827e-05 1.7381376256851686e-05 2.5071663378304302e-05 5.9311605106552949e-18 2.3649485148024382e-18 -1.5957724404638232e-21 1.2298349592595473e-18 -1.2282524535865623e-17 100.00000000000004 99.999999999999972 100.00000000000004 4.2632564145606011e-14 -2.8421709430404007e-14 1.0000000000000029 7860.3518655244143 32139.648134420466 0.027742181790111922 0 0 0.99882166716643339 4.5672572183350332e-18 1 2.3734009570534605e-13 9.6950225625391795e-14 -1.0575697036099566e-16 0.33494861990712882 0.33294117050098065 0.0020074494061481651 1.7381376256851754e-05
25000 0 0 0.099629346738061828 49.905225068051223 2.0586547877023676e-05 1.4861230373408337e-05 2.0586547877029561e-05 1.4861230373408295e-05 2.0586547877023676e-05 6.0019833070677072e-18 2.3215804279030089e-18 1.8252122952754959e-21 -6.5158675223779345e-18 1.949845301619e-17 100.00000000000006 99.999999999999972 100.00000000000006 5.6843418860808015e-14 -2.8421709430404007e-14 1.0000000000000047 7860.3518655242051 32139.648134419778 0.027742668804355868 0 0 0.99881699333442919 4.5747081287839894e-18 1 2.4020683472255453e-13 9.1312374381406731e-14 7.3545082048187058e-17 0.33494140229611102 0.33294503124273522 0.0019963710533758006 1.4861230373408337e-05
25500 0 0 0.10094960974063322 49.904219708265551 1.5964651860020194e-05 1.095117512121477e-05 1.5964651860022163e-05 1.0951175121214812e-05 1.5964651860020194e-05 4.6254748078674535e-18 1.8415824420996067e-18 -3.6686207615997309e-21 -1.1671831995908047e-17 -2.4350195831434372e-17 100.00000000000006 99.999999999999972 100.00000000000006 5.6843418860808015e-14 -2.8421709430404007e-14 1.0000000000000064 7860.3518655239768 32139.648134419411 0.027743045724615854 0 0 0.99878968373181243 4.5641230878714317e-18 1 1.8508263503489854e-13 7.3527989252752946e-14 -1.0973905986017123e-16 0.33495871911552422 0.33293585190447927 0.002022867211044943 1.095117512121477e-05
26000 0 0 0.099143394136201171 49.905594291013372 9.5052544751601345e-06 6.3287435104293734e-06 9.5052544751565143e-06 6.3287435104293887e-06 9.5052544751601345e-06 5.6937121033648314e-18 6.9033320726597962e-19 -4.3789502009464226e-21 1.3702748508028414e-17 3.2591297763609924e-17 100.00000000000006 99.999999999999986 100.00000000000006 5.6843418860808015e-14 -1.4210854715202004e-14 1.0000000000000007 7860.351865523734 32139.648134418225 0.02774383177725526 0 0 0.99880887464401691 4.5783780933218747e-18 1 2.273320419739295e-13 2.7101584838715878e-14 -1.3899350067889597e-16 0.33493506932348222 0.33294845047754545 0.0019866188459367606 6.3287435104293734e-06
26500 0 0 0.10115198975103537 49.904065054139537 4.9218011247087051e-06 1.7568056439247638e-06 4.9218011247107372e-06 1.7568056439247659e-06 4.9218011247087051e-06 3.8617675409522858e-18 -1.3975257583141599e-18 -1.9478500739590514e-21 -7.8195463622426579e-18 -2.7014259447833155e-17 100.00000000000007 99.999999999999986 100.00000000000007 7.1054273576010019e-14 -1.4210854715202004e-14 1.0000000000000044 7860.3518655234429 32139.648134417523 0.027743898559870233 0 0 0.99878158464025268 4.5647145453210512e-18 1 1.540707394431979e-13 -5.5829906669968565e-14 -4.956964577229384e-17 0.33496140357714832 0.33293447471591631 0.0020269288612320135 1.7568056439247638e-06
27000 0 0 0.09921905707101937 49.905536205266174 5.2654816534708792e-06 2.6641346239419345e-06 5.2654816534673505e-06 2.664134623941926e-06 5.2654816534708792e-06 4.5782340863335118e-18 1.0780655881908674e-18 8.3065323824825286e-22 6.3440116144501165e-18 3.2675025557454744e-17 100.00000000000007 100.00000000000001 100.00000000000007 7.1054273576010019e-14 1.4210854715202004e-14 1.0000000000000042 7860.3518655232892 32139.648134416009 0.02774431127463993 0 0 0.99881001816697312 4.5784210690529216e-18 1 1.8319503898642683e-13 4.3275279206690308e-14 -2.7674676719726829e-17 0.33493608874649689 0.3329479514652357 0.0019881372812611819 2.6641346239419345e-06
27500 0 0 0.10086087093095425 49.904286265514997 9.0254543700969968e-06 5.8364845465475877e-06 9.0254543700959279e-06 5.8364845465475615e-06 9.0254543700969968e-06 4.991615302527732e-18 1.6733576330166963e-18 1.6182263381386822e-22 -5.7176349204154971e-19 -2.2818579885458857e-17 100.00000000000007 100.00000000000001 100.00000000000007 7.1054273576010019e-14 1.4210854715202004e-14 1.0000000000000053 7860.35186552292 32139.648134416013 0.027743862022961748 0 0 0.99879418016418431 4.5684459538814498e-18 1 2.0018253558447822e-13 6.778258512678754e-14 -4.2735002587882346e-17 0.3349576106558812 0.33293652432284909 0.0020210863330321072 5.8364845465475877e-06
28000 0 0 0.099666864680467537 49.905195036568855 1.1758347417578801e-05 7.8701531940940773e-06 1.1758347417574039e-05 7.870153194094079e-06 1.1758347417578801e-05 6.8518514430054146e-18 -1.1778772401901007e-19 -6.8992733997656189e-22 6.1143247057813184e-18 1.3299967375323993e-17 100.00000000000009 99.999999999999986 100.00000000000009 8.5265128291212022e-14 -1.4210854715202004e-14 1.0000000000000022 7860.3518655226962 32139.648134414972 0.02774361825995247 0 0 0.998817280001429 4.5760129229855251e-18 1 2.7488688419437794e-13 -4.8138576458356397e-15 2.5232106267457383e-17 0.33494197124071817 0.33294484720167905 0.0019971240390391221 7.8701531940940773e-06
28500 0 0 0.1003402074302157 49.904682396577172 1.1799567016246799e-05 8.6563099662055092e-06 1.1799567016243433e-05 8.656309966205477e-06 1.1799567016246799e-05 4.9530041526602038e-18 -1.9160020792193909e-19 3.1558530036462694e-21 -8.663130943564991e-18 2.0064093851172365e-17 100.00000000000009 100.00000000000001 100.00000000000009 8.5265128291212022e-14 1.4210854715202004e-14 1.0000000000000033 7860.3518655224152 32139.648134413841 0.02774370902714865 0 0 0.9988162973717174 4.5729604734554941e-18 1 1.9797575032378254e-13 -7.240735841666752e-15 1.2356484929378731e-16 0.33495079704727448 0.33294015991641684 0.0020106371308576398 8.6563099662055092e-06
29000 0 0 0.10019074127061284 49.904796137060188 1.2326269172344811e-05 8.2962305387358538e-06 1.2326269172342285e-05 8.2962305387358979e-06 1.2326269172344811e-05 4.0094717910425182e-18 4.3758399681585482e-19 1.7798689614848994e-21 2.6176640748846727e-17 1.9759241328069192e-18 100.00000000000009 100.00000000000001 100.00000000000009 8.5265128291212022e-14 1.4210854715202004e-14 1.0000000000000002 7860.351865522297 32139.64813441295 0.027743697198382562 0 0 0.99882262509170083 4.5729664620972176e-18 1 1.6019488253277148e-13 1.7949183805932023e-14 7.7374388406574162e-17 0.3349488394788791 0.33294120195651661 0.0020076375223624932 8.2962305387358538e-06
29500 0 0 0.099878416769401651 49.905033874818756 1.0099913762403882e-05 6.9980413527923712e-06 1.0099913762408047e-05 6.9980413527924152e-06 1.0099913762403882e-05 3.1098143808397982e-18 -2.8400025387000479e-18 -4.6061689407392982e-22 -1.7032735995585699e-17 2.2118958281045872e-17 100.00000000000009 100.00000000000001 100.00000000000009 8.5265128291212022e-14 1.4210854715202004e-14 1.0000000000000033 7860.3518655220596 32139.648134412324 0.02774401233431208 0 0 0.99882060897421665 4.5767661647064755e-18 1 1.247645107886608e-13 -1.1432868538125767e-13 -2.6283610121421017e-17 0.33494474659832829 0.33294337701665572 0.0020013695816725741 6.9980413527923712e-06
29999 0 0 0.10055225246479331 49.904520971852897 8.2048826502709078e-06 4.9870683630023689e-06 8.2048826502722037e-06 4.9870683630023537e-06 8.2048826502709078e-06 5.0156683277250813e-18 -3.1836512592917805e-18 1.6595912984703252e-21 2.742871587063671e-17 -2.0940152212111648e-17 100.0000000000001 100.00000000000001 100.0000000000001 9.9475983006414026e-14 1.4210854715202004e-14 1.0000000000000022 7860.351865521824 32139.648134411109 0.027744161795107396 0 0 0.99880733134379163 4.5715031341099238e-18 1 2.0068506326495547e-13 -1.2780575211906104e-13 5.4858089976942728e-17 0.33495357459585351 0.33293868194671844 0.0020148926491350694 4.9870683630023689e-06
