# 1:passo  2:R0  3:|a2|/R0  4:|a4|/R0  5:|a8|/R0  6:rmin  7:rmax
0 49.99699648 7.403720969e-17 1.79157328e-05 4.204854521e-05 49.98669854 50.00901063
500 49.85443359 5.698789887e-17 0.0001867135185 3.497414242e-05 49.84012601 49.87149116
1000 49.93889797 3.142207482e-16 3.49899135e-05 4.434484725e-05 49.92939829 49.94827737
1500 49.87073948 1.124015666e-16 0.0001390545185 3.90158137e-05 49.8582743 49.88599822
2000 49.89516033 2.751410693e-16 3.641700014e-05 4.121579207e-05 49.88666646 49.90685163
2500 49.89324459 3.384748676e-16 1.594389437e-06 4.133439592e-05 49.88571039 49.90342259
3000 49.86206343 1.520614234e-16 3.850785183e-05 3.87682574e-05 49.85349101 49.87306085
3500 49.90702555 1.238091468e-16 9.718632835e-05 4.229430134e-05 49.89486447 49.91732147
4000 49.84832677 7.594925788e-17 3.298877699e-05 3.716059498e-05 49.84001729 49.85928408
4500 49.90664106 1.138295493e-16 0.0001156245989 4.214189354e-05 49.89361864 49.9178616
5000 49.85253769 1.475701895e-16 1.833521376e-05 3.76563215e-05 49.84477214 49.86279223
5500 49.89518463 8.679688997e-17 8.515615504e-05 4.156768236e-05 49.88351178 49.90506346
6000 49.867651 2.139505006e-16 1.09113159e-05 3.930968006e-05 49.8593424 49.87686114
6500 49.88068216 2.418517688e-16 3.88046409e-05 4.04905613e-05 49.87111995 49.88912764
7000 49.88395849 2.482145666e-16 4.058773238e-05 4.079664823e-05 49.87434979 49.8924153
7500 49.87001585 2.77329219e-16 1.293492743e-06 3.956824915e-05 49.86219847 49.87966834
8000 49.89407456 1.489246803e-16 5.476499039e-05 4.151912457e-05 49.88389689 49.90246629
8500 49.86678854 1.835111959e-16 1.729488496e-05 3.926849681e-05 49.8590212 49.87708784
9000 49.89558902 3.080201525e-16 4.970736133e-05 4.158993526e-05 49.88568451 49.90390939
9500 49.87055654 1.696397746e-16 1.523625935e-05 3.964374671e-05 49.86286235 49.88088481
10000 49.89054938 2.072865765e-16 3.254259734e-05 4.127191387e-05 49.88142344 49.89945389
10500 49.87801017 1.698576869e-16 2.102089607e-07 4.031740383e-05 49.87033061 49.88792221
11000 49.88317087 2.440354437e-16 1.321829817e-05 4.072967348e-05 49.87490595 49.89268567
11500 49.88506141 2.193928884e-16 1.773067138e-05 4.088745e-05 49.87659857 49.89444219
12000 49.87736848 1.643187955e-16 2.879383592e-07 4.025712958e-05 49.86970476 49.88728164
12500 49.88884807 6.677094177e-17 2.851311262e-05 4.116431332e-05 49.87990007 49.89788055
13000 49.87521743 2.316437263e-16 4.198969313e-06 4.007041525e-05 49.86772453 49.88523217
13500 49.88866844 4.550827671e-17 2.978071913e-05 4.114748065e-05 49.87965463 49.89764686
14000 49.87661214 1.886326876e-16 6.737542214e-07 4.019316151e-05 49.8688936 49.88647031
14500 49.88569642 1.048878931e-16 2.394633852e-05 4.092690037e-05 49.87693232 49.89484376
15000 49.87993391 1.798932926e-16 1.005671925e-05 4.047586144e-05 49.87178839 49.88950228
15500 49.88195876 2.779914418e-16 1.571838944e-05 4.063607284e-05 49.87355576 49.89134878
16000 49.88318033 2.327803969e-16 1.880381331e-05 4.073815263e-05 49.87464023 49.89247745
16500 49.87924017 3.492430937e-16 9.407150467e-06 4.041414006e-05 49.87111798 49.88881628
17000 49.88494922 3.393835925e-16 2.343030083e-05 4.087416143e-05 49.87620169 49.89410196
17500 49.87839929 3.568042962e-16 7.284563715e-06 4.034431658e-05 49.8703729 49.88803942
18000 49.8848804 2.416451742e-16 2.320741665e-05 4.086726616e-05 49.87614279 49.89404006
18500 49.87926173 2.385256032e-17 9.178204703e-06 4.041799993e-05 49.87115158 49.88884818
19000 49.88351502 8.702307197e-17 1.965494025e-05 4.076071143e-05 49.87493621 49.89278489
19500 49.88097886 7.2345656e-17 1.317595844e-05 4.056054345e-05 49.87269078 49.89044792
20000 49.88180424 1.91059589e-16 1.522549722e-05 4.062502107e-05 49.87342401 49.89121056
20500 49.8825763 2.505447425e-16 1.694084962e-05 4.068913216e-05 49.87412085 49.89193306
21000 49.88058279 2.212127805e-16 1.202641101e-05 4.052636335e-05 49.8723466 49.89008741
21500 49.88340584 1.876521852e-16 1.888354981e-05 4.075402666e-05 49.8748642 49.89270421
22000 49.88024215 2.110219259e-16 1.105610439e-05 4.049898456e-05 49.87205016 49.88977734
22500 49.88333111 4.90908483e-17 1.866116019e-05 4.074747421e-05 49.87479945 49.89263642
23000 49.88068553 1.746006136e-16 1.209289464e-05 4.053590588e-05 49.87244749 49.89019031
23500 49.88264113 1.527809242e-16 1.696678377e-05 4.069262866e-05 49.8741849 49.89199785
24000 49.88150509 1.718967505e-16 1.411980083e-05 4.06028042e-05 49.8731764 49.89094881
24500 49.88180618 1.454333402e-16 1.493181635e-05 4.062590397e-05 49.87344065 49.89122435
25000 49.88224415 9.530517161e-17 1.598110528e-05 4.066209987e-05 49.87383212 49.89163116
25500 49.88122547 1.470316114e-16 1.352005698e-05 4.057920152e-05 49.87292298 49.89068615
26000 49.88260775 3.740440006e-17 1.69223845e-05 4.069075328e-05 49.87415345 49.8919657
26500 49.88107655 3.996088273e-17 1.316456452e-05 4.056738758e-05 49.87278996 49.89054793
27000 49.88254458 1.516368345e-16 1.680195964e-05 4.068541238e-05 49.87409542 49.89190577
27500 49.88130169 1.418439488e-16 1.372719366e-05 4.058590681e-05 49.87298996 49.89075612
28000 49.88220089 3.220247456e-16 1.597454368e-05 4.065783571e-05 49.87378853 49.89158695
28500 49.88169877 2.16168589e-16 1.471296347e-05 4.061809942e-05 49.87334296 49.8911234
29000 49.88180242 2.358451989e-16 1.499634928e-05 4.062587722e-05 49.87343371 49.89121805
29500 49.88204865 2.059939706e-16 1.558155806e-05 4.064616104e-05 49.873654 49.89144693
29999 49.88152967 2.971772079e-16 1.431660076e-05 4.060400511e-05 49.87319138 49.89096594
