# 1:passo  2:R0  3:|a2|/R0  4:|a4|/R0  5:|a8|/R0  6:rmin  7:rmax
0 29.99612757 1.216230956e-17 8.069068207e-05 6.027722818e-05 29.98418985 30.00871216
500 29.8401832 1.254224211e-16 0.0002061075008 5.514206054e-05 29.82842131 29.85532916
1000 29.90659999 1.497909295e-16 0.0001258788375 5.605533195e-05 29.89617168 29.91872475
1500 29.89753584 8.026707384e-17 0.0001418006786 5.66871441e-05 29.88674488 29.91023377
2000 29.87271634 1.887628199e-16 0.0001747683206 5.735694211e-05 29.86145045 29.88670738
2500 29.90904457 5.734531839e-17 9.574976819e-05 5.575215064e-05 29.89944563 29.92046647
3000 29.87744859 9.799142423e-17 0.0001803732189 5.734165736e-05 29.86591097 29.89145217
3500 29.89661769 1.725587616e-16 0.0001203761888 5.676408521e-05 29.88649068 29.90890844
4000 29.89044032 1.609328805e-16 0.0001441070416 5.70637034e-05 29.87971429 29.90338196
4500 29.88719267 6.971096762e-17 0.0001515848473 5.715823639e-05 29.87631356 29.90037309
5000 29.89497803 1.904319825e-16 0.0001256853208 5.686382246e-05 29.88471675 29.90742096
5500 29.88689248 6.119739389e-17 0.0001553110932 5.716638255e-05 29.87590646 29.90015643
6000 29.89268834 9.325851594e-17 0.0001326755345 5.696796973e-05 29.88226366 29.905337
6500 29.89001665 1.627822844e-16 0.0001439261007 5.707233964e-05 29.87930688 29.9029664
7000 29.89001354 1.653095065e-16 0.0001431802239 5.70696062e-05 29.87932787 29.9029485
7500 29.89161389 1.532185434e-16 0.0001371900349 5.701436038e-05 29.88107407 29.90438344
8000 29.88954609 2.540735589e-16 0.0001454610629 5.708596445e-05 29.87880104 29.90253988
8500 29.89126285 9.228063856e-17 0.0001383541543 5.702639893e-05 29.88069576 29.90406574
9000 29.89028054 2.465375089e-16 0.000142567374 5.706191236e-05 29.87960682 29.90319568
9500 29.89052179 1.429477294e-16 0.0001414065972 5.705274894e-05 29.8798784 29.90340689
10000 29.89079973 6.626661409e-17 0.0001403558835 5.704366893e-05 29.88018176 29.90365586
10500 29.89029445 1.933949095e-16 0.0001424231217 5.706087923e-05 29.87962508 29.90320634
11000 29.89078213 1.249656428e-16 0.0001403755295 5.704398713e-05 29.8801641 29.90363917
11500 29.89045407 1.558313217e-16 0.0001417836187 5.705558899e-05 29.87980048 29.90334862
12000 29.89058573 3.039229981e-17 0.0001411936391 5.705079902e-05 29.87994725 29.90346474
12500 29.89061262 4.653476767e-17 0.0001411084969 5.705006676e-05 29.87997602 29.90348915
13000 29.89049844 1.520890848e-16 0.0001415750291 5.705390352e-05 29.87985028 29.90338756
13500 29.8906303 1.897246192e-16 0.0001410212363 5.704936437e-05 29.879996 29.90350458
14000 29.89052811 1.990466809e-16 0.0001414581191 5.705294033e-05 29.8798828 29.90341404
14500 29.89058116 8.937479702e-17 0.0001412255387 5.705104367e-05 29.87994177 29.90346094
15000 29.89057395 1.929845953e-17 0.0001412636795 5.705135246e-05 29.87993353 29.90345469
15500 29.89055133 8.192702317e-17 0.0001413544657 5.705209598e-05 29.87990868 29.90343453
16000 29.89058501 1.048858902e-16 0.00014121372 5.705094532e-05 29.87994588 29.90346444
16500 29.89055496 1.503612844e-16 0.0001413415168 5.705198932e-05 29.87991261 29.9034378
17000 29.89057363 1.537172227e-16 0.0001412606387 5.705132924e-05 29.87993333 29.90345432
17500 29.89056753 4.74625625e-17 0.0001412884786 5.705155633e-05 29.87992651 29.90344895
18000 29.89056419 1.728026445e-16 0.0001413011333 5.705165983e-05 29.87992286 29.90344596
18500 29.8905722 7.174083364e-17 0.0001412679371 5.705138871e-05 29.8799317 29.90345308
19000 29.89056383 1.051336467e-16 0.0001413033598 5.705167792e-05 29.87992244 29.90344565
19500 29.89056986 1.068648304e-16 0.0001412774333 5.70514663e-05 29.87992913 29.90345099
20000 29.89056708 7.302335753e-17 0.0001412897024 5.705156644e-05 29.87992604 29.90344854
20500 29.89056704 1.58544192e-16 0.0001412894204 5.705156415e-05 29.87992601 29.9034485
21000 29.89056877 2.45132687e-16 0.0001412823898 5.705150675e-05 29.87992791 29.90345003
21500 29.89056656 1.022354238e-16 0.0001412916777 5.705158257e-05 29.87992546 29.90344807
22000 29.89056839 7.572137702e-17 0.0001412838707 5.705151884e-05 29.87992749 29.90344969
22500 29.89056735 2.012544149e-16 0.0001412883964 5.705155578e-05 29.87992634 29.90344877
23000 29.89056759 6.24879038e-17 0.0001412872334 5.705154629e-05 29.87992661 29.90344899
23500 29.8905679 1.39816243e-16 0.0001412860135 5.705153633e-05 29.87992695 29.90344926
24000 29.89056735 1.244176662e-16 0.0001412882967 5.705155497e-05 29.87992635 29.90344877
24500 29.89056788 1.526494696e-16 0.000141286071 5.70515368e-05 29.87992693 29.90344924
25000 29.89056753 6.766510327e-17 0.0001412875811 5.705154913e-05 29.87992654 29.90344893
25500 29.89056766 2.154443043e-16 0.0001412869644 5.705154409e-05 29.87992669 29.90344905
26000 29.8905677 7.648961407e-17 0.0001412868538 5.705154319e-05 29.87992673 29.90344908
26500 29.89056757 1.685132887e-16 0.000141287369 5.70515474e-05 29.87992659 29.90344897
27000 29.89056771 1.03611348e-16 0.0001412867676 5.705154249e-05 29.87992675 29.9034491
27500 29.89056761 3.919614366e-16 0.000141287237 5.705154632e-05 29.87992662 29.903449
28000 29.89056766 2.17430798e-16 0.0001412869907 5.705154431e-05 29.87992669 29.90344905
28500 29.89056765 1.073462184e-16 0.0001412870271 5.705154461e-05 29.87992668 29.90344904
29000 29.89056763 1.521279389e-16 0.0001412871284 5.705154543e-05 29.87992665 29.90344902
29500 29.89056767 7.811819867e-18 0.0001412869751 5.705154418e-05 29.87992669 29.90344905
29999 29.89056763 1.88824082e-16 0.0001412871121 5.70515453e-05 29.87992666 29.90344902
