# 1:passo  2:sigma_pop  3:int_grad  4:K  5:espessura_10_90  6:residuo  7:d0  8:|u|max  9:|u|rms  10:|u_n|max  11:|u_t|max  12:massa_R  13:massa_B  14:qx  15:qy  16:soma_Fx  17:soma_Fy  18:min_f  19:neg_total  20:neg_cor
0 0.09999968901 2.00000311 1.273753378 3.45 5.773159728e-15 2.282453981e-16 2.194270918e-17 6.964866149e-18 1.551583846e-17 2.172217384e-17 20000 20000 2.081668171e-15 -2.081668171e-15 0 0 0.02493894859 0 0
500 0.09998806588 2.00000197 1.293514404 3.397294333 0.06637167478 6.661775113e-14 0.002604724643 0.0007320495427 0.0002602294359 0.00259413136 20000 20000 6.675215936e-13 -2.86853874e-12 0 0 0.02508524581 0 0
1000 0.09998799933 2.00000197 1.293510815 3.397303759 0.06637036449 8.674538368e-14 0.00260903891 0.0007340814356 0.000260122433 0.002598477702 20000 20000 3.341771304e-12 -5.620504062e-12 0 0 0.02508496669 0 0
1500 0.09998798564 2.00000197 1.293511589 3.397301728 0.06637061166 6.709049005e-14 0.002609852563 0.0007344985373 0.0002601606376 0.002599289516 20000 20000 6.996486723e-12 -8.051892486e-12 0 0 0.02508495617 0 0
2000 0.09998798295 2.00000197 1.293511436 3.397302129 0.06637055792 1.181430317e-16 0.002610006975 0.0007345804285 0.0002601507763 0.002599445887 20000 20000 1.095304403e-11 -8.746475766e-12 0 0 0.02508494741 0 0
2500 0.09998798243 2.00000197 1.293511463 3.397302057 0.06637056642 -9.818103234e-14 0.002610037368 0.0007345962793 0.000260153032 0.0025994761 20000 20000 1.324634846e-11 -7.84303178e-12 0 0 0.02508494663 0 0
3000 0.09998798233 2.00000197 1.293511458 3.397302069 0.06637056482 -2.23569397e-13 0.002610043092 0.0007345993354 0.0002601525631 0.00259948191 20000 20000 1.543348782e-11 -8.537615059e-12 0 0 0.02508494639 0 0
3500 0.09998798231 2.00000197 1.293511459 3.397302068 0.06637056501 -3.506519166e-13 0.002610044224 0.0007345999257 0.0002601526539 0.002599483035 20000 20000 1.826247487e-11 -8.145567554e-12 0 0 0.02508494635 0 0
4000 0.0999879823 2.00000197 1.293511459 3.397302068 0.06637056499 -4.937956371e-13 0.002610044437 0.0007346000393 0.0002601526377 0.002599483251 20000 20000 2.266381527e-11 -6.5794592e-12 0 0 0.02508494634 0 0
4500 0.0999879823 2.00000197 1.293511459 3.397302068 0.06637056499 -7.216984946e-13 0.002610044479 0.0007346000612 0.0002601526403 0.002599483292 20000 20000 2.691041834e-11 -2.75474088e-12 0 0 0.02508494634 0 0
5000 0.0999879823 2.00000197 1.293511459 3.397302068 0.06637056499 -1.001269659e-12 0.002610044487 0.0007346000655 0.00026015264 0.0025994833 20000 20000 3.112302083e-11 -3.920475056e-13 0 0 0.02508494634 0 0
5500 0.0999879823 2.00000197 1.293511459 3.397302068 0.06637056499 -1.34765459e-12 0.002610044489 0.0007346000663 0.00026015264 0.002599483302 20000 20000 3.67032793e-11 3.550632011e-12 0 0 0.02508494634 0 0
6000 0.0999879823 2.00000197 1.293511459 3.397302068 0.06637056499 -1.758112267e-12 0.002610044489 0.0007346000664 0.00026015264 0.002599483302 20000 20000 4.329800407e-11 5.250661017e-12 0 0 0.02508494634 0 0
6500 0.0999879823 2.00000197 1.293511459 3.397302068 0.06637056499 -2.247999556e-12 0.002610044489 0.0007346000665 0.00026015264 0.002599483302 20000 20000 4.811151477e-11 6.668277042e-12 0 0 0.02508494634 0 0
7000 0.0999879823 2.00000197 1.293511459 3.397302068 0.06637056499 -2.765674823e-12 0.002610044489 0.0007346000665 0.00026015264 0.002599483302 20000 20000 5.603781328e-11 9.730410921e-12 0 0 0.02508494634 0 0
7500 0.0999879823 2.00000197 1.293511459 3.397302068 0.06637056499 -3.403671966e-12 0.002610044489 0.0007346000665 0.00026015264 0.002599483302 20000 20000 7.119166368e-11 1.038197306e-11 0 0 0.02508494634 0 0
8000 0.0999879823 2.00000197 1.293511459 3.397302068 0.06637056499 -4.205561677e-12 0.002610044489 0.0007346000665 0.00026015264 0.002599483302 20000 20000 7.957592918e-11 1.838737496e-11 0 0 0.02508494634 0 0
8500 0.0999879823 2.00000197 1.293511459 3.397302068 0.06637056499 -5.079603131e-12 0.002610044489 0.0007346000665 0.00026015264 0.002599483302 20000 20000 8.118644645e-11 2.793459908e-11 0 0 0.02508494634 0 0
9000 0.0999879823 2.00000197 1.293511459 3.397302068 0.06637056499 -6.090496558e-12 0.002610044489 0.0007346000665 0.00026015264 0.002599483302 20000 20000 8.233899673e-11 3.934352844e-11 0 0 0.02508494634 0 0
9500 0.0999879823 2.00000197 1.293511459 3.397302068 0.06637056499 -7.131498283e-12 0.002610044489 0.0007346000665 0.00026015264 0.002599483302 20000 20000 8.855693956e-11 4.375111384e-11 0 0 0.02508494634 0 0
10000 0.0999879823 2.00000197 1.293511459 3.397302068 0.06637056499 -8.283420047e-12 0.002610044489 0.0007346000665 0.00026015264 0.002599483302 20000 20000 9.460002226e-11 5.135683545e-11 0 0 0.02508494634 0 0
10500 0.0999879823 2.00000197 1.293511459 3.397302068 0.06637056499 -9.634147053e-12 0.002610044489 0.0007346000665 0.00026015264 0.002599483302 20000 20000 1.003641614e-10 6.528111385e-11 0 0 0.02508494634 0 0
11000 0.0999879823 2.00000197 1.293511459 3.397302068 0.06637056499 -1.111840084e-11 0.002610044489 0.0007346000665 0.00026015264 0.002599483302 20000 20000 9.936565459e-11 7.622444342e-11 0 0 0.02508494634 0 0
11500 0.0999879823 2.00000197 1.293511459 3.397302068 0.06637056499 -1.265558028e-11 0.002610044489 0.0007346000665 0.00026015264 0.002599483302 20000 20000 9.24718635e-11 8.450531941e-11 0 0 0.02508494634 0 0
12000 0.0999879823 2.00000197 1.293511459 3.397302068 0.06637056499 -1.412304041e-11 0.002610044489 0.0007346000665 0.00026015264 0.002599483302 20000 20000 9.617862062e-11 8.567938026e-11 0 0 0.02508494634 0 0
12500 0.0999879823 2.00000197 1.293511459 3.397302068 0.06637056499 -1.565171408e-11 0.002610044489 0.0007346000665 0.00026015264 0.002599483302 20000 20000 1.110785075e-10 7.779402122e-11 0 0 0.02508494634 0 0
13000 0.0999879823 2.00000197 1.293511459 3.397302068 0.06637056499 -1.726177812e-11 0.002610044489 0.0007346000665 0.00026015264 0.002599483302 20000 20000 1.315260401e-10 6.604369829e-11 0 0 0.02508494634 0 0
13500 0.0999879823 2.00000197 1.293511459 3.397302068 0.06637056499 -1.919283007e-11 0.002610044489 0.0007346000665 0.00026015264 0.002599483302 20000 20000 1.5456178e-10 6.163750066e-11 0 0 0.02508494634 0 0
14000 0.0999879823 2.00000197 1.293511459 3.397302068 0.06637056499 -2.135601539e-11 0.002610044489 0.0007346000665 0.00026015264 0.002599483302 20000 20000 1.764768887e-10 5.967101813e-11 0 0 0.02508494634 0 0
14500 0.0999879823 2.00000197 1.293511459 3.397302068 0.06637056499 -2.368974842e-11 0.002610044489 0.0007346000665 0.00026015264 0.002599483302 20000 20000 1.914600423e-10 6.464273561e-11 0 0 0.02508494634 0 0
15000 0.0999879823 2.00000197 1.293511459 3.397302068 0.06637056499 -2.628050304e-11 0.002610044489 0.0007346000665 0.00026015264 0.002599483302 20000 20000 2.066624649e-10 7.583447759e-11 0 0 0.02508494634 0 0
15500 0.0999879823 2.00000197 1.293511459 3.397302068 0.06637056499 -2.905991712e-11 0.002610044489 0.0007346000665 0.00026015264 0.002599483302 20000 20000 2.22470653e-10 7.694123116e-11 0 0 0.02508494634 0 0
16000 0.0999879823 2.00000197 1.293511459 3.397302068 0.06637056499 -3.203941267e-11 0.002610044489 0.0007346000665 0.00026015264 0.002599483302 20000 20000 2.451809589e-10 6.352418591e-11 0 0 0.02508494634 0 0
16500 0.0999879823 2.00000197 1.293511459 3.397302068 0.06637056499 -3.511128869e-11 0.002610044489 0.0007346000665 0.00026015264 0.002599483302 20000 20000 2.659580889e-10 6.472461456e-11 0 0 0.02508494634 0 0
17000 0.0999879823 2.00000197 1.293511459 3.397302068 0.06637056499 -3.837901633e-11 0.002610044489 0.0007346000665 0.00026015264 0.002599483302 20000 20000 2.783953623e-10 7.354533649e-11 0 0 0.02508494634 0 0
17500 0.0999879823 2.00000197 1.293511459 3.397302068 0.06637056499 -4.187459744e-11 0.002610044489 0.0007346000665 0.00026015264 0.002599483302 20000 20000 2.945706179e-10 7.947323355e-11 0 0 0.02508494634 0 0
18000 0.0999879823 2.00000197 1.293511459 3.397302068 0.06637056499 -4.558526103e-11 0.002610044489 0.0007346000665 0.00026015264 0.002599483302 20000 20000 3.009016647e-10 8.265541029e-11 0 0 0.02508494634 0 0
18500 0.0999879823 2.00000197 1.293511459 3.397302068 0.06637056499 -4.94223708e-11 0.002610044489 0.0007346000665 0.00026015264 0.002599483302 20000 20000 3.046368713e-10 8.157918785e-11 0 0 0.02508494634 0 0
19000 0.0999879823 2.00000197 1.293511459 3.397302068 0.06637056499 -5.325224179e-11 0.002610044489 0.0007346000665 0.00026015264 0.002599483302 20000 20000 3.004270444e-10 7.660955204e-11 0 0 0.02508494634 0 0
19500 0.0999879823 2.00000197 1.293511459 3.397302068 0.06637056499 -5.704429838e-11 0.002610044489 0.0007346000665 0.00026015264 0.002599483302 20000 20000 2.952589562e-10 7.781345013e-11 0 0 0.02508494634 0 0
19999 0.0999879823 2.00000197 1.293511459 3.397302068 0.06637056499 -6.074022506e-11 0.002610044489 0.0007346000665 0.00026015264 0.002599483302 20000 20000 2.878294825e-10 8.264985918e-11 0 0 0.02508494634 0 0
