# 1:passo  2:R0  3:|a2|/R0  4:|a4|/R0  5:|a8|/R0  6:rmin  7:rmax
0 9.989471105 1.617423e-16 0.0003468019865 0.0001656327047 9.977611755 10.00606598
500 9.89418128 1.54284808e-08 0.000403919781 0.0003154232342 9.882963314 9.907209836
1000 9.891584331 1.549732936e-08 0.0003793647207 0.0003186659854 9.880577197 9.904484156
1500 9.892420262 1.515987638e-08 0.0003908320988 0.0003177505507 9.881316737 9.905358376
2000 9.892488299 1.481186646e-08 0.0003916936549 0.0003176722387 9.881377489 9.905429934
2500 9.89247706 1.446362652e-08 0.0003915335185 0.0003176848004 9.881367592 9.905418331
3000 9.892475567 4.862748468e-09 0.0003915183482 0.0003176878352 9.8813662 9.90541714
3500 9.892475697 3.243377614e-09 0.0003915210947 0.0003176884752 9.881366273 9.905417625
4000 9.892475722 2.989950346e-09 0.0003915222397 0.0003176892042 9.881366266 9.905418027
4500 9.892475717 2.734885324e-09 0.000391522995 0.0003176899794 9.88136623 9.905418404
5000 9.892475712 2.287436025e-09 0.000391523789 0.0003176907806 9.881366194 9.90541879
5500 9.892475708 1.577948325e-09 0.0003915246309 0.0003176916222 9.88136616 9.905419188
6000 9.892475704 8.525679296e-10 0.0003915255245 0.0003176925156 9.881366128 9.905419602
6500 9.892475699 7.549993826e-10 0.0003915264676 0.0003176934587 9.881366094 9.905420041
7000 9.892475694 9.852147845e-10 0.0003915274448 0.000317694436 9.881366056 9.905420508
7500 9.892475689 1.179065025e-09 0.0003915284388 0.0003176954303 9.881366016 9.905420996
8000 9.892475684 1.322638283e-09 0.0003915294388 0.0003176964306 9.881365975 9.905421495
8500 9.89247568 1.416511901e-09 0.00039153044 0.0003176974324 9.881365934 9.905421999
9000 9.892475675 1.471354264e-09 0.0003915314409 0.000317698434 9.881365893 9.905422504
9500 9.89247567 1.500892926e-09 0.0003915324411 0.000317699435 9.881365852 9.905423011
10000 9.892475665 1.515868774e-09 0.0003915334406 0.0003177004354 9.881365811 9.905423518
10500 9.89247566 1.523188269e-09 0.0003915344394 0.0003177014353 9.881365769 9.905424025
11000 9.892475655 1.526811347e-09 0.0003915354375 0.0003177024346 9.881365728 9.905424532
11500 9.89247565 1.528812912e-09 0.000391536435 0.0003177034333 9.881365687 9.905425039
12000 9.892475645 1.530191597e-09 0.0003915374317 0.0003177044316 9.881365646 9.905425546
12500 9.892475641 1.531386488e-09 0.0003915384278 0.0003177054293 9.881365605 9.905426053
13000 9.892475636 1.53257175e-09 0.0003915394233 0.0003177064264 9.881365564 9.905426561
13500 9.892475631 1.533806027e-09 0.000391540418 0.0003177074231 9.881365523 9.905427068
14000 9.892475626 1.535100076e-09 0.0003915414121 0.0003177084192 9.881365481 9.905427575
14500 9.892475621 1.536452071e-09 0.0003915424055 0.0003177094147 9.88136544 9.905428082
15000 9.892475616 1.53785396e-09 0.0003915433983 0.0003177104097 9.881365399 9.905428589
15500 9.892475612 1.539297414e-09 0.0003915443903 0.0003177114042 9.881365358 9.905429096
16000 9.892475607 1.540776273e-09 0.0003915453817 0.0003177123982 9.881365317 9.905429604
16500 9.892475602 1.542284453e-09 0.0003915463725 0.0003177133916 9.881365276 9.905430111
17000 9.892475597 1.543817591e-09 0.0003915473625 0.0003177143844 9.881365235 9.905430618
17500 9.892475592 1.545371887e-09 0.0003915483519 0.0003177153767 9.881365194 9.905431125
18000 9.892475588 1.546943618e-09 0.0003915493406 0.0003177163685 9.881365153 9.905431632
18500 9.892475583 1.548530756e-09 0.0003915503286 0.0003177173597 9.881365112 9.905432139
19000 9.892475578 1.550130439e-09 0.000391551316 0.0003177183504 9.881365072 9.905432647
19500 9.892475573 1.551741397e-09 0.0003915523026 0.0003177193406 9.881365031 9.905433154
20000 9.892475568 1.553361395e-09 0.0003915532886 0.0003177203302 9.88136499 9.905433661
20500 9.892475564 1.554989955e-09 0.0003915542739 0.0003177213192 9.881364949 9.905434168
21000 9.892475559 1.556625197e-09 0.0003915552586 0.0003177223077 9.881364908 9.905434675
21500 9.892475554 1.558266154e-09 0.0003915562425 0.0003177232957 9.881364867 9.905435183
22000 9.892475549 1.559912581e-09 0.0003915572258 0.0003177242831 9.881364826 9.90543569
22500 9.892475545 1.561562965e-09 0.0003915582084 0.00031772527 9.881364786 9.905436197
23000 9.89247554 1.563217291e-09 0.0003915591904 0.0003177262564 9.881364745 9.905436704
23500 9.892475535 1.564874796e-09 0.0003915601716 0.0003177272421 9.881364704 9.905437212
24000 9.892475531 1.566535101e-09 0.0003915611522 0.0003177282274 9.881364663 9.905437719
24500 9.892475526 1.568198045e-09 0.0003915621321 0.0003177292121 9.881364622 9.905438226
25000 9.892475521 1.569862946e-09 0.0003915631113 0.0003177301963 9.881364582 9.905438733
25500 9.892475516 1.571529378e-09 0.0003915640898 0.0003177311799 9.881364541 9.905439241
26000 9.892475512 1.573197615e-09 0.0003915650676 0.0003177321629 9.8813645 9.905439748
26500 9.892475507 1.574867133e-09 0.0003915660448 0.0003177331455 9.88136446 9.905440255
27000 9.892475502 1.576537614e-09 0.0003915670213 0.0003177341274 9.881364419 9.905440763
27500 9.892475498 1.578209676e-09 0.0003915679971 0.0003177351089 9.881364378 9.90544127
28000 9.892475493 1.579882454e-09 0.0003915689722 0.0003177360897 9.881364338 9.905441777
28500 9.892475488 1.58155617e-09 0.0003915699467 0.0003177370701 9.881364297 9.905442285
29000 9.892475484 1.583230483e-09 0.0003915709205 0.0003177380499 9.881364256 9.905442792
29500 9.892475479 1.584905848e-09 0.0003915718935 0.0003177390291 9.881364216 9.905443299
29999 9.892475475 1.586578301e-09 0.000391572864 0.0003177400059 9.881364175 9.905443806
