# 1:passo  2:sigma_pop  3:int_grad  4:K  5:espessura_10_90  6:residuo  7:d0  8:|u|max  9:|u|rms  10:|u_n|max  11:|u_t|max  12:massa_R  13:massa_B  14:qx  15:qy  16:soma_Fx  17:soma_Fy  18:min_f  19:neg_total  20:neg_cor
0 0.09999966772 2.000003301 1.273753378 3.45 5.995204333e-14 -1.710693085e-16 2.023017828e-17 6.302563376e-18 1.535989643e-17 1.974843826e-17 20000 20000 2.775557562e-15 1.387778781e-15 0 0 0.02225731308 0 0
500 0.09999980588 2.000001932 1.298704348 3.383717903 0.09142450636 4.751388037e-09 0.0001001851066 2.685287696e-05 5.516298664e-05 8.36307389e-05 20000 20000 -4.371503159e-14 -8.770761895e-13 0 0 0.02241430366 0 0
1000 0.09999980588 2.000001932 1.298704416 3.383717728 0.09142454558 7.65118413e-09 0.0001001700672 2.685212599e-05 5.513325334e-05 8.363233067e-05 20000 20000 6.904199434e-13 -1.453698273e-12 0 0 0.0224143116 0 0
1500 0.09999980588 2.000001932 1.298704406 3.383717752 0.09142454239 1.055082765e-08 0.0001001692598 2.685209902e-05 5.513169739e-05 8.363238942e-05 20000 20000 1.62786451e-12 1.725009025e-12 0 0 0.02241431162 0 0
2000 0.09999980588 2.000001932 1.298704406 3.383717753 0.09142454254 1.345047331e-08 0.0001001692418 2.685209842e-05 5.513166126e-05 8.363239162e-05 20000 20000 4.013456234e-12 3.533284776e-12 0 0 0.02241431161 0 0
2500 0.09999980588 2.000001932 1.298704406 3.383717753 0.09142454292 1.635003221e-08 0.0001001692421 2.685209843e-05 5.513166161e-05 8.363239171e-05 20000 20000 -1.58206781e-12 9.539591339e-12 0 0 0.02241431161 0 0
3000 0.09999980588 2.000001932 1.298704406 3.383717753 0.0914245433 1.924967766e-08 0.0001001692421 2.685209843e-05 5.513166169e-05 8.363239172e-05 20000 20000 -1.95156391e-11 2.370326158e-11 0 0 0.02241431161 0 0
3500 0.09999980588 2.000001932 1.298704406 3.383717753 0.09142454368 2.214953936e-08 0.0001001692421 2.685209843e-05 5.513166171e-05 8.363239173e-05 20000 20000 -3.625849621e-11 3.319844399e-11 0 0 0.02241431161 0 0
4000 0.09999980588 2.000001932 1.298704406 3.383717753 0.09142454406 2.504943078e-08 0.0001001692421 2.685209843e-05 5.513166173e-05 8.363239174e-05 20000 20000 -3.25829641e-11 3.727365638e-11 0 0 0.02241431161 0 0
4500 0.09999980588 2.000001932 1.298704406 3.383717753 0.09142454444 2.794933085e-08 0.0001001692422 2.685209843e-05 5.513166174e-05 8.363239175e-05 20000 20000 -4.910724605e-11 4.614225668e-11 0 0 0.02241431161 0 0
5000 0.09999980588 2.000001932 1.298704406 3.383717753 0.09142454482 3.084939106e-08 0.0001001692422 2.685209843e-05 5.513166175e-05 8.363239176e-05 20000 20000 -6.628933513e-11 4.688402444e-11 0 0 0.02241431161 0 0
5500 0.09999980588 2.000001932 1.298704406 3.383717753 0.0914245452 3.374964527e-08 0.0001001692422 2.685209843e-05 5.513166177e-05 8.363239177e-05 20000 20000 -7.577202754e-11 5.346556531e-11 0 0 0.02241431161 0 0
6000 0.09999980588 2.000001932 1.298704406 3.383717753 0.09142454558 3.664988755e-08 0.0001001692422 2.685209843e-05 5.513166178e-05 8.363239178e-05 20000 20000 -7.611758446e-11 6.275605036e-11 0 0 0.02241431161 0 0
6500 0.09999980588 2.000001932 1.298704406 3.383717753 0.09142454597 3.955020001e-08 0.0001001692422 2.685209843e-05 5.51316618e-05 8.363239179e-05 20000 20000 -9.247533295e-11 7.408865188e-11 0 0 0.02241431161 0 0
7000 0.09999980588 2.000001932 1.298704406 3.383717753 0.09142454635 4.245068372e-08 0.0001001692422 2.685209843e-05 5.513166181e-05 8.36323918e-05 20000 20000 -1.078769019e-10 9.039158311e-11 0 0 0.02241431161 0 0
7500 0.09999980588 2.000001932 1.298704406 3.383717753 0.09142454673 4.535110329e-08 0.0001001692423 2.685209843e-05 5.513166182e-05 8.363239181e-05 20000 20000 -9.402756351e-11 1.025193819e-10 0 0 0.02241431161 0 0
8000 0.09999980588 2.000001932 1.298704406 3.383717753 0.09142454711 4.82513452e-08 0.0001001692423 2.685209843e-05 5.513166184e-05 8.363239182e-05 20000 20000 -9.05948927e-11 1.169613018e-10 0 0 0.02241431161 0 0
8500 0.09999980588 2.000001932 1.298704406 3.383717753 0.09142454749 5.115154635e-08 0.0001001692423 2.685209843e-05 5.513166185e-05 8.363239183e-05 20000 20000 -9.624315234e-11 1.30716965e-10 0 0 0.02241431161 0 0
9000 0.09999980588 2.000001932 1.298704406 3.383717753 0.09142454787 5.405173268e-08 0.0001001692423 2.685209843e-05 5.513166187e-05 8.363239184e-05 20000 20000 -9.217973607e-11 1.49643492e-10 0 0 0.02241431161 0 0
9500 0.09999980588 2.000001932 1.298704406 3.383717753 0.09142454825 5.695169577e-08 0.0001001692423 2.685209843e-05 5.513166188e-05 8.363239185e-05 20000 20000 -6.895664595e-11 1.619482326e-10 0 0 0.02241431161 0 0
10000 0.09999980588 2.000001932 1.298704406 3.383717753 0.09142454863 5.985137726e-08 0.0001001692423 2.685209843e-05 5.513166189e-05 8.363239186e-05 20000 20000 -6.047315426e-11 1.736021049e-10 0 0 0.02241431161 0 0
10500 0.09999980588 2.000001932 1.298704406 3.383717753 0.09142454901 6.275099984e-08 0.0001001692424 2.685209843e-05 5.513166191e-05 8.363239187e-05 20000 20000 -6.922518114e-11 1.946817707e-10 0 0 0.02241431161 0 0
11000 0.09999980588 2.000001932 1.298704406 3.383717753 0.0914245494 6.565063032e-08 0.0001001692424 2.685209843e-05 5.513166192e-05 8.363239188e-05 20000 20000 -7.442449435e-11 2.136839317e-10 0 0 0.02241431161 0 0
11500 0.09999980588 2.000001932 1.298704406 3.383717753 0.09142454978 6.855014182e-08 0.0001001692424 2.685209843e-05 5.513166193e-05 8.363239188e-05 20000 20000 -6.252567908e-11 2.224553874e-10 0 0 0.02241431161 0 0
12000 0.09999980588 2.000001932 1.298704406 3.383717753 0.09142455016 7.144950498e-08 0.0001001692424 2.685209843e-05 5.513166195e-05 8.363239189e-05 20000 20000 -5.738534647e-11 2.240950481e-10 0 0 0.02241431161 0 0
12500 0.09999980588 2.000001932 1.298704406 3.383717753 0.09142455054 7.434883824e-08 0.0001001692424 2.685209843e-05 5.513166196e-05 8.36323919e-05 20000 20000 -5.650896417e-11 2.287739442e-10 0 0 0.02241431161 0 0
13000 0.09999980588 2.000001932 1.298704406 3.383717753 0.09142455092 7.724813339e-08 0.0001001692424 2.685209843e-05 5.513166198e-05 8.363239191e-05 20000 20000 -5.232619893e-11 2.330115267e-10 0 0 0.02241431161 0 0
13500 0.09999980588 2.000001932 1.298704406 3.383717753 0.0914245513 8.014730798e-08 0.0001001692424 2.685209843e-05 5.513166199e-05 8.363239192e-05 20000 20000 -3.839220608e-11 2.350140915e-10 0 0 0.02241431161 0 0
14000 0.09999980588 2.000001932 1.298704406 3.383717753 0.09142455168 8.304631004e-08 0.0001001692425 2.685209843e-05 5.5131662e-05 8.363239193e-05 20000 20000 -3.053043929e-11 2.329941795e-10 0 0 0.02241431161 0 0
14500 0.09999980588 2.000001932 1.298704406 3.383717753 0.09142455206 8.594533276e-08 0.0001001692425 2.685209843e-05 5.513166202e-05 8.363239194e-05 20000 20000 -2.355268758e-11 2.193696613e-10 0 0 0.02241431161 0 0
15000 0.09999980588 2.000001932 1.298704406 3.383717753 0.09142455244 8.884419315e-08 0.0001001692425 2.685209843e-05 5.513166203e-05 8.363239195e-05 20000 20000 -2.848415948e-12 2.167856172e-10 0 0 0.02241431161 0 0
15500 0.09999980588 2.000001932 1.298704406 3.383717753 0.09142455283 9.174283303e-08 0.0001001692425 2.685209843e-05 5.513166204e-05 8.363239196e-05 20000 20000 2.066471994e-11 2.079114658e-10 0 0 0.02241431161 0 0
16000 0.09999980588 2.000001932 1.298704406 3.383717753 0.09142455321 9.46411802e-08 0.0001001692425 2.685209843e-05 5.513166206e-05 8.363239197e-05 20000 20000 4.183667301e-11 1.932551341e-10 0 0 0.02241431161 0 0
16500 0.09999980588 2.000001932 1.298704406 3.383717753 0.09142455359 9.753926148e-08 0.0001001692425 2.685209843e-05 5.513166207e-05 8.363239198e-05 20000 20000 7.788492074e-11 1.726070675e-10 0 0 0.02241431161 0 0
17000 0.09999980588 2.000001932 1.298704406 3.383717753 0.09142455397 1.004369902e-07 0.0001001692426 2.685209843e-05 5.513166208e-05 8.363239198e-05 20000 20000 1.128611093e-10 1.563235652e-10 0 0 0.02241431161 0 0
17500 0.09999980588 2.000001932 1.298704406 3.383717753 0.09142455435 1.033344714e-07 0.0001001692426 2.685209843e-05 5.51316621e-05 8.363239199e-05 20000 20000 1.293527785e-10 1.492438118e-10 0 0 0.02241431161 0 0
18000 0.09999980588 2.000001932 1.298704406 3.383717753 0.09142455473 1.062318517e-07 0.0001001692426 2.685209843e-05 5.513166211e-05 8.3632392e-05 20000 20000 1.259096993e-10 1.516627102e-10 0 0 0.02241431161 0 0
18500 0.09999980588 2.000001932 1.298704406 3.383717753 0.09142455511 1.091292502e-07 0.0001001692426 2.685209843e-05 5.513166213e-05 8.363239201e-05 20000 20000 1.401885552e-10 1.383289316e-10 0 0 0.02241431161 0 0
19000 0.09999980588 2.000001932 1.298704406 3.383717753 0.09142455549 1.120263409e-07 0.0001001692426 2.685209843e-05 5.513166214e-05 8.363239202e-05 20000 20000 1.712040232e-10 1.274168271e-10 0 0 0.02241431161 0 0
19500 0.09999980588 2.000001932 1.298704406 3.383717753 0.09142455587 1.149232468e-07 0.0001001692426 2.685209843e-05 5.513166215e-05 8.363239203e-05 20000 20000 1.869414346e-10 1.258770865e-10 0 0 0.02241431161 0 0
19999 0.09999980588 2.000001932 1.298704406 3.383717753 0.09142455625 1.178141913e-07 0.0001001692426 2.685209843e-05 5.513166217e-05 8.363239204e-05 20000 20000 1.943591121e-10 1.318604947e-10 0 0 0.02241431161 0 0
