# 1:passo  2:R0  3:|a2|/R0  4:|a4|/R0  5:|a8|/R0  6:rmin  7:rmax
0 24.99530979 9.196997287e-17 9.52226216e-05 8.27724819e-05 24.98429581 25.00965244
500 24.93118465 7.360056958e-06 6.122465728e-05 8.014284037e-05 24.86944078 24.9930601
1000 24.89378692 1.896323069e-05 3.82144369e-06 8.363147329e-05 24.83381423 24.95729627
1500 24.87330773 1.352671115e-05 2.89622165e-05 8.253676774e-05 24.81429974 24.93721084
2000 24.8684808 4.372897438e-06 4.001140464e-05 7.862755923e-05 24.80970499 24.93199136
2500 24.87319411 1.057040305e-05 2.36100454e-05 7.34797612e-05 24.81414541 24.93611528
3000 24.88074115 2.562182283e-05 4.089159372e-06 6.788854871e-05 24.82130455 24.94440163
3500 24.88658597 3.899503613e-05 2.487278242e-05 6.275410702e-05 24.82695165 24.95081692
4000 24.88914323 4.824160583e-05 3.088905492e-05 5.805371293e-05 24.82967659 24.95391322
4500 24.88897606 5.311782542e-05 2.436774538e-05 5.370755568e-05 24.82982226 24.95429139
5000 24.88750243 5.384372172e-05 1.209247096e-05 4.969787641e-05 24.82844162 24.9533115
5500 24.88600003 5.320599008e-05 2.194717253e-07 4.551192973e-05 24.82707149 24.95220322
6000 24.885139 5.36953671e-05 8.486727478e-06 4.133443032e-05 24.82638418 24.95162851
6500 24.88500006 5.643378581e-05 1.343111201e-05 3.75323616e-05 24.82646021 24.95167112
7000 24.88531643 6.060866006e-05 1.561049791e-05 3.433053337e-05 24.82703752 24.95208227
7500 24.88575477 6.555529394e-05 1.721951345e-05 3.113568685e-05 24.82778563 24.95254928
8000 24.88609442 6.996131713e-05 1.914554946e-05 2.783948828e-05 24.82847406 24.95285723
8500 24.88625336 7.415536402e-05 2.152892708e-05 2.481560007e-05 24.82901938 24.95293248
9000 24.88627144 7.764655206e-05 2.457959895e-05 2.211602107e-05 24.82944994 24.95280817
9500 24.88621735 8.050948982e-05 2.753408746e-05 1.964717642e-05 24.82914149 24.95256134
10000 24.88615706 8.333421116e-05 3.056513152e-05 1.744271061e-05 24.82834899 24.95226112
10500 24.88613112 8.590469998e-05 3.348384933e-05 1.553281843e-05 24.8276849 24.95194499
11000 24.88614467 8.837664047e-05 3.614994802e-05 1.390442706e-05 24.82714926 24.95161947
11500 24.88618135 9.067595446e-05 3.864500143e-05 1.239058353e-05 24.82672226 24.95127335
12000 24.88622138 9.25141428e-05 4.087549697e-05 1.080708936e-05 24.82638057 24.95089196
12500 24.8862491 9.337268134e-05 4.24409603e-05 9.400113031e-06 24.82610742 24.95046617
13000 24.88625932 9.381000879e-05 4.373174389e-05 8.215828883e-06 24.82589523 24.95062414
13500 24.88625636 9.450467547e-05 4.490258359e-05 6.977933312e-06 24.82574311 24.95084335
14000 24.88624763 9.48361826e-05 4.592897564e-05 5.946485569e-06 24.82565281 24.95098664
14500 24.88623554 9.536831228e-05 4.678391736e-05 5.574183263e-06 24.8256255 24.95106123
15000 24.88622431 9.574572132e-05 4.727045574e-05 5.693570076e-06 24.8256603 24.95107239
15500 24.88621698 9.57961481e-05 4.751506109e-05 6.076432723e-06 24.82575438 24.95102344
16000 24.88620772 9.514325131e-05 4.722216188e-05 6.803266449e-06 24.82590382 24.95091666
16500 24.88619432 9.425799515e-05 4.628096487e-05 8.042538218e-06 24.82610456 24.9507541
17000 24.88617877 9.327695177e-05 4.477862605e-05 9.702314138e-06 24.82635292 24.95053815
17500 24.88616056 9.228289872e-05 4.323233461e-05 1.112211695e-05 24.82664577 24.95027164
18000 24.88614341 9.105346972e-05 4.151614471e-05 1.272171366e-05 24.82698037 24.94995775
18500 24.88612755 8.948388183e-05 3.957924257e-05 1.457887138e-05 24.82733987 24.94959976
19000 24.88611265 8.760620689e-05 3.742064442e-05 1.665087267e-05 24.82729405 24.94920091
19500 24.88609184 8.525361828e-05 3.496566618e-05 1.840770152e-05 24.82731057 24.94876429
20000 24.88606245 8.218844116e-05 3.227652058e-05 2.054073285e-05 24.82738638 24.94829288
20500 24.88602595 7.867615218e-05 2.90754759e-05 2.28556568e-05 24.82718368 24.94778958
21000 24.88598783 7.522029562e-05 2.560963808e-05 2.54602061e-05 24.82684512 24.94747604
21500 24.88595171 7.158278844e-05 2.203231603e-05 2.834455871e-05 24.82658218 24.94751801
22000 24.88592024 6.776560087e-05 1.823841249e-05 3.15317592e-05 24.82639167 24.9474974
22500 24.88588905 6.378461963e-05 1.410540081e-05 3.487220308e-05 24.82627041 24.94741731
23000 24.88584915 5.979387194e-05 9.696288512e-06 3.85332407e-05 24.82621528 24.94771283
23500 24.88580569 5.565142627e-05 5.130200436e-06 4.219028615e-05 24.82622318 24.94804716
24000 24.88576093 5.168974546e-05 4.827464266e-07 4.580878255e-05 24.82600344 24.94830618
24500 24.8857174 4.803284114e-05 4.232721313e-06 4.959183774e-05 24.82565834 24.9484931
25000 24.88566578 4.400145368e-05 8.925127451e-06 5.350101926e-05 24.82539005 24.94861107
25500 24.88561454 3.970774482e-05 1.367649093e-05 5.760915537e-05 24.8251953 24.9486632
26000 24.88556501 3.51565298e-05 1.855596239e-05 6.191021127e-05 24.82507087 24.94865261
26500 24.88552547 3.093171827e-05 2.327521892e-05 6.631086523e-05 24.82501355 24.94858236
27000 24.88547633 2.663463564e-05 2.740606627e-05 7.040329252e-05 24.82502018 24.94845551
27500 24.88542024 2.200760601e-05 3.137208162e-05 7.440385698e-05 24.82508762 24.94827509
28000 24.88536289 1.732570579e-05 3.54414833e-05 7.84395985e-05 24.82521276 24.94804409
28500 24.8853141 1.31570473e-05 3.894616101e-05 8.236536103e-05 24.82539252 24.94776552
29000 24.88526299 9.622815934e-06 4.244112413e-05 8.63120255e-05 24.82562384 24.94744231
29500 24.88521235 6.410931955e-06 4.566787292e-05 8.999448017e-05 24.8253499 24.94707742
29999 24.88497939 3.980409241e-06 5.438856013e-05 0.000100881144 24.82464903 24.94858408
