# 1:passo  2:raio_area  3:raio_grad  4:raio_linha  5:p_in  6:p_out  7:delta_p  8:sigma  9:|u-v0|max  10:|u-v0|rms  11:Ca  12:massa_R  13:massa_B  14:|q|  15:sd_p_in  16:sd_p_out  17:sigma_2pontos  18:K_perfil  19:r_perfil  20:espessura_10_90  21:residuo_ajuste  22:n_camadas
0 25.04052139 25.08111096 25 0.3333333333 0.3333333333 -2.220446049e-16 -5.560112678e-15 0.000521265614 0.000105841897 0 1969.865651 8030.134349 1000 2.706360658e-08 0 2.775557562e-15 1.273345395 25.01411833 3.451105388 0.08159937045 12
500 24.97658879 25.00607736 24.93166116 0.3348824983 0.3331344626 0.001748035715 0.04365996923 0.001478085773 0.0009780629002 0.005642414164 1969.865651 8030.134349 1000 9.160906505e-05 8.02582808e-05 0.04279667247 1.298139331 24.95897659 3.385190672 0.0725539976 12
1000 24.93910243 24.96765366 24.89494559 0.3362379188 0.3326440545 0.003593864278 0.08962774935 0.001550422456 0.001060117444 0.002883077446 1969.865651 8030.134349 1000 2.293070424e-05 7.206223866e-05 0.08984697534 1.297517106 24.91136856 3.386814042 0.08946549363 12
1500 24.91834962 24.94610325 24.87398502 0.3369948809 0.3323361809 0.004658699983 0.1160871149 0.0009998747896 0.0006755009558 0.001435523644 1969.865651 8030.134349 1000 1.945818019e-05 0.0001290460624 0.1223662469 1.298635392 24.88913775 3.383897575 0.0929003965 12
2000 24.91325477 24.94050885 24.86836917 0.337180303 0.3322640836 0.004916219308 0.1224790241 0.0003163293034 0.0002059582873 0.000430453712 1969.865651 8030.134349 1000 2.944384947e-05 0.0001379672109 0.1296205589 1.299115867 24.88618826 3.382646049 0.09042195075 12
2500 24.91778396 24.94487428 24.87234428 0.3370247921 0.3323472902 0.004677501892 0.1165529816 0.0001962675595 0.0001361997909 0.000280655711 1969.865651 8030.134349 1000 2.274410312e-05 9.242530738e-05 0.1213336786 1.296351553 24.88772228 3.389859136 0.09578232749 12
3000 24.92525008 24.95242736 24.87938312 0.3367610681 0.3324759988 0.004285069286 0.1068064236 0.0003497381574 0.0002457906612 0.0005457508169 1969.865651 8030.134349 1000 9.728637508e-06 2.762860927e-05 0.1082182872 1.297835925 24.89392366 3.385982057 0.1034702207 12
3500 24.93107849 24.95844458 24.88499232 0.3365544138 0.3325753353 0.003979078447 0.09920271708 0.000288150796 0.0002023018961 0.0004841110614 1969.865651 8030.134349 1000 8.881602622e-07 2.212776404e-05 0.09804794772 1.297058325 24.90138901 3.388011988 0.1237626575 12
4000 24.93363458 24.96116918 24.88756769 0.3364634146 0.3326180078 0.003845406708 0.09587996568 0.0001364594706 9.508635876e-05 0.0002372053947 1969.865651 8030.134349 1000 5.505791159e-06 4.190833867e-05 0.09367306677 1.297907857 24.90614757 3.385794399 0.1287997952 12
4500 24.93344858 24.96107415 24.88753244 0.3364690185 0.3326128936 0.003856124971 0.09614649368 1.858026903e-05 5.714665906e-06 3.220826249e-05 1969.865651 8030.134349 1000 5.394536875e-06 3.64738365e-05 0.09417103373 1.29681467 24.90610654 3.388648554 0.1303958846 12
5000 24.93193266 24.95957234 24.88615466 0.3365213688 0.3325846544 0.003936714425 0.09814989894 7.62822079e-05 5.14611833e-05 0.0001295335141 1969.865651 8030.134349 1000 3.010938086e-06 1.903752557e-05 0.09702194878 1.294701724 24.90224183 3.394178809 0.1373576367 12
5500 24.93036712 24.95797519 24.88465403 0.3365756346 0.3325559761 0.004019658482 0.1002115616 8.299855503e-05 5.632372461e-05 0.0001380388877 1969.865651 8030.134349 1000 4.915561507e-07 2.070758164e-06 0.09991885972 1.294279963 24.90150389 3.395284854 0.1412449821 12
6000 24.92943488 24.95700048 24.88372603 0.3366080407 0.3325390599 0.004068980742 0.1014373904 5.34102562e-05 3.551551531e-05 8.775570163e-05 1969.865651 8030.134349 1000 1.06870856e-06 7.821234662e-06 0.1016303976 1.297561069 24.90376404 3.386699292 0.1355270107 12
6500 24.92922593 24.95676091 24.88349238 0.3366153745 0.3325353774 0.004079997145 0.1017111706 2.049880764e-05 1.028437678e-05 3.358989891e-05 1969.865651 8030.134349 1000 1.421437963e-06 9.842320808e-06 0.1020042348 1.301524692 24.90311078 3.376385544 0.1456213723 12
7000 24.92948405 24.9570073 24.88372382 0.3366064753 0.3325401977 0.004066277637 0.1013702035 2.075754822e-05 8.79536148e-06 3.412828671e-05 1969.865651 8030.134349 1000 1.006759981e-06 6.865787393e-06 0.1015186563 1.297471391 24.89916557 3.386933372 0.1412724941 12
7500 24.92987915 24.95740542 24.88410537 0.336592789 0.3325474738 0.004045315255 0.1008492204 2.580445064e-05 1.437152579e-05 4.264526542e-05 1969.865651 8030.134349 1000 3.65791506e-07 2.461340789e-06 0.1007838721 1.296413054 24.90328194 3.389698323 0.136796675 12
8000 24.93018064 24.9577164 24.88440743 0.3365823413 0.3325530084 0.004029332858 0.100451996 2.325451411e-05 1.179913037e-05 3.858312931e-05 1969.865651 8030.134349 1000 1.460568981e-07 8.865191166e-07 0.1002248068 1.297103939 24.9008435 3.387892845 0.1365849891 12
8500 24.93030665 24.95785134 24.88454063 0.3365779723 0.3325553167 0.004022655579 0.1002860371 1.863269423e-05 6.313638055e-06 3.096591636e-05 1969.865651 8030.134349 1000 3.458551255e-07 2.28276819e-06 0.09999158368 1.295324779 24.90030439 3.392546199 0.1217553255 12
9000 24.93028763 24.95783722 24.88452799 0.3365786307 0.3325549648 0.004023665865 0.1003111473 1.654954895e-05 3.720684263e-06 2.749702533e-05 1969.865651 8030.134349 1000 3.09819535e-07 2.073052224e-06 0.1000271342 1.293217576 24.89924464 3.398074104 0.1269733648 12
9500 24.93020022 24.95775056 24.88444291 0.3365816595 0.3325533597 0.004028299865 0.1004263222 1.64780298e-05 4.750152725e-06 2.734679752e-05 1969.865651 8030.134349 1000 1.623366323e-07 1.101326105e-06 0.100189237 1.297190145 24.89913744 3.387667701 0.1118210936 12
10000 24.93011335 24.95766193 24.88435476 0.3365846706 0.3325517659 0.004032904721 0.1005407718 1.65422805e-05 4.879046789e-06 2.742217609e-05 1969.865651 8030.134349 1000 2.679429711e-08 1.40254761e-07 0.1003502466 1.29662149 24.9009272 3.389153417 0.100688975 12
10500 24.93006303 24.95760928 24.8843017 0.3365864146 0.3325508438 0.004035570779 0.1006070339 1.649498401e-05 4.195869004e-06 2.732576337e-05 1969.865651 8030.134349 1000 7.175954391e-08 4.394734023e-07 0.100443464 1.294270332 24.89801498 3.395310119 0.1191838377 12
11000 24.93005298 24.95759756 24.88428947 0.3365867631 0.3325506595 0.00403610363 0.1006202773 1.658255857e-05 3.746375168e-06 2.746722464e-05 1969.865651 8030.134349 1000 8.738283704e-08 5.538665684e-07 0.1004620926 1.292401031 24.8944211 3.400221022 0.1179950325 12
11500 24.93006831 24.95761227 24.88430413 0.3365862321 0.3325509405 0.004035291643 0.1006000963 1.673275215e-05 3.741291196e-06 2.772156416e-05 1969.865651 8030.134349 1000 5.91967918e-08 3.822305237e-07 0.1004336896 1.29299012 24.89848823 3.398671876 0.1038999367 12
12000 24.93009061 24.95763476 24.884327 0.3365854584 0.3325513487 0.004034109631 0.1005707186 1.678714046e-05 3.793189625e-06 2.781979469e-05 1969.865651 8030.134349 1000 2.388746548e-08 1.299625939e-07 0.1003923887 1.291371928 24.89948975 3.402930681 0.1059602196 12
12500 24.93010727 24.95765196 24.88434471 0.3365848804 0.3325516538 0.00403322659 0.1005487715 1.673778663e-05 3.762830435e-06 2.774405954e-05 1969.865651 8030.134349 1000 1.943924348e-08 6.335746406e-08 0.1003615393 1.28989513 24.90324449 3.406826688 0.1021291376 12
13000 24.930114 24.95765919 24.8843523 0.3365846467 0.3325517771 0.004032869575 0.1005398983 1.666037515e-05 3.721768884e-06 2.761818183e-05 1969.865651 8030.134349 1000 2.419381607e-08 1.399162582e-07 0.1003490695 1.289660755 24.90188831 3.407445823 0.09881782978 12
13500 24.9301127 24.95765815 24.88435133 0.3365846918 0.3325517533 0.004032938516 0.1005416117 1.660437924e-05 3.712303528e-06 2.752488739e-05 1969.865651 8030.134349 1000 1.871185478e-08 1.285081267e-07 0.1003514821 1.291397832 24.90571342 3.402862423 0.09631258562 12
14000 24.93010771 24.9576532 24.88434619 0.3365848647 0.3325516619 0.004033202811 0.1005481805 1.657535555e-05 3.716606209e-06 2.747498009e-05 1969.865651 8030.134349 1000 1.835054949e-08 7.123095066e-08 0.1003607242 1.286590669 24.89797779 3.415576735 0.1004645465 12
14500 24.93010286 24.95764825 24.88434097 0.336585033 0.3325515732 0.004033459797 0.1005545676 1.656236579e-05 3.716956444e-06 2.745170471e-05 1969.865651 8030.134349 1000 9.779001848e-09 2.987028846e-08 0.1003697053 1.287919796 24.89576256 3.412051875 0.10686452 12
15000 24.93010011 24.95764536 24.88433788 0.3365851285 0.3325515228 0.004033605672 0.1005581932 1.655488439e-05 3.713999986e-06 2.743831516e-05 1969.865651 8030.134349 1000 2.406842928e-08 3.371507063e-08 0.1003748004 1.288785376 24.89282582 3.409760257 0.1163827984 12
15500 24.93009961 24.95764477 24.88433721 0.3365851458 0.3325515137 0.004033632148 0.1005588512 1.654545781e-05 3.712253545e-06 2.742251197e-05 1969.865651 8030.134349 1000 1.83436051e-08 4.451556549e-08 0.1003757224 1.289780903 24.89802167 3.407128409 0.1096793347 12
16000 24.93010051 24.95764563 24.8843381 0.3365851146 0.3325515301 0.004033584453 0.1005576658 1.652986551e-05 3.712107e-06 2.739699218e-05 1969.865651 8030.134349 1000 1.37085616e-08 2.648177524e-08 0.1003740614 1.287804641 24.90049262 3.41235698 0.1003618419 12
16500 24.93010177 24.9576469 24.88433944 0.3365850709 0.3325515531 0.004033517714 0.1005560071 1.650742784e-05 3.712229978e-06 2.736025478e-05 1969.865651 8030.134349 1000 1.095043651e-08 0 0.1003717331 1.289536374 24.90270284 3.407774487 0.1109803002 12
17000 24.93010269 24.95764785 24.88434047 0.3365850388 0.3325515701 0.00403346878 0.1005547909 1.647989327e-05 3.712163513e-06 2.731494794e-05 1969.865651 8030.134349 1000 1.47528294e-08 3.316583356e-08 0.1003700251 1.28658374 24.90361915 3.41559513 0.1079113767 12
17500 24.93010305 24.95764824 24.88434089 0.3365850262 0.3325515767 0.004033449553 0.100554313 1.644945087e-05 3.712098774e-06 2.726462012e-05 1969.865651 8030.134349 1000 1.446124868e-08 3.182130738e-08 0.1003693569 1.285827539 24.90530969 3.417603854 0.1127570027 12
18000 24.93010297 24.95764817 24.8843408 0.3365850292 0.3325515751 0.004033454057 0.1005544249 1.641743122e-05 3.71212473e-06 2.721151792e-05 1969.865651 8030.134349 1000 8.419742544e-09 2.623339601e-08 0.1003695157 1.288965575 24.90861649 3.409283569 0.1176248484 12
18500 24.93010268 24.95764788 24.88434048 0.3365850391 0.3325515699 0.00403346917 0.1005548006 1.638413572e-05 3.712162493e-06 2.715622995e-05 1969.865651 8030.134349 1000 1.284245024e-08 3.365139747e-08 0.1003700087 1.28996285 24.91413896 3.406647839 0.107365212 12
19000 24.93010241 24.9576476 24.88434016 0.3365850485 0.3325515649 0.004033483561 0.1005551582 1.634925902e-05 3.712159934e-06 2.709832645e-05 1969.865651 8030.134349 1000 2.041759188e-08 3.309397123e-08 0.1003705102 1.287322792 24.9113096 3.413634235 0.1096346515 12
19500 24.93010226 24.95764744 24.88433996 0.3365850537 0.3325515622 0.004033491551 0.1005553568 1.631234541e-05 3.71213392e-06 2.703709003e-05 1969.865651 8030.134349 1000 1.106809761e-08 1.038876455e-08 0.1003707896 1.286814589 24.90414945 3.414982385 0.100007587 12
20000 24.93010223 24.95764741 24.88433991 0.3365850547 0.3325515617 0.004033492938 0.1005553913 1.627305813e-05 3.712111914e-06 2.697196361e-05 1969.865651 8030.134349 1000 1.490229644e-08 1.480162033e-08 0.1003708354 1.287321433 24.90121329 3.413637838 0.1026508704 12
20500 24.93010229 24.95764746 24.88433995 0.3365850527 0.3325515627 0.004033489953 0.1005553171 1.623732754e-05 3.71210191e-06 2.691276141e-05 1969.865651 8030.134349 1000 8.824243692e-09 3.102531054e-08 0.1003707391 1.289055176 24.9011508 3.409046592 0.10835446 12
21000 24.93010236 24.95764753 24.88434001 0.3365850504 0.3325515641 0.004033486328 0.100555227 1.62487462e-05 3.712100499e-06 2.693171153e-05 1969.865651 8030.134349 1000 1.843578755e-08 0 0.1003706082 1.287251896 24.89956108 3.413822243 0.1081366858 12
21500 24.93010241 24.95764758 24.88434005 0.3365850488 0.332551565 0.004033483803 0.1005551643 1.625766999e-05 3.712103487e-06 2.69465192e-05 1969.865651 8030.134349 1000 8.900954105e-09 2.018687956e-08 0.1003705139 1.291185153 24.89325897 3.403422929 0.1201170623 12
22000 24.93010243 24.9576476 24.88434006 0.3365850481 0.3325515653 0.004033482755 0.1005551382 1.62642656e-05 3.712107879e-06 2.695745819e-05 1969.865651 8030.134349 1000 1.4859242e-08 2.620428666e-08 0.1003704784 1.289092366 24.89515236 3.408948243 0.1075111666 12
22500 24.93010242 24.9576476 24.88434004 0.3365850483 0.3325515653 0.004033483028 0.100555145 1.626864171e-05 3.712111374e-06 2.696470961e-05 1969.865651 8030.134349 1000 1.699945948e-08 2.931860122e-08 0.1003704888 1.289830935 24.89379773 3.406996248 0.1096172464 12
23000 24.93010241 24.95764758 24.88434001 0.336585049 0.332551565 0.004033484022 0.1005551697 1.627082439e-05 3.712112813e-06 2.69683207e-05 1969.865651 8030.134349 1000 1.346178321e-08 3.643738843e-08 0.1003705193 1.288133816 24.90232771 3.411484973 0.09335527209 12
23500 24.93010239 24.95764756 24.88433998 0.3365850496 0.3325515647 0.00403348489 0.1005551913 1.627077985e-05 3.712112432e-06 2.696824108e-05 1969.865651 8030.134349 1000 1.715479439e-08 2.325385359e-08 0.1003705478 1.289876603 24.9001394 3.406875623 0.09070641785 12
24000 24.93010238 24.95764755 24.88433995 0.3365850499 0.3325515646 0.004033485339 0.1005552025 1.627075361e-05 3.712111221e-06 2.69681946e-05 1969.865651 8030.134349 1000 1.345588702e-08 1.79125514e-08 0.1003705636 1.29067564 24.90030526 3.40476648 0.101553256 12
24500 24.93010238 24.95764755 24.88433994 0.3365850499 0.3325515645 0.004033485407 0.1005552042 1.627421935e-05 3.712110096e-06 2.697393849e-05 1969.865651 8030.134349 1000 6.562385774e-09 3.168478312e-08 0.1003705662 1.28962019 24.90271607 3.407553007 0.1101300106 12
25000 24.93010239 24.95764755 24.88433993 0.3365850498 0.3325515646 0.004033485245 0.1005552001 1.627578987e-05 3.712109501e-06 2.697654265e-05 1969.865651 8030.134349 1000 1.212711708e-08 2.553833894e-08 0.1003705609 1.290995411 24.89722385 3.403923142 0.09574116089 12
25500 24.93010239 24.95764755 24.88433992 0.3365850496 0.3325515646 0.004033484904 0.1005551917 1.627878464e-05 3.712109444e-06 2.698150865e-05 1969.865651 8030.134349 1000 0 8.553280098e-09 0.1003705539 1.289200542 24.8932091 3.4086622 0.09950306021 12
26000 24.93010239 24.95764756 24.88433991 0.3365850496 0.3325515647 0.004033484918 0.100555192 1.631587095e-05 3.712109706e-06 2.704297781e-05 1969.865651 8030.134349 1000 1.095353073e-08 3.815020207e-08 0.100370549 1.289257286 24.89224875 3.408512174 0.1134503843 12
26500 24.93010239 24.95764756 24.8843399 0.3365850496 0.3325515647 0.004033484863 0.1005551906 1.635109745e-05 3.712110037e-06 2.710136484e-05 1969.865651 8030.134349 1000 2.00939105e-08 0 0.1003705475 1.294081343 24.89768241 3.395805972 0.1054286616 12
27000 24.93010239 24.95764756 24.8843399 0.3365850496 0.3325515647 0.004033484843 0.1005551901 1.638443901e-05 3.712110272e-06 2.715662744e-05 1969.865651 8030.134349 1000 1.992168702e-08 3.307903241e-08 0.1003705485 1.293309592 24.89556511 3.397832338 0.1056760185 12
27500 24.93010239 24.95764756 24.88433989 0.3365850496 0.3325515647 0.004033484905 0.1005551917 1.641586895e-05 3.712110359e-06 2.720872103e-05 1969.865651 8030.134349 1000 1.199698456e-08 2.090785499e-08 0.1003705507 1.29185222 24.89988017 3.40166552 0.09628996059 12
28000 24.93010239 24.95764755 24.88433988 0.3365850497 0.3325515647 0.004033484967 0.1005551932 1.644536009e-05 3.712110335e-06 2.725760113e-05 1969.865651 8030.134349 1000 0 3.657681906e-08 0.1003705527 1.289971824 24.89723573 3.406624138 0.1090269268 12
28500 24.93010239 24.95764755 24.88433988 0.3365850497 0.3325515647 0.004033484992 0.1005551938 1.64728858e-05 3.712110265e-06 2.730322385e-05 1969.865651 8030.134349 1000 1.930596787e-08 3.205969315e-08 0.100370554 1.292798391 24.89808589 3.399175917 0.1062806001 12
29000 24.93010239 24.95764755 24.88433988 0.3365850497 0.3325515647 0.004033485003 0.1005551941 1.649842047e-05 3.712110205e-06 2.734554659e-05 1969.865651 8030.134349 1000 1.955372325e-08 1.927232419e-08 0.1003705545 1.292540037 24.90131593 3.399855347 0.1209112227 12
29500 24.93010239 24.95764755 24.88433987 0.3365850497 0.3325515647 0.00403348499 0.1005551938 1.65219396e-05 3.71211018e-06 2.73845288e-05 1969.865651 8030.134349 1000 1.34006063e-08 3.407389723e-08 0.1003705547 1.291210085 24.8971656 3.403357212 0.1158176852 12
29999 24.93010239 24.95764756 24.88433992 0.3365850498 0.3325515647 0.004033485124 0.1005551971 1.663667139e-05 3.712110243e-06 2.757469176e-05 1969.865651 8030.134349 1000 0 0 0.1003705595 1.296828541 24.89873569 3.388612306 0.09509603331 12
