# 1:passo  2:R0  3:|a2|/R0  4:|a4|/R0  5:|a8|/R0  6:rmin  7:rmax
0 24.99530979 1.096091932e-16 9.52226216e-05 8.27724819e-05 24.98429581 25.00965244
500 24.98158506 1.607149779e-16 4.524167353e-05 7.744617189e-05 24.97330246 24.99398619
1000 24.96751738 1.392470058e-16 3.089254166e-05 7.918125763e-05 24.95963954 24.9811927
1500 24.95406165 1.466570034e-16 8.439440802e-06 8.522193278e-05 24.94685606 24.96764189
2000 24.9467188 2.626648894e-16 1.208495943e-05 8.831659918e-05 24.93905623 24.96010632
2500 24.94665531 2.9618934e-16 3.317658004e-05 8.851960848e-05 24.93850659 24.95975558
3000 24.95291853 1.217663342e-16 4.935842006e-05 8.629010056e-05 24.94442319 24.96572972
3500 24.9621402 1.068807266e-16 8.161039566e-05 8.310737028e-05 24.95294393 24.97438777
4000 24.96958574 3.211682108e-16 0.0001005482737 8.021170708e-05 24.95999521 24.98145314
4500 24.9721614 2.163769692e-16 8.7288264e-05 7.872954585e-05 24.96289803 24.98415847
5000 24.96952118 4.380185558e-16 5.176158822e-05 7.958718305e-05 24.96106063 24.98204847
5500 24.96409934 2.192380496e-16 1.501115221e-05 8.160459536e-05 24.95645307 24.97721889
6000 24.95882327 7.260108532e-17 8.031022352e-06 8.36876202e-05 24.95157103 24.9723384
6500 24.9561196 1.758738659e-16 1.473683788e-05 8.469627256e-05 24.94872627 24.96976385
7000 24.9568467 7.579685679e-17 3.599787362e-06 8.447335957e-05 24.94958839 24.97032898
7500 24.96024231 1.361477799e-16 2.193746302e-05 8.330376596e-05 24.95241336 24.97332809
8000 24.96429497 8.827920872e-17 5.059652378e-05 8.187781361e-05 24.95582773 24.9769281
8500 24.96689389 9.246774849e-17 6.864946615e-05 8.093680878e-05 24.95802556 24.97923885
9000 24.96691775 1.194964924e-16 6.950334996e-05 8.095097669e-05 24.95802953 24.9792513
9500 24.96465105 2.62198663e-16 5.679756032e-05 8.185599453e-05 24.95604147 24.9771959
10000 24.96143858 3.987680275e-16 3.844941207e-05 8.307275718e-05 24.95323326 24.97428398
10500 24.95888467 2.396231183e-16 2.248824324e-05 8.397787771e-05 24.95103364 24.97198493
11000 24.95812318 1.679890147e-16 1.457008118e-05 8.418605124e-05 24.9504513 24.97134157
11500 24.95934917 3.051789166e-17 1.709486013e-05 8.368184757e-05 24.95162611 24.97251504
12000 24.96181661 1.544342901e-16 2.752156751e-05 8.273518641e-05 24.9538671 24.9748031
12500 24.9642619 1.521042521e-16 3.962917615e-05 8.179783581e-05 24.95604756 24.97704464
13000 24.96556059 4.150316758e-16 4.724908451e-05 8.130600415e-05 24.95717833 24.97821835
13500 24.96524506 1.339380658e-16 4.77334395e-05 8.146345386e-05 24.95684936 24.97790191
14000 24.96364083 1.496200034e-16 4.235849729e-05 8.213123323e-05 24.95535896 24.97639753
14500 24.96161442 2.134996312e-16 3.461882765e-05 8.293672622e-05 24.95349899 24.97450858
15000 24.96011719 3.490003864e-16 2.837092005e-05 8.350446819e-05 24.95213749 24.973119
15500 24.95975506 2.246593178e-16 2.637631076e-05 8.362584727e-05 24.95181957 24.97278922
16000 24.96055583 1.809978773e-16 2.921450481e-05 8.330972667e-05 24.95255948 24.97353927
16500 24.96201863 2.699776108e-16 3.499232407e-05 8.274246757e-05 24.95389741 24.97490095
17000 24.96340141 4.385147962e-16 4.046489717e-05 8.22003786e-05 24.95516211 24.97618737
17500 24.96409147 3.31376584e-16 4.293717288e-05 8.192634248e-05 24.95579927 24.97683266
18000 24.96386992 4.01789262e-17 4.159388565e-05 8.201512871e-05 24.95560728 24.97663308
18500 24.96295855 2.384140593e-16 3.75300696e-05 8.23767796e-05 24.9547841 24.97579174
19000 24.96186016 3.206284554e-16 3.289581994e-05 8.280536262e-05 24.95378614 24.97477369
19500 24.96109596 3.51773546e-16 2.98424853e-05 8.309757078e-05 24.95308804 24.97406276
20000 24.9609694 1.472181043e-16 2.96325493e-05 8.314394764e-05 24.95296568 24.9739409
20500 24.96145554 2.990574915e-16 3.212929299e-05 8.295857251e-05 24.95339706 24.97438559
21000 24.96225218 2.946781537e-16 3.592227503e-05 8.265469159e-05 24.95411081 24.97511824
21500 24.96295284 4.262276753e-16 3.911319817e-05 8.238569631e-05 24.95474195 24.97576446
22000 24.96324753 4.207065702e-16 4.030955935e-05 8.227268263e-05 24.95501075 24.97603823
22500 24.96305302 4.818661044e-16 3.922419626e-05 8.234969194e-05 24.95484006 24.97586165
23000 24.96252121 3.049586709e-16 3.663041651e-05 8.255615762e-05 24.95436491 24.97537359
23500 24.9619391 3.248517185e-16 3.385812608e-05 8.277866575e-05 24.95384337 24.9748383
24000 24.96158081 3.781369946e-16 3.215343461e-05 8.291250552e-05 24.95352238 24.9745087
24500 24.96158411 1.095573306e-16 3.215346459e-05 8.290797052e-05 24.95352575 24.9745119
25000 24.96190379 2.343578699e-16 3.365779762e-05 8.278411921e-05 24.95381261 24.97480612
25500 24.96235431 3.143177476e-16 3.579629004e-05 8.26115255e-05 24.95421642 24.9752205
26000 24.96271229 3.590744711e-16 3.751076048e-05 8.247527245e-05 24.95453694 24.97554954
26500 24.96282423 6.270557509e-16 3.807930205e-05 8.243451661e-05 24.95463638 24.97565201
27000 24.96266848 5.588040656e-16 3.740349518e-05 8.249718551e-05 24.95449527 24.97550796
27500 24.96234875 2.716995384e-16 3.59583532e-05 8.262187147e-05 24.95420698 24.97521296
28000 24.96203112 4.948484994e-16 3.449759659e-05 8.274361325e-05 24.95392119 24.97492016
28500 24.96186057 2.967933423e-16 3.368532358e-05 8.280724803e-05 24.95376842 24.97476329
29000 24.96189741 3.223323104e-16 3.381170471e-05 8.279106036e-05 24.95380258 24.9747978
29500 24.96209979 3.857642239e-16 3.470195017e-05 8.271200445e-05 24.95398563 24.9749849
30000 24.96235518 3.949365576e-16 3.584822045e-05 8.261341834e-05 24.95421607 24.97522069
30500 24.96254045 1.366452583e-16 3.668713105e-05 8.254256844e-05 24.95438307 24.97539165
31000 24.96257965 3.288015962e-16 3.687104776e-05 8.252860172e-05 24.95441823 24.97542774
31500 24.96247289 1.955392315e-16 3.63997585e-05 8.257101848e-05 24.9543217 24.9753291
32000 24.96228689 1.198351234e-16 3.557225459e-05 8.264339952e-05 24.95415369 24.97515729
32500 24.96211624 4.65053229e-17 3.48115196e-05 8.270894506e-05 24.95399959 24.97499966
33000 24.96203686 3.42622007e-16 3.445857666e-05 8.273872872e-05 24.9539279 24.9749263
33500 24.96207367 3.148550541e-16 3.462757714e-05 8.272375032e-05 24.95396105 24.97496022
34000 24.96219546 1.114950052e-16 3.51789349e-05 8.26763959e-05 24.95407084 24.9750726
34500 24.96233604 1.905478592e-16 3.581266989e-05 8.262222219e-05 24.95419762 24.97520235
35000 24.96242882 1.903741365e-16 3.622695544e-05 8.258681856e-05 24.95428138 24.97528805
35500 24.96243736 4.31873837e-16 3.62584654e-05 8.25840908e-05 24.95428923 24.97529604
36000 24.96236826 5.500078517e-18 3.593976569e-05 8.261122513e-05 24.95422707 24.97523237
36500 24.96226277 1.6137694e-16 3.545905115e-05 8.265203437e-05 24.95413205 24.97513508
37000 24.96217366 1.539135147e-16 3.505507667e-05 8.268611668e-05 24.95405174 24.97505285
37500 24.96213966 1.847681016e-16 3.490288294e-05 8.269874581e-05 24.95402106 24.97502144
37999 24.96217214 1.969512757e-16 3.505342941e-05 8.268580065e-05 24.95405026 24.97505136
