# 1:passo  2:R0  3:|a2|/R0  4:|a4|/R0  5:|a8|/R0  6:rmin  7:rmax
0 24.99530979 1.096091932e-16 9.52226216e-05 8.27724819e-05 24.98429581 25.00965244
500 24.55003382 2.229981967e-16 0.003297217781 0.0007192439132 24.48311723 24.64708155
1000 24.46095418 7.934770407e-17 0.003027768647 0.000738109461 24.3959125 24.55379275
1500 24.44563724 1.178036985e-16 0.002922112429 0.0007358644972 24.38216809 24.53617837
2000 24.44736093 2.590632161e-17 0.002917773971 0.0007328140812 24.38396907 24.53767828
2500 24.45034446 8.941832613e-17 0.002932119486 0.0007314034472 24.38674417 24.54090746
3000 24.45188123 1.457313837e-17 0.002941427376 0.0007309980747 24.38814458 24.54262605
3500 24.45239011 2.439400103e-16 0.002945002675 0.0007309514245 24.38860067 24.54320942
4000 24.45248304 4.7066847e-17 0.002945851998 0.0007309799402 24.38868085 24.54332169
4500 24.45246851 6.764938221e-17 0.002945865987 0.0007310034721 24.38866598 24.54330844
5000 24.452447 1.985003336e-16 0.002945757026 0.0007310136178 24.38864603 24.54328503
5500 24.45243612 8.284004313e-17 0.002945689857 0.0007310164425 24.38863614 24.54327284
6000 24.45243259 1.008764498e-16 0.002945664685 0.0007310167332 24.38863297 24.54326877
6500 24.45243197 1.698263787e-16 0.002945658886 0.0007310165174 24.38863244 24.54326802
7000 24.45243209 8.91506898e-17 0.002945658889 0.0007310163481 24.38863256 24.54326813
7500 24.45243224 9.60662049e-17 0.002945659691 0.0007310162765 24.38863271 24.5432683
8000 24.45243232 1.454046838e-16 0.00294566017 0.0007310162571 24.38863278 24.54326839
8500 24.45243234 1.388738011e-16 0.002945660347 0.0007310162553 24.3886328 24.54326842
9000 24.45243235 8.465972094e-17 0.002945660386 0.0007310162569 24.3886328 24.54326842
9500 24.45243235 1.026755103e-16 0.002945660386 0.0007310162581 24.3886328 24.54326842
10000 24.45243235 1.665438916e-16 0.00294566038 0.0007310162586 24.3886328 24.54326842
10500 24.45243234 1.896895908e-16 0.002945660376 0.0007310162588 24.3886328 24.54326842
11000 24.45243234 4.217760401e-17 0.002945660375 0.0007310162588 24.3886328 24.54326842
11500 24.45243234 1.456820059e-16 0.002945660375 0.0007310162588 24.3886328 24.54326842
12000 24.45243234 1.275425975e-16 0.002945660375 0.0007310162587 24.3886328 24.54326842
12500 24.45243234 7.355040523e-17 0.002945660375 0.0007310162587 24.3886328 24.54326842
13000 24.45243234 1.106953999e-17 0.002945660375 0.0007310162587 24.3886328 24.54326842
13500 24.45243234 1.94371673e-16 0.002945660375 0.0007310162587 24.3886328 24.54326842
14000 24.45243234 1.10876448e-16 0.002945660375 0.0007310162587 24.3886328 24.54326842
14500 24.45243234 5.203738036e-17 0.002945660375 0.0007310162587 24.3886328 24.54326842
15000 24.45243234 1.583261865e-16 0.002945660375 0.0007310162587 24.3886328 24.54326842
15500 24.45243234 5.64241211e-17 0.002945660375 0.0007310162587 24.3886328 24.54326842
16000 24.45243234 1.388825663e-16 0.002945660375 0.0007310162587 24.3886328 24.54326842
16500 24.45243234 6.948363568e-17 0.002945660375 0.0007310162587 24.3886328 24.54326842
17000 24.45243234 1.199665662e-16 0.002945660375 0.0007310162587 24.3886328 24.54326842
17500 24.45243234 1.914026544e-16 0.002945660375 0.0007310162587 24.3886328 24.54326842
18000 24.45243234 2.249526932e-16 0.002945660375 0.0007310162587 24.3886328 24.54326842
18500 24.45243234 2.768190057e-16 0.002945660375 0.0007310162587 24.3886328 24.54326842
19000 24.45243234 1.622781135e-16 0.002945660375 0.0007310162587 24.3886328 24.54326842
19500 24.45243234 2.213743339e-16 0.002945660375 0.0007310162587 24.3886328 24.54326842
20000 24.45243234 1.368917001e-16 0.002945660375 0.0007310162587 24.3886328 24.54326842
20500 24.45243234 2.608651932e-16 0.002945660375 0.0007310162587 24.3886328 24.54326842
21000 24.45243234 4.173808127e-17 0.002945660375 0.0007310162587 24.3886328 24.54326842
21500 24.45243234 1.30468028e-16 0.002945660375 0.0007310162587 24.3886328 24.54326842
22000 24.45243234 2.231070774e-16 0.002945660375 0.0007310162587 24.3886328 24.54326842
22500 24.45243234 2.021735256e-16 0.002945660375 0.0007310162587 24.3886328 24.54326842
23000 24.45243234 1.65920145e-16 0.002945660375 0.0007310162587 24.3886328 24.54326842
23500 24.45243234 1.119641681e-16 0.002945660375 0.0007310162587 24.3886328 24.54326842
24000 24.45243234 2.475129058e-16 0.002945660375 0.0007310162587 24.3886328 24.54326842
24500 24.45243234 1.636507193e-16 0.002945660375 0.0007310162587 24.3886328 24.54326842
25000 24.45243234 4.664010184e-17 0.002945660375 0.0007310162587 24.3886328 24.54326842
25500 24.45243234 3.310378827e-16 0.002945660375 0.0007310162587 24.3886328 24.54326842
26000 24.45243234 8.113626571e-17 0.002945660375 0.0007310162587 24.3886328 24.54326842
26500 24.45243234 1.566903381e-16 0.002945660375 0.0007310162587 24.3886328 24.54326842
27000 24.45243234 1.519540016e-16 0.002945660375 0.0007310162587 24.3886328 24.54326842
27500 24.45243234 8.931419274e-17 0.002945660375 0.0007310162587 24.3886328 24.54326842
28000 24.45243234 1.443165182e-16 0.002945660375 0.0007310162587 24.3886328 24.54326842
28500 24.45243234 1.525195389e-16 0.002945660375 0.0007310162587 24.3886328 24.54326842
29000 24.45243234 2.041692505e-16 0.002945660375 0.0007310162587 24.3886328 24.54326842
29500 24.45243234 1.217246881e-16 0.002945660375 0.0007310162587 24.3886328 24.54326842
29999 24.45243234 1.882887366e-16 0.002945660375 0.0007310162587 24.3886328 24.54326842
