# 1:passo  2:raio_area  3:raio_grad  4:raio_linha  5:p_in  6:p_out  7:delta_p  8:sigma  9:|u-v0|max  10:|u-v0|rms  11:Ca  12:massa_R  13:massa_B  14:|q|  15:sd_p_in  16:sd_p_out  17:sigma_2pontos  18:K_perfil  19:r_perfil  20:espessura_10_90  21:residuo_ajuste  22:n_camadas
0 25.04052139 25.08111096 25 0.3333333333 0.3333333333 -2.220446049e-16 -5.560112678e-15 0.00521265614 0.00105841897 0 1969.865651 8030.134349 5.549178661e-16 2.78221524e-08 0 0 1.273345395 25.01411833 3.451105388 0.08159937045 12
500 24.52230014 24.49262755 24.36509082 0.3472237821 0.3341976457 0.01302613636 0.3194308254 0.02753952805 0.0149511511 0.001436906202 1969.865651 8030.134349 7.367078159e-14 0.0005450041335 0.005340322754 0.6152123849 1.285857042 24.49279155 3.41752544 0.06521768309 12
1000 24.06778174 24.02880103 23.81760947 0.3609157289 0.327868337 0.03304739197 0.795377417 0.03235033993 0.01973749196 0.0006778823746 1969.865651 8030.134349 1.389240902e-13 0.0004285674082 0.004227242174 0.6337152582 1.291523716 24.04359529 3.402530747 0.1142627964 12
1500 23.64746378 23.59479978 23.19905872 0.3841327908 0.3212225553 0.06291023551 1.487667516 0.02291996491 0.01541375774 0.0002567774123 1969.865651 8030.134349 2.703319402e-13 0.003226237098 0.003415784899 1.839644227 1.273977841 23.63853987 3.449392144 0.1922974109 12
2000 23.45780037 23.40092445 23.01384021 0.387617849 0.318743956 0.06887389303 1.615630034 0.01480830722 0.007192740649 0.0001527609139 1969.865651 8030.134349 2.274119625e-13 0.001034650483 0.001986864193 1.473278128 1.292519673 23.44426612 3.399908911 0.1691338065 12
2500 23.45878669 23.3880176 23.15984486 0.3908697303 0.3220936521 0.06877607821 1.613403349 0.01716939852 0.008715979907 0.0001773621223 1969.865651 8030.134349 1.822248437e-13 0.00170206451 0.00215919986 1.601227202 1.298543169 23.43710359 3.384137902 0.1269429081 12
3000 23.71594929 23.6535765 23.64451581 0.3814774749 0.3260015862 0.05547588873 1.315663364 0.0177398402 0.01176014853 0.000224726181 1969.865651 8030.134349 2.513080241e-13 0.002234477734 0.003407140545 1.261764527 1.278884264 23.68400086 3.436158594 0.1281543182 11
3500 24.03492298 23.98597506 24.05283361 0.3608988496 0.3283993249 0.03249952465 0.7811235716 0.01688239483 0.01062680344 0.0003602160495 1969.865651 8030.134349 1.826833645e-13 0.001908913681 0.004467506221 0.592003524 1.295111859 23.99484276 3.393103944 0.1933257954 12
4000 24.21175835 24.17631356 24.27024702 0.3565218454 0.3296324782 0.02688936723 0.6510388614 0.01208892391 0.007127443944 0.0003094777856 1969.865651 8030.134349 1.781366801e-13 0.0004977323335 0.002548392055 0.6366675714 1.283265402 24.16782583 3.424427361 0.1790756124 11
4500 24.20850686 24.17695402 24.27167064 0.3585733341 0.3289329709 0.02964036321 0.7175489362 0.01565348643 0.006494185856 0.0003635869658 1969.865651 8030.134349 1.960006861e-13 0.0001532822953 0.002205060229 0.6484970703 1.276931495 24.1651919 3.441413399 0.1691564348 11
5000 24.07098498 24.03334583 24.01370366 0.3637502186 0.3274382389 0.03631197972 0.8740651182 0.01364759504 0.007217800098 0.0002602322328 1969.865651 8030.134349 1.345866216e-13 0.0001560383677 0.004045789052 0.8917231462 1.293936436 24.03913667 3.396186267 0.1461074311 12
5500 23.96353222 23.9226008 23.7973924 0.3645254683 0.3235454402 0.0409800281 0.9820262238 0.01211798157 0.006759087314 0.0002056628985 1969.865651 8030.134349 1.865245407e-13 0.0005937906627 0.003405144914 1.147150399 1.297907128 23.93175654 3.385796302 0.1503362962 12
6000 23.85680051 23.80911693 23.61229391 0.3687377078 0.3222126962 0.04652501162 1.109937921 0.007563347411 0.004246616089 0.0001135701266 1969.865651 8030.134349 1.666887843e-13 0.0006724645896 0.003718705715 1.287861469 1.279028746 23.83525332 3.435770438 0.08966316031 11
6500 23.7969052 23.74177505 23.57581592 0.3725514475 0.3234299876 0.04912145986 1.168938724 0.0108044876 0.005285934241 0.0001540498144 1969.865651 8030.134349 1.505448455e-13 0.000111207163 0.001864074858 1.200812061 1.282895905 23.77199098 3.425413657 0.1017114767 11
7000 23.83379283 23.77547673 23.68858595 0.3746770666 0.3253631971 0.04931386949 1.175336549 0.01494725063 0.005580964797 0.0002119570297 1969.865651 8030.134349 8.169201631e-14 0.001009922706 0.001355393191 1.12054596 1.275514184 23.80775247 3.445237388 0.1073921296 11
7500 23.92371962 23.86905793 23.81264519 0.3701245209 0.3269305084 0.0431940125 1.033361444 0.009274708775 0.004876262881 0.0001495880076 1969.865651 8030.134349 1.799019742e-13 0.0005355245607 0.002540319914 0.9334714554 1.27537154 23.90041176 3.445622721 0.1006612082 11
8000 23.99729553 23.94896465 23.904143 0.3645911409 0.3276950286 0.03689611233 0.8854069116 0.003655146668 0.002039144671 6.880351886e-05 1969.865651 8030.134349 1.702408656e-13 0.0005074470248 0.003518999955 0.7399522331 1.299631974 23.96132169 3.381302739 0.1721495764 12
8500 24.0043561 23.96124968 23.93100948 0.3659145085 0.3279333361 0.03798117242 0.9117135878 0.006844778987 0.0028005158 0.0001251266311 1969.865651 8030.134349 2.191583056e-13 8.027124728e-05 0.002735196647 0.8468360087 1.299173476 23.97011774 3.382496054 0.1624930239 12
9000 23.96533461 23.92294264 23.87393716 0.3671813511 0.3271058034 0.04007554773 0.9604239111 0.01092459219 0.004196219999 0.0001895793455 1969.865651 8030.134349 2.816209737e-13 2.751352682e-05 0.001128226704 0.8931163492 1.2971094 23.93144632 3.387878582 0.1596065565 12
9500 23.9294614 23.88659814 23.79091717 0.3684621867 0.325464205 0.04299798174 1.028918544 0.008908874953 0.004174680038 0.0001443080699 1969.865651 8030.134349 3.182862274e-13 7.751624637e-05 0.001120042881 1.038146914 1.296279638 23.89589758 3.390047199 0.1578718373 12
10000 23.91600253 23.87260976 23.75222702 0.3681768266 0.3239068138 0.04427001286 1.05876174 0.00472465047 0.002180750375 7.437383838e-05 1969.865651 8030.134349 2.308419144e-13 7.585529187e-05 0.001974847655 1.14655395 1.298263421 23.88235168 3.38486711 0.1603649842 12
10500 23.91044077 23.86416235 23.75300191 0.3681092118 0.3239857257 0.04412348607 1.055012 0.002235964345 0.001108839934 3.53228896e-05 1969.865651 8030.134349 2.466127185e-13 0.0001352174797 0.002327964471 1.133606362 1.281991488 23.8890939 3.427830211 0.1062426049 11
11000 23.92433659 23.87456934 23.80267475 0.368162231 0.3250197066 0.04314252434 1.032156274 0.006320560375 0.002585691933 0.0001020607786 1969.865651 8030.134349 2.387128323e-13 9.750876918e-05 0.00169034634 1.08229085 1.280592029 23.90185266 3.431576221 0.1055035783 11
11500 23.96158078 23.91117669 23.8696753 0.3671095483 0.326074543 0.0410350053 0.9832635943 0.007379298051 0.003029035265 0.0001250817192 1969.865651 8030.134349 2.351357511e-13 5.10936061e-05 0.0004265312175 0.9935746837 1.297654227 23.92344461 3.386456163 0.18227359 12
12000 23.98913986 23.9398956 23.89837881 0.3657337965 0.3267691785 0.03896461799 0.9347276705 0.005091579665 0.002313921551 9.07854381e-05 1969.865651 8030.134349 2.554489946e-13 0.0001889361247 0.0008012069842 0.89831557 1.297224466 23.95210849 3.387578072 0.1761471598 12
12500 23.98702818 23.9399024 23.88726047 0.3660650512 0.3269385331 0.03912651813 0.9385288928 0.001778688973 0.001258816844 3.158647161e-05 1969.865651 8030.134349 3.373879042e-13 4.764685091e-05 0.001513657986 0.8739839055 1.297972101 23.95130394 3.385626819 0.1695598379 12
13000 23.95019916 23.9036488 23.83272853 0.3681632173 0.3267278323 0.04143538497 0.9923857225 0.002626920293 0.00167528383 4.411793106e-05 1969.865651 8030.134349 3.81958696e-13 0.0001694142285 0.001402608655 0.9361726748 1.297440523 23.91491703 3.387013952 0.1667387643 12
13500 23.90949891 23.86279995 23.76723835 0.3695228662 0.3260725563 0.04345030989 1.038875137 0.004333576776 0.002011404426 6.952354239e-05 1969.865651 8030.134349 3.95983644e-13 0.0001439577295 0.0008337753382 0.9925874711 1.279504425 23.88793641 3.434493127 0.109166736 11
14000 23.88940786 23.84269806 23.72951987 0.3699453539 0.3252436443 0.04470170964 1.067897373 0.003765040615 0.001733880446 5.876096195e-05 1969.865651 8030.134349 3.823322137e-13 9.778395637e-05 0.0001386647112 1.065950407 1.279895167 23.86764521 3.433444604 0.1051028816 11
14500 23.89351592 23.8467747 23.73528017 0.3694891476 0.324838911 0.04465023666 1.06685114 0.002166634141 0.001209860536 3.384780468e-05 1969.865651 8030.134349 4.044806667e-13 2.77008207e-05 0.0005249232044 1.091155418 1.2807083 23.87178756 3.431264679 0.1051681665 11
15000 23.91610975 23.86884425 23.77926355 0.3686036712 0.3250922741 0.04351139712 1.040623349 0.00254186263 0.001447293481 4.071057719e-05 1969.865651 8030.134349 4.359720807e-13 1.18001315e-05 0.0007769304993 1.062323308 1.280814965 23.89437915 3.430978929 0.1081053587 11
15500 23.95032321 23.90281753 23.84193888 0.3674928711 0.3256728731 0.041819998 1.001602469 0.00230123207 0.001577869109 3.82925053e-05 1969.865651 8030.134349 4.094731034e-13 1.022422331e-05 0.0007179547405 1.019124038 1.298857389 23.91394734 3.383319211 0.1741136327 12
16000 23.98195827 23.93493276 23.89063145 0.3660670856 0.326173768 0.03989331759 0.9567198777 0.002238664687 0.001201625824 3.899895779e-05 1969.865651 8030.134349 4.116925834e-13 9.664878084e-05 0.000360912252 0.9611810125 1.29814247 23.94569686 3.385182488 0.1729502042 12
16500 23.99275695 23.94630011 23.90112691 0.3654890959 0.3264237843 0.03906531161 0.9372845267 0.001376061049 0.0006663694429 2.446893143e-05 1969.865651 8030.134349 4.4725447e-13 0.000176632088 0.0001140722535 0.9323173625 1.297959474 23.95700415 3.385659754 0.1699704233 12
17000 23.97781534 23.93154538 23.87433735 0.3662594336 0.3263652658 0.03989416779 0.9565749884 0.001821562677 0.001032753805 3.173758285e-05 1969.865651 8030.134349 5.104123884e-13 9.678408687e-05 0.0002284492791 0.9437709776 1.297707207 23.9428691 3.386317908 0.1693151784 12
17500 23.94585436 23.89900298 23.82272125 0.3677884797 0.3260754657 0.04171301405 0.9988537595 0.002286247922 0.001354097368 3.814785866e-05 1969.865651 8030.134349 5.077461603e-13 2.937112048e-05 0.0002543407951 0.9823951946 1.297681441 23.91037446 3.386385146 0.1681441165 12
18000 23.91581654 23.86825524 23.77350878 0.3690333526 0.3256645083 0.04336884431 1.037201324 0.001749210494 0.00111358939 2.810785867e-05 1969.865651 8030.134349 4.746377157e-13 9.713479751e-05 0.0001998612226 1.023121457 1.279441292 23.89407726 3.434662601 0.1075241855 11
18500 23.90066173 23.85263935 23.74933261 0.3695557691 0.325364314 0.04419145502 1.056205018 0.0006340839725 0.0004374407074 1.000569589e-05 1969.865651 8030.134349 4.861343435e-13 0.0001022615729 0.0001407343512 1.049973169 1.279786522 23.8786293 3.43373608 0.1045725148 11
19000 23.90349142 23.85530279 23.75729853 0.3693771175 0.3253740302 0.04400308725 1.051827419 0.0008811885461 0.0004491420663 1.396281891e-05 1969.865651 8030.134349 4.82577983e-13 7.681376482e-05 9.671682819e-05 1.048505787 1.280161743 23.88141612 3.432729636 0.1050269895 11
19500 23.92145779 23.87348059 23.79089096 0.3686545932 0.3256340656 0.04302052758 1.029113735 0.001523235156 0.0009560737312 2.466904459e-05 1969.865651 8030.134349 4.571715928e-13 4.149287096e-05 5.225592921e-05 1.022927831 1.280139598 23.89957451 3.43278902 0.1082968365 11
20000 23.94595856 23.89862102 23.83178895 0.3676845616 0.3259498069 0.04173475469 0.9993787062 0.001545309842 0.0009903898055 2.57711755e-05 1969.865651 8030.134349 5.001603465e-13 6.368163377e-06 5.291675628e-05 0.9921660328 1.29861403 23.90990336 3.38395324 0.1721512085 12
20500 23.96550101 23.91898442 23.86063846 0.3668067823 0.3261459609 0.04066082144 0.9744569574 0.0009504313177 0.0006114962501 1.62557431e-05 1969.865651 8030.134349 4.682555339e-13 5.607256579e-05 3.193087055e-05 0.9664403976 1.298322415 23.92978329 3.384713308 0.1701791585 12
21000 23.97105258 23.92505281 23.86619989 0.3665333975 0.3261633954 0.04037000213 0.9677114435 0.000680907461 0.0002492586714 1.172710911e-05 1969.865651 8030.134349 4.994249711e-13 7.859644985e-05 4.78080264e-05 0.9626976483 1.298185569 23.93564864 3.3850701 0.1683758977 12
21500 23.96195434 23.91589604 23.84963971 0.3669101222 0.3260187478 0.04089137436 0.9798372455 0.0008633272701 0.0005713862635 1.468487537e-05 1969.865651 8030.134349 4.836529903e-13 5.83048441e-05 0.0001413170933 0.9787036343 1.29812972 23.92663897 3.385215735 0.1678117334 12
22000 23.94504666 23.89842761 23.82153434 0.3676107347 0.325790357 0.04182037772 1.001390896 0.001156920671 0.0007200454983 1.925522916e-05 1969.865651 8030.134349 4.688410471e-13 2.288633269e-05 0.0002101282622 1.003090068 1.298131146 23.90959273 3.385212016 0.1685057478 12
22500 23.92959716 23.88227149 23.79663886 0.3682550415 0.3255920178 0.04266302374 1.020908972 0.001013397597 0.0005723087206 1.654404107e-05 1969.865651 8030.134349 4.738504686e-13 1.242323054e-05 0.0001967078598 1.023686436 1.298277357 23.89389503 3.384830778 0.1699011159 12
23000 23.92189242 23.87400989 23.78559917 0.3685970257 0.3255319336 0.04306509205 1.030198499 0.0007031376217 0.0003522687226 1.137543917e-05 1969.865651 8030.134349 4.857423272e-13 3.569142665e-05 9.737803786e-05 1.030039414 1.298490371 23.88593534 3.384275503 0.1713848196 12
23500 23.9235184 23.87539808 23.79064446 0.3685835608 0.3256385404 0.04294502035 1.027395985 0.001045614706 0.0004172249837 1.696221517e-05 1969.865651 8030.134349 4.962770246e-13 4.501812814e-05 5.462466914e-05 1.021444238 1.298619918 23.88738892 3.383937898 0.1723810692 12
24000 23.93227628 23.88433457 23.80669874 0.3682618203 0.3258308432 0.04243097701 1.015469864 0.001050642352 0.0005025809635 1.724394438e-05 1969.865651 8030.134349 4.400711337e-13 3.492261861e-05 0.0001901484462 1.00350839 1.298587722 23.89614118 3.384021795 0.1724085988 12
24500 23.94297622 23.89553729 23.82409297 0.36782204 0.325997582 0.04182445799 1.001402003 0.000858711497 0.0004150697214 1.429182111e-05 1969.865651 8030.134349 4.90451627e-13 1.158264014e-05 0.000254452276 0.986705306 1.298452761 23.90701823 3.384373532 0.1714160964 12
25000 23.95023188 23.90337174 23.83447912 0.3674905465 0.3260595863 0.04143096026 0.9922811052 0.0006583520872 0.0002908591959 1.105788947e-05 1969.865651 8030.134349 5.274115348e-13 1.254381282e-05 0.0002152666737 0.9786707011 1.298348605 23.91453823 3.384645032 0.1699789968 12
25500 23.95118444 23.90469585 23.83440659 0.367420033 0.3260025827 0.0414174503 0.991996991 0.0009230158043 0.0003561138511 1.550770504e-05 1969.865651 8030.134349 5.820091685e-13 2.087280666e-05 8.585257008e-05 0.9830071711 1.298289414 23.9156932 3.384799342 0.1688857127 12
26000 23.9467828 23.90032365 23.82612994 0.3675713877 0.3258667736 0.04170461409 0.9986913354 0.000978678922 0.0004194154906 1.633268938e-05 1969.865651 8030.134349 6.305636835e-13 1.743514096e-05 7.674715456e-05 0.9957287528 1.298291223 23.91134672 3.384794626 0.1686030478 12
26500 23.94052478 23.89380533 23.81554725 0.3677975592 0.3257237097 0.04207384947 1.007270036 0.0006717606956 0.0003332533767 1.111520366e-05 1969.865651 8030.134349 6.243981852e-13 1.151848975e-05 0.0001980113044 1.009178471 1.298354535 23.90499954 3.384629572 0.169113281 12
27000 23.93594974 23.88884066 23.80851814 0.3679733499 0.3256454897 0.04232786022 1.013157535 0.0005002433301 0.0001732025791 8.229113983e-06 1969.865651 8030.134349 6.634777194e-13 5.179707605e-06 0.0002314778311 1.016954011 1.298446692 23.90025047 3.384389349 0.1700768412 12
27500 23.93496552 23.88751648 23.80796364 0.3680294069 0.3256656575 0.04236374944 1.013974882 0.0007111637345 0.0002296780027 1.168937132e-05 1969.865651 8030.134349 6.487488369e-13 5.277371051e-07 0.000169036958 1.01557308 1.298507067 23.89908825 3.38423199 0.1710308831 12
28000 23.93729459 23.88968438 23.81281922 0.367972472 0.3257634376 0.04220903441 1.010370091 0.0008749370682 0.000337957573 1.443261692e-05 1969.865651 8030.134349 6.395163086e-13 4.515185061e-06 4.524423532e-05 1.007132284 1.298490151 23.90131192 3.384276077 0.1715521944 12
28500 23.94104038 23.89349203 23.81937989 0.3678546219 0.3258795261 0.04197509578 1.004927463 0.0008391688735 0.0003131811149 1.391756958e-05 1969.865651 8030.134349 7.185207095e-13 5.222275527e-06 8.505348589e-05 0.9965179086 1.298422895 23.90506748 3.384451378 0.1714438331 12
29000 23.94376741 23.89643431 23.82355732 0.3677610661 0.3259555696 0.04180549653 1.000981085 0.0006532350632 0.0001808425665 1.08765802e-05 1969.865651 8030.134349 7.497687252e-13 3.600531893e-06 0.0001668297986 0.9893656289 1.298353801 23.90789952 3.384631487 0.1708436456 12
29500 23.94396167 23.89686899 23.82323726 0.3677527452 0.3259608151 0.04179193012 1.000664373 0.0005128341057 0.0001361624947 8.541560312e-06 1969.865651 8030.134349 7.262884251e-13 2.851509523e-06 0.0001718423445 0.9888546393 1.298320263 23.90822838 3.384718918 0.1701223246 12
29999 23.9415268 23.89457804 23.81862785 0.367838098 0.3258981822 0.04193991579 1.004105618 0.0005900516691 0.0002395388722 9.793984131e-06 1969.865651 8030.134349 7.082420486e-13 4.564628318e-06 0.0001083909823 0.9947605468 1.298326275 23.90588886 3.384703244 0.1696417931 12
