# 1:passo  2:raio_area  3:raio_grad  4:raio_linha  5:p_in  6:p_out  7:delta_p  8:sigma  9:|u-v0|max  10:|u-v0|rms  11:Ca  12:massa_R  13:massa_B  14:|q|  15:sd_p_in  16:sd_p_out  17:sigma_2pontos  18:K_perfil  19:r_perfil  20:espessura_10_90  21:residuo_ajuste  22:n_camadas
0 25.04052139 25.08111096 25 0.3333333333 0.3333333333 -2.220446049e-16 -5.560112678e-15 2.860979249e-17 7.340514724e-18 0 1969.865651 8030.134349 1.442676964e-16 2.78221524e-08 0 -1.387778781e-15 1.273345395 25.01411833 3.451105388 0.08159937045 12
500 24.91225907 24.92939947 24.81626523 0.3360279001 0.3334730253 0.002554874805 0.06364770305 0.04981171888 0.008679942754 0.00521744085 1969.865651 8030.134349 3.791525982e-14 0.0005228553482 0.00153308054 0.1688622288 1.289367334 24.88632129 3.408221256 0.07681737735 12
1000 24.77944965 24.79514337 24.73492367 0.3399760413 0.3319343412 0.008041700164 0.1992689043 0.05172614985 0.01005665707 0.001730530914 1969.865651 8030.134349 4.175068371e-14 0.0002083981726 0.001521428432 0.1095348004 1.285463129 24.75200424 3.418572697 0.08828216318 11
1500 24.6184843 24.62621152 24.50171499 0.3467910027 0.3297280545 0.01706294827 0.420063924 0.05119236145 0.0100211639 0.0008124535105 1969.865651 8030.134349 2.305746979e-14 0.000249816311 0.001332540901 0.5586175352 1.286717003 24.59062807 3.41524138 0.07970512674 12
2000 24.52151956 24.52645921 24.40441288 0.3485531231 0.3280438875 0.0205092356 0.502917622 0.050045775 0.008715616722 0.0006634058649 1969.865651 8030.134349 5.102409528e-14 0.0008032819838 0.0009360917911 0.4657942317 1.292073609 24.48989923 3.401082665 0.09015515166 12
2500 24.48886304 24.48985804 24.39828374 0.3516352816 0.3283176436 0.02331763796 0.5710224425 0.05130732063 0.008330043239 0.00059901114 1969.865651 8030.134349 1.134034558e-13 0.0004443245706 0.0003360251042 0.5924216592 1.289943707 24.45432313 3.406698394 0.105650663 12
3000 24.53945752 24.54004112 24.42015571 0.3518354201 0.3298224665 0.02201295367 0.5401859415 0.04944405513 0.009068042639 0.0006102103163 1969.865651 8030.134349 1.600468718e-13 0.0006306190628 0.001307256771 0.4632875277 1.290326275 24.50682911 3.405688345 0.09343635877 12
3500 24.66314287 24.66707009 24.5365398 0.3455409518 0.3314855319 0.01405541987 0.3466508285 0.048249801 0.009701261751 0.0009279231825 1969.865651 8030.134349 2.133992622e-13 0.000352165249 0.002231026684 0.2497877442 1.290987902 24.63568209 3.40394294 0.07981704925 12
4000 24.78948616 24.79992579 24.67394617 0.3400538276 0.3329988057 0.007055021951 0.174890369 0.04766885308 0.009129957488 0.00181709465 1969.865651 8030.134349 2.305317231e-13 0.0001973318055 0.002416574202 0.116536852 1.287596906 24.76156232 3.412907513 0.07515953563 11
4500 24.87325265 24.89144609 24.76897573 0.3370012252 0.3333641503 0.003637074957 0.09046588431 0.04947260896 0.008622950529 0.003645765424 1969.865651 8030.134349 2.337180702e-13 0.0002490780918 0.001969753388 0.01013533882 1.293277561 24.84609546 3.397916494 0.08083490164 12
5000 24.85099133 24.86970952 24.75214422 0.33927634 0.3334919148 0.00578442524 0.1437487015 0.04841360718 0.008816226513 0.002245289021 1969.865651 8030.134349 2.850296258e-13 8.215491503e-05 0.0006479532055 0.1526377207 1.288425781 24.82345005 3.410711909 0.08051162715 12
5500 24.79862627 24.81674728 24.74028846 0.3394041673 0.3319335019 0.007470665374 0.1852622386 0.0487801176 0.009205587038 0.001755353851 1969.865651 8030.134349 2.91317616e-13 0.0002868942955 0.001969771235 0.1090142478 1.285063572 24.77180466 3.419635612 0.08329260403 11
6000 24.72626695 24.74219426 24.6645747 0.3421752282 0.3297268675 0.01244836069 0.3078014896 0.04914693756 0.009078550481 0.001064472595 1969.865651 8030.134349 3.539436356e-13 9.297160101e-05 0.002459423438 0.4611065977 1.290706717 24.70261703 3.404684502 0.08226450902 12
6500 24.65733499 24.6699476 24.58210045 0.3430786809 0.3285220132 0.01455666768 0.3589286314 0.04926071807 0.008434928706 0.000914958458 1969.865651 8030.134349 3.261482816e-13 0.0004015985896 0.002695958863 0.4704977921 1.294374747 24.63073301 3.395036226 0.08438303946 12
7000 24.60152997 24.60658451 24.53050027 0.3459579831 0.3288575895 0.0171003936 0.4206958457 0.05239487456 0.008464010342 0.0008302890729 1969.865651 8030.134349 2.838373114e-13 0.0004375479095 0.002370314424 0.4982565842 1.290246792 24.57151327 3.405898144 0.09873075789 12
7500 24.62215181 24.62569383 24.54845025 0.3478319553 0.3297704049 0.01806155039 0.4447142357 0.05177432843 0.00892548477 0.0007761437838 1969.865651 8030.134349 3.312327689e-13 0.0007493131327 0.001044986885 0.4983964228 1.288182607 24.5917146 3.411355758 0.09910313193 12
8000 24.68276265 24.68615413 24.56068782 0.3445590509 0.3309171169 0.01364193408 0.336720621 0.05031786948 0.009315491389 0.0009962337983 1969.865651 8030.134349 3.244000732e-13 0.0002589887398 0.0008187093786 0.2683015186 1.289237111 24.65441675 3.408565512 0.07972908834 12
8500 24.74801868 24.7548989 24.59948127 0.3417296133 0.3321204132 0.009609200071 0.2378086629 0.04988671181 0.008708075332 0.001398511201 1969.865651 8030.134349 3.344535542e-13 8.429358328e-05 0.001970689305 0.1658243204 1.286827741 24.7189802 3.414947483 0.07353114072 11
9000 24.78416253 24.79567218 24.6565872 0.3411181783 0.3329267855 0.008191392756 0.2030168094 0.04920540964 0.008206058168 0.001615807406 1969.865651 8030.134349 3.373460728e-13 7.533450036e-05 0.002906869237 0.1008141858 1.28783618 24.75626094 3.41227341 0.07057595448 11
9500 24.75618456 24.76805228 24.63706865 0.3424298224 0.3334260297 0.009003792752 0.2228995551 0.04861202567 0.008250383354 0.001453929197 1969.865651 8030.134349 3.151866989e-13 6.191499136e-05 0.002259911096 0.1400004538 1.285313536 24.72802741 3.418970572 0.07304875998 11
10000 24.72732857 24.74115922 24.63084757 0.3423970764 0.3323805566 0.0100165198 0.2476817762 0.04903894451 0.008798902122 0.001319944897 1969.865651 8030.134349 3.562787565e-13 8.568802578e-05 0.001500106393 0.1305820231 1.285547419 24.69919473 3.41834855 0.08092378045 11
10500 24.69414783 24.70924682 24.60994811 0.3437486997 0.3304306622 0.01331803752 0.3288775873 0.04942694235 0.008961040913 0.001001931909 1969.865651 8030.134349 4.751841494e-13 5.607162779e-05 0.0009871568435 0.39497841 1.291276275 24.66977606 3.403182757 0.08014301619 12
11000 24.66253969 24.67743514 24.58183244 0.3440843619 0.3292334579 0.01485090401 0.3662610097 0.04975987673 0.008511821322 0.0009057270709 1969.865651 8030.134349 4.745764288e-13 9.940350289e-05 0.001319718228 0.4132847901 1.293794661 24.63766479 3.396558424 0.08166037195 12
11500 24.63805636 24.64826379 24.56957555 0.3456018251 0.3292055823 0.01639624275 0.403971553 0.05118328095 0.008200580966 0.0008446680724 1969.865651 8030.134349 4.882563712e-13 6.062013205e-05 0.002210443611 0.4663274519 1.291933331 24.61037026 3.401451955 0.09170772921 12
12000 24.66558966 24.67414983 24.61328452 0.3456219801 0.3297184346 0.01590354551 0.3922703279 0.04937439269 0.00827212088 0.0008391218875 1969.865651 8030.134349 5.840949406e-13 0.000534729025 0.002069644341 0.4680593187 1.289948575 24.63726647 3.406685537 0.09660273287 12
12500 24.72007903 24.72731392 24.6413225 0.3421486729 0.3305503605 0.01159831236 0.2867111981 0.04861258073 0.008700711313 0.001130349542 1969.865651 8030.134349 5.622204727e-13 0.0002989640476 0.001286954269 0.3258786461 1.290621068 24.69326764 3.404910445 0.08516479212 12
13000 24.77506397 24.783362 24.66155072 0.3393648404 0.3315020041 0.00786283626 0.1948022713 0.04999851697 0.008599527587 0.001711086037 1969.865651 8030.134349 5.954358561e-13 0.0006000961265 0.0007660981891 0.2140977611 1.287276471 24.74610332 3.413757071 0.07794809982 11
13500 24.80302391 24.81406656 24.69266231 0.3397285892 0.3323263458 0.007402243472 0.1835980218 0.05055975911 0.008378750306 0.001835886125 1969.865651 8030.134349 6.745170696e-13 0.0001925899761 0.0009487410111 0.1611827488 1.286873465 24.77514639 3.414826146 0.07390194573 11
14000 24.77584189 24.78658924 24.66532563 0.3417580804 0.3328854575 0.008872622892 0.2198267019 0.04985298903 0.008227666244 0.001511887579 1969.865651 8030.134349 7.631080771e-13 0.0001813773529 0.00131639633 0.158473914 1.284249361 24.74745 3.421803652 0.07558777556 11
14500 24.73468189 24.74594823 24.62064329 0.3429253856 0.3323287921 0.01059659356 0.262103371 0.049387849 0.008391893 0.001256192644 1969.865651 8030.134349 7.979584824e-13 0.0001945966456 0.001513828387 0.1451785732 1.284349265 24.70550366 3.421537487 0.07711098039 11
15000 24.68644299 24.69820588 24.57341337 0.3445196859 0.3309515597 0.01356812625 0.3349487751 0.04908710633 0.008522786996 0.0009770072317 1969.865651 8030.134349 7.798467399e-13 0.0001596291498 0.001244466318 0.3383606436 1.291437203 24.66125013 3.402758682 0.07619933124 12
15500 24.63965874 24.65121497 24.53788151 0.3452770303 0.3300000154 0.01527701488 0.3764204333 0.04931747425 0.008327766939 0.0008734466372 1969.865651 8030.134349 7.425173618e-13 5.037376579e-05 0.0006401457972 0.3741361618 1.293486005 24.61316768 3.397368921 0.07891337619 12
16000 24.60745907 24.61627008 24.51985858 0.3467342354 0.3298083409 0.01692589449 0.4165032558 0.05071755752 0.00818165563 0.0008117992966 1969.865651 8030.134349 7.152406847e-13 7.331687957e-05 0.0004403518503 0.4307585514 1.292562206 24.5791529 3.399797033 0.0887424287 12
16500 24.62765883 24.63598035 24.55386441 0.3469344846 0.3299502296 0.01698425502 0.418282438 0.04977358818 0.008224247892 0.0007933011073 1969.865651 8030.134349 7.330096948e-13 0.0004397224321 0.0006659942677 0.449156973 1.290532871 24.59906139 3.405143142 0.09263889127 12
17000 24.68449261 24.69307251 24.60204407 0.3441977102 0.3303970327 0.01380067751 0.340662722 0.04879164942 0.008499339876 0.0009548378552 1969.865651 8030.134349 7.782864074e-13 8.524418733e-05 0.0006750452237 0.3611042947 1.290611957 24.65749099 3.404934482 0.08586834003 12
17500 24.75222135 24.76245811 24.6541513 0.3409075228 0.3310803312 0.009827191601 0.2432448218 0.04919335923 0.0084388583 0.001348253689 1969.865651 8030.134349 8.091467464e-13 0.0003107402961 0.0005176430158 0.2533476841 1.286833185 24.72304644 3.414933036 0.08277041451 11
18000 24.80046813 24.81310396 24.70508744 0.3397329501 0.3318546855 0.007878264615 0.1953846505 0.04924565179 0.008224711878 0.001680297528 1969.865651 8030.134349 8.460856922e-13 0.000136070035 0.0002381805083 0.2017494968 1.287404098 24.77277245 3.413418647 0.07765871607 11
18500 24.80125441 24.81370188 24.71084339 0.3400085697 0.3324673271 0.007541242557 0.1870322752 0.04872628358 0.008078544044 0.001736822643 1969.865651 8030.134349 8.820307058e-13 0.0001557792464 0.0002631650281 0.1777038335 1.285491016 24.77359848 3.418498534 0.07825633772 11
19000 24.77678889 24.78913406 24.68440957 0.3405822404 0.3322469204 0.008335320046 0.2065224651 0.04923526802 0.008214923951 0.001589343416 1969.865651 8030.134349 9.569008637e-13 0.0002037213958 0.0005739817686 0.1650921061 1.284751179 24.74853523 3.420467111 0.07932665176 11
19500 24.73460447 24.74684925 24.63491511 0.3421895537 0.3312191186 0.01097043512 0.2713493736 0.04985590133 0.008434134577 0.001224888309 1969.865651 8030.134349 9.643778537e-13 0.0001098666979 0.000377865478 0.294470857 1.284389733 24.70537901 3.421429682 0.08035020173 11
20000 24.68225844 24.69376956 24.58121922 0.3439196258 0.3303196336 0.01359999215 0.3356785209 0.05023149071 0.008352927788 0.0009976110592 1969.865651 8030.134349 9.78326165e-13 5.552475603e-05 0.0003343939174 0.3475238774 1.29239994 24.65655595 3.400223894 0.07806464824 12
20500 24.63264963 24.64131058 24.53577603 0.3461448519 0.3300067699 0.01613808201 0.3975237199 0.05079094105 0.008163507733 0.0008517888537 1969.865651 8030.134349 1.025511109e-12 0.0001875073624 0.0002836430701 0.4017315142 1.291815883 24.60481696 3.401761204 0.08427713248 12
21000 24.62084027 24.62788657 24.52986341 0.3472336389 0.3300509777 0.01718266117 0.4230515562 0.05004581235 0.008070091212 0.0007886479653 1969.865651 8030.134349 1.012714228e-12 0.000408472401 0.0003403568752 0.4268247959 1.290603373 24.59192566 3.404957127 0.08890083925 12
21500 24.64775514 24.65453118 24.55015649 0.3458037882 0.3304234582 0.01538033004 0.3790906087 0.04906187273 0.008248016887 0.0008627994047 1969.865651 8030.134349 9.889012713e-13 0.0002245573317 0.0001945828721 0.3789133076 1.290878834 24.61958986 3.404230543 0.08546296008 12
22000 24.69834277 24.70653785 24.59304015 0.3431271094 0.331007414 0.01211969545 0.2993363926 0.04930816056 0.008341010077 0.001098166072 1969.865651 8030.134349 9.720619169e-13 0.0001900446631 0.0005732432288 0.2838356284 1.293188874 24.67223962 3.398149523 0.07867948512 12
22500 24.74869551 24.75960014 24.6456678 0.3416750284 0.331674016 0.01000101238 0.2475120102 0.04965406462 0.008261571222 0.001337418322 1969.865651 8030.134349 1.018927346e-12 8.338789372e-05 0.0007129167754 0.2307585892 1.287113006 24.71970412 3.414190623 0.08018047476 11
23000 24.77220721 24.78451724 24.67529117 0.3412451022 0.3322032956 0.009041806586 0.2239855063 0.04906519568 0.008121805907 0.001460368172 1969.865651 8030.134349 9.493354006e-13 6.319935467e-05 0.0005520428114 0.1974491322 1.285754049 24.74399584 3.417799195 0.07887093138 11
23500 24.77311213 24.78634552 24.68141983 0.3410415209 0.3321403133 0.008901207687 0.2205106161 0.04893378446 0.00811516886 0.001479408273 1969.865651 8030.134349 9.370695202e-13 8.350333955e-05 0.0005118217378 0.1787261327 1.285119396 24.74499955 3.419487068 0.07961489309 11
24000 24.75431698 24.76801281 24.66494059 0.3415138908 0.3313933911 0.01012049973 0.2505260584 0.04905670282 0.0082515619 0.001305431809 1969.865651 8030.134349 8.885166268e-13 9.084722142e-05 0.0002546585914 0.2630385967 1.284985531 24.72577536 3.419843297 0.08112464644 11
24500 24.71895479 24.73207293 24.63080648 0.3423595929 0.3305827405 0.01177685247 0.2911114836 0.0494822213 0.008249742701 0.00113317919 1969.865651 8030.134349 9.093216202e-13 0.0001372515824 0.0006735868317 0.3228278504 1.293028441 24.69450569 3.398571148 0.08019472709 12
25000 24.67685054 24.68747837 24.5913904 0.343959138 0.3301764177 0.01378272033 0.3401141297 0.05034063756 0.008155681444 0.0009867401001 1969.865651 8030.134349 8.78641995e-13 9.664382144e-05 0.0009399661062 0.3753828235 1.292348874 24.65055049 3.400358248 0.08209289423 12
25500 24.65583859 24.66429066 24.57374833 0.3452841714 0.3300867398 0.01519743155 0.3747054193 0.05052177816 0.008086156097 0.0008988710519 1969.865651 8030.134349 9.253928164e-13 0.000129512043 0.0008023866452 0.4054182064 1.290858774 24.62808518 3.404283445 0.08723522306 12
26000 24.66379995 24.67111592 24.57192721 0.3451160016 0.3303192577 0.01479674392 0.364943932 0.04992743164 0.008180456451 0.0009120566617 1969.865651 8030.134349 9.615841892e-13 0.0002034460087 0.0004056046996 0.3836745359 1.29056238 24.63598036 3.405065281 0.08530984455 12
26500 24.6925724 24.70011501 24.58698289 0.3436625061 0.3308033029 0.01285920317 0.3175268053 0.0498022305 0.00826598272 0.001045627848 1969.865651 8030.134349 9.368272286e-13 7.408038048e-05 0.0002194455061 0.3071163667 1.292115623 24.66591409 3.400972077 0.07889426973 12
27000 24.72569237 24.73476998 24.61567769 0.3426697884 0.3314429734 0.01122681501 0.2775907742 0.04985979037 0.008208978752 0.001197441102 1969.865651 8030.134349 9.314836853e-13 5.945199809e-05 0.0007532341738 0.252564189 1.29344275 24.70050614 3.397482536 0.07810486351 12
27500 24.74374033 24.75409903 24.63669448 0.342305628 0.332013717 0.01029191092 0.2546603712 0.04932890029 0.008089422497 0.001291364391 1969.865651 8030.134349 9.237139792e-13 6.271764624e-05 0.0009940567315 0.2146133003 1.286016201 24.7145888 3.417102485 0.07931630738 11
28000 24.74571426 24.75720145 24.64283784 0.3421164067 0.3321313295 0.009985077181 0.2470878668 0.04913346756 0.008065232652 0.001325667887 1969.865651 8030.134349 8.723064075e-13 5.648113335e-05 0.0009108869985 0.1931316625 1.285498468 24.71682038 3.418478718 0.0794041744 11
28500 24.73482008 24.74740025 24.6369108 0.3423640619 0.3316221436 0.01074191832 0.265699417 0.04920577744 0.008185699761 0.001234622642 1969.865651 8030.134349 8.846068845e-13 5.628124733e-05 0.0005153769658 0.2459897283 1.285272093 24.70581395 3.419080816 0.08072254417 11
29000 24.71280687 24.72579017 24.6202038 0.3428920332 0.3308767192 0.01201531399 0.296932134 0.04948314032 0.008230100924 0.001110986533 1969.865651 8030.134349 8.820135637e-13 6.754297831e-05 0.0001949324782 0.3044530455 1.292886485 24.68836657 3.398944304 0.0796728654 12
29500 24.68544452 24.69727544 24.59865021 0.3438696419 0.3303714699 0.01349817206 0.3332083775 0.04993479786 0.008154659717 0.0009990704763 1969.865651 8030.134349 9.197794358e-13 4.955444323e-05 0.0006109056129 0.3553665397 1.292622888 24.65984091 3.399637432 0.08043964869 12
29999 24.67061557 24.68075942 24.59108678 0.3446685654 0.3301605732 0.01450799224 0.3579210992 0.05000115502 0.00805814779 0.0009313254632 1969.865651 8030.134349 9.309421227e-13 0.0001047961604 0.0008933935648 0.3885253983 1.291598231 24.64383802 3.402334449 0.08531608725 12
