# 1:passo  2:raio_area  3:raio_grad  4:raio_linha  5:p_in  6:p_out  7:delta_p  8:sigma  9:|u-v0|max  10:|u-v0|rms  11:Ca  12:massa_R  13:massa_B  14:|q|  15:sd_p_in  16:sd_p_out  17:sigma_2pontos  18:K_perfil  19:r_perfil  20:espessura_10_90  21:residuo_ajuste  22:n_camadas
0 25.04052139 25.08111096 25 0.3333333333 0.3333333333 -2.220446049e-16 -5.560112678e-15 0.001563796842 0.0003175256911 0 1969.865651 8030.134349 2.100684263e-16 2.8316563e-08 0 2.775557562e-15 1.273345395 25.01411833 3.451105388 0.08159937045 12
500 24.90066667 24.91877809 24.832476 0.3365063946 0.333322572 0.003183822655 0.07927930665 0.006868206513 0.00412585951 0.00288776765 1969.865651 8030.134349 6.336520754e-14 0.0001516738486 0.001046091573 0.1130120263 1.294972101 24.87445889 3.393470139 0.072834546 12
1000 24.76736861 24.78266693 24.72081769 0.3406727952 0.3317079151 0.008964880151 0.2220364912 0.009247823648 0.005717014199 0.001388333902 1969.865651 8030.134349 9.088388793e-14 0.000238721917 0.0009279515808 0.1936800601 1.288613804 24.74103388 3.410214248 0.07507880812 11
1500 24.63849667 24.64915508 24.58694924 0.3460181259 0.329818552 0.01619957388 0.3991331471 0.00830752566 0.005107617644 0.0006937973557 1969.865651 8030.134349 1.984862675e-13 0.0001756712849 0.0008745618376 0.4657838125 1.288597449 24.61003152 3.410257531 0.08384737756 12
2000 24.56345631 24.5709699 24.50151297 0.3482510815 0.3286084947 0.01964258681 0.482489823 0.005111712424 0.002723261639 0.0003531482034 1969.865651 8030.134349 7.115470705e-14 0.0001480271743 0.0006685364871 0.5238465214 1.291419292 24.53274592 3.402805876 0.09164012539 12
2500 24.54820833 24.55280244 24.48496905 0.3494774462 0.3289027793 0.0205746669 0.5050712093 0.002875059763 0.00167760042 0.0001897461658 1969.865651 8030.134349 1.048713134e-13 0.0003813955683 0.0002297633373 0.525062267 1.291424882 24.51615784 3.402791147 0.0958940702 12
3000 24.59886362 24.6031426 24.53356061 0.3481245671 0.3300284748 0.01809609222 0.4451433046 0.004755781655 0.003170186947 0.0003561236427 1969.865651 8030.134349 6.739567858e-14 0.0004555409306 0.0004574638704 0.4374326109 1.291500441 24.56767648 3.402592067 0.09112735053 12
3500 24.68820511 24.69491853 24.61189733 0.3442771448 0.3312780707 0.01299907409 0.3209238073 0.004921623304 0.003700045255 0.0005111933313 1969.865651 8030.134349 3.756470577e-14 9.990795841e-05 0.001026159726 0.2808094962 1.292241996 24.66046815 3.400639485 0.07853572205 12
4000 24.76817679 24.77882037 24.68497386 0.3410308465 0.3322857477 0.008745098842 0.2166001541 0.004146023294 0.002703163092 0.0006380456054 1969.865651 8030.134349 6.169070284e-14 0.0001489848509 0.001265519046 0.169822052 1.29030648 24.74131157 3.405740591 0.07075749809 11
4500 24.80603721 24.82005967 24.72966187 0.3397278999 0.332713119 0.007014780836 0.1740089144 0.002270997788 0.001343765986 0.0004350347598 1969.865651 8030.134349 1.050121358e-13 0.0001711249578 0.001102611698 0.1227379655 1.290347435 24.78069153 3.405632494 0.06664906129 11
5000 24.79332765 24.80861582 24.72771836 0.3403821363 0.3324631129 0.007919023389 0.1963389416 0.002983077109 0.001807357199 0.0005064502377 1969.865651 8030.134349 1.225205785e-13 9.3974294e-05 0.0005130037341 0.1630535265 1.289238424 24.76789144 3.408562041 0.06885068733 11
5500 24.75189789 24.76695453 24.6952252 0.3416088812 0.3315016742 0.01010720695 0.2501725545 0.003588988789 0.002627913592 0.0004782017751 1969.865651 8030.134349 1.05667979e-13 9.291220229e-05 0.0002923191872 0.2459431246 1.288660137 24.72538687 3.410091637 0.07417560708 11
6000 24.70195044 24.71556193 24.64964296 0.343195053 0.330400972 0.01279408105 0.3160387559 0.003426476624 0.002392301756 0.000361398358 1969.865651 8030.134349 9.967875708e-14 5.77829539e-05 0.0008174197326 0.3536708074 1.292428147 24.6765162 3.400149684 0.0757950658 12
6500 24.66237252 24.67368274 24.61242221 0.344574903 0.329760359 0.01481454401 0.365361803 0.001771852737 0.00126904611 0.0001616527984 1969.865651 8030.134349 9.533110059e-14 1.075610278e-05 0.001085023258 0.4146929421 1.292224677 24.63503087 3.400685061 0.08224783543 12
7000 24.64855961 24.65756837 24.59831595 0.3453347557 0.3297794694 0.01555528625 0.3834154003 0.00112472247 0.0006489705675 9.778102017e-05 1969.865651 8030.134349 8.45044997e-14 8.170624907e-05 0.0009654396526 0.42402065 1.29166323 24.62050955 3.402163236 0.08682603835 12
7500 24.66577853 24.67370358 24.60968938 0.3449010682 0.3302647755 0.01463629275 0.3610155554 0.002479585317 0.001607645103 0.0002289453811 1969.865651 8030.134349 1.361978095e-13 0.0001114675015 0.0005075812337 0.3819821098 1.291591381 24.63736427 3.402352494 0.08442674543 12
8000 24.7017619 24.71011454 24.63567613 0.3435272753 0.330949776 0.01257749928 0.3106863924 0.0030851168 0.001978480183 0.000331000099 1969.865651 8030.134349 1.619308782e-13 1.954954814e-05 9.627399034e-05 0.3067892784 1.292178425 24.67462923 3.400806784 0.07841420158 12
8500 24.73591037 24.74571071 24.66276833 0.3422616789 0.3315844226 0.01067725629 0.2641116547 0.002224726788 0.001487906609 0.0002807810949 1969.865651 8030.134349 2.501228141e-13 5.31112331e-05 0.0005856494283 0.2399922803 1.293108815 24.71034571 3.398359909 0.07202697581 12
9000 24.7521961 24.76354822 24.67854418 0.3417808851 0.331940905 0.009839980153 0.2435611184 0.0007260082768 0.0004775473032 9.936017725e-05 1969.865651 8030.134349 2.037405751e-13 4.997264363e-05 0.0007901716891 0.2082679491 1.293511195 24.72766167 3.397302761 0.06860277609 12
9500 24.74659321 24.75894607 24.67643224 0.3420448977 0.3318750121 0.01016988562 0.2516700224 0.0009929620605 0.0006441791018 0.0001315164001 1969.865651 8030.134349 2.268783424e-13 2.372417076e-05 0.0006738779722 0.2184933157 1.293281659 24.72225781 3.397905727 0.06867358929 12
10000 24.72593617 24.73860581 24.6603456 0.3427086002 0.331418855 0.01128974521 0.2791495194 0.001839005833 0.001329634441 0.0002195962743 1969.865651 8030.134349 1.934444469e-13 8.482716422e-06 0.0003361244933 0.261886888 1.292906162 24.70112245 3.398892574 0.0711602852 12
10500 24.70056879 24.71287113 24.63934651 0.3435078914 0.3308319898 0.01267590159 0.3131019792 0.001916751192 0.001371551006 0.0002040603722 1969.865651 8030.134349 2.235115267e-13 6.791666572e-06 7.871171572e-05 0.3174920755 1.292646691 24.67488799 3.39957483 0.07483138848 12
11000 24.68094117 24.69233223 24.62330578 0.3441681393 0.3304178376 0.01375030169 0.3393703871 0.001298171275 0.0008384344745 0.0001275078129 1969.865651 8030.134349 2.298272978e-13 2.829891028e-05 0.0003834508317 0.3577297435 1.29247465 24.65434757 3.400027348 0.07848709112 12
11500 24.67523554 24.68560831 24.61923038 0.3444134594 0.3303243388 0.01408912055 0.347652368 0.0002430738769 0.000142884318 2.330621997e-05 1969.865651 8030.134349 2.118523793e-13 4.973641601e-05 0.0004996205307 0.3693233905 1.292290712 24.6480704 3.40051129 0.08066555501 12
12000 24.68551748 24.69529902 24.62797037 0.3440722786 0.3305196191 0.01355265951 0.3345544133 0.001043932026 0.0007092436428 0.0001040121811 1969.865651 8030.134349 2.032061673e-13 4.162632932e-05 0.0004023494154 0.3510008298 1.292253531 24.6584006 3.400609129 0.08023079796 12
12500 24.70581058 24.71565968 24.64423841 0.3433147404 0.3308788009 0.01243593948 0.3072399652 0.001533535214 0.001033330152 0.0001663775754 1969.865651 8030.134349 1.820233871e-13 2.605968388e-06 0.0001617427293 0.3130875615 1.292505465 24.67929666 3.399946285 0.07750638191 12
13000 24.72569068 24.73611482 24.66030028 0.3425893031 0.3312475576 0.01134174546 0.28043249 0.001313096687 0.0008823096684 0.000156079952 1969.865651 8030.134349 2.051301385e-13 4.104687064e-05 0.0001001139865 0.2747824692 1.292879433 24.69996348 3.398962844 0.0741952039 12
13500 24.73625157 24.74738433 24.66923814 0.3422530102 0.3314812877 0.01077172241 0.2664520354 0.0005733540006 0.0003904892434 7.172698078e-05 1969.865651 8030.134349 1.817663526e-13 4.707719497e-05 0.0002694329984 0.2526421681 1.293068286 24.71109114 3.398466425 0.07200005121 12
14000 24.73424427 24.74588637 24.66771532 0.342367471 0.3314899306 0.01087754045 0.2690477424 0.0003786047779 0.0002487612556 4.690676514e-05 1969.865651 8030.134349 2.030639277e-13 3.235264989e-05 0.0002972917716 0.2534387231 1.292990335 24.70922604 3.398671309 0.07159991628 12
14500 24.72233086 24.73413092 24.65742627 0.3427933927 0.3312845495 0.01150884313 0.2845254277 0.0009304142096 0.0006601957344 0.0001090018816 1969.865651 8030.134349 2.184377039e-13 1.278466116e-05 0.0001970497306 0.2741587793 1.292791823 24.69705215 3.399193186 0.07274489074 12
15000 24.70651827 24.71811035 24.64361757 0.3433345792 0.3309820677 0.01235251153 0.3051875519 0.001054886904 0.0007551763214 0.0001152173363 1969.865651 8030.134349 1.713109556e-13 7.083387998e-06 3.51751185e-05 0.3038005419 1.292612968 24.68073277 3.399663521 0.07477176623 12
15500 24.6934867 24.70460526 24.63238654 0.3437889232 0.3307347851 0.01305413807 0.3223521849 0.0007244283709 0.0005210046946 7.491065207e-05 1969.865651 8030.134349 1.652156732e-13 2.559112053e-05 0.0001190458937 0.3283754746 1.292489123 24.66716522 3.399989275 0.07686562114 12
16000 24.68835205 24.69895321 24.62817642 0.3439818479 0.3306416311 0.01334021671 0.3293479666 0.0002000058289 0.0001086542225 2.024260551e-05 1969.865651 8030.134349 1.677831266e-13 3.695185454e-05 0.0001923480548 0.3383100922 1.292416928 24.66168894 3.400179198 0.07817665186 12
16500 24.69264729 24.70293843 24.63201705 0.343833264 0.3307142516 0.01311901232 0.3239431441 0.0004861969294 0.0003215252075 5.002903939e-05 1969.865651 8030.134349 1.768069675e-13 3.173487575e-05 0.0001696532162 0.3313099942 1.292435671 24.66598021 3.400129888 0.07813772066 12
17000 24.70359918 24.71391725 24.64138958 0.3434280586 0.3308975145 0.0125305441 0.3095495389 0.0008046729277 0.0005463560972 8.664988169e-05 1969.865651 8030.134349 2.605235576e-13 9.756415914e-06 7.37604957e-05 0.3122254431 1.292574845 24.67724326 3.399763791 0.07685446103 12
17500 24.71569531 24.72632305 24.65178898 0.3429825332 0.3311044883 0.01187804493 0.2935741392 0.0007607815986 0.0005138761834 8.638154125e-05 1969.865651 8030.134349 2.000954438e-13 1.420905232e-05 4.208577941e-05 0.2907022006 1.292767485 24.68978894 3.399257178 0.07507878304 12
18000 24.72360627 24.73464622 24.65881177 0.34270393 0.3312488888 0.01145504116 0.2832099275 0.0004119787576 0.0002694441447 4.848920861e-05 1969.865651 8030.134349 1.65548747e-13 2.616181086e-05 0.0001227483158 0.2762590813 1.292797986 24.69857635 3.39917698 0.07454502759 12
18500 24.72460553 24.73596976 24.65994689 0.3426790397 0.3312755022 0.01140353756 0.2819479678 9.084831258e-05 6.304905277e-05 1.074055298e-05 1969.865651 8030.134349 1.744252966e-13 2.482301061e-05 0.0001379089332 0.2740280264 1.292885234 24.69921303 3.398947592 0.07323307709 12
19000 24.71928053 24.73076531 24.65545522 0.3428713167 0.3311832951 0.01168802161 0.288919485 0.0004368462154 0.0003221573203 5.03999947e-05 1969.865651 8030.134349 1.504829953e-13 1.548060368e-05 8.935869151e-05 0.2834335695 1.292787267 24.69378551 3.399205166 0.07370601701 12
19500 24.7106514 24.72203036 24.64790966 0.343174184 0.3310260044 0.01214817962 0.3001894317 0.0005711299775 0.0004157140996 6.341884126e-05 1969.865651 8030.134349 1.243468908e-13 2.680205004e-06 6.329004046e-06 0.2990991647 1.292665958 24.6848811 3.399524159 0.07479249556 12
20000 24.70262401 24.71373219 24.64081206 0.3434590402 0.3308818075 0.01257723276 0.310690652 0.0004352787987 0.0003221880018 4.670012823e-05 1969.865651 8030.134349 1.231799901e-13 1.004815285e-05 7.091343236e-05 0.3135758583 1.292566641 24.67653398 3.399785368 0.07600167822 12
20500 24.6984342 24.70923228 24.63704537 0.3436139581 0.3308114127 0.01280254538 0.3162028248 0.0001435670753 0.000106025794 1.513449218e-05 1969.865651 8030.134349 1.539202573e-13 1.841701471e-05 0.0001089249629 0.3209023745 1.292511256 24.67211472 3.399931051 0.07683156705 12
21000 24.69941289 24.71000048 24.63774557 0.3435840075 0.3308333953 0.01275061223 0.3149326359 0.0002174278893 0.0001326097856 2.301316372e-05 1969.865651 8030.134349 1.706739745e-13 1.82222499e-05 9.537370888e-05 0.3188909907 1.292517117 24.67304374 3.399915635 0.07695305959 12
21500 24.70453565 24.71509558 24.64202946 0.3433997115 0.3309254673 0.01247424423 0.3081704112 0.0004310954115 0.0002815844307 4.662954823e-05 1969.865651 8030.134349 1.643839117e-13 9.338187368e-06 4.141291692e-05 0.3095142173 1.292587451 24.67830022 3.399730634 0.07637454066 12
22000 24.71108212 24.72178693 24.64763396 0.3431621197 0.331040995 0.01212112469 0.2995261075 0.0004478649047 0.0002939234806 4.984149889e-05 1969.865651 8030.134349 1.854917793e-13 2.631884237e-06 2.522889592e-05 0.2976548911 1.292689925 24.68508334 3.399461131 0.07543659353 12
22500 24.71606209 24.72699813 24.65204065 0.3429839353 0.3311297238 0.01185421146 0.2929894264 0.0002850754735 0.000181131023 3.243296491e-05 1969.865651 8030.134349 1.212230752e-13 1.096816237e-05 7.406820911e-05 0.2886677708 1.292769325 24.69028639 3.399252342 0.0746041595 12
23000 24.71758559 24.72873021 24.65355682 0.3429314416 0.3311572009 0.01177424071 0.2910308024 8.256952337e-05 2.117856216e-05 9.457134513e-06 1969.865651 8030.134349 1.181062517e-13 1.290924168e-05 8.624071712e-05 0.2859883277 1.292788911 24.69192719 3.399200841 0.07421673432 12
23500 24.71550095 24.72675041 24.65192828 0.343005521 0.3311180242 0.01188749685 0.2938054397 0.0002093189305 0.0001522924346 2.374802076e-05 1969.865651 8030.134349 9.609530398e-14 9.506174844e-06 6.065820056e-05 0.2899594343 1.292752151 24.68982152 3.3992975 0.07436457502 12
24000 24.7111677 24.7223899 24.64826066 0.3431572653 0.3310366451 0.01212062018 0.2995146778 0.0003000148097 0.0002241677255 3.338899358e-05 1969.865651 8030.134349 4.327577266e-14 3.114083045e-06 1.232106203e-05 0.2980824745 1.29268779 24.68535688 3.399466747 0.07491124879 12
24500 24.70667953 24.71776855 24.64437202 0.3433154575 0.330953616 0.01236184154 0.3054200574 0.0002597662084 0.0001930599174 2.83507039e-05 1969.865651 8030.134349 5.266874438e-14 3.767196067e-06 3.591140221e-05 0.3064002938 1.292625496 24.68069447 3.399630571 0.07558718932 12
25000 24.70393885 24.71485528 24.64193797 0.3434141971 0.3309048454 0.01250935163 0.3090302576 0.000119906138 8.564296796e-05 1.2933592e-05 1969.865651 8030.134349 9.15111371e-14 8.552933843e-06 6.378940808e-05 0.3113698731 1.292586012 24.67781376 3.39973442 0.07610039292 12
25500 24.70390135 24.71468357 24.64180356 0.3434175598 0.3309062411 0.01251131871 0.3090783831 0.0001073019366 5.080688836e-05 1.157224644e-05 1969.865651 8030.134349 9.150790108e-14 9.173668952e-06 6.189925067e-05 0.3113087457 1.292581582 24.677726 3.39974607 0.0762492134 12
26000 24.7062596 24.71699941 24.64372878 0.3433341332 0.3309504143 0.01238371893 0.3059553747 0.0002329611839 0.0001427070025 2.538073666e-05 1969.865651 8030.134349 1.014185815e-13 5.453605437e-06 3.439705444e-05 0.3068605379 1.292612944 24.68013522 3.399663586 0.07600687188 12
26500 24.70970392 24.7204996 24.64663004 0.3432109755 0.3310135467 0.01219742881 0.3013948544 0.0002652814325 0.0001653240176 2.933930121e-05 1969.865651 8030.134349 1.539845976e-13 3.512633924e-07 4.193894922e-06 0.300449931 1.292664456 24.68369723 3.399528109 0.07552528078 12
27000 24.71261665 24.723529 24.64914771 0.3431074207 0.3310671011 0.01204031966 0.2975478041 0.0001938904348 0.0001162073588 2.172092822e-05 1969.865651 8030.134349 1.814534842e-13 5.084948976e-06 3.62841566e-05 0.2950397599 1.292709835 24.68673479 3.399408772 0.07504538168 12
27500 24.71382313 24.72485515 24.65025655 0.3430653363 0.331089686 0.01197565032 0.2959641039 8.871605197e-05 2.929658109e-05 9.991758099e-06 1969.865651 8030.134349 2.117105265e-13 6.81122339e-06 4.928121399e-05 0.2927958522 1.292728309 24.68801901 3.399360195 0.07477213686 12
28000 24.71303496 24.72413954 24.64965987 0.3430936313 0.3310752188 0.01201841256 0.2970114498 0.0001092885101 6.990233254e-05 1.22653532e-05 1969.865651 8030.134349 1.21369694e-13 5.448944813e-06 4.013866122e-05 0.2942725994 1.292716143 24.68723535 3.399392186 0.0747905369 12
28500 24.71084109 24.72194751 24.64782454 0.3431708843 0.3310342231 0.01213666121 0.2999071065 0.0001629076559 0.0001193532113 1.810645723e-05 1969.865651 8030.134349 1.640604087e-13 2.091237896e-06 1.545303593e-05 0.2983839276 1.292684427 24.68498072 3.399475589 0.07505303573 12
29000 24.70834067 24.71938622 24.64568585 0.3432589469 0.3309875512 0.01227139575 0.3032058266 0.0001564228337 0.0001137457496 1.719655099e-05 1969.865651 8030.134349 1.66949908e-13 1.737201908e-06 1.252838812e-05 0.30306279 1.292649356 24.68238786 3.399567822 0.07542056208 12
29500 24.70662669 24.7175816 24.64419219 0.3433197927 0.3309558728 0.01236391984 0.305470752 0.0001050507888 6.257879091e-05 1.146326755e-05 1969.865651 8030.134349 1.95910187e-13 4.49743164e-06 3.170656169e-05 0.3062587931 1.292624791 24.68059233 3.399632425 0.07572792331 12
29999 24.7063477 24.71722093 24.64391022 0.3433300857 0.33095092 0.01237916568 0.3058439716 8.843796932e-05 2.408280256e-05 9.638680453e-06 1969.865651 8030.134349 1.986799131e-13 5.062544085e-06 3.498237118e-05 0.306776458 1.292619265 24.68027518 3.399646961 0.07585383258 12
