# step v0 Mach sigma R umax_ref urms_ref umax_mean urms_mean umax_lab mean_x mean_y mean_z drop_ux drop_uy x0 y0 x_unwrapped center_dx center_dy axis_ratio mass_R mass_B min_f negative_total negative_color min_rho min_phi max_phi qx qy qz p_in p_out delta_p urms_lab
0 0 0 -5.560112678108922e-15 25.040521385269312 2.5018537765542012e-17 7.4776039685465046e-18 2.503662811023138e-17 7.4775820276417975e-18 2.5018537765542012e-17 -1.4571677198205179e-20 1.0755285551056204e-20 3.4694469519536144e-22 -3.3173043898891966e-20 2.3924221149986546e-20 50.000000000000007 50.000000000000007 50.000000000000007 7.1054273576010019e-15 7.1054273576010019e-15 1.0000000000000007 1969.8656512480632 8030.1343487520417 0.027543347692277714 0 0 0.99999999999999944 5.1710809399147485e-26 0.99999999999998512 1.7113752904853273e-16 5.1345208777834721e-17 1.3952426498341316e-18 0.33333333333333387 0.33333333333333409 -2.2204460492503131e-16 7.4776039685465046e-18
500 0 0 0.032271627063707731 25.03219222927034 0.0018184437969737618 0.00031182858666916713 0.0018184437969737614 0.00031182858666916713 0.0018184437969737618 -2.0084628404859918e-18 7.8548278992231565e-19 -1.0408340855861073e-20 -6.1166618121275855e-18 2.9130376582087636e-18 49.999999999999993 50.000000000000014 49.999999999999993 -7.1054273576010019e-15 1.4210854715202004e-14 1.0000000000000011 1969.8656512480045 8030.1343487517925 0.026819889981730981 0 0 0.97872394290407128 6.2908738634335662e-18 0.99999999999999978 -1.9985533173327245e-14 8.2440564791452786e-15 -7.0407892844459767e-17 0.33482006677705128 0.33353086178980401 0.0012892049872472722 0.00031182858666916713
1000 0 0 0.030254202895290457 25.033139156601344 0.0018714377731366728 0.00031117846922030021 0.0018714377731366741 0.00031117846922030021 0.0018714377731366728 -1.4394735403656069e-18 1.7492951531750758e-18 7.2858385991028542e-21 5.2500481451547317e-18 -5.15443944310826e-19 49.999999999999993 50.000000000000014 49.999999999999993 -7.1054273576010019e-15 1.4210854715202004e-14 1.0000000000000033 1969.8656512479527 8030.1343487516278 0.026817983223475124 0 0 0.97870005035141494 9.2076593811668295e-18 0.99999999999999978 -1.4617863151961878e-14 1.7222605720040862e-14 6.1016403633559752e-17 0.33477340962500207 0.33356484354361582 0.0012085660813862531 0.00031117846922030021
1500 0 0 0.029643390348596445 25.033574485566639 0.0018708987071335403 0.0003076887593192477 0.0018708987071335401 0.00030768875931924775 0.0018708987071335403 7.5772721430671204e-19 1.0616507672978658e-19 1.7347234759769049e-21 -3.6683027649843819e-18 1.4268899231167749e-17 49.999999999999993 50.000000000000021 49.999999999999993 -7.1054273576010019e-15 2.1316282072803006e-14 1.0000000000000018 1969.8656512479254 8030.1343487514714 0.026817231912189404 0 0 0.97866265193439794 1.0225570797309479e-17 0.99999999999999978 7.5949447443573255e-15 1.0428127545508703e-15 2.6403883869563492e-17 0.33476028159672205 0.33357613626559135 0.0011841453311307037 0.0003076887593192477
2000 0 0 0.0296876918079029 25.033539218338017 0.0018683996181582433 0.00030680779663178406 0.001868399618158242 0.00030680779663178401 0.0018683996181582433 -1.0533240946131925e-18 8.5903506530377626e-19 6.9388939039077251e-21 2.6088633685457073e-18 4.0548975364087422e-18 49.999999999999993 50.000000000000021 49.999999999999993 -7.1054273576010019e-15 2.1316282072803006e-14 1.0000000000000011 1969.8656512478883 8030.1343487513004 0.026817515649424948 0 0 0.97866437719432964 1.0279518244432683e-17 0.99999999999999978 -1.0270647179955184e-14 8.6076572302154486e-15 6.3168362947822011e-17 0.33476153457343089 0.33357561788985801 0.0011859166835728741 0.00030680779663178406
2500 0 0 0.029922045528217485 25.033363824826623 0.0018673140117237096 0.00030676785105450432 0.0018673140117237094 0.00030676785105450427 0.0018673140117237096 3.2959746043562152e-19 -5.2874371547777599e-19 -1.0408340855861732e-20 1.7257310515120469e-18 4.672714749051682e-18 49.999999999999993 50.000000000000021 49.999999999999993 -7.1054273576010019e-15 2.1316282072803006e-14 1.0000000000000016 1969.8656512478481 8030.1343487511895 0.026817898733624463 0 0 0.97867485210499783 1.0298535038812226e-17 0.99999999999999978 3.3174418073711465e-15 -5.1198466039653612e-15 -7.0488064844331998e-17 0.33476747790179673 0.33357219125404136 0.001195286647755367 0.00030676785105450432
3000 0 0 0.03010180039145156 25.033228595360548 0.0018671731385011521 0.000306773140908427 0.0018671731385011519 0.00030677314090842689 0.0018671731385011521 -5.9570404165050332e-19 -1.042915753757375e-18 -3.8163916471494092e-21 3.2952988772641218e-18 5.1315084059697011e-18 49.999999999999993 50.000000000000021 49.999999999999993 -7.1054273576010019e-15 2.1316282072803006e-14 1.0000000000000018 1969.8656512478158 8030.134348751084 0.026818129199200277 0 0 0.97868277062493136 1.0305717608116112e-17 0.99999999999999978 -6.5056467157820208e-15 -1.0519241238518513e-14 -3.40837844425659e-17 0.3347720721173324 0.33356959836222794 0.0012024737551044606 0.000306773140908427
3500 0 0 0.030182336835631665 25.033167802907723 0.0018673830142013135 0.00030676494650467786 0.0018673830142013144 0.00030676494650467781 0.0018673830142013135 -3.7574110489662603e-19 -9.1558705062067962e-19 -1.5959455978988731e-20 -2.3923973297415773e-18 -6.3725743421146386e-18 49.999999999999993 50.000000000000021 49.999999999999993 -7.1054273576010019e-15 2.1316282072803006e-14 1.0000000000000013 1969.8656512477726 8030.1343487508821 0.026818210599899216 0 0 0.97868628138445501 1.0308877886966761e-17 0.99999999999999978 -3.8868647883605334e-15 -8.9842820657617191e-15 -1.0085645591945323e-16 0.3347741419579906 0.33356844809322428 0.0012056938647663218 0.00030676494650467786
4000 0 0 0.030197968882037452 25.033155960127516 0.0018675986814936883 0.00030676170697368192 0.0018675986814936849 0.00030676170697368208 0.0018675986814936883 -1.7177231859124787e-18 -3.0087043967346021e-18 5.8980598183219834e-21 1.5747369344273297e-18 -5.1420428025628155e-18 49.999999999999993 50.000000000000021 49.999999999999993 -7.1054273576010019e-15 2.1316282072803006e-14 1.0000000000000016 1969.8656512477473 8030.1343487507447 0.026818213781733061 0 0 0.97868696053331772 1.0310429429361959e-17 0.99999999999999978 -1.690401333517247e-14 -3.007450777384326e-14 7.2551565391429458e-17 0.33477454289524161 0.33356822400639929 0.0012063188888423171 0.00030676170697368192
4500 0 0 0.030188668079326283 25.033162986275137 0.0018677158369850306 0.00030676188228527458 0.0018677158369850278 0.00030676188228527447 0.0018677158369850306 -1.9470536294366893e-18 -4.0613346019575697e-18 -7.6327832942992095e-21 1.2953939274118981e-18 8.5371174739533707e-19 49.999999999999986 50.000000000000014 49.999999999999986 -1.4210854715202004e-14 1.4210854715202004e-14 1.0000000000000011 1969.865651247716 8030.1343487506156 0.026818194495725582 0 0 0.97868656151650746 1.0311172254490857e-17 0.99999999999999978 -1.9667861088101683e-14 -4.0779066321633417e-14 -2.4746478507804653e-17 0.33477429958988847 0.3335683525788824 0.0012059470110060699 0.00030676188228527458
5000 0 0 0.030176995527749606 25.033171818246338 0.0018677512184791004 0.00030676223423782762 0.0018677512184790948 0.00030676223423782768 0.0018677512184791004 -2.344652250130698e-18 -5.1514348342617059e-18 -1.3877787807817094e-21 -5.202787504281154e-18 -6.493417628333088e-18 49.999999999999986 50.000000000000014 49.999999999999986 -1.4210854715202004e-14 1.4210854715202004e-14 1.0000000000000051 1969.8656512476518 8030.1343487504801 0.026818178252806427 0 0 0.97868606114931156 1.031149619347731e-17 0.99999999999999978 -2.3385373498774342e-14 -5.1358724646804346e-14 -1.1817352074636644e-17 0.33477399558309118 0.33356851528092052 0.0012054803021706584 0.00030676223423782762
5500 0 0 0.030170165640698198 25.033176992530322 0.0018677478518856218 0.00030676225966695106 0.0018677478518856255 0.00030676225966695111 0.0018677478518856218 -2.4265311981968493e-18 -4.5786291424941125e-18 3.4694469519543173e-22 -4.1063711756693614e-18 1.1293681209143899e-17 49.999999999999986 50.000000000000014 49.999999999999986 -1.4210854715202004e-14 1.4210854715202004e-14 1.000000000000006 1969.8656512476255 8030.1343487503227 0.026818170461002683 0 0 0.97868576885683911 1.0311610448339704e-17 0.99999999999999978 -2.3837052123831803e-14 -4.5635465350211957e-14 2.6655274313169307e-18 0.33477381774042436 0.33356861052083331 0.0012052072195910535 0.00030676225966695106
6000 0 0 0.030167838727647792 25.033178755115141 0.0018677356249124405 0.00030676218365949823 0.0018677356249124388 0.00030676218365949834 0.0018677356249124405 -1.2118778203176609e-18 -2.4112656316082859e-18 7.9797279894950473e-21 -3.4356890796471669e-18 1.0145031396483781e-18 49.999999999999986 50.000000000000007 49.999999999999986 -1.4210854715202004e-14 7.1054273576010019e-15 1 1969.8656512475743 8030.1343487501435 0.026818168596813748 0 0 0.97868566973444293 1.0311633109117468e-17 0.99999999999999978 -1.2105334089617709e-14 -2.4169631153476622e-14 6.3243192782169245e-17 0.33477375726695513 0.33356864308538187 0.0012051141815732636 0.00030676218365949823
6500 0 0 0.030167816289044518 25.033178774567101 0.0018677267579651558 0.00030676212337784237 0.0018677267579651573 0.00030676212337784237 0.0018677267579651558 -4.3368086899430934e-19 -1.4491879918313843e-18 -2.4286128663681325e-21 2.2576993434547355e-18 -7.2742665363550555e-18 49.999999999999979 50.000000000000014 49.999999999999979 -2.1316282072803006e-14 1.4210854715202004e-14 1.0000000000000064 1969.8656512475527 8030.1343487500199 0.026818169197352401 0 0 0.97868566897286657 1.0311627361714584e-17 0.99999999999999978 -4.2721901345827633e-15 -1.4933651646016621e-14 -5.3732046632658369e-17 0.33477375668767673 0.33356864340339443 0.0012051132842822998 0.00030676212337784237
7000 0 0 0.030168425411664149 25.033178317592792 0.0018677229570418256 0.00030676209448751859 0.001867722957041826 0.00030676209448751864 0.0018677229570418256 1.4616780008584323e-18 7.8825834748406312e-19 -3.4694469519545035e-22 2.371232117728103e-18 7.2253465680953878e-18 49.999999999999986 50.000000000000014 49.999999999999986 -1.4210854715202004e-14 1.4210854715202004e-14 1.0000000000000022 1969.8656512475 8030.1343487498552 0.026818170175976506 0 0 0.97868569492478841 1.0311620280629667e-17 0.99999999999999978 1.4840993017850579e-14 8.2885087690443649e-15 -4.5398727532479477e-17 0.33477377243909873 0.33356863480020521 0.0012051376388935164 0.00030676209448751859
7500 0 0 0.030168909374145174 25.033177947730913 0.0018677223001560197 0.00030676208641835964 0.0018677223001560201 0.00030676208641835975 0.0018677223001560197 1.9848706012132102e-18 -9.1628094001120239e-19 -2.0816681711727431e-21 -6.0015304615059241e-18 1.2604602157451188e-17 49.999999999999986 50.000000000000007 49.999999999999986 -1.4210854715202004e-14 7.1054273576010019e-15 1.0000000000000022 1969.8656512474665 8030.1343487496761 0.026818170795816637 0 0 0.97868571583335429 1.0311617066581681e-17 0.99999999999999978 1.9940646381168816e-14 -9.3191378008547487e-15 -2.5699399943895517e-17 0.33477378516430201 0.33356862817476046 0.0012051569895415448 0.00030676208641835964
8000 0 0 0.030169141568456459 25.033177775080343 0.001867722794640442 0.00030676208754333746 0.001867722794640442 0.00030676208754333741 0.001867722794640442 1.4502288259170418e-19 -8.0178919059671857e-19 1.0408340855863936e-21 6.9029472993608843e-18 -2.0089933244466549e-18 49.999999999999986 50.000000000000014 49.999999999999986 -1.4210854715202004e-14 1.4210854715202004e-14 1.0000000000000013 1969.8656512474297 8030.1343487496233 0.026818171028108604 0 0 0.9786857255605288 1.0311616839089096e-17 0.99999999999999978 1.6727072688749526e-15 -8.2536245567000183e-15 7.0323650649131241e-17 0.33477379109681654 0.3335686248235003 0.0012051662733162383 0.00030676208754333746
8500 0 0 0.030169187873259548 25.03317773643948 0.0018677233652304945 0.0003067620906308478 0.0018677233652304929 0.00030676209063084774 0.0018677233652304945 -1.7739282265344387e-18 -8.9581120299470374e-19 1.0408340855864103e-21 6.4935906464741227e-18 -5.1097176156972984e-18 49.999999999999979 50.000000000000014 49.999999999999979 -2.1316282072803006e-14 1.4210854715202004e-14 1.0000000000000038 1969.865651247384 8030.1343487493568 0.026818171047347919 0 0 0.97868572771851414 1.0311617707832822e-17 0.99999999999999978 -1.8086660894520452e-14 -8.9012998493408812e-15 -7.394203612374719e-18 0.33477379242025679 0.33356862429534295 0.0012051681249138357 0.0003067620906308478
9000 0 0 0.030169162892887531 25.033177751872611 0.0018677236879773346 0.00030676209279805508 0.0018677236879773317 0.00030676209279805508 0.0018677236879773346 -2.6322694024480727e-18 9.617306950818581e-19 -6.5919492087140351e-21 -1.246003733770706e-17 -1.6133416373795199e-18 49.999999999999979 50.000000000000021 49.999999999999979 -2.1316282072803006e-14 2.1316282072803006e-14 1.0000000000000049 1969.865651247356 8030.1343487492722 0.026818171000455304 0 0 0.97868572683379662 1.0311618504970532e-17 0.99999999999999978 -2.6723848722412589e-14 9.9412665616084485e-15 -7.3388037916436274e-17 0.33477379188650552 0.33356862476022525 0.001205167126280271 0.00030676209279805508
9500 0 0 0.030169132933063555 25.03317777453908 0.0018677237925824011 0.00030676209369557818 0.0018677237925824042 0.00030676209369557829 0.0018677237925824011 -1.1567136137817389e-18 3.7303493627418284e-18 -2.7755575615638608e-21 -1.6441799505439348e-18 -4.4990780680232333e-18 49.999999999999979 50.000000000000021 49.999999999999979 -2.1316282072803006e-14 2.1316282072803006e-14 1.0000000000000011 1969.865651247311 8030.1343487491604 0.026818170957889027 0 0 0.97868572554973876 1.031161892719758e-17 0.99999999999999978 -1.1441802580086623e-14 3.7755605933331715e-14 -4.43956212647315e-17 0.33477379110605721 0.33356862517767283 0.0012051659283843774 0.00030676209369557818
10000 0 0 0.030169119009585185 25.033177788487155 0.0018677237895582245 0.00030676209382939139 0.0018677237895582295 0.00030676209382939133 0.0018677237895582245 -1.7270906926831559e-18 4.5664860781630573e-18 1.3877787807819654e-20 8.1321438389605467e-18 -4.7247673154244341e-18 49.999999999999979 50.000000000000014 49.999999999999979 -2.1316282072803006e-14 1.4210854715202004e-14 1.0000000000000022 1969.8656512472819 8030.1343487489894 0.026818170936494072 0 0 0.9786857247623646 1.0311619062607525e-17 0.99999999999999978 -1.7087026321089611e-14 4.6156004350860152e-14 1.3192021782058029e-16 0.33477379062642426 0.33356862525491238 0.0012051653715118849 0.00030676209382939139
10500 0 0 0.030169107861954293 25.033177793541643 0.0018677237591170016 0.00030676209369561933 0.0018677237591170049 0.00030676209369561911 0.0018677237591170016 -8.3821838359231716e-19 4.2504194608400154e-18 7.979727989496397e-21 4.1433153154761554e-18 1.2557393602993743e-18 49.999999999999979 50.000000000000021 49.999999999999979 -2.1316282072803006e-14 2.1316282072803006e-14 1.0000000000000011 1969.8656512472348 8030.1343487488612 0.026818170930830356 0 0 0.97868572447824576 1.0311619056293485e-17 0.99999999999999978 -8.453741192538865e-15 4.242103626204942e-14 6.2759964616497701e-17 0.33477379045288613 0.33356862552693184 0.001205164925954294 0.00030676209369561933
11000 0 0 0.03016910748127612 25.033177793836852 0.0018677237356413865 0.00030676209355308897 0.0018677237356413874 0.00030676209355308886 0.0018677237356413865 -3.5874081483215019e-19 1.3669620990702822e-18 -4.1633363423460369e-21 9.1433632021427456e-19 1.9059236843530431e-18 49.999999999999979 50.000000000000021 49.999999999999979 -2.1316282072803006e-14 2.1316282072803006e-14 1.000000000000002 1969.8656512472032 8030.134348748722 0.026818170932044277 0 0 0.97868572446254043 1.0311619018201377e-17 0.99999999999999978 -3.4594722919667475e-15 1.3817506167024263e-14 -1.0931685307188163e-17 0.33477379044294897 0.33356862553221583 0.0012051649107331364 0.00030676209355308897
11500 0 0 0.03016910896220525 25.033177792717911 0.0018677237250689133 0.00030676209347522173 0.0018677237250689128 0.00030676209347522195 0.0018677237250689133 -6.6266436782342627e-20 1.2784912017954584e-18 5.5511151231281776e-21 -7.2905049261799161e-18 -2.0815458317042045e-18 49.999999999999979 50.000000000000021 49.999999999999979 -2.1316282072803006e-14 2.1316282072803006e-14 1.0000000000000033 1969.8656512471716 8030.1343487484728 0.026818170934530074 0 0 0.97868572452613045 1.0311618989416929e-17 0.99999999999999978 -7.1860910727916373e-16 1.2732246851098471e-14 2.4803072125041006e-17 0.33477379048151779 0.33356862551157213 0.0012051649699456601 0.00030676209347522173
12000 0 0 0.03016911024572037 25.033177791746276 0.0018677237229246138 0.00030676209345128347 0.001867723722924614 0.00030676209345128347 0.0018677237229246138 -5.6898930012064832e-20 -3.747002708111587e-19 6.2450045135193115e-21 -3.1582126277452495e-18 -1.7809523558818781e-18 49.999999999999979 50.000000000000021 49.999999999999979 -2.1316282072803006e-14 2.1316282072803006e-14 1.0000000000000029 1969.8656512471227 8030.1343487483491 0.026818170936187741 0 0 0.97868572458106184 1.0311618976163018e-17 0.99999999999999978 -2.7712215469663374e-16 -4.3001626300422281e-15 2.9259359558348011e-17 0.33477379051494699 0.33356862549368199 0.0012051650212649978 0.00030676209345128347
12500 0 0 0.03016911087288477 25.033177791270784 0.0018677237240465696 0.00030676209345304622 0.0018677237240465683 0.00030676209345304622 0.0018677237240465696 -1.5855372570435371e-19 -1.422126305606446e-18 -2.0816681711731339e-21 8.9647632218535813e-19 -3.2676405933118729e-18 49.999999999999979 50.000000000000021 49.999999999999979 -2.1316282072803006e-14 2.1316282072803006e-14 1.0000000000000033 1969.8656512470941 8030.1343487483164 0.026818170936843938 0 0 0.97868572460783998 1.0311618973671123e-17 0.99999999999999978 -1.7687674241928519e-15 -1.4399885363974851e-14 -5.8235625072476882e-18 0.33477379053128037 0.33356862548493915 0.0012051650463412167 0.00030676209345304622
13000 0 0 0.030169115516608627 25.033177791151843 0.0018677237255162922 0.00030676209346087432 0.0018677237255162911 0.00030676209346087432 0.0018677237255162922 9.211381657441218e-19 5.3429483060111013e-19 1.0755285551061309e-20 3.6860411816054742e-18 9.80280234766874e-18 49.999999999999979 50.000000000000028 49.999999999999979 -2.1316282072803006e-14 2.8421709430404007e-14 1.0000000000000007 1969.8656512470557 8030.134348748109 0.026818170936923069 0 0 0.97868572461447578 1.0311618975031663e-17 0.99999999999999978 9.2031417473957354e-15 5.1583222285614405e-15 8.7168785616856506e-17 0.33477379053535028 0.33356862530350057 0.0012051652318497141 0.00030676209346087432
13500 0 0 0.030169115473369409 25.033177791184308 0.0018677237263882492 0.00030676209346664634 0.0018677237263882488 0.00030676209346664629 0.0018677237263882492 1.7520707107374583e-19 -1.055752707480017e-18 2.0816681711732178e-21 5.6011773418074856e-18 -2.5316901387785229e-18 49.999999999999979 50.000000000000028 49.999999999999979 -2.1316282072803006e-14 2.8421709430404007e-14 1.0000000000000002 1969.8656512470225 8030.1343487480663 0.026818170936810121 0 0 0.97868572461258685 1.0311618976879288e-17 0.99999999999999978 1.5582153490612772e-15 -1.0751517935271927e-14 1.6323136781826143e-17 0.33477379053421907 0.3335686253040982 0.0012051652301208748 0.00030676209346664634
14000 0 0 0.030169115396987703 25.033177791242107 0.0018677237266900939 0.0003067620934691618 0.0018677237266900937 0.0003067620934691618 0.0018677237266900939 3.7921055184872443e-19 -2.7894353493721358e-19 6.5919492087152456e-21 -4.5502003037011115e-18 7.0211113830446394e-18 49.999999999999979 50.000000000000028 49.999999999999979 -2.1316282072803006e-14 2.8421709430404007e-14 1.0000000000000029 1969.865651246995 8030.1343487478116 0.026818170936698596 0 0 0.97868572460929315 1.0311618977918831e-17 0.99999999999999978 3.9872619095326911e-15 -2.6435559735325608e-15 2.745643322950203e-17 0.33477379053222273 0.33356862530515585 0.0012051652270668733 0.0003067620934691618
14500 0 0 0.030169115347534525 25.033177791279531 0.0018677237266972774 0.00030676209346962438 0.0018677237266972796 0.00030676209346962427 0.0018677237266972774 9.9781294338239878e-19 1.6348034037614268e-18 1.5265566588604155e-20 -6.7344270777111932e-18 4.0880606111703308e-18 49.999999999999979 50.000000000000028 49.999999999999979 -2.1316282072803006e-14 2.8421709430404007e-14 1.0000000000000013 1969.8656512469508 8030.1343487476634 0.02681817093663966 0 0 0.97868572460716374 1.0311618978296252e-17 0.99999999999999978 9.7174872993818894e-15 1.6467296276578836e-14 1.4888234284419395e-16 0.33477379053093009 0.33356862530584053 0.0012051652250895661 0.00030676209346962438
15000 0 0 0.030169110841387684 25.033177791293888 0.0018677237266221146 0.00030676209346931245 0.001867723726622111 0.00030676209346931267 0.0018677237266221146 -6.303985111703174e-19 4.2185005488827129e-18 2.08166817117331e-21 -2.3650984341905729e-21 7.306942243139701e-18 49.999999999999979 50.000000000000036 49.999999999999979 -2.1316282072803006e-14 3.5527136788005009e-14 1.0000000000000027 1969.8656512469106 8030.1343487475815 0.026818170936622289 0 0 0.9786857246063394 1.0311618978314064e-17 0.99999999999999978 -5.8421152112140187e-15 4.2058695942326879e-14 1.4709622013500315e-17 0.33477379053043244 0.33356862548535055 0.0012051650450818907 0.00030676209346931245
15500 0 0 0.030169110839520306 25.033177791295266 0.0018677237265603355 0.00030676209346895656 0.001867723726560334 0.00030676209346895662 0.0018677237265603355 8.4307560932520607e-20 5.5469517867865822e-18 -4.5102810375422546e-21 8.5417040253899313e-18 1.5808298391086022e-17 49.999999999999979 50.000000000000036 49.999999999999979 -2.1316282072803006e-14 3.5527136788005009e-14 1.0000000000000029 1969.8656512468842 8030.1343487474405 0.026818170936623989 0 0 0.97868572460624359 1.0311618978221244e-17 0.99999999999999978 8.9555099447302666e-16 5.5446817384847968e-14 -6.5774158306865223e-17 0.33477379053037698 0.33356862548536975 0.0012051650450072282 0.00030676209346895656
16000 0 0 0.03016911084310505 25.033177791292566 0.0018677237265311772 0.00030676209346875485 0.0018677237265311724 0.00030676209346875474 0.0018677237265311772 -2.7720881146125574e-19 5.0601883794273027e-18 1.1102230246258052e-20 1.9346934310560385e-18 1.1336056661040829e-17 49.999999999999979 50.000000000000043 49.999999999999979 -2.1316282072803006e-14 4.2632564145606011e-14 1.0000000000000022 1969.8656512468422 8030.1343487472777 0.026818170936629783 0 0 0.97868572460637981 1.0311618978142638e-17 0.99999999999999978 -2.6883877068950568e-15 5.0645089197877451e-14 6.6473597730363326e-17 0.33477379053046502 0.33356862548531446 0.001205165045150558 0.00030676209346875485
16500 0 0 0.030169110846500955 25.033177791289987 0.0018677237265244484 0.00030676209346868784 0.0018677237265244545 0.00030676209346868784 0.0018677237265244484 -1.1067535776738673e-19 6.5510097346827466e-18 -3.1225022567601271e-21 3.2498888490693703e-18 4.0126755237761019e-18 49.999999999999979 50.000000000000043 49.999999999999979 -2.1316282072803006e-14 4.2632564145606011e-14 1.000000000000002 1969.8656512468024 8030.1343487471486 0.02681817093663371 0 0 0.97868572460650705 1.0311618978106145e-17 0.99999999999999978 -1.7186773367635808e-15 6.5062918154129052e-14 -1.2937666516643186e-17 0.33477379053054651 0.33356862548526017 0.0012051650452863383 0.00030676209346868784
17000 0 0 0.030169110848166959 25.033177791288708 0.0018677237265268467 0.00030676209346868616 0.0018677237265268458 0.000306762093468686 0.0018677237265268467 8.8991314317665692e-19 6.2345961726645325e-18 -3.1225022567601997e-21 1.2959589618731749e-19 1.1658360613063563e-17 49.999999999999979 50.000000000000043 49.999999999999979 -2.1316282072803006e-14 4.2632564145606011e-14 1.0000000000000011 1969.8656512467719 8030.1343487470212 0.026818170936635095 0 0 0.97868572460656289 1.0311618978097717e-17 0.99999999999999978 9.0144906355577067e-15 6.2514907536751446e-14 -2.3537290355995686e-17 0.33477379053058554 0.33356862548523258 0.0012051650453529517 0.00030676209346868616
17500 0 0 0.030169110848683435 25.033177791288324 0.0018677237265306355 0.00030676209346872189 0.0018677237265306388 0.00030676209346872189 0.0018677237265306355 1.7281315267692039e-18 5.7176485768232244e-18 1.0755285551063104e-20 -1.1984653873964088e-17 8.0239792514411082e-18 49.999999999999979 50.000000000000057 49.999999999999979 -2.1316282072803006e-14 5.6843418860808015e-14 1.000000000000002 1969.8656512467408 8030.1343487468548 0.026818170936634893 0 0 0.97868572460656555 1.0311618978100731e-17 0.99999999999999978 1.7086592557502556e-14 5.7391279771092096e-14 9.3611903930201675e-17 0.33477379053059259 0.33356862548521898 0.0012051650453736018 0.00030676209346872189
18000 0 0 0.030169110848570928 25.033177791288367 0.0018677237265331194 0.00030676209346874113 0.0018677237265331118 0.00030676209346874113 0.0018677237265331194 1.4113710200556551e-18 7.5862927051467428e-18 4.1633363423470646e-21 2.7992749282851201e-18 4.0013152778349535e-18 49.999999999999979 50.000000000000057 49.999999999999979 -2.1316282072803006e-14 5.6843418860808015e-14 1.0000000000000002 1969.8656512467007 8030.1343487467175 0.026818170936634154 0 0 0.97868572460654457 1.0311618978105349e-17 0.99999999999999978 1.411240915794032e-14 7.5602718569725876e-14 5.7974637716412094e-17 0.33477379053058409 0.33356862548521499 0.0012051650453691054 0.00030676209346874113
18500 0 0 0.030169110848370987 25.033177791288505 0.0018677237265339729 0.00030676209346875165 0.0018677237265339629 0.00030676209346875192 0.0018677237265339729 -6.335210134271562e-19 1.0336523303962357e-17 -3.4694469519559484e-22 -4.9168361436111549e-18 -8.673793592418659e-18 49.999999999999979 50.000000000000057 49.999999999999979 -2.1316282072803006e-14 5.6843418860808015e-14 1.0000000000000029 1969.8656512466641 8030.1343487466111 0.026818170936633391 0 0 0.9786857246065197 1.031161897810825e-17 0.99999999999999978 -6.4804932485414143e-15 1.0317246194622566e-13 -9.994942499150453e-18 0.33477379053057355 0.33356862548521243 0.0012051650453611118 0.00030676209346875165
19000 0 0 0.030169110848204336 25.03317779128859 0.0018677237265340607 0.00030676209346875414 0.0018677237265340766 0.00030676209346875409 0.0018677237265340607 -1.6351503484568633e-18 1.5851556178791774e-17 1.0408340855868003e-20 -1.9682123371944874e-18 -2.8916329386994351e-17 49.999999999999979 50.000000000000064 49.999999999999979 -2.1316282072803006e-14 6.3948846218409017e-14 1.0000000000000022 1969.8656512466257 8030.1343487464819 0.026818170936632746 0 0 0.97868572460649705 1.0311618978109127e-17 0.99999999999999978 -1.6593063647523454e-14 1.5888527474351549e-13 4.4977483023859801e-17 0.33477379053056433 0.33356862548520988 0.0012051650453544505 0.00030676209346875414
19500 0 0 0.030169110848159861 25.033177791288583 0.001867723726533595 0.00030676209346875262 0.0018677237265335757 0.0003067620934687523 0.001867723726533595 -2.4463070458242127e-18 1.934875870636371e-17 8.3266726846945263e-21 6.8636151377389012e-19 5.612117918352069e-17 49.999999999999979 50.000000000000071 49.999999999999979 -2.1316282072803006e-14 7.1054273576010019e-14 1.0000000000000027 1969.8656512465923 8030.1343487463791 0.026818170936632354 0 0 0.97868572460648062 1.0311618978108042e-17 0.99999999999999978 -2.440539111275258e-14 1.9345050740214166e-13 4.7334099677583043e-17 0.33477379053055789 0.33356862548520522 0.0012051650453526741 0.00030676209346875262
20000 0 0 0.030169110848204235 25.033177791288505 0.0018677237265337682 0.00030676209346876048 0.0018677237265337604 0.00030676209346876038 0.0018677237265337682 -1.0130785099711755e-19 2.8337401869491681e-17 -3.8163916471516887e-21 -1.2622879822912695e-17 -2.4615126624868484e-19 49.999999999999979 50.000000000000085 49.999999999999979 -2.1316282072803006e-14 8.5265128291212022e-14 1.0000000000000036 1969.8656512465595 8030.1343487463246 0.026818170936632107 0 0 0.97868572460647241 1.0311618978106709e-17 0.99999999999999978 -8.3808828098565615e-16 2.8293724784952956e-13 -1.4562474515530961e-17 0.33477379053055578 0.33356862548520133 0.0012051650453544505 0.00030676209346876048
20500 0 0 0.030169110848184789 25.033177791288512 0.001867723726533827 0.0003067620934687594 0.0018677237265338257 0.00030676209346875956 0.001867723726533827 1.1766976282254309e-17 4.6480527760051069e-17 -1.73472347597805e-21 -8.8940766542887187e-18 3.0305748167643504e-17 49.999999999999979 50.000000000000107 49.999999999999979 -2.1316282072803006e-14 1.0658141036401503e-13 1.0000000000000033 1969.8656512465493 8030.1343487462545 0.026818170936631899 0 0 0.97868572460646464 1.0311618978106595e-17 0.99999999999999978 1.1771790139891714e-13 4.6465565770202901e-13 3.4472625535607383e-17 0.33477379053055289 0.33356862548519922 0.0012051650453536733 0.0003067620934687594
21000 0 0 0.030169110848200068 25.033177791288509 0.0018677237265338311 0.00030676209346875815 0.0018677237265338315 0.00030676209346875832 0.0018677237265338311 1.7909979055387881e-17 6.1234697867939927e-17 9.3675067702815236e-21 -2.6402505030660524e-18 6.7906461566562916e-17 49.999999999999986 50.000000000000121 49.999999999999986 -1.4210854715202004e-14 1.2079226507921703e-13 1.0000000000000029 1969.8656512465336 8030.1343487462009 0.026818170936631684 0 0 0.97868572460645731 1.0311618978106258e-17 0.99999999999999978 1.7901392179462818e-13 6.1205404080447862e-13 9.2893626383354106e-17 0.33477379053055112 0.33356862548519683 0.0012051650453542839 0.00030676209346875815
21500 0 0 0.030169110848208402 25.033177791288505 0.0018677237265336648 0.00030676209346876325 0.0018677237265337042 0.00030676209346876249 0.0018677237265336648 2.1170218356141192e-17 6.9316427597826986e-17 -4.1633363423473723e-21 1.1632657274528751e-17 8.0698653161881028e-17 49.999999999999993 50.000000000000135 49.999999999999993 -7.1054273576010019e-15 1.3500311979441904e-13 1.0000000000000022 1969.8656512465179 8030.1343487461481 0.026818170936631486 0 0 0.97868572460644931 1.0311618978106001e-17 0.99999999999999978 2.1111216073899097e-13 6.928895526981295e-13 -3.8310409756773661e-17 0.33477379053054845 0.33356862548519384 0.001205165045354617 0.00030676209346876325
22000 0 0 0.030169110848176438 25.033177791288502 0.0018677237265337459 0.00030676209346876151 0.0018677237265337045 0.00030676209346876216 0.0018677237265337459 2.707487012367552e-17 7.6355588518651283e-17 1.3877787807824661e-21 4.12535109308962e-17 9.380381392684253e-17 50.000000000000014 50.000000000000163 50.000000000000014 1.4210854715202004e-14 1.6342482922482304e-13 1.0000000000000022 1969.8656512465045 8030.1343487460617 0.026818170936631247 0 0 0.97868572460644165 1.0311618978105686e-17 0.99999999999999978 2.7082372802689214e-13 7.6346742783954939e-13 -5.6524522850079883e-17 0.33477379053054551 0.33356862548519217 0.0012051650453533402 0.00030676209346876151
22500 0 0 0.030169110848168097 25.033177791288502 0.0018677237265337519 0.00030676209346876715 0.0018677237265338274 0.00030676209346876699 0.0018677237265337519 3.2045199827048255e-17 8.7646903623793528e-17 1.4224732503020424e-20 4.3641946898848288e-17 4.0479610041490654e-17 50.000000000000021 50.000000000000171 50.000000000000021 2.1316282072803006e-14 1.7053025658242404e-13 1.0000000000000027 1969.8656512464852 8030.1343487459999 0.02681817093663099 0 0 0.97868572460643255 1.031161897810541e-17 0.99999999999999978 3.2050100415550041e-13 8.7682403110713807e-13 1.483829795203432e-16 0.3347737905305424 0.3335686254851894 0.0012051650453530072 0.00030676209346876715
23000 0 0 0.030169110848204207 25.033177791288484 0.0018677237265338643 0.0003067620934687703 0.0018677237265337984 0.00030676209346877084 0.0018677237265338643 2.9735242046436094e-17 1.0372362690976913e-16 6.5919492087168428e-21 5.2930542825300272e-17 1.3456729952697334e-16 50.000000000000028 50.000000000000192 50.000000000000028 2.8421709430404007e-14 1.9184653865522705e-13 1.0000000000000031 1969.8656512464697 8030.134348745938 0.026818170936630737 0 0 0.97868572460642378 1.0311618978104968e-17 0.99999999999999978 2.9711389611688418e-13 1.0370543400385397e-12 5.027495611038785e-17 0.33477379053053952 0.33356862548518507 0.0012051650453544505 0.0003067620934687703
23500 0 0 0.030169110848205588 25.033177791288477 0.0018677237265338328 0.00030676209346877306 0.0018677237265338519 0.00030676209346877214 0.0018677237265338328 3.2902500168877255e-17 9.9079772164576667e-17 -2.4286128663693866e-21 2.6550019424262814e-17 7.3392225377530194e-17 50.000000000000043 50.000000000000227 50.000000000000043 4.2632564145606011e-14 2.2737367544323206e-13 1.0000000000000036 1969.8656512464509 8030.1343487458807 0.026818170936630453 0 0 0.97868572460641312 1.0311618978104481e-17 0.99999999999999978 3.294586825575152e-13 9.9062728506349451e-13 -3.5279285547560036e-17 0.33477379053053635 0.33356862548518185 0.001205165045354506 0.00030676209346877306
24000 0 0 0.030169110848197213 25.033177791288445 0.0018677237265339788 0.00030676209346877534 0.0018677237265339033 0.00030676209346877599 0.0018677237265339788 4.0859676753189346e-17 8.9229318378583304e-17 6.9388939039126002e-22 4.7184990672259854e-17 1.4160313056963069e-16 50.000000000000057 50.000000000000242 50.000000000000057 5.6843418860808015e-14 2.4158453015843406e-13 1.0000000000000027 1969.8656512464293 8030.1343487457762 0.026818170936630178 0 0 0.9786857246064038 1.0311618978104025e-17 0.99999999999999978 4.0873511183466541e-13 8.9235498332220878e-13 3.0436069404371523e-17 0.33477379053053291 0.33356862548517874 0.0012051650453541729 0.00030676209346877534
24500 0 0 0.030169110848191672 25.033177791288459 0.0018677237265338014 0.00030676209346877859 0.0018677237265338242 0.00030676209346877826 0.0018677237265338014 4.3541559247052121e-17 7.0216055192473278e-17 -1.5959455978999183e-20 9.736631255381036e-18 2.9047255047584478e-17 50.000000000000064 50.000000000000256 50.000000000000064 6.3948846218409017e-14 2.5579538487363607e-13 1.0000000000000029 1969.8656512464072 8030.1343487456807 0.026818170936629894 0 0 0.97868572460639236 1.0311618978103777e-17 0.99999999999999978 4.3493724257755709e-13 7.0168777202095824e-13 -1.7599182391863952e-16 0.33477379053052891 0.33356862548517496 0.0012051650453539509 0.00030676209346877859
25000 0 0 0.030169110848227754 25.03317779128842 0.0018677237265339024 0.00030676209346878271 0.001867723726533933 0.00030676209346878211 0.0018677237265339024 4.815835230602082e-17 5.7002666475948008e-17 1.4571677198216764e-20 3.0413154069808331e-17 1.1819792716721139e-16 50.000000000000078 50.000000000000263 50.000000000000078 7.815970093361102e-14 2.6290081223123707e-13 1.0000000000000022 1969.8656512463849 8030.1343487455961 0.026818170936629627 0 0 0.97868572460638359 1.0311618978103233e-17 0.99999999999999978 4.8147380179996979e-13 5.7029474729870105e-13 9.033353418881799e-17 0.33477379053052614 0.33356862548517074 0.0012051650453553941 0.00030676209346878271
25500 0 0 0.030169110848216645 25.033177791288427 0.0018677237265339432 0.00030676209346878385 0.0018677237265338805 0.00030676209346878309 0.0018677237265339432 5.1429346892325794e-17 4.8394621643449525e-17 -4.5102810375433289e-21 6.72651598861717e-17 3.1148536260110568e-17 50.000000000000092 50.00000000000027 50.000000000000092 9.2370555648813024e-14 2.7000623958883807e-13 1.0000000000000033 1969.8656512463604 8030.134348745496 0.026818170936629332 0 0 0.97868572460637271 1.0311618978102871e-17 0.99999999999999978 5.1430973195543128e-13 4.8373968941983484e-13 -4.6144840033990377e-17 0.3347737905305227 0.33356862548516775 0.0012051650453549501 0.00030676209346878385
26000 0 0 0.030169110848230502 25.033177791288395 0.0018677237265339666 0.00030676209346878547 0.0018677237265340113 0.00030676209346878564 0.0018677237265339666 6.3562349828013309e-17 6.0261171053226748e-17 -5.2041704279346727e-21 3.6350725595027569e-17 7.3114330848228497e-17 50.000000000000107 50.000000000000284 50.000000000000107 1.0658141036401503e-13 2.8421709430404007e-13 1.0000000000000024 1969.8656512463338 8030.1343487454278 0.026818170936629072 0 0 0.97868572460636338 1.0311618978102277e-17 0.99999999999999978 6.3560745216687039e-13 6.0224590063936925e-13 -6.7601551972714273e-17 0.33477379053051975 0.33356862548516425 0.0012051650453555052 0.00030676209346878547
26500 0 0 0.030169110848191606 25.033177791288406 0.0018677237265339037 0.00030676209346878894 0.0018677237265339592 0.00030676209346878905 0.0018677237265339037 7.2830977360165617e-17 5.3732365779035593e-17 3.4694469519564798e-21 3.4847441584051908e-17 4.7556118633158427e-17 50.000000000000128 50.000000000000298 50.000000000000128 1.2789769243681803e-13 2.9842794901924208e-13 1.0000000000000031 1969.8656512463122 8030.1343487453296 0.026818170936628766 0 0 0.97868572460635206 1.031161897810211e-17 0.99999999999999978 7.2798104350235704e-13 5.3737635006843444e-13 5.1747969424531946e-17 0.33477379053051537 0.33356862548516142 0.0012051650453539509 0.00030676209346878894
27000 0 0 0.030169110848191565 25.03317779128837 0.0018677237265339506 0.00030676209346879312 0.0018677237265338727 0.00030676209346879268 0.0018677237265339506 8.3482179502672877e-17 5.7483184878796334e-17 -7.2858385991086831e-21 8.2676026777191535e-17 1.2383006357243199e-16 50.000000000000149 50.000000000000313 50.000000000000149 1.4921397450962104e-13 3.1263880373444408e-13 1.0000000000000024 1969.8656512462906 8030.1343487452505 0.026818170936628496 0 0 0.97868572460634251 1.0311618978100482e-17 0.99999999999999978 8.3470470139157987e-13 5.7468355702872346e-13 -3.885928279806764e-17 0.33477379053051265 0.3335686254851587 0.0012051650453539509 0.00030676209346879312
27500 0 0 0.030169110848181836 25.03317779128837 0.0018677237265339614 0.00030676209346879588 0.0018677237265339469 0.00030676209346879626 0.0018677237265339614 9.9367042372206928e-17 5.4034207663856986e-17 3.8163916471522116e-21 1.0783582415582395e-16 -2.5555303291912331e-17 50.000000000000171 50.000000000000327 50.000000000000171 1.7053025658242404e-13 3.2684965844964609e-13 1.0000000000000024 1969.8656512462655 8030.1343487451568 0.02681817093662818 0 0 0.97868572460633141 1.0311618978100112e-17 0.99999999999999978 9.9324454910787452e-13 5.3987218341821088e-13 5.1307187882201608e-17 0.33477379053050904 0.33356862548515548 0.0012051650453535623 0.00030676209346879588
28000 0 0 0.030169110848192935 25.033177791288356 0.0018677237265340059 0.00030676209346879962 0.0018677237265339959 0.00030676209346879962 0.0018677237265340059 1.0178594078711211e-16 5.1314855142913977e-17 -3.8163916471522514e-21 1.2390762206944214e-16 1.6891819193939999e-16 50.000000000000206 50.000000000000348 50.000000000000206 2.0605739337042905e-13 3.4816594052244909e-13 1.0000000000000022 1969.8656512462476 8030.1343487450822 0.026818170936627906 0 0 0.97868572460632153 1.03116189780992e-17 0.99999999999999978 1.0179068960312814e-12 5.128836808379611e-13 -6.8945020961353601e-17 0.3347737905305056 0.33356862548515159 0.0012051650453540064 0.00030676209346879962
28500 0 0 0.030169110848181802 25.033177791288342 0.0018677237265341499 0.00030676209346880141 0.0018677237265340523 0.0003067620934688019 0.0018677237265341499 1.0280803985915968e-16 5.3545015643632278e-17 1.0408340855869894e-21 1.2212717696253646e-16 2.0624932903844493e-17 50.000000000000234 50.000000000000355 50.000000000000234 2.3447910280083306e-13 3.5527136788005009e-13 1.000000000000002 1969.8656512462239 8030.1343487450031 0.026818170936627611 0 0 0.97868572460631165 1.0311618978098827e-17 0.99999999999999978 1.0278564023159881e-12 5.3567995309293289e-13 -3.754477426981157e-18 0.33477379053050171 0.33356862548514815 0.0012051650453535623 0.00030676209346880141
29000 0 0 0.030169110848191513 25.033177791288328 0.0018677237265340256 0.00030676209346880689 0.0018677237265340423 0.00030676209346880683 0.0018677237265340256 1.0469264344346365e-16 6.578834699239274e-17 -4.1633363423480027e-21 7.0845132348616689e-17 1.5278038967884981e-16 50.000000000000263 50.000000000000369 50.000000000000263 2.6290081223123707e-13 3.694822225952521e-13 1.0000000000000016 1969.8656512462001 8030.1343487449267 0.026818170936627351 0 0 0.97868572460630165 1.0311618978098078e-17 0.99999999999999978 1.0468132437269073e-12 6.5792771887157324e-13 -4.4136921511458999e-17 0.33477379053049883 0.33356862548514488 0.0012051650453539509 0.00030676209346880689
29500 0 0 0.030169110848198431 25.033177791288303 0.0018677237265341674 0.0003067620934688071 0.0018677237265340805 0.00030676209346880667 0.0018677237265341674 1.073547500897008e-16 7.5055586745764763e-17 6.9388939039133885e-21 1.2081695694799758e-16 4.3394721106296914e-17 50.000000000000284 50.000000000000391 50.000000000000284 2.8421709430404007e-13 3.907985046680551e-13 1.000000000000002 1969.8656512461798 8030.1343487448476 0.026818170936627049 0 0 0.97868572460629166 1.0311618978097443e-17 0.99999999999999978 1.0736303339685026e-12 7.5067057604683018e-13 6.615667997913673e-17 0.33477379053049527 0.33356862548514105 0.0012051650453542284 0.0003067620934688071
29999 0 0 0.030169110848192859 25.033177791288292 0.0018677237265342251 0.00030676209346881074 0.0018677237265340974 0.0003067620934688115 0.0018677237265342251 1.0893334845284226e-16 8.4587198356876292e-17 -3.8163916471524049e-21 9.3138950223815419e-17 1.6091599146466248e-16 50.000000000000313 50.000000000000426 50.000000000000313 3.1263880373444408e-13 4.2632564145606011e-13 1.0000000000000029 1969.8656512461569 8030.1343487447994 0.026818170936626799 0 0 0.97868572460628134 1.0311618978096633e-17 0.99999999999999978 1.0892064160592983e-12 8.4533920658073881e-13 -4.0550746594521222e-18 0.33477379053049205 0.33356862548513805 0.0012051650453540064 0.00030676209346881074
