# step v0 Mach sigma R umax_ref urms_ref umax_mean urms_mean umax_lab mean_x mean_y mean_z drop_ux drop_uy x0 y0 x_unwrapped center_dx center_dy axis_ratio mass_R mass_B min_f negative_total negative_color min_rho min_phi max_phi qx qy qz p_in p_out delta_p urms_lab
0 0 0 -5.560112678108922e-15 25.040521385269312 0.0001984630561950351 2.4201668813257934e-05 0.00019846305619503513 2.4201668813257934e-05 0.0001984630561950351 -1.6179467861181794e-20 6.1314755782115577e-21 6.9429935314165539e-22 -5.6042237210492268e-20 1.9694241450122673e-20 50.000000000000007 50.000000000000007 50.000000000000007 7.1054273576010019e-15 7.1054273576010019e-15 1.0000000000000007 1969.8656512480638 8030.1343487520408 0.027732534072470616 0 0 0.99999999999999956 5.1710809399147485e-26 0.99999999999998512 7.4837111212974519e-17 3.1065115649889908e-17 5.6601648879302277e-18 0.33333333333333387 0.33333333333333409 -2.2204460492503131e-16 2.4201668813257934e-05
500 0 0 0.0036364904868732197 25.034404068952234 0.00013599012069964736 9.2583625775356248e-05 0.00013599012069964955 9.2583625775356207e-05 0.00013599012069964736 2.2029253421430163e-18 -2.9098251586035871e-18 -5.5460056046374152e-21 -1.7833647815929993e-17 2.9905205737553431e-17 49.999999999999993 50.000000000000014 49.999999999999993 -7.1054273576010019e-15 1.4210854715202004e-14 1.0000000000000018 1969.8656512479834 8030.134348751757 0.02775223804716195 0 0 0.99952243955868325 3.9847258642651434e-18 0.99999999999999978 2.2401349912960604e-14 -3.0025053861096936e-14 -3.037973227349963e-17 0.33345604221089914 0.33331078249243901 0.00014525971846013341 9.2583625775356248e-05
1000 0 0 0.0080936716412879119 25.030825459880383 0.00014694609678511802 9.9643604127827795e-05 0.00014694609678511379 9.9643604127827768e-05 0.00014694609678511802 4.5331793874228734e-18 -1.4738210651899866e-18 3.7369445577458127e-24 4.1647142075439215e-19 2.7307400784843563e-17 49.999999999999986 50.000000000000007 49.999999999999986 -1.4210854715202004e-14 7.1054273576010019e-15 1.0000000000000002 1969.8656512479345 8030.134348751506 0.027754040698234287 0 0 0.99964849644455667 4.6323875970090043e-18 0.99999999999999978 4.5137940219851409e-14 -1.2636948914590898e-14 1.3705434967663908e-17 0.33358734008304353 0.33326399191163542 0.00032334817140811101 9.9643604127827795e-05
1500 0 0 0.010559498341716026 25.028890246933777 9.380310501983969e-05 6.2209673805137689e-05 9.3803105019834093e-05 6.2209673805137445e-05 9.380310501983969e-05 5.7502613781683754e-18 -2.1038726316648382e-18 -5.5490475967660585e-21 1.2495317866949305e-18 2.5284709055423823e-17 49.999999999999993 50.000000000000014 49.999999999999993 -7.1054273576010019e-15 1.4210854715202004e-14 1.0000000000000002 1969.8656512478706 8030.1343487511958 0.0277589257995445 0 0 0.99964178497790734 5.2134777507865133e-18 0.99999999999999978 5.7754150379761733e-14 -2.0518010271223294e-14 -5.6596065835527615e-17 0.33365718555737361 0.33323529316671879 0.00042189239065482109 6.2209673805137689e-05
2000 0 0 0.011099194845137968 25.028461444570659 5.8158681603010098e-05 1.8509552447968789e-05 5.8158681603001872e-05 1.8509552447968829e-05 5.8158681603010098e-05 8.1225174156105674e-18 -2.2286859857614534e-18 5.5478045127458891e-21 1.0564948849123359e-17 -1.0116920499764783e-18 50.000000000000007 50.000000000000014 50.000000000000007 7.1054273576010019e-15 1.4210854715202004e-14 1.0000000000000038 1969.8656512478174 8030.1343487511067 0.027763545337777105 0 0 0.99961852709893062 5.2318310309776306e-18 0.99999999999999978 8.1177253267105624e-14 -2.2932624435829788e-14 3.770727714931452e-17 0.33367273618988641 0.33322927325990492 0.00044346292998148629 1.8509552447968789e-05
2500 0 0 0.010492016918360859 25.028924618226064 4.8570812056140184e-05 1.4822918417444139e-05 4.8570812056137053e-05 1.4822918417444183e-05 4.8570812056140184e-05 1.0602846725606275e-17 -6.7853708762842622e-19 -2.4248031718009836e-21 1.0812688055635866e-17 6.2764112935773569e-18 50.000000000000014 50.000000000000014 50.000000000000014 1.4210854715202004e-14 1.4210854715202004e-14 1.000000000000002 1969.8656512477614 8030.1343487508275 0.027759103025429555 0 0 0.99966811789680143 5.242277852891211e-18 0.99999999999999978 1.0593744848366726e-13 -6.9770037161492123e-15 -3.425259568214844e-17 0.33365681240596223 0.3332376167322208 0.00041919567374143485 1.4822918417444139e-05
3000 0 0 0.0095744436086901766 25.029627269431558 4.8312095762124637e-05 2.350853364315168e-05 4.8312095762117062e-05 2.3508533643151657e-05 4.8312095762124637e-05 1.1006256669945069e-17 2.5049406993109466e-19 -7.2898122227570739e-21 1.5802408660571631e-17 -9.9135026654986946e-18 50.000000000000021 50.000000000000014 50.000000000000021 2.1316282072803006e-14 1.4210854715202004e-14 1.0000000000000011 1969.8656512476996 8030.1343487505846 0.027757028893518845 0 0 0.99967817503626377 5.246830171471731e-18 0.99999999999999978 1.0988334765680316e-13 2.0799400122015329e-15 -3.9532874380605003e-17 0.33363231087832779 0.33324978646014025 0.00038252441818753535 2.350853364315168e-05
3500 0 0 0.0088926826851758907 25.03014962373511 4.7122223964385707e-05 1.883237679731025e-05 4.7122223964388126e-05 1.8832376797310247e-05 4.7122223964385707e-05 1.2689708225185609e-17 3.391471131709123e-18 -2.0828149039052966e-21 1.0260435906131625e-17 -3.2498251727937048e-17 50.000000000000021 50.000000000000014 50.000000000000021 2.1316282072803006e-14 1.4210854715202004e-14 1.0000000000000002 1969.8656512476534 8030.1343487503345 0.027757150752166532 0 0 0.99965490464753015 5.2477547153707389e-18 0.99999999999999978 1.2658027858878913e-13 3.3982101258368119e-14 -3.539097175481891e-18 0.33361404304152459 0.33325876419505923 0.00035527884646535668 1.883237679731025e-05
4000 0 0 0.008619877132482804 25.030359459932498 4.8500991125260138e-05 9.7489504715130408e-06 4.8500991125272816e-05 9.7489504715130391e-06 4.8500991125260138e-05 1.5620447643697394e-17 9.5588467696771633e-18 -5.2028211640255952e-21 1.1200911880073193e-17 -1.8876177291301248e-17 50.000000000000036 50.000000000000014 50.000000000000036 3.5527136788005009e-14 1.4210854715202004e-14 1.0000000000000009 1969.8656512475968 8030.1343487501636 0.027758386662285618 0 0 0.99964587680114214 5.2465279708539053e-18 0.99999999999999978 1.5610700676751125e-13 9.5736005695447768e-14 -3.6881576351690661e-17 0.33360665075939289 0.33326227387793894 0.00034437688145394496 9.7489504715130408e-06
4500 0 0 0.0086697005272991061 25.030322829743987 5.1512897837357301e-05 5.9442319469934683e-06 5.1512897837366022e-05 5.944231946993464e-06 5.1512897837357301e-05 1.3924005991178206e-17 8.1395719157848436e-18 -5.9023404321217808e-21 3.967143766431321e-18 -6.8889056943765273e-18 50.000000000000043 50.000000000000021 50.000000000000043 4.2632564145606011e-14 2.1316282072803006e-14 1.0000000000000004 1969.8656512475345 8030.1343487499489 0.02775968042755908 0 0 0.99964810307874452 5.2452557206848223e-18 0.99999999999999978 1.3910605253646366e-13 8.0972269603112911e-14 -5.548784258174095e-17 0.33360782999544375 0.33326146208855456 0.00034636790688918895 5.9442319469934683e-06
5000 0 0 0.0088615523625289756 25.030177526597324 5.3437403522552466e-05 7.610686136508874e-06 5.3437403522536285e-05 7.6106861365088715e-06 5.3437403522552466e-05 1.5941366065743241e-17 8.1847289362692007e-18 9.0216367643955077e-21 9.0660506762040626e-18 1.5403322271153779e-17 50.00000000000005 50.000000000000028 50.00000000000005 4.9737991503207013e-14 2.8421709430404007e-14 1.0000000000000002 1969.8656512474897 8030.1343487496324 0.027760453783753993 0 0 0.9996552280324793 5.244323091591778e-18 0.99999999999999978 1.5941494846510423e-13 8.205171568229086e-14 6.4331263407352716e-17 0.33361279730942006 0.33325876257062875 0.00035403473879130898 7.610686136508874e-06
5500 0 0 0.0090434105522915337 25.030039461017054 5.3450857259282663e-05 7.6333014467891677e-06 5.3450857259266135e-05 7.633301446789149e-06 5.3450857259282663e-05 1.7680818018445617e-17 9.0571213723383489e-18 6.2469320412218213e-21 2.0483769872959308e-17 3.661704524896762e-17 50.000000000000057 50.000000000000036 50.000000000000057 5.6843418860808015e-14 3.5527136788005009e-14 1.0000000000000033 1969.865651247424 8030.1343487494496 0.027760627375342128 0 0 0.99966186786842259 5.2439006816814042e-18 0.99999999999999978 1.7668692593569553e-13 9.0577532642082157e-14 5.5359853881146723e-17 0.33361753899055729 0.33325623670150673 0.00036130228905056905 7.6333014467891677e-06
6000 0 0 0.0091421705065201451 25.029964392653056 5.2445113523806759e-05 6.5230957288081381e-06 5.2445113523812397e-05 6.5230957288081355e-06 5.2445113523806759e-05 1.7501966672820085e-17 1.0404134151435015e-17 -1.3882157390115002e-21 1.9731924832748115e-17 5.3041750187277662e-17 50.000000000000064 50.000000000000036 50.000000000000064 6.3948846218409017e-14 3.5527136788005009e-14 1.0000000000000002 1969.8656512473633 8030.1343487492104 0.027760415663085188 0 0 0.99966544046269012 5.2441994798377195e-18 0.99999999999999978 1.7493917818995417e-13 1.0373984693947418e-13 -2.9776311380176149e-17 0.33362012352239029 0.33325487448075747 0.00036524904163282024 6.5230957288081381e-06
6500 0 0 0.0091560033463452938 25.02995380785509 5.1433979271000356e-05 5.9135911319740927e-06 5.1433979270986607e-05 5.9135911319740927e-06 5.1433979271000356e-05 1.949836505363315e-17 1.2703748643321493e-17 1.7349076287165039e-21 6.4358367985283327e-18 2.9354166188532205e-17 50.000000000000071 50.000000000000043 50.000000000000071 7.1054273576010019e-14 4.2632564145606011e-14 1.0000000000000018 1969.8656512473028 8030.1343487490758 0.027760094104024954 0 0 0.99966591432624718 5.2445468098831354e-18 0.99999999999999978 1.9578883325318613e-13 1.2718936621687431e-13 2.3460255133876632e-18 0.33362049302744123 0.33325469117991757 0.00036580184752366129 5.9135911319740927e-06
7000 0 0 0.0091202763912601632 25.029980877534957 5.0856269461842226e-05 5.9465599026713816e-06 5.0856269461829791e-05 5.9465599026713875e-06 5.0856269461842226e-05 2.1253998723760364e-17 1.4233698854981968e-17 2.0830212207924022e-21 2.3350966505145524e-17 1.2065668573892131e-17 50.000000000000078 50.000000000000043 50.000000000000078 7.815970093361102e-14 4.2632564145606011e-14 1.0000000000000018 1969.8656512472567 8030.1343487488357 0.027759852182886909 0 0 0.99966458989872198 5.2447896921286363e-18 0.99999999999999978 2.119158662238401e-13 1.4203502277975679e-13 1.866793088355154e-17 0.33361956712023705 0.33325519303477996 0.00036437408545708649 5.9465599026713816e-06
7500 0 0 0.0090743216907686903 25.030015737140502 5.071162872914934e-05 6.0081696481362812e-06 5.0711628729125481e-05 6.0081696481362778e-06 5.071162872914934e-05 2.2302591631144077e-17 1.8375253575683024e-17 4.8543147482629655e-21 2.2847278089828443e-17 1.3180462368886272e-17 50.000000000000092 50.00000000000005 50.000000000000092 9.2370555648813024e-14 4.9737991503207013e-14 1.0000000000000047 1969.8656512471935 8030.1343487485883 0.027759754052323411 0 0 0.99966290210810893 5.2449212472304301e-18 0.99999999999999978 2.2302038685379848e-13 1.8385897232871896e-13 1.3544500307161649e-17 0.33361837175524156 0.33325583416093618 0.0003625375943053788 6.0081696481362812e-06
8000 0 0 0.0090427224136684307 25.030039714759788 5.0838503463284202e-05 5.9516997666810623e-06 5.0838503463283762e-05 5.9516997666810656e-06 5.0838503463284202e-05 2.5803141632923381e-17 1.8685779919905492e-17 7.2840996149894094e-21 2.4129788768412508e-17 1.8396780390397362e-17 50.000000000000099 50.000000000000057 50.000000000000099 9.9475983006414026e-14 5.6843418860808015e-14 1.0000000000000031 1969.8656512471375 8030.1343487483282 0.027759771725638736 0 0 0.99966174491063797 5.2450161031629075e-18 0.99999999999999978 2.581490793632674e-13 1.8696547312063451e-13 6.3030481819087731e-17 0.33361754894476892 0.3332562741518913 0.00036127479287761943 5.9516997666810623e-06
8500 0 0 0.0090319966980025746 25.030047854665842 5.1055982846885114e-05 5.8964884459683659e-06 5.1055982846854485e-05 5.8964884459683701e-06 5.1055982846885114e-05 2.9156230652475233e-17 2.1442572652369765e-17 4.1592993650802705e-21 7.1198526720019247e-18 2.054052634172883e-17 50.000000000000107 50.000000000000064 50.000000000000107 1.0658141036401503e-13 6.3948846218409017e-14 1.0000000000000009 1969.8656512470866 8030.1343487481226 0.027759841544384954 0 0 0.99966135313036164 5.2449429987754501e-18 0.99999999999999978 2.9129297038610344e-13 2.1445099140213843e-13 1.0049387026432393e-17 0.33361726947462167 0.33325642331282262 0.00036084616179904438 5.8964884459683659e-06
9000 0 0 0.0090365951330968631 25.03004436497497 5.1230147982874174e-05 5.8875950099138733e-06 5.1230147982892585e-05 5.8875950099139098e-06 5.1230147982874174e-05 3.2771098931321818e-17 2.0535719527875257e-17 -6.2459602365248474e-21 6.5012307912394731e-18 -1.0617501507681056e-17 50.000000000000121 50.000000000000078 50.000000000000121 1.2079226507921703e-13 7.815970093361102e-14 1.0000000000000011 1969.865651247037 8030.1343487478916 0.027759908529765738 0 0 0.99966152206974657 5.2448659868728316e-18 0.99999999999999978 3.2798503495970982e-13 2.0527403697449908e-13 -7.8443452944306571e-17 0.33361738917694977 0.33325635924822372 0.00036102992872605322 5.8875950099138733e-06
9500 0 0 0.0090471271646377707 25.030036371880506 5.1306194638307689e-05 5.8930067839930842e-06 5.1306194638296406e-05 5.8930067839930977e-06 5.1306194638307689e-05 3.8118089956184825e-17 2.4127973382282447e-17 1.389931174608147e-21 3.7275994009147518e-17 -5.3802165672866518e-18 50.000000000000135 50.000000000000078 50.000000000000135 1.3500311979441904e-13 7.815970093361102e-14 1.0000000000000058 1969.8656512469654 8030.1343487477225 0.027759945564280478 0 0 0.9996619077352582 5.2448192208448991e-18 0.99999999999999978 3.8084537964683945e-13 2.4129572495770529e-13 2.7962928357220897e-17 0.33361766350375999 0.333256212684024 0.00036145081973598669 5.8930067839930842e-06
10000 0 0 0.0090562285731610979 25.030029464603288 5.1297979432505985e-05 5.8921397095984117e-06 5.1297979432457955e-05 5.8921397095984345e-06 5.1297979432505985e-05 4.6356611583244734e-17 2.8976102658793421e-17 -3.5051981537515414e-22 4.7187319616595091e-17 4.0730681091737676e-18 50.000000000000156 50.000000000000092 50.000000000000156 1.5631940186722204e-13 9.2370555648813024e-14 1.0000000000000016 1969.8656512469156 8030.134348747375 0.027759951422866157 0 0 0.99966224078769406 5.2448070043932754e-18 0.99999999999999978 4.6330466724794091e-13 2.894941985005851e-13 8.9385203288516583e-18 0.33361790058760998 0.33325608604855927 0.00036181453905070882 5.8921397095984117e-06
10500 0 0 0.0090607165751928551 25.030026058837258 5.1249885905483199e-05 5.8884689739711661e-06 5.1249885905446133e-05 5.8884689739711695e-06 5.1249885905483199e-05 5.8541577618552196e-17 3.1964777775646343e-17 -5.9023837626671257e-21 7.5485076604897853e-17 2.6791201155618642e-18 50.000000000000171 50.000000000000114 50.000000000000171 1.7053025658242404e-13 1.1368683772161603e-13 1.0000000000000009 1969.8656512468629 8030.1343487472268 0.027759938739807859 0 0 0.99966240496348346 5.2448172813163362e-18 0.99999999999999978 5.8514038205710259e-13 3.1969622677196323e-13 -4.462203364150949e-17 0.33361801748494713 0.33325602359193662 0.00036199389301050378 5.8884689739711661e-06
11000 0 0 0.0090609172827818014 25.030025906993906 5.1201992092537103e-05 5.8870359825235655e-06 5.1201992092508737e-05 5.8870359825235612e-06 5.1201992092537103e-05 6.8290262767626213e-17 3.2882858491265087e-17 -2.4275501708997344e-21 7.2078222942743614e-17 2.2345319313955996e-17 50.000000000000199 50.000000000000128 50.000000000000199 1.9895196601282805e-13 1.2789769243681803e-13 1.0000000000000011 1969.8656512468042 8030.1343487469985 0.027759921911012338 0 0 0.99966241230269115 5.2448354778774055e-18 0.99999999999999978 6.828721480373039e-13 3.2886215960420457e-13 -2.8509429839500084e-17 0.33361802268413038 0.33325602077025102 0.00036200191387936176 5.8870359825235655e-06
11500 0 0 0.009058824627203723 25.030027495618238 5.1174577135432308e-05 5.8872193804650191e-06 5.1174577135386372e-05 5.8872193804650115e-06 5.1174577135432308e-05 7.9922213866573115e-17 4.0713326400557486e-17 -4.5046108362283533e-21 8.9379657667014313e-17 5.2216101746324072e-17 50.000000000000234 50.000000000000149 50.000000000000234 2.3447910280083306e-13 1.4921397450962104e-13 1.0000000000000002 1969.8656512467489 8030.1343487468112 0.027759910112570153 0 0 0.99966233577674113 5.2448507568424873e-18 0.99999999999999978 7.9912475698050635e-13 4.0714482896882932e-13 -4.0718733339915113e-17 0.33361796813760303 0.33325604985250368 0.00036191828509934965 5.8872193804650191e-06
12000 0 0 0.0090564420630879147 25.030029304087282 5.1169280823582918e-05 5.8873341442627807e-06 5.1169280823575762e-05 5.8873341442627824e-06 5.1169280823582918e-05 9.2973174189880987e-17 4.7200353976911506e-17 2.4309392032070305e-21 7.0980053833690709e-17 5.8430443938899302e-17 50.000000000000277 50.000000000000156 50.000000000000277 2.7711166694643907e-13 1.5631940186722204e-13 1.0000000000000018 1969.865651246701 8030.1343487465683 0.027759905927010768 0 0 0.99966224866014386 5.2448569004559819e-18 0.99999999999999978 9.2978416984948811e-13 4.7232721096487221e-13 -2.7411817123729487e-17 0.33361790604784358 0.33325608297712073 0.00036182307072285536 5.8873341442627807e-06
12500 0 0 0.0090549247038945162 25.030030455727598 5.1177602297537888e-05 5.8871524711312666e-06 5.1177602297512857e-05 5.8871524711312658e-06 5.1177602297537888e-05 9.5248541855436014e-17 4.9714558506162906e-17 1.075834252136539e-20 6.855261678069954e-17 3.3902848769690823e-17 50.00000000000032 50.000000000000178 50.00000000000032 3.1974423109204508e-13 1.7763568394002505e-13 1.0000000000000004 1969.8656512466425 8030.1343487463309 0.027759907442715212 0 0 0.9996621931859877 5.2448554889423563e-18 0.99999999999999978 9.5250309105406228e-13 4.9751306734041549e-13 9.4903831848958517e-17 0.33361786651088582 0.33325610407835859 0.00036176243252722395 5.8871524711312666e-06
13000 0 0 0.0090544989250276493 25.030030778799123 5.1189406360613257e-05 5.8870173893947114e-06 5.1189406360602178e-05 5.8870173893947114e-06 5.1189406360613257e-05 1.0415114815516835e-16 5.5557496808413833e-17 -1.214538975058461e-20 1.0228766680241202e-16 4.7159914804584303e-17 50.000000000000369 50.000000000000192 50.000000000000369 3.694822225952521e-13 1.9184653865522705e-13 1.000000000000002 1969.8656512465816 8030.1343487460463 0.027759911248137425 0 0 0.99966217762413123 5.2448518618267493e-18 0.99999999999999978 1.0415804639153912e-12 5.5560187959432677e-13 -1.3834740294020415e-16 0.33361785542139066 0.3332561100042537 0.00036174541713696051 5.8870173893947114e-06
13500 0 0 0.0090548164878029684 25.030030537679739 5.1197982402660839e-05 5.8870066518427989e-06 5.1197982402554262e-05 5.8870066518428065e-06 5.1197982402660839e-05 1.1060395085707168e-16 5.805979069917446e-17 4.5092577921614568e-21 1.0782973988652054e-16 5.0297915695834309e-17 50.000000000000419 50.000000000000213 50.000000000000419 4.1922021409845911e-13 2.1316282072803006e-13 1.0000000000000009 1969.8656512465341 8030.1343487458207 0.027759914612006761 0 0 0.99966218923750672 5.244847818201677e-18 0.99999999999999978 1.1056514455206282e-12 5.806611498610352e-13 6.4572946608497956e-17 0.33361786370157936 0.33325610559368685 0.00036175810789251805 5.8870066518427989e-06
14000 0 0 0.0090553815707803739 25.030030108729989 5.1201239670555117e-05 5.8870221764786445e-06 5.1201239670485498e-05 5.8870221764786419e-06 5.1201239670555117e-05 1.1470912517387897e-16 6.2277969375539637e-17 2.082014777666919e-21 8.1765500861579538e-17 1.9107008209634508e-17 50.000000000000469 50.000000000000234 50.000000000000469 4.6895820560166612e-13 2.3447910280083306e-13 1.000000000000004 1969.8656512464693 8030.134348745547 0.027759916316183741 0 0 0.9996622098970841 5.2448455966672558e-18 0.99999999999999978 1.1470290185396003e-12 6.2290680629440945e-13 -1.1246824256331117e-17 0.33361787842961227 0.33325609773931969 0.00036178069029257909 5.8870221764786445e-06
14500 0 0 0.0090558334890775069 25.030029765711987 5.1200368347548167e-05 5.8870180299484912e-06 5.120036834753809e-05 5.8870180299484912e-06 5.1200368347548167e-05 1.229029383691083e-16 6.5818965539365553e-17 -1.0424882948682114e-21 7.4813835844607242e-17 3.1680091859633353e-17 50.000000000000519 50.000000000000263 50.000000000000519 5.1869619710487314e-13 2.6290081223123707e-13 1.0000000000000022 1969.8656512464158 8030.1343487453541 0.027759916440215793 0 0 0.99966222641712532 5.2448451738440907e-18 0.99999999999999978 1.2291181391869158e-12 6.5824336194065885e-13 1.150542869543462e-18 0.33361789020658955 0.3332560914562947 0.00036179875029485054 5.8870180299484912e-06
15000 0 0 0.0090560347182594616 25.030029612992003 5.1197742683306779e-05 5.8870081541474255e-06 5.1197742683241964e-05 5.8870081541474306e-06 5.1197742683306779e-05 1.3244113108741001e-16 7.3998661744682349e-17 -3.4834702410114749e-22 1.0073360136322721e-16 5.58282875339365e-17 50.000000000000576 50.000000000000291 50.000000000000576 5.7553961596568115e-13 2.9132252166164108e-13 1.0000000000000009 1969.8656512463579 8030.1343487451613 0.027759915697889312 0 0 0.99966223377149299 5.2448458178624439e-18 0.99999999999999978 1.3247262309531207e-12 7.4027950026436041e-13 1.3475135940652766e-17 0.33361789544965381 0.33325608865764111 0.00036180679201269772 5.8870081541474255e-06
15500 0 0 0.0090560211929809325 25.030029623277841 5.1195332406205257e-05 5.8870047096175732e-06 5.119533240611705e-05 5.8870047096175452e-06 5.1195332406205257e-05 1.3985793046693645e-16 7.9224258718052668e-17 -2.0807183971614111e-21 1.0401155744586027e-16 6.4528043727175498e-17 50.000000000000639 50.00000000000032 50.000000000000639 6.3948846218409017e-13 3.1974423109204508e-13 1.0000000000000007 1969.865651246306 8030.1343487449221 0.02775991482560021 0 0 0.99966223327523551 5.2448468030860733e-18 0.99999999999999978 1.3988717275470089e-12 7.9283738345627889e-13 -8.5688426234514672e-18 0.3336178950961452 0.33325608884464325 0.00036180625150195045 5.8870047096175732e-06
16000 0 0 0.0090559028568849981 25.030029713110313 5.1194059201108999e-05 5.8870049790698447e-06 5.1194059201112326e-05 5.8870049790698405e-06 5.1194059201108999e-05 1.4160363284516802e-16 8.2754895330121397e-17 2.7738422872841613e-21 1.124032474651514e-16 6.2648442155003789e-17 50.000000000000703 50.000000000000348 50.000000000000703 7.0343730840249918e-13 3.4816594052244909e-13 1.0000000000000011 1969.8656512462508 8030.134348744722 0.027759914257826313 0 0 0.99966222894826573 5.2448475155662763e-18 0.99999999999999978 1.4163616433122625e-12 8.276810777364025e-13 -1.435532234765221e-17 0.33361789201166109 0.33325609048922256 0.00036180152243853181 5.8870049790698447e-06
16500 0 0 0.0090557809447180636 25.030029805648127 5.1193913313678317e-05 5.8870049025880813e-06 5.1193913313576259e-05 5.887004902588094e-06 5.1193913313678317e-05 1.4770348166133745e-16 9.2577296740159856e-17 -1.0209683812278878e-24 1.4449192606105147e-16 8.6500910897957727e-17 50.000000000000774 50.000000000000384 50.000000000000774 7.744915819785092e-13 3.836930773104541e-13 1.0000000000000024 1969.8656512461946 8030.1343487445065 0.02775991408859807 0 0 0.99966222449143216 5.2448477865384272e-18 0.99999999999999978 1.4770687250332596e-12 9.2609722601105571e-13 -1.0271874563596402e-18 0.33361788883445087 0.33325609218398605 0.00036179665046481846 5.8870049025880813e-06
17000 0 0 0.0090557091015687884 25.030029860176167 5.1194409918440132e-05 5.8870043160506912e-06 5.1194409918382954e-05 5.8870043160506938e-06 5.1194409918440132e-05 1.5024360336589825e-16 9.7179945026538285e-17 6.5926182589544055e-21 1.3260773611300275e-16 9.4421905034554318e-17 50.000000000000846 50.000000000000426 50.000000000000846 8.4554585555451922e-13 4.2632564145606011e-13 1.0000000000000018 1969.8656512461321 8030.1343487442855 0.02775991419662489 0 0 0.99966222186546372 5.2448477480995257e-18 0.99999999999999978 1.5025050024649334e-12 9.7133200751606436e-13 8.8260673268442775e-17 0.3336178869623464 0.33325609318294797 0.00036179377939843382 5.8870043160506912e-06
17500 0 0 0.0090556936281142638 25.030029871916259 5.1195025906041195e-05 5.8870040674749629e-06 5.1195025905892456e-05 5.887004067474968e-06 5.1195025906041195e-05 1.5562542709606309e-16 1.0007545736121758e-16 -2.7757748836959409e-21 1.7425981446260626e-16 8.6516263365567391e-17 50.000000000000909 50.000000000000476 50.000000000000909 9.0949470177292824e-13 4.7606363295926712e-13 1.0000000000000002 1969.8656512460877 8030.1343487440699 0.027759914401401853 0 0 0.99966222130028293 5.2448475414387893e-18 0.99999999999999978 1.5566147139730512e-12 1.0010625420815979e-12 -3.2964760293907081e-17 0.3336178865593315 0.33325609339829837 0.00036179316103313042 5.8870040674749629e-06
18000 0 0 0.009055713766067423 25.030029856627486 5.1195441078386516e-05 5.8870041676539553e-06 5.1195441078389287e-05 5.8870041676539553e-06 5.1195441078386516e-05 1.5751715524389675e-16 1.0382733355809955e-16 4.8554863087732588e-21 1.4799649832677642e-16 7.3070438078086027e-17 50.000000000000981 50.000000000000519 50.000000000000981 9.8054897534893826e-13 5.1869619710487314e-13 1.0000000000000013 1969.8656512460288 8030.134348743798 0.027759914568796763 0 0 0.99966222203677535 5.244847336348635e-18 0.99999999999999978 1.5754693285657013e-12 1.0386613939855051e-12 2.728435963142341e-17 0.33361788708429851 0.33325609311849269 0.00036179396580582335 5.8870041676539553e-06
18500 0 0 0.0090557436641580703 25.030029833932478 5.1195576061489878e-05 5.8870042799930281e-06 5.1195576061422461e-05 5.8870042799930433e-06 5.1195576061489878e-05 1.6293700601000937e-16 1.1062517275937613e-16 3.4571849385410251e-22 1.4589567766907124e-16 9.9169323435859222e-17 50.000000000001052 50.000000000000547 50.000000000001052 1.0516032489249483e-12 5.4711790653527714e-13 1.0000000000000016 1969.8656512459659 8030.1343487436279 0.027759914645667124 0 0 0.99966222312984121 5.244847234044083e-18 0.99999999999999978 1.6292141653764076e-12 1.1060416176831563e-12 -8.5050553433652659e-18 0.33361788786351287 0.33325609270289019 0.00036179516062267991 5.8870042799930281e-06
19000 0 0 0.0090557658568525771 25.030029817087854 5.11955093010156e-05 5.8870042911001821e-06 5.1195509301092992e-05 5.8870042911001804e-06 5.11955093010156e-05 1.6020291240528343e-16 1.14762942259249e-16 -2.0866699618989548e-21 1.2444129606091551e-16 1.120178386071075e-16 50.000000000001123 50.000000000000604 50.000000000001123 1.1226575225009583e-12 6.0396132539608516e-13 1.0000000000000004 1969.8656512459186 8030.1343487433733 0.027759914643197405 0 0 0.99966222394105142 5.2448472161344152e-18 0.99999999999999978 1.6023596295361945e-12 1.1480679772796104e-12 -3.2275120230147243e-17 0.33361788844183593 0.33325609239432702 0.00036179604750891103 5.8870042911001821e-06
19500 0 0 0.0090557746324820224 25.030029810427827 5.119536709861652e-05 5.8870042578318467e-06 5.1195367098502543e-05 5.887004257831862e-06 5.119536709861652e-05 1.6559676671380597e-16 1.231498410193789e-16 3.8171151542220285e-21 1.5303509075740425e-16 1.0301276999695997e-16 50.000000000001201 50.000000000000654 50.000000000001201 1.2008172234345693e-12 6.5369931689929217e-13 1.0000000000000004 1969.865651245864 8030.1343487431359 0.027759914600929542 0 0 0.99966222426171525 5.2448472516140353e-18 0.99999999999999978 1.6561365045195467e-12 1.2316745811870007e-12 4.4073119145787897e-17 0.33361788867047087 0.33325609227226166 0.00036179639820921317 5.8870042578318467e-06
20000 0 0 0.0090557727634838301 25.030029811847402 5.1195246605164132e-05 5.8870042278531061e-06 5.1195246605098199e-05 5.8870042278531086e-06 5.1195246605164132e-05 1.6486739816257646e-16 1.285112170353837e-16 -4.5106876601752152e-21 1.7380467252617222e-16 1.2866723518600439e-16 50.000000000001272 50.000000000000711 50.000000000001272 1.2718714970105793e-12 7.1054273576010019e-13 1.0000000000000002 1969.8656512458106 8030.1343487429594 0.027759914556168462 0 0 0.99966222419326323 5.2448473067113218e-18 0.99999999999999978 1.6489266142557433e-12 1.2854936392584693e-12 -2.857344241834789e-17 0.33361788862170588 0.33325609229818742 0.00036179632351845958 5.8870042278531061e-06
20500 0 0 0.009055766209791101 25.030029816822438 5.1195188594919148e-05 5.88700420790346e-06 5.1195188594816691e-05 5.8870042079034676e-06 5.1195188594919148e-05 1.6891464491256327e-16 1.3306843996124222e-16 -7.2838470596118966e-21 1.4345365647430276e-16 1.2715777213984892e-16 50.000000000001343 50.000000000000767 50.000000000001343 1.3429257705865894e-12 7.673861546209082e-13 1.0000000000000011 1969.8656512457594 8030.1343487427148 0.02775991452918276 0 0 0.99966222395360327 5.2448473441602408e-18 0.99999999999999978 1.6886795374514421e-12 1.33037810318182e-12 -5.6602442382179558e-17 0.33361788845087847 0.33325609238926512 0.00036179606161335087 5.88700420790346e-06
21000 0 0 0.0090557600346543397 25.030029821509672 5.11951874556297e-05 5.8870041962120302e-06 5.1195187455649914e-05 5.8870041962120379e-06 5.11951874556297e-05 1.7050891948387164e-16 1.3273899971012608e-16 -6.9389292338616283e-21 1.4937531246285834e-16 1.1118147960881965e-16 50.000000000001428 50.000000000000831 50.000000000001428 1.4281908988778014e-12 8.3133500083931722e-13 1.0000000000000007 1969.8656512456885 8030.1343487424965 0.027759914522839314 0 0 0.99966222372783087 5.2448473565644321e-18 0.99999999999999978 1.7049951403020062e-12 1.3268495172295944e-12 -9.1132574323372721e-17 0.33361788828994016 0.33325609247510368 0.00036179581483647416 5.8870041962120302e-06
21500 0 0 0.0090557566838713778 25.030029824052829 5.1195216081986011e-05 5.8870041932810786e-06 5.1195216081858163e-05 5.8870041932810786e-06 5.1195216081986011e-05 1.7237215344335989e-16 1.4027543402312602e-16 7.975817123053222e-21 1.626054564793066e-16 1.1971858566928575e-16 50.000000000001506 50.000000000000895 50.000000000001506 1.5063505998114124e-12 8.9528384705772623e-13 1.0000000000000016 1969.8656512456498 8030.13434874227 0.027759914529824497 0 0 0.99966222360533097 5.2448473512757592e-18 0.99999999999999978 1.7231664906723211e-12 1.4028272909425565e-12 7.3489421957019661e-17 0.33361788820261762 0.33325609252168842 0.0003617956809292 5.8870041932810786e-06
22000 0 0 0.0090557562139258075 25.03002982440923 5.1195247844765077e-05 5.8870041970708734e-06 5.1195247844607915e-05 5.8870041970708564e-06 5.1195247844765077e-05 1.6748521921584409e-16 1.4651866180034342e-16 8.3302108521641746e-21 1.419904325423755e-16 1.350744289317277e-16 50.000000000001577 50.000000000000952 50.000000000001577 1.5774048733874224e-12 9.5212726591853425e-13 1.0000000000000007 1969.8656512455871 8030.1343487419663 0.02775991454069756 0 0 0.99966222358815127 5.2448473395940619e-18 0.99999999999999978 1.6753163526568202e-12 1.4653036152769264e-12 5.2430508867874496e-17 0.33361788819037508 0.3332560925282263 0.00036179566214877834 5.8870041970708734e-06
22500 0 0 0.0090557574274415381 25.030029823488068 5.1195267697586449e-05 5.8870042027728205e-06 5.1195267697536529e-05 5.8870042027727993e-06 5.1195267697586449e-05 1.6966328651268546e-16 1.4958336761098727e-16 5.2055666753916683e-21 1.5414882866673831e-16 1.4588415652090305e-16 50.000000000001656 50.00000000000103 50.000000000001656 1.6555645743210334e-12 1.0302869668521453e-12 1.0000000000000013 1969.8656512455398 8030.1343487417189 0.027759914548942197 0 0 0.99966222363250079 5.2448473306833626e-18 0.99999999999999978 1.6963609065622637e-12 1.4955269536210211e-12 7.150123417147988e-17 0.33361788822199845 0.33325609251135396 0.00036179571064448579 5.8870042027728205e-06
23000 0 0 0.0090557589908681329 25.03002982230133 5.1195272964980243e-05 5.8870042066651512e-06 5.1195272964852077e-05 5.8870042066651495e-06 5.1195272964980243e-05 1.7255650440452009e-16 1.5068211435562201e-16 2.9729467486337534e-24 1.6111830518590994e-16 1.3430090270207305e-16 50.000000000001734 50.000000000001101 50.000000000001734 1.7337242752546445e-12 1.1013412404281553e-12 1.0000000000000002 1969.8656512454857 8030.1343487415716 0.027759914552322632 0 0 0.99966222368963309 5.2448473247760317e-18 0.99999999999999978 1.7262780018391717e-12 1.5070905008794098e-12 1.1879190661266653e-17 0.33361788826273625 0.33325609248961258 0.00036179577312367428 5.8870042066651512e-06
23500 0 0 0.0090557600688542586 25.030029821483069 5.1195268480134534e-05 5.887004207849947e-06 5.11952684799696e-05 5.8870042078499453e-06 5.1195268480134534e-05 1.7447947654846069e-16 1.5384479850015412e-16 -6.9527613668224754e-22 1.852908863706144e-16 1.5375898496529773e-16 50.000000000001812 50.000000000001172 50.000000000001812 1.8118839761882555e-12 1.1723955140041653e-12 1.0000000000000009 1969.8656512454302 8030.1343487413851 0.027759914551758951 0 0 0.99966222372900748 5.2448473246554307e-18 0.99999999999999978 1.7443802072523323e-12 1.5386073296862287e-12 -1.2738925884693106e-17 0.33361788829081712 0.33325609247461391 0.00036179581620321422 5.887004207849947e-06
24000 0 0 0.0090557604378786963 25.030029821203119 5.1195260883593557e-05 5.8870042071855623e-06 5.1195260883604758e-05 5.8870042071855674e-06 5.1195260883593557e-05 1.7860672522150325e-16 1.5703551469185469e-16 -2.0833232369519896e-21 1.4259257253154785e-16 1.1630060026556066e-16 50.000000000001897 50.000000000001251 50.000000000001897 1.8971491044794675e-12 1.2505552149377763e-12 1.0000000000000009 1969.8656512453795 8030.1343487410904 0.027759914549404255 0 0 0.99966222374246172 5.2448473269098611e-18 0.99999999999999978 1.7858924246056973e-12 1.5704759482142197e-12 8.5904085281253594e-18 0.33361788830042072 0.33325609246947019 0.0003617958309505287 5.8870042071855623e-06
24500 0 0 0.0090557602847107562 25.03002982131942 5.1195254919803216e-05 5.8870042058766143e-06 5.119525491984052e-05 5.8870042058766169e-06 5.1195254919803216e-05 1.8195245521881752e-16 1.5912830033987401e-16 -3.8129762188868844e-21 1.5604925215121566e-16 1.0882845825770415e-16 50.000000000001982 50.000000000001315 50.000000000001982 1.9824142327706795e-12 1.3145040611561853e-12 1.000000000000002 1969.8656512453208 8030.1343487409058 0.027759914547129769 0 0 0.99966222373682934 5.2448473295774574e-18 0.99999999999999978 1.8194425458501023e-12 1.5912675289492043e-12 -3.7605397271628181e-17 0.33361788829641753 0.33325609247158805 0.00036179582482948058 5.8870042058766143e-06
25000 0 0 0.0090557599279420843 25.030029821590208 5.1195252335980372e-05 5.8870042047699616e-06 5.1195252335997509e-05 5.8870042047699548e-06 5.1195252335980372e-05 1.8410128158306638e-16 1.6438922333053452e-16 -6.5927929577481959e-21 1.5120853214750624e-16 1.2620361090106409e-16 50.000000000002068 50.000000000001393 50.000000000002068 2.0676793610618915e-12 1.3926637620897964e-12 1.0000000000000007 1969.8656512452621 8030.1343487406721 0.027759914545864656 0 0 0.99966222372375702 5.2448473312854723e-18 0.99999999999999978 1.8415163328955673e-12 1.6441617659573289e-12 -2.2816399229300554e-17 0.33361788828710937 0.33325609247653742 0.00036179581057194099 5.8870042047699616e-06
25500 0 0 0.0090557596182404797 25.030029821825298 5.1195252592512357e-05 5.8870042042509641e-06 5.1195252592486078e-05 5.8870042042509599e-06 5.1195252592512357e-05 1.8333049786410242e-16 1.6339160283304215e-16 -1.0369972052872876e-21 1.5952022591085752e-16 1.4334970071553139e-16 50.000000000002153 50.000000000001464 50.000000000002153 2.1529444893531036e-12 1.4637180356658064e-12 1.0000000000000013 1969.8656512452048 8030.1343487404283 0.027759914545657644 0 0 0.9996622237124082 5.2448473317515142e-18 0.99999999999999978 1.833034646377557e-12 1.6335521209510798e-12 4.7574454068688684e-19 0.33361788827902872 0.33325609248083338 0.00036179579819534124 5.8870042042509641e-06
26000 0 0 0.0090557594646558052 25.030029821941877 5.119525420224225e-05 5.8870042042227063e-06 5.1195254202068175e-05 5.8870042042227071e-06 5.119525420224225e-05 1.8583190406433993e-16 1.6225561509904395e-16 5.549895100620718e-21 1.9354353725635128e-16 1.4212588519707035e-16 50.000000000002238 50.000000000001535 50.000000000002238 2.2382096176443156e-12 1.5347723092418164e-12 1.0000000000000013 1969.8656512451598 8030.134348740241 0.027759914546083155 0 0 0.99966222370676672 5.2448473314255644e-18 0.99999999999999978 1.8580701484844174e-12 1.6227227979358465e-12 5.2898284275438156e-17 0.3336178882750182 0.33325609248296056 0.00036179579205763979 5.8870042042227063e-06
26500 0 0 0.0090557594568034059 25.030029821947785 5.1195255823267498e-05 5.8870042044680875e-06 5.1195255823072653e-05 5.8870042044681002e-06 5.1195255823267498e-05 1.8443524024675871e-16 1.6502811351642379e-16 -3.1213581272358475e-21 2.0752829890117881e-16 1.8262560466600615e-16 50.000000000002323 50.000000000001606 50.000000000002323 2.3234747459355276e-12 1.6058265828178264e-12 1.0000000000000004 1969.8656512451159 8030.1343487399554 0.027759914546652869 0 0 0.99966222370645419 5.2448473308044035e-18 0.99999999999999978 1.8447437994226233e-12 1.650103954502272e-12 -3.0000543549980048e-17 0.33361788827480515 0.33325609248306132 0.00036179579174383525 5.8870042044680875e-06
27000 0 0 0.0090557595273873318 25.030029821894242 5.1195256759917757e-05 5.8870042047564505e-06 5.1195256759742936e-05 5.8870042047564607e-06 5.1195256759917757e-05 1.8478011547106303e-16 1.6672141640366073e-16 -8.6762649738360046e-21 1.9742264298349564e-16 1.6755725531646563e-16 50.000000000002409 50.000000000001684 50.000000000002409 2.4087398742267396e-12 1.6839862837514374e-12 1.000000000000002 1969.8656512450466 8030.1343487397771 0.027759914547053902 0 0 0.99966222370900626 5.2448473302809704e-18 0.99999999999999978 1.8481141774197293e-12 1.6667884575546841e-12 -6.5543182744718157e-17 0.33361788827663524 0.33325609248207066 0.00036179579456457889 5.8870042047564505e-06
27500 0 0 0.0090557596082753451 25.030029821832901 5.1195256945426097e-05 5.8870042049433941e-06 5.1195256945244216e-05 5.8870042049434161e-06 5.1195256945426097e-05 1.8687792334683133e-16 1.7001769187412705e-16 6.2453315962913895e-21 1.9595038306987629e-16 1.800061246402105e-16 50.000000000002494 50.000000000001762 50.000000000002494 2.4940050025179517e-12 1.7621459846850485e-12 1.0000000000000029 1969.8656512449975 8030.1343487395325 0.027759914547197017 0 0 0.99966222371193514 5.2448473300652816e-18 0.99999999999999978 1.8688327795067948e-12 1.7004076860905225e-12 6.2562116525654416e-17 0.33361788827873373 0.33325609248093663 0.00036179579779710425 5.8870042049433941e-06
28000 0 0 0.0090557596599665849 25.030029821793637 5.1195256665127459e-05 5.8870042049993127e-06 5.1195256664943253e-05 5.8870042049993194e-06 5.1195256665127459e-05 1.9008649228255788e-16 1.7213747652793437e-16 1.0439224577083344e-21 2.1077305219240431e-16 1.6201805021905309e-16 50.000000000002586 50.000000000001847 50.000000000002586 2.5863755581667647e-12 1.8474111129762605e-12 1.0000000000000002 1969.865651244944 8030.1343487392969 0.027759914547146033 0 0 0.99966222371379854 5.2448473300860362e-18 0.99999999999999978 1.9010063569663169e-12 1.7215544785625779e-12 2.5370241650308609e-17 0.33361788828007249 0.33325609248020965 0.00036179579986284072 5.8870042049993127e-06
28500 0 0 0.0090557596747128984 25.03002982178246 5.1195256264480224e-05 5.8870042049646038e-06 5.1195256264295246e-05 5.8870042049646233e-06 5.1195256264480224e-05 1.9027609891373947e-16 1.7289474702208101e-16 -3.4256690494438257e-22 2.0709826954767901e-16 1.8243648595303817e-16 50.000000000002672 50.000000000001926 50.000000000002672 2.6716406864579767e-12 1.9255708139098715e-12 1.0000000000000002 1969.8656512448933 8030.134348739085 0.027759914547016519 0 0 0.99966222371430857 5.2448473302180595e-18 0.99999999999999978 1.9032375908568069e-12 1.7290078407957005e-12 -1.5697519475287906e-17 0.33361788828044664 0.33325609247999449 0.0003617958004521471 5.8870042049646038e-06
29000 0 0 0.00905575966412407 25.030029821790524 5.1195255972120379e-05 5.8870042048997524e-06 5.1195255971937481e-05 5.8870042048997406e-06 5.1195255972120379e-05 1.8754657522116952e-16 1.7098290421345148e-16 6.5419351809496415e-25 1.7547049337472001e-16 1.6973844037267027e-16 50.000000000002764 50.000000000002004 50.000000000002764 2.7640112421067897e-12 2.0037305148434825e-12 1.0000000000000011 1969.865651244837 8030.134348738854 0.027759914546901333 0 0 0.99966222371389157 5.2448473303484796e-18 0.99999999999999978 1.8754644918302343e-12 1.709374901179415e-12 -2.6143503162967881e-18 0.33361788828016087 0.33325609248013188 0.00036179580002898559 5.8870042048997524e-06
29500 0 0 0.0090557596449980481 25.030029821805051 5.1195255860276759e-05 5.8870042048466299e-06 5.119525586009195e-05 5.8870042048466146e-06 5.1195255860276759e-05 1.9075421038777528e-16 1.726959599090194e-16 -3.4739457128969633e-22 1.9414775468820854e-16 2.0311259379946938e-16 50.000000000002842 50.000000000002082 50.000000000002842 2.8421709430404007e-12 2.0818902157770935e-12 1.0000000000000018 1969.865651244789 8030.1343487386075 0.027759914546842235 0 0 0.99966222371316316 5.2448473304201327e-18 0.99999999999999978 1.9071010504305104e-12 1.726523965808218e-12 -7.759058491615786e-18 0.33361788827965283 0.33325609248038818 0.00036179579926465255 5.8870042048466299e-06
29999 0 0 0.009055759628986304 25.030029821817209 5.1195255889593586e-05 5.8870042048186287e-06 5.1195255889494165e-05 5.887004204818627e-06 5.1195255889593586e-05 1.9169962248491405e-16 1.7886272432802544e-16 7.2858787839500432e-21 1.9012100889959876e-16 1.8397476849742665e-16 50.000000000002927 50.00000000000216 50.000000000002927 2.9274360713316128e-12 2.1600499167107046e-12 1.0000000000000013 1969.8656512447269 8030.1343487383292 0.027759914546836535 0 0 0.99966222371254987 5.2448473304384537e-18 0.99999999999999978 1.9171344877329262e-12 1.7880801455436479e-12 6.2721406007046574e-17 0.33361788827922628 0.33325609248060151 0.00036179579862477551 5.8870042048186287e-06
