# step v0 Mach sigma R umax_ref urms_ref umax_mean urms_mean umax_lab mean_x mean_y mean_z drop_ux drop_uy x0 y0 x_unwrapped center_dx center_dy axis_ratio mass_R mass_B min_f negative_total negative_color min_rho min_phi max_phi qx qy qz p_in p_out delta_p urms_lab
0 0 0 -5.560112678108922e-15 25.040521385269312 0.010425312279098266 0.0021168379404768651 0.010425312279098266 0.0021168379404768651 0.010425312279098266 3.7723667357037299e-20 8.4286283125273351e-20 1.1199678884849602e-20 1.1157337133633984e-19 -2.721578988740118e-19 50.000000000000007 50.000000000000007 50.000000000000007 7.1054273576010019e-15 7.1054273576010019e-15 1.0000000000000004 1969.8656512480634 8030.1343487520408 0.025428137121733307 0 0 0.99999999999999944 5.1710809399147485e-26 0.99999999999998512 4.6889246065132484e-16 7.0932912886203816e-16 1.2295207697433053e-16 0.33333333333333387 0.33333333333333409 -2.2204460492503131e-16 0.0021168379404768651
500 0 0 1.0541603029882678 23.62923281868601 0.023106952690421692 0.015111664669683854 0.023106952690421689 0.015111664669683852 0.023106952690421692 1.6785184353552007e-18 -8.1563228393479557e-18 4.2101690509635963e-20 5.141588330008556e-18 -1.0580381087689251e-17 50.000000000000007 50.000000000000007 50.000000000000007 7.1054273576010019e-15 7.1054273576010019e-15 1.0000000000000011 1969.8656512480059 8030.1343487517315 0.02303432975151162 0 0 0.91343088952486706 3.9421511578291606e-18 0.99999999999999867 1.7007337378693865e-14 -3.0187657928948397e-14 4.0217354692171811e-16 0.37611894190197986 0.33150639306989771 0.044612548832082155 0.015111664669683854
1000 0 0 1.6784687983026556 23.113648910578142 0.023621983284567976 0.016072340878681143 0.023621983284567976 0.016072340878681143 0.023621983284567976 3.0510316495481661e-18 -2.4917568008932146e-18 -2.1346699123499758e-20 -1.3690016769928686e-17 -2.6739179227671592e-17 50.000000000000014 49.999999999999986 50.000000000000014 1.4210854715202004e-14 -1.4210854715202004e-14 1.0000000000000016 1969.8656512479429 8030.1343487515351 0.023930644950499923 0 0 0.94128305286971914 5.5138361605298023e-18 0.99999999999999811 2.6399889219153039e-14 4.6372627959812007e-14 -2.0447376421659183e-16 0.39634717283183474 0.32372909315102366 0.072618079680811076 0.016072340878681143
1500 0 0 2.0314968235394333 22.846833785909986 0.018065009306077035 0.012458097990737856 0.018065009306077028 0.012458097990737859 0.018065009306077035 6.7189309671539543e-18 -3.9537817464466829e-18 1.427594199523503e-20 1.3022287129524079e-17 -2.7021979250612096e-18 50.000000000000014 49.999999999999986 50.000000000000014 1.4210854715202004e-14 -1.4210854715202004e-14 1.0000000000000016 1969.8656512478981 8030.1343487512431 0.024583950197940449 0 0 0.94952185950486645 5.8036794044248562e-18 0.99999999999999778 6.7244712402547702e-14 -6.203381992114787e-14 9.2996238291364572e-17 0.40722562628509973 0.31830753625232283 0.088918090032776897 0.012458097990737856
2000 0 0 2.1898200512758872 22.725974985224365 0.01004426121231943 0.0070870976140162039 0.010044261212319428 0.0070870976140162056 0.01004426121231943 8.9848267714752411e-18 -3.7782277306778921e-19 2.3134592277156412e-21 1.399373936484984e-17 9.5750222560380105e-19 50.000000000000021 49.999999999999993 50.000000000000021 2.1316282072803006e-14 -7.1054273576010019e-15 1.0000000000000007 1969.8656512478474 8030.1343487510758 0.025354698887905792 0 0 0.93710265928540282 5.2091770423877186e-18 0.99999999999999789 8.9556834170778643e-14 4.0339151290147424e-14 2.1617574729270289e-18 0.41240649137548174 0.31604890703863231 0.096357584336849433 0.0070870976140162039
2500 0 0 2.2219404676368746 22.701669010694424 0.0035592484695432798 0.0024938012803911464 0.0035592484695432854 0.002493801280391146 0.0035592484695432798 9.8983321539251272e-18 2.3732751874842212e-18 1.3204515484723514e-20 1.9735583494389904e-17 -9.2169862773646439e-18 50.000000000000028 49.999999999999986 50.000000000000028 2.8421709430404007e-14 -1.4210854715202004e-14 1.0000000000000013 1969.865651247801 8030.134348750732 0.02594643500364998 0 0 0.93755753955184873 5.1221202567054498e-18 0.999999999999998 9.8719643570888138e-14 2.5274649994438958e-15 1.2469746983476213e-16 0.41378856305086426 0.31591291934422089 0.097875643706643367 0.0024938012803911464
3000 0 0 2.1778487634675803 22.734948965478267 0.00085569461375388089 0.00054842154784547135 0.00085569461375387308 0.00054842154784547168 0.00085569461375388089 7.8329703834269422e-18 -9.1194413132115511e-19 2.9944497952742745e-21 4.4335278034940965e-18 -7.0176085579929816e-18 50.000000000000036 49.999999999999986 50.000000000000036 3.5527136788005009e-14 -1.4210854715202004e-14 1.0000000000000013 1969.865651247758 8030.134348750521 0.026176842895559663 0 0 0.9429666714690581 5.2944011932463835e-18 0.99999999999999822 7.8239525318560266e-14 -1.0319869958586025e-14 1.3748821637184e-18 0.41251359701345797 0.31672060593287449 0.095792991080583478 0.00054842154784547135
3500 0 0 2.1062415433964952 22.787873044108185 0.0025647973202498862 0.0018460952389743367 0.0025647973202498901 0.0018460952389743371 0.0025647973202498862 6.1513294458149717e-18 7.454106776273811e-19 3.2609580141355412e-20 2.4759943914594523e-17 -3.9281966624952575e-18 50.000000000000043 49.999999999999986 50.000000000000043 4.2632564145606011e-14 -1.4210854715202004e-14 1.0000000000000018 1969.86565124771 8030.1343487502745 0.026213126605110423 0 0 0.94931996446054867 5.6508104059402819e-18 0.99999999999999856 6.1430081941399317e-14 1.6393136847980827e-15 2.6512899267416704e-16 0.41017192129773933 0.31774374516565118 0.092428176132088147 0.0018460952389743367
4000 0 0 2.0426395352457369 22.834471852198938 0.0027749901511787693 0.0019858216739016997 0.0027749901511787585 0.0019858216739016997 0.0027749901511787693 1.2429987594766945e-17 2.4645216423207915e-18 -2.7952731715179165e-20 3.7508701798655907e-17 -8.8621862012944191e-19 50.000000000000043 49.999999999999979 50.000000000000043 4.2632564145606011e-14 -2.1316282072803006e-14 1.000000000000002 1969.8656512476525 8030.1343487500717 0.026261644388141814 0 0 0.95456903557535455 5.2236607830355808e-18 0.99999999999999856 1.2457744525632558e-13 2.8681945056854841e-14 -3.1893957858143239e-16 0.40805713965247592 0.31860293425341246 0.089454205399063458 0.0019858216739016997
4500 0 0 2.0026188748412905 22.863927561246239 0.0021040411637252556 0.0014885295592561984 0.0021040411637252504 0.0014885295592561973 0.0021040411637252556 1.1495318585910771e-17 4.1204886724887356e-18 -3.5131002895110374e-20 1.8720349921788482e-17 2.4051551244773853e-18 50.000000000000057 49.999999999999986 50.000000000000057 5.6843418860808015e-14 -1.4210854715202004e-14 1.0000000000000013 1969.8656512476171 8030.1343487498134 0.026349073589597701 0 0 0.95663990642657715 5.4066195741432684e-18 0.99999999999999833 1.1418302284585402e-13 3.3114122880394115e-14 -3.7982207931215036e-16 0.40673744438093179 0.31914886759433991 0.087588576786591876 0.0014885295592561984
5000 0 0 1.9859546225900719 22.876275225637816 0.0011758652103867561 0.00081471757597961119 0.0011758652103867609 0.0008147175759796113 0.0011758652103867561 1.400338178747919e-17 7.3769115815934852e-18 -3.5785548297199492e-21 2.210522301120998e-17 8.6144592080340496e-19 50.000000000000064 49.999999999999993 50.000000000000064 6.3948846218409017e-14 -7.1054273576010019e-15 1.0000000000000002 1969.8656512475777 8030.1343487496233 0.026444866919552321 0 0 0.95610439200310671 6.3468383467763698e-18 0.99999999999999833 1.3979441248253982e-13 5.9790707270229032e-14 -1.4945495860376467e-17 0.40619701622447929 0.3193841674105089 0.086812848813970389 0.00081471757597961119
5500 0 0 1.9855496220268143 22.876635512750116 0.00038572819763167763 0.00024639081380648875 0.00038572819763166126 0.00024639081380648919 0.00038572819763167763 1.6898548532711657e-17 6.3041369000057249e-18 -2.5353313243391545e-20 2.6114491723372416e-17 -2.8027525749830551e-18 50.000000000000071 49.999999999999993 50.000000000000071 7.1054273576010019e-14 -7.1054273576010019e-15 1.0000000000000004 1969.86565124753 8030.1343487493978 0.026524104811385462 0 0 0.95610260509741707 6.3709450339929679e-18 0.99999999999999833 1.6868884422454287e-13 6.7089776523967734e-14 -2.853376703813462e-16 0.40618809862971722 0.31939432071949159 0.086793777910225633 0.00024639081380648875
6000 0 0 1.9932589874209021 22.870972678714956 0.00021320727780070622 0.00011560554720446595 0.00021320727780071386 0.00011560554720446562 0.00021320727780070622 1.488006766415199e-17 2.333796675879031e-18 1.205791377101835e-20 -3.6848676637873864e-18 1.0786648158717813e-17 50.000000000000078 50.000000000000007 50.000000000000078 7.815970093361102e-14 7.1054273576010019e-15 1.0000000000000002 1969.8656512474722 8030.1343487491413 0.02655175327117772 0 0 0.95638100828441641 6.2905984405250102e-18 0.99999999999999833 1.4889001574751532e-13 2.113530247219381e-14 1.1022485701284815e-16 0.40643960751474495 0.31928725875277281 0.087152348761972143 0.00011560554720446595
6500 0 0 2.0028033563871053 22.863928953720499 0.00032809871138301936 0.00025842351635321011 0.0003280987113830257 0.00025842351635320957 0.00032809871138301936 1.3109218571787585e-17 4.1745903608962178e-18 -6.4482272009627845e-21 1.3170657781378729e-17 -4.7845250477679366e-20 50.000000000000092 50.000000000000007 50.000000000000092 9.2370555648813024e-14 7.1054273576010019e-15 1.0000000000000004 1969.865651247429 8030.1343487489285 0.026542827894235687 0 0 0.95669818775172255 6.2250427929972441e-18 0.99999999999999833 1.3071054655311443e-13 3.771483993164626e-14 -9.2920516886954689e-17 0.40674867976765394 0.31915203964333261 0.087596640124321334 0.00025842351635321011
7000 0 0 2.0105577359267532 22.858197056829511 0.00032967917388573062 0.00025758452627106139 0.00032967917388571994 0.00025758452627106112 0.00032967917388573062 1.4429343137006989e-17 -7.1472775614617687e-19 -3.0629691198280323e-20 1.8010172240225083e-17 1.3954316755519081e-18 50.000000000000099 50.000000000000007 50.000000000000099 9.9475983006414026e-14 7.1054273576010019e-15 1.0000000000000016 1969.8656512473858 8030.1343487487038 0.026547065791167307 0 0 0.95694651338976533 6.1897340887730605e-18 0.99999999999999833 1.4483987942934089e-13 -9.6582897929353706e-15 -3.0736139704306171e-16 0.40699963400545097 0.31904178978317255 0.087957844222278425 0.00025758452627106139
7500 0 0 2.0152132615005498 22.854752646812972 0.00024718888596981999 0.00018443183606648371 0.00024718888596981332 0.00018443183606648358 0.00024718888596981999 1.335745750120084e-17 -1.5590339349370503e-18 -2.2441018145950491e-20 1.9554162917566779e-17 6.4676736404298557e-18 50.000000000000107 50.000000000000014 50.000000000000107 1.0658141036401503e-13 1.4210854715202004e-14 1.000000000000002 1969.8656512473403 8030.1343487484191 0.026556432833261708 0 0 0.95683654343459956 6.1818528947739702e-18 0.99999999999999833 1.3321895839344278e-13 -1.5039994938478504e-14 -1.6949414983184714e-16 0.40715058735188031 0.31897578657224618 0.088174800779634133 0.00018443183606648371
8000 0 0 2.0169884587447657 22.853436938279334 0.00019651760482292016 9.7149437428520287e-05 0.00019651760482293425 9.7149437428520178e-05 0.00019651760482292016 1.5553313845180412e-17 -3.5345017928097344e-18 2.1922985499514819e-20 -3.0959191711779906e-18 5.8160612673944756e-18 50.000000000000114 50.000000000000021 50.000000000000114 1.1368683772161603e-13 2.1316282072803006e-14 1.0000000000000004 1969.8656512472944 8030.1343487482327 0.026566981932717421 0 0 0.95668194666172301 6.1884319235283908e-18 0.99999999999999833 1.5565587013766091e-13 -3.8563579650289278e-14 1.3812799923560281e-16 0.40720835919668358 0.31895080458062819 0.088257554616055389 9.7149437428520287e-05
8500 0 0 2.0168124047604286 22.853563878866122 0.0001844999213673033 3.4624311057276412e-05 0.00018449992136732068 3.4624311057276236e-05 0.0001844999213673033 1.7643297847016994e-17 -8.4304633586646804e-18 -1.3299578799338859e-20 -2.1066327193497572e-17 -3.1489139786738522e-18 50.000000000000128 50.000000000000007 50.000000000000128 1.2789769243681803e-13 7.1054273576010019e-15 1.0000000000000011 1969.865651247253 8030.134348747989 0.026574322946144081 0 0 0.95669880971065768 6.1996764437701951e-18 0.99999999999999833 1.7692672477471149e-13 -8.4157398719825346e-14 -1.4631987681046687e-16 0.40720279295768108 0.31895343213805505 0.088249360819626033 3.4624311057276412e-05
9000 0 0 2.0157094043074086 22.854376763913812 0.00019173462942731424 3.3195747806468627e-05 0.00019173462942730969 3.3195747806468546e-05 0.00019173462942731424 1.9956660022451024e-17 -1.2134472029626792e-17 -1.4793183872828022e-20 1.6797593032581006e-17 -9.5336486919775043e-18 50.000000000000135 50.000000000000007 50.000000000000135 1.3500311979441904e-13 7.1054273576010019e-15 1.0000000000000024 1969.8656512472105 8030.1343487476988 0.026576547609401032 0 0 0.95679628416726215 6.2140590663287036e-18 0.99999999999999833 1.9971486487149748e-13 -1.2123600192336104e-13 -1.0630688022012121e-16 0.40716704444121354 0.31896908458740836 0.088197959853805186 3.3195747806468627e-05
9500 0 0 2.0144586377339038 22.855299933024167 0.00019720881819545173 4.4163686727853447e-05 0.00019720881819543172 4.4163686727853542e-05 0.00019720881819545173 2.2842567681131614e-17 -1.6551931808677283e-17 8.1136362714711437e-21 7.4185567768397573e-18 -1.7970542523967345e-17 50.000000000000149 49.999999999999993 50.000000000000149 1.4921397450962104e-13 -7.1054273576010019e-15 1.0000000000000002 1969.8656512471691 8030.1343487474669 0.026574538302110845 0 0 0.95690615440945059 6.2226981645318241e-18 0.99999999999999833 2.2867666919060867e-13 -1.6485432310770734e-13 8.2445842387477495e-17 0.40712643995717795 0.31898676803700488 0.088139671920173079 4.4163686727853447e-05
10000 0 0 2.0134924379114669 22.856013749563193 0.0001968188123061452 4.2394703634309192e-05 0.00019681881230616607 4.2394703634309083e-05 0.0001968188123061452 1.8578140328222929e-17 -1.487416147282062e-17 -1.3155921763723506e-20 2.9801109371225013e-17 -1.3452446743616101e-17 50.000000000000163 49.999999999999986 50.000000000000163 1.6342482922482304e-13 -1.4210854715202004e-14 1.0000000000000004 1969.8656512471175 8030.1343487473114 0.026574618542757875 0 0 0.95699083886213709 6.2266947848009586e-18 0.99999999999999833 1.8600377484176856e-13 -1.4856646186715838e-13 -9.6979609560764636e-17 0.40709505743021723 0.31900041153204756 0.088094645898169677 4.2394703634309192e-05
10500 0 0 2.0129452764964144 22.856418465439514 0.00019370122431673227 3.5000359046743363e-05 0.00019370122431672644 3.5000359046743316e-05 0.00019370122431673227 2.2131504528329623e-17 -1.105961296936311e-17 -4.5425748387113036e-20 2.3856824840561738e-17 -9.3862150796247345e-18 50.000000000000171 49.999999999999979 50.000000000000171 1.7053025658242404e-13 -2.1316282072803006e-14 1.0000000000000004 1969.8656512470682 8030.1343487471013 0.026575949066753382 0 0 0.95700384353643542 6.2279177381424538e-18 0.99999999999999833 2.2129417439134547e-13 -1.1118046045442698e-13 -4.8721405306323864e-16 0.4070772801428067 0.31900813319661619 0.088069146946190502 3.5000359046743363e-05
11000 0 0 2.0127642115960711 22.856552816866525 0.00019075327684314565 2.9135889034262327e-05 0.00019075327684314896 2.9135889034262378e-05 0.00019075327684314565 1.9811905479899329e-17 -9.3116324113214949e-18 8.0448535799236012e-21 5.4908837059600577e-18 -1.8141392113893906e-17 50.000000000000178 49.999999999999986 50.000000000000178 1.7763568394002505e-13 -1.4210854715202004e-14 1.0000000000000024 1969.8656512470247 8030.1343487468303 0.026577572484745716 0 0 0.95700113296428702 6.2265694411214342e-18 0.99999999999999833 1.9860317817393947e-13 -9.2838199150860334e-14 1.3665694575405776e-16 0.40707139158912042 0.31901068410960964 0.08806070747951078 2.9135889034262327e-05
11500 0 0 2.0128179349116926 22.856513585106189 0.00018892268448343928 2.7234437548782397e-05 0.0001889226844834563 2.72344375487824e-05 0.00018892268448343928 1.8914991101194212e-17 -1.2502828362477936e-17 4.0560822045538521e-21 1.2987437797194163e-17 -4.948262464333778e-18 50.000000000000185 49.999999999999972 50.000000000000185 1.8474111129762605e-13 -2.8421709430404007e-14 1.000000000000002 1969.8656512469822 8030.1343487464828 0.026578908479468869 0 0 0.95700158980038441 6.2249162989762429e-18 0.99999999999999833 1.8897638453352414e-13 -1.2442310567570559e-13 1.3535190412743352e-17 0.40707312818326119 0.31900991909334603 0.088063209089915162 2.7234437548782397e-05
12000 0 0 2.0129736306588311 22.85639881944476 0.0001880400179664272 2.7353168203726488e-05 0.00018804001796641543 2.7353168203726471e-05 0.0001880400179664272 1.709933193304078e-17 -1.1917199608328531e-17 2.2488693593875061e-20 3.6661562255037257e-17 -2.0998165021729195e-17 50.000000000000192 49.999999999999972 50.000000000000192 1.9184653865522705e-13 -2.8421709430404007e-14 1.0000000000000011 1969.8656512469313 8030.134348746371 0.026579718547445435 0 0 0.95700350349300223 6.2232125146745217e-18 0.99999999999999833 1.7103370602003637e-13 -1.1891739319938364e-13 1.738010914163494e-16 0.40707817816765179 0.31900771498749753 0.088070463180154268 2.7353168203726488e-05
12500 0 0 2.0131357423497391 22.856279140494401 0.00018774147316089862 2.7550614808291515e-05 0.00018774147316090093 2.7550614808291509e-05 0.00018774147316089862 1.811607504635551e-17 -9.5743239251005804e-18 1.1424942573130182e-20 1.6001399601233227e-17 -3.5049393305276756e-21 50.000000000000206 49.999999999999957 50.000000000000206 2.0605739337042905e-13 -4.2632564145606011e-14 1.0000000000000002 1969.8656512468785 8030.1343487461027 0.026580033855807456 0 0 0.95700559731359058 6.2220413626624282e-18 0.99999999999999833 1.8113944610249606e-13 -9.5777542338296547e-14 5.5743643089023736e-19 0.40708343934349339 0.31900542235852086 0.088078016984972529 2.7550614808291515e-05
13000 0 0 2.0132546684818831 22.856191256162525 0.00018777326797051228 2.7434252786600451e-05 0.00018777326797049919 2.7434252786600499e-05 0.00018777326797051228 1.6634035728697361e-17 -7.580463763217407e-18 3.4891094972644402e-20 2.6631173136281758e-17 -6.7520463549837818e-18 50.000000000000213 49.99999999999995 50.000000000000213 2.1316282072803006e-13 -4.9737991503207013e-14 1 1969.8656512468306 8030.1343487458707 0.026580011544775177 0 0 0.95700690879917405 6.2215397471703666e-18 0.99999999999999833 1.6674752941273074e-13 -7.5697985860846115e-14 3.3815717501786131e-16 0.40708730067746324 0.31900374178883756 0.088083558888625679 2.7434252786600451e-05
13500 0 0 2.0133179686482636 22.85614441961334 0.00018796758934167931 2.7235420999794453e-05 0.00018796758934167749 2.7235420999794501e-05 0.00018796758934167931 1.1929487345888792e-17 -6.4614390498301906e-18 1.51601371631337e-20 1.662866531577533e-17 -7.4426797560740872e-19 50.00000000000022 49.999999999999943 50.00000000000022 2.2026824808563106e-13 -5.6843418860808015e-14 1.0000000000000009 1969.8656512468019 8030.1343487456215 0.026579826816048962 0 0 0.95700577697394307 6.2214585244062977e-18 0.99999999999999833 1.1929004875912974e-13 -6.4378081858496028e-14 1.1577714575203414e-16 0.4070893571541882 0.31900284826248759 0.08808650889170061 2.7235420999794453e-05
14000 0 0 2.0133353417127586 22.856131509764911 0.0001881986729368831 2.7122686787689543e-05 0.00018819867293689261 2.7122686787689553e-05 0.0001881986729368831 1.4580177343248898e-17 -4.7789080499961368e-18 -1.7493199785572038e-20 1.5159963233832742e-17 1.2306650438128946e-17 50.000000000000227 49.999999999999943 50.000000000000227 2.2737367544323206e-13 -5.6843418860808015e-14 1.0000000000000009 1969.8656512467451 8030.1343487454524 0.026579613762649515 0 0 0.95700426786390369 6.2217558360078874e-18 0.99999999999999833 1.4567307862126574e-13 -4.8025399277606287e-14 -2.1430503243785143e-16 0.40708992268910749 0.31900260393822466 0.088087318750882826 2.7122686787689543e-05
14500 0 0 2.0133247812916943 22.85613925625902 0.00018838375065357828 2.7096765828222174e-05 0.00018838375065359031 2.7096765828222137e-05 0.00018838375065357828 1.3245285944440672e-17 1.2108708675506896e-18 -6.6108056142100282e-20 1.5381284488492232e-17 3.6332928480757428e-17 50.000000000000234 49.999999999999943 50.000000000000234 2.3447910280083306e-13 -5.6843418860808015e-14 1.0000000000000011 1969.865651246696 8030.1343487451504 0.026579447534209402 0 0 0.95700520608002226 6.2219688016522562e-18 0.99999999999999833 1.3218289310293615e-13 1.2041986215614644e-14 -6.4725875466837611e-16 0.40708958093912728 0.3190027540818593 0.088086826857267986 2.7096765828222174e-05
15000 0 0 2.0133032786535372 22.856155112241016 0.0001884899838743891 2.7103185336619456e-05 0.00018848998387439278 2.7103185336619496e-05 0.0001884899838743891 9.4159055552625111e-18 5.436901200522632e-19 9.725137072861011e-22 1.8252238241099419e-17 9.7359115162138839e-18 50.000000000000242 49.999999999999943 50.000000000000242 2.4158453015843406e-13 -5.6843418860808015e-14 1.0000000000000016 1969.8656512466732 8030.1343487449667 0.026579352295765586 0 0 0.95700709917364446 6.2221700704510619e-18 0.99999999999999833 9.4571594710786418e-14 5.7808508004467729e-15 1.2243681260628969e-17 0.40708888341639621 0.31900305844860549 0.088085824967790716 2.7103185336619456e-05
15500 0 0 2.0132824604570572 22.85617048389016 0.00018852413550995986 2.7109352711273936e-05 0.0001885241355099646 2.7109352711273851e-05 0.00018852413550995986 6.9268050496900463e-18 4.9797534531310564e-18 -3.3592203902173639e-20 2.7545203888849959e-17 1.6508573016174771e-17 50.000000000000242 49.99999999999995 50.000000000000242 2.4158453015843406e-13 -4.9737991503207013e-14 1.0000000000000002 1969.865651246618 8030.1343487447148 0.026579319806555025 0 0 0.95700732496685437 6.2223025286916646e-18 0.99999999999999833 7.0050464994614314e-14 4.9685143423561923e-14 -2.7733232154253658e-16 0.40708820769012555 0.31900335279826647 0.088084854891859077 2.7109352711273936e-05
16000 0 0 2.0132679432557765 22.856181213577631 0.00018851189132577503 2.7109879036105134e-05 0.00018851189132577421 2.710987903610513e-05 0.00018851189132577503 6.1014886719500642e-18 3.0311616118608531e-18 -1.7538665592742229e-20 -7.9049420799781049e-18 3.8711627779205707e-18 50.000000000000249 49.99999999999995 50.000000000000249 2.4868995751603507e-13 -4.9737991503207013e-14 1.0000000000000002 1969.8656512465755 8030.1343487444556 0.026579327985709663 0 0 0.95700716875090686 6.2223569109786565e-18 0.99999999999999833 6.1026379487467466e-14 2.9856495151626278e-14 -1.5649001907203915e-16 0.40708773627812894 0.31900355789141743 0.088084178386711509 2.7109879036105134e-05
16500 0 0 2.0132607312917106 22.856186551515126 0.0001884801280158549 2.710855199631323e-05 0.00018848012801585821 2.7108551996313193e-05 0.0001884801280158549 5.7399939835997768e-18 6.2658970893860809e-18 1.0901717499693695e-20 1.5274740637222105e-17 8.8847618894360311e-18 50.000000000000249 49.999999999999957 50.000000000000249 2.4868995751603507e-13 -4.2632564145606011e-14 1.0000000000000009 1969.8656512465277 8030.13434874421 0.026579354154441934 0 0 0.95700708730994177 6.2223526901357807e-18 0.99999999999999833 5.7443524710339182e-14 6.2696321658645138e-14 8.6159788253371057e-17 0.40708750193942517 0.3190036596609217 0.088083842278503466 2.710855199631323e-05
17000 0 0 2.0132592356070793 22.856187666155687 0.00018844786738953534 2.7107767864418906e-05 0.00018844786738953252 2.7107767864418957e-05 0.00018844786738953534 2.9124272438202206e-18 4.0726374096089205e-18 9.4215665442855952e-22 1.5338836564132816e-17 5.5009236309796226e-18 50.000000000000249 49.999999999999964 50.000000000000249 2.4868995751603507e-13 -3.5527136788005009e-14 1.0000000000000007 1969.8656512464743 8030.1343487439781 0.026579381826359657 0 0 0.95700706656336687 6.2223148997240046e-18 0.99999999999999833 2.9267061864290955e-14 4.0670683372180185e-14 -8.4136573313669889e-17 0.40708745319145589 0.31900368064752399 0.088083772543931904 2.7107767864418906e-05
17500 0 0 2.0132610256981645 22.856186350451587 0.00018842460053620361 2.7107528029056368e-05 0.00018842460053620635 2.7107528029056389e-05 0.00018842460053620361 4.5333962278615115e-18 4.4646781389165979e-18 1.6552011638876904e-21 1.9585352668627412e-17 2.6404982292643573e-17 50.000000000000256 49.999999999999964 50.000000000000256 2.5579538487363607e-13 -3.5527136788005009e-14 1 1969.865651246434 8030.1343487437507 0.026579402329401005 0 0 0.95700708210001706 6.2222847270236339e-18 0.99999999999999833 4.5548200628060825e-14 4.4589620221018638e-14 4.2251351201767355e-17 0.40708751117612552 0.31900365524193608 0.088083855934189437 2.7107528029056368e-05
18000 0 0 2.0132639460426711 22.856184196358296 0.00018841243669902218 2.7107285512409921e-05 0.00018841243669902091 2.7107285512409945e-05 0.00018841243669902218 1.2077144839762657e-18 9.5538946762617657e-19 1.2960070740607028e-20 -1.3692351347928599e-17 3.0054272314332611e-18 50.000000000000256 49.999999999999964 50.000000000000256 2.5579538487363607e-13 -3.5527136788005009e-14 1.0000000000000016 1969.8656512463913 8030.1343487435443 0.026579413380105565 0 0 0.95700711132909178 6.2222604702993165e-18 0.99999999999999833 1.2175048294271611e-14 9.2408482325748931e-15 1.1363636576029943e-16 0.40708760592172683 0.31900361391559628 0.08808399200613054 2.7107285512409921e-05
18500 0 0 2.0132665955483762 22.85618223969281 0.00018840927076220487 2.7106889441987636e-05 0.00018840927076220346 2.7106889441987585e-05 0.00018840927076220487 -4.1868635294915985e-19 -1.6440028591957811e-18 -3.7774498612484017e-20 1.818644898022313e-17 9.5884282904205528e-18 50.000000000000256 49.999999999999964 50.000000000000256 2.5579538487363607e-13 -3.5527136788005009e-14 1.0000000000000007 1969.8656512463435 8030.134348743346 0.02657941654239129 0 0 0.95700713903684309 6.222244634973519e-18 0.99999999999999833 -4.0528560218540559e-15 -1.6138047799921366e-14 -3.4286702379098988e-16 0.40708769192637789 0.31900357645883187 0.08808411546754602 2.7106889441987636e-05
19000 0 0 2.0132683513012535 22.856180941772429 0.00018841150255643948 2.7106487428813055e-05 0.00018841150255644192 2.7106487428813065e-05 0.00018841150255643948 8.9567025671295291e-19 -4.7513574563550516e-18 4.0790849344315351e-20 1.4468697312703388e-17 4.0532439555745041e-18 50.000000000000256 49.999999999999964 50.000000000000256 2.5579538487363607e-13 -3.5527136788005009e-14 1.0000000000000016 1969.8656512463006 8030.1343487430404 0.02657941485595423 0 0 0.95700715805304881 6.2222382355435316e-18 0.99999999999999833 8.5209617123437152e-15 -4.7238068623353725e-14 3.776377290229811e-16 0.40708774894460997 0.31900355165766242 0.088084197286947552 2.7106487428813055e-05
19500 0 0 2.0132691577072164 22.856180344670605 0.00018841579760519155 2.7106221023987762e-05 0.00018841579760519035 2.7106221023987792e-05 0.00018841579760519155 2.1147146533918458e-18 -2.351050398203211e-18 -3.2650674700810862e-20 3.1341703687981049e-18 -7.448575243550408e-18 50.000000000000256 49.999999999999964 50.000000000000256 2.5579538487363607e-13 -3.5527136788005009e-14 1.0000000000000024 1969.8656512462469 8030.1343487427548 0.026579411228236621 0 0 0.95700716728116419 6.2222390690401004e-18 0.99999999999999833 2.1101067887797893e-14 -2.3179317467909348e-14 -3.8231324752070627e-16 0.40708777515185834 0.31900354028202577 0.088084234869832578 2.7106221023987762e-05
20000 0 0 2.013269258700277 22.856180268828645 0.00018841989723896758 2.7106114552406082e-05 0.000188419897238972 2.7106114552406021e-05 0.00018841989723896758 -1.0213834986128328e-18 -4.3164229785986704e-18 -2.9030283113192937e-20 -1.2724537591096922e-17 -7.4466437278285373e-18 50.000000000000256 49.999999999999964 50.000000000000256 2.5579538487363607e-13 -3.5527136788005009e-14 1.0000000000000016 1969.8656512462019 8030.1343487425793 0.026579407668378584 0 0 0.95700716897472571 6.2222427356570422e-18 0.99999999999999833 -1.070096688697065e-14 -4.2533708614471689e-14 -2.8309921881015227e-16 0.40708777845483807 0.31900353887408966 0.088084239580748402 2.7106114552406082e-05
20500 0 0 2.0132689781356925 22.856180475283463 0.00018842272557593182 2.7106117215915279e-05 0.00018842272557592678 2.7106117215915323e-05 0.00018842272557593182 -1.7246078697095034e-18 -4.7306383528392467e-18 4.9818967545839141e-21 -1.9460682560378825e-17 -9.5953271477724716e-18 50.000000000000256 49.999999999999972 50.000000000000256 2.5579538487363607e-13 -2.8421709430404007e-14 1.0000000000000016 1969.8656512461557 8030.1343487423701 0.026579405161369033 0 0 0.95700716641689676 6.22224697021105e-18 0.99999999999999833 -1.6678769907427001e-14 -4.692291138928832e-14 1.2372515593150614e-16 0.40708776936208052 0.31900354285219495 0.088084226509885566 2.7106117215915279e-05
21000 0 0 2.0132685871272429 22.856180763771661 0.0001884241078906796 2.7106167625393737e-05 0.0001884241078906752 2.7106167625393794e-05 0.0001884241078906796 -2.5799783316712656e-18 -5.8590190533495477e-18 -1.3580726184435822e-20 -2.6953263936676119e-17 -2.5287739106573203e-17 50.000000000000249 49.999999999999964 50.000000000000249 2.4868995751603507e-13 -3.5527136788005009e-14 1.0000000000000029 1969.8656512461139 8030.1343487420418 0.026579403898271483 0 0 0.95700716246582584 6.222250043265266e-18 0.99999999999999833 -2.574492277319492e-14 -5.8784655764200562e-14 -1.0877980536913728e-16 0.40708775667501207 0.31900354838425565 0.088084208290756416 2.7106167625393737e-05
21500 0 0 2.0132682528222534 22.856181010697352 0.00018842437114678737 2.7106224202099954e-05 0.00018842437114678472 2.7106224202099964e-05 0.00018842437114678737 -3.9073562094252288e-19 -2.6748907451035587e-18 -2.2574287759432216e-20 2.7679272818698719e-18 -3.2777071171307861e-17 50.000000000000249 49.999999999999957 50.000000000000249 2.4868995751603507e-13 -4.2632564145606011e-14 1.0000000000000009 1969.8656512460618 8030.1343487419208 0.026579403618562324 0 0 0.95700715894912669 6.2222518650193578e-18 0.99999999999999833 -4.3174014048800782e-15 -2.6730533617274522e-14 -2.5779601947661144e-16 0.40708774582243723 0.31900355310975326 0.088084192712683973 2.7106224202099954e-05
22000 0 0 2.013268042551311 22.856181166168522 0.00018842399954744832 2.7106267264562218e-05 0.00018842399954744924 2.7106267264562201e-05 0.00018842399954744832 -4.1544458845350734e-19 -3.7666064386457965e-18 3.2085405679725378e-20 -1.029521297651797e-17 -1.2172431414129296e-17 50.000000000000249 49.999999999999964 50.000000000000249 2.4868995751603507e-13 -3.5527136788005009e-14 1.0000000000000004 1969.8656512460252 8030.1343487416516 0.026579403910529154 0 0 0.95700715665613756 6.2222525197897788e-18 0.99999999999999833 -4.3364834354941267e-15 -3.7195259766917682e-14 3.0491361214530491e-16 0.4070877389932504 0.31900355607946912 0.088084182913781284 2.7106267264562218e-05
22500 0 0 2.0132679544725987 22.856181231419757 0.0001884234170002872 2.7106291689130492e-05 0.00018842341700028457 2.7106291689130512e-05 0.0001884234170002872 2.4353566038834573e-18 1.9226685673268756e-18 -2.8516618606799323e-20 7.3172821915490448e-18 7.9951743927259884e-18 50.000000000000242 49.999999999999964 50.000000000000242 2.4158453015843406e-13 -3.5527136788005009e-14 1.0000000000000002 1969.8656512459772 8030.1343487413551 0.026579404404720071 0 0 0.95700715563120964 6.2222522545902932e-18 0.99999999999999833 2.4095851168755613e-14 1.8366100197179806e-14 -1.7163710097123043e-16 0.40708773613012672 0.31900355732141938 0.088084178808707336 2.7106291689130492e-05
23000 0 0 2.0132679526906152 22.85618123289159 0.00018842289577012666 2.7106300024462564e-05 0.00018842289577012829 2.7106300024462554e-05 0.00018842289577012666 1.9660596935225692e-18 -1.0065692311786906e-18 -2.8790594542821007e-20 -3.2627214182438997e-18 -1.7147821531527765e-18 50.000000000000242 49.999999999999964 50.000000000000242 2.4158453015843406e-13 -3.5527136788005009e-14 1.0000000000000016 1969.8656512459308 8030.1343487411723 0.026579404858556605 0 0 0.95700715553356608 6.2222516795969673e-18 0.99999999999999833 1.9319506958206232e-14 -1.0296996679224009e-14 -2.9141169925435987e-16 0.40708773606921683 0.31900355734414676 0.088084178725070073 2.7106300024462564e-05
23500 0 0 2.0132679945603393 22.856181202057552 0.00018842255437538148 2.7106297877696245e-05 0.00018842255437538104 2.7106297877696255e-05 0.00018842255437538148 4.8555994294827328e-19 -2.5028942677132431e-19 -1.6152304868857171e-20 1.2493514683823347e-17 -1.0907680049934942e-18 50.000000000000242 49.999999999999964 50.000000000000242 2.4158453015843406e-13 -3.5527136788005009e-14 1.0000000000000013 1969.8656512458838 8030.134348740984 0.026579405162319259 0 0 0.95700715592743169 6.2222511700970276e-18 0.99999999999999833 4.7735253126114697e-15 -2.6783012187068179e-15 -1.7970240475752437e-16 0.40708773742662402 0.31900355675084685 0.088084180675777168 2.7106297877696245e-05
24000 0 0 2.0132680462681312 22.856181163898572 0.00018842240058391082 2.7106291002361965e-05 0.00018842240058390661 2.7106291002362009e-05 0.00018842240058391082 4.2961077403927453e-18 -5.0052328818132837e-19 2.7888750462399081e-20 9.3226979323951411e-18 -1.6720398714575353e-17 50.000000000000242 49.999999999999964 50.000000000000242 2.4158453015843406e-13 -3.5527136788005009e-14 1.0000000000000004 1969.8656512458415 8030.1343487406793 0.02657940530411193 0 0 0.95700715645427115 6.2222506857209551e-18 0.99999999999999833 4.2298304605902563e-14 -4.1263548669100117e-15 2.4729767826464166e-16 0.40708773910454943 0.31900355601940239 0.088084183085147039 2.7106291002361965e-05
24500 0 0 2.0132680880941836 22.856181132999833 0.00018842238459119048 2.7106283684204312e-05 0.00018842238459119666 2.7106283684204296e-05 0.00018842238459119048 6.8152948562532455e-18 6.36338583823351e-19 -8.825645552865268e-21 1.5458177987887911e-17 2.8715888339739293e-18 50.000000000000249 49.999999999999964 50.000000000000249 2.4868995751603507e-13 -3.5527136788005009e-14 1.0000000000000007 1969.8656512457885 8030.1343487404947 0.026579405324347386 0 0 0.95700715689678406 6.2222504761981582e-18 0.99999999999999833 6.8730286232108639e-14 6.4065946829301029e-15 -1.6317781879856964e-16 0.40708774046244017 0.31900355542824738 0.088084185034192797 2.7106283684204312e-05
25000 0 0 2.0132681130084329 22.85618111457466 0.00018842244206435872 2.7106278237103246e-05 0.00018842244206435847 2.710627823710325e-05 0.00018842244206435872 7.8407441130133691e-18 -3.1020121909553339e-18 5.2388692343408777e-20 7.6975679167319797e-18 -1.9107883036878465e-17 50.000000000000256 49.999999999999957 50.000000000000256 2.5579538487363607e-13 -4.2632564145606011e-14 1.0000000000000002 1969.8656512457405 8030.1343487403074 0.026579405278021832 0 0 0.95700715717047313 6.2222504234625925e-18 0.99999999999999833 7.8194070185492203e-14 -3.0643080444595806e-14 4.7213262137177159e-16 0.40708774127167435 0.31900355507642952 0.088084186195244829 2.7106278237103246e-05
25500 0 0 2.0132681223369766 22.856181107658966 0.00018842251981536113 2.7106275292278303e-05 0.00018842251981536029 2.7106275292278337e-05 0.00018842251981536113 9.443704498970512e-18 -4.2890021504051037e-18 -2.9290646904219704e-20 2.6884597084558182e-17 -2.3309244726181049e-17 50.000000000000263 49.99999999999995 50.000000000000263 2.6290081223123707e-13 -4.9737991503207013e-14 1.0000000000000002 1969.8656512456896 8030.13434874002 0.026579405211680323 0 0 0.95700715728141883 6.2222504686462625e-18 0.99999999999999833 9.4295881833625558e-14 -4.3037815210684737e-14 -3.0637290192161508e-16 0.40708774157499611 0.3190035549449583 0.088084186630037808 2.7106275292278303e-05
26000 0 0 2.0132681212038679 22.856181108476651 0.00018842258544960665 2.7106274444087052e-05 0.0001884225854496138 2.7106274444087015e-05 0.00018842258544960665 8.4044099804681286e-18 -2.1722437759174878e-18 2.5227313996025226e-22 1.5819668090280582e-17 1.0246879297130106e-18 50.00000000000027 49.99999999999995 50.00000000000027 2.7000623958883807e-13 -4.9737991503207013e-14 1.0000000000000004 1969.8656512456528 8030.134348739728 0.026579405154320852 0 0 0.95700715727924301 6.2222505466251507e-18 0.99999999999999833 8.3821621492295042e-14 -2.1602118416434208e-14 5.2567836690327124e-17 0.40708774153858029 0.31900355496126931 0.088084186577310986 2.7106274444087052e-05
26500 0 0 2.0132681151650815 22.856181112926311 0.00018842262624029345 2.7106274885493485e-05 0.00018842262624029884 2.7106274885493431e-05 0.00018842262624029345 4.2817529036295506e-18 -4.0839198884685431e-18 -2.2808578612047653e-20 9.9986002797658732e-18 -6.5262601033004997e-18 50.00000000000027 49.999999999999943 50.00000000000027 2.7000623958883807e-13 -5.6843418860808015e-14 1.0000000000000004 1969.8656512455996 8030.1343487395643 0.026579405117869253 0 0 0.95700715722112961 6.2222506327768058e-18 0.99999999999999833 4.2665794945501414e-14 -4.1239279649426642e-14 -1.4662720721063708e-16 0.40708774134274389 0.31900355504678923 0.088084186295954658 2.7106274885493485e-05
27000 0 0 2.0132681084022832 22.856181117918076 0.00018842264293543264 2.7106275843551981e-05 0.00018842264293542597 2.710627584355194e-05 0.00018842264293543264 7.5691406267844758e-19 -7.3714919259927851e-18 -2.1359959536531733e-20 -6.0106879835713295e-18 -1.9208589271403137e-17 50.00000000000027 49.999999999999936 50.00000000000027 2.7000623958883807e-13 -6.3948846218409017e-14 1.0000000000000029 1969.8656512455534 8030.1343487392669 0.026579405102303069 0 0 0.95700715715167683 6.2222506820941147e-18 0.99999999999999833 7.7492265149786658e-15 -7.3817389913921326e-14 -1.9198118700915768e-16 0.40708774112326013 0.31900355514242784 0.088084185980832286 2.7106275843551981e-05
27500 0 0 2.0132681032132478 22.856181121752041 0.00018842264280603506 2.7106276785059554e-05 0.00018842264280602967 2.7106276785059537e-05 0.00018842264280603506 -2.3378759865558209e-18 -6.6013560178210674e-18 -9.4726010141465318e-21 8.8583350391338472e-18 -2.676000415256117e-17 50.000000000000263 49.999999999999929 50.000000000000263 2.6290081223123707e-13 -7.1054273576010019e-14 1.0000000000000009 1969.8656512455059 8030.1343487390905 0.026579405101633209 0 0 0.95700715709642714 6.2222507073208503e-18 0.99999999999999833 -2.3507454617074096e-14 -6.5907955498790656e-14 -9.3989363897324005e-17 0.40708774095477385 0.31900355521574691 0.088084185739026932 2.7106276785059554e-05
28000 0 0 2.0132681002961674 22.856181123909902 0.00018842263430286373 2.7106277448790492e-05 0.00018842263430286134 2.7106277448790519e-05 0.00018842263430286373 -1.4851509778946969e-18 -3.0758991816315006e-18 -5.0267590706337859e-20 4.8999777257212408e-18 -1.2695926897247955e-17 50.000000000000263 49.999999999999929 50.000000000000263 2.6290081223123707e-13 -7.1054273576010019e-14 1.0000000000000011 1969.8656512454622 8030.1343487388358 0.026579405108601784 0 0 0.9570071570640839 6.2222507119617452e-18 0.99999999999999833 -1.4882734784947659e-14 -3.1016998058617894e-14 -3.7453003575998055e-16 0.40708774086000393 0.3190035552569207 0.088084185603083232 2.7106277448790492e-05
28500 0 0 2.0132680993498706 22.856181124612156 0.00018842262404702431 2.7106277783841171e-05 0.00018842262404702442 2.7106277783841144e-05 0.00018842262404702431 -2.1176636833020671e-19 -9.2667979409928011e-19 2.2256756127919219e-20 -1.4863184341603333e-17 5.999864592288824e-19 50.000000000000263 49.999999999999929 50.000000000000263 2.6290081223123707e-13 -7.1054273576010019e-14 1.0000000000000002 1969.8656512454197 8030.1343487385839 0.026579405117394206 0 0 0.95700715705244133 6.2222507047480559e-18 0.99999999999999833 -2.1599476375087934e-15 -9.4739042794627104e-15 2.8352497167497679e-16 0.40708774082921129 0.31900355527023666 0.088084185558974626 2.7106277783841171e-05
29000 0 0 2.0132680996596122 22.856181124385682 0.00018842261585074688 2.7106277858689695e-05 0.00018842261585074659 2.7106277858689725e-05 0.00018842261585074688 5.074499848109386e-19 -2.3204704759294428e-18 1.4926983318781109e-21 -6.4154071471915189e-18 -4.2391533481449661e-18 50.000000000000263 49.999999999999929 50.000000000000263 2.6290081223123707e-13 -7.1054273576010019e-14 1 1969.8656512453801 8030.134348738402 0.026579405124581582 0 0 0.95700715705447204 6.222250694433839e-18 0.99999999999999833 4.8258923259325854e-15 -2.4031869703768244e-14 -4.8750256113968778e-18 0.40708774083921162 0.31900355526581242 0.088084185573399199 2.7106277858689695e-05
29500 0 0 2.0132681005086872 22.856181123759846 0.00018842261102995297 2.7106277782020477e-05 0.00018842261102995018 2.7106277782020443e-05 0.00018842261102995297 1.8182612533698172e-18 -3.6397059953686008e-18 -1.7681448666226939e-20 -8.1375565033371826e-19 -2.7860148029146863e-17 50.000000000000263 49.999999999999929 50.000000000000263 2.6290081223123707e-13 -7.1054273576010019e-14 1.0000000000000004 1969.8656512453319 8030.134348738161 0.026579405128909078 0 0 0.95700715706274864 6.2222506852069082e-18 0.99999999999999833 1.8018355914049175e-14 -3.6608232035781769e-14 -1.7995732568084364e-16 0.40708774086674071 0.31900355525378105 0.088084185612959665 2.7106277782020477e-05
29999 0 0 2.0132681014210001 22.856181123086358 0.00018842260914418094 2.7106277647009439e-05 0.00018842260914417853 2.7106277647009477e-05 0.00018842260914418094 4.9818005623620211e-18 -6.7474685235972491e-18 -3.5398490203694945e-21 3.3589570147192291e-17 -3.1978606330417246e-18 50.00000000000027 49.999999999999922 50.00000000000027 2.7000623958883807e-13 -7.815970093361102e-14 1.0000000000000009 1969.8656512452897 8030.1343487379445 0.026579405130688825 0 0 0.95700715707214079 6.2222506803073663e-18 0.99999999999999833 5.0230544563402067e-14 -6.7588319796202687e-14 4.4382689007961906e-17 0.40708774089633909 0.31900355524086854 0.088084185655470548 2.7106277647009439e-05
