# 1:passo  2:raio_area  3:raio_grad  4:raio_linha  5:p_in  6:p_out  7:delta_p  8:sigma  9:|u-v0|max  10:|u-v0|rms  11:Ca  12:massa_R  13:massa_B  14:|q|  15:sd_p_in  16:sd_p_out  17:sigma_2pontos  18:K_perfil  19:r_perfil  20:espessura_10_90  21:residuo_ajuste  22:n_camadas
0 25.04052139 25.08111096 25 0.3333333333 0.3333333333 -2.220446049e-16 -5.560112678e-15 0.01042531228 0.00211683794 0 1969.865651 8030.134349 8.591421104e-16 2.731879552e-08 0 0 1.273345395 25.01411833 3.451105388 0.08159937045 12
500 23.62923282 23.52447608 23.32148791 0.3761189419 0.3315063931 0.04461254883 1.054160303 0.02310695269 0.01511166467 0.003653295206 1969.865651 8030.134349 3.46512043e-14 0.0008560482333 0.001648420473 1.102371836 1.269539559 23.60264023 3.461451141 0.0954967284 11
1000 23.11364891 22.99975808 22.88679112 0.3963471728 0.3237290932 0.07261807968 1.678468798 0.02362198328 0.01607234088 0.002345588561 1969.865651 8030.134349 5.336118987e-14 0.0003501699557 0.001610387803 1.557559507 1.294759698 23.10260992 3.394026832 0.162472848 12
1500 22.84683379 22.72649006 22.61412117 0.4072256263 0.3183075363 0.08891809003 2.031496824 0.01806500931 0.01245809799 0.001482077082 1969.865651 8030.134349 9.148800363e-14 6.469324516e-05 0.000907439025 2.049147427 1.284688183 22.8364784 3.420634837 0.1432979443 11
2000 22.72597499 22.59990755 22.49026637 0.4124064914 0.316048907 0.09635758434 2.189820051 0.01004426121 0.007087097614 0.0007644662558 1969.865651 8030.134349 9.822257214e-14 0.0001118693268 0.001792038258 2.253966159 1.287964787 22.71302599 3.411932686 0.1352474917 12
2500 22.70166901 22.57084985 22.47287522 0.4137885631 0.3159129193 0.09787564371 2.221940468 0.00355924847 0.00249380128 0.0002669774852 1969.865651 8030.134349 9.875207165e-14 0.0002250068244 0.001883337695 2.284391038 1.289001504 22.68564665 3.40918854 0.1304185032 12
3000 22.73494897 22.60173158 22.51433759 0.412513597 0.3167206059 0.09579299108 2.177848763 0.0008556946138 0.0005484215478 6.548469818e-05 1969.865651 8030.134349 7.891719103e-14 0.0002229648167 0.001437688875 2.219325608 1.288838357 22.71899945 3.409620091 0.1323649527 12
3500 22.78787304 22.65435503 22.57281726 0.4101719213 0.3177437452 0.09242817613 2.106241543 0.00256479732 0.001846095239 0.0002029521359 1969.865651 8030.134349 6.145252322e-14 0.0001353051974 0.0008014237316 2.121054385 1.289204108 22.77362558 3.40865277 0.1378763169 11
4000 22.83447185 22.70175289 22.62273119 0.4080571397 0.3186029343 0.0894542054 2.042639535 0.002774990151 0.001985821674 0.0002264219166 1969.865651 8030.134349 1.278369882e-13 4.323912234e-05 0.0002499303761 2.034734282 1.288815493 22.82147453 3.409680579 0.1415349626 11
4500 22.86392756 22.73226326 22.65416503 0.4067374444 0.3191488676 0.08758857679 2.002618875 0.002104041164 0.001488529559 0.0001751074714 1969.865651 8030.134349 1.188884019e-13 1.602510973e-05 9.68960293e-05 1.980100796 1.288587377 22.85184312 3.410284186 0.14408442 11
5000 22.87627523 22.74546881 22.66747055 0.4061970162 0.3193841674 0.08681284881 1.985954623 0.00117586521 0.000814717576 9.868177895e-05 1969.865651 8030.134349 1.520440945e-13 3.75264123e-05 0.0002408297735 1.957177888 1.288444037 22.8646658 3.410663583 0.1453968336 11
5500 22.87663551 22.74634902 22.66794997 0.4061880986 0.3193943207 0.08679377791 1.985549622 0.0003857281976 0.0002463908138 3.23779533e-05 1969.865651 8030.134349 1.815407549e-13 3.642264054e-05 0.0002431919152 1.956540593 1.28834989 22.86515102 3.410912818 0.1457165567 11
6000 22.87097268 22.74089716 22.66188596 0.4064396075 0.3192872588 0.08715234876 1.993258987 0.0002132072778 0.0001156055472 1.782736038e-05 1969.865651 8030.134349 1.503826784e-13 2.572686061e-05 0.0001748386198 1.96714109 1.288303675 22.8594063 3.411035178 0.1454411696 11
6500 22.86392895 22.73385242 22.65428074 0.4067486798 0.3191520396 0.08759664012 2.002803356 0.0003280987114 0.0002584235164 2.730328886e-05 1969.865651 8030.134349 1.360428784e-13 1.340198029e-05 9.08146674e-05 1.980316499 1.28829984 22.85220139 3.411045332 0.1449447059 11
7000 22.85819706 22.728013 22.64807804 0.406999634 0.3190417898 0.08795784422 2.010557736 0.0003296791739 0.0002575845263 2.732899832e-05 1969.865651 8030.134349 1.451618673e-13 3.513790311e-06 2.286769369e-05 1.991023642 1.288321018 22.84631426 3.41098926 0.1444809963 11
7500 22.85475265 22.72443753 22.64435174 0.4071505874 0.3189757866 0.08817480078 2.015213262 0.000247188886 0.0001844318361 2.044356716e-05 1969.865651 8030.134349 1.340653611e-13 2.484343873e-06 1.771159401e-05 1.997443164 1.288348359 22.84276166 3.410916872 0.1441677616 11
8000 22.85343694 22.7230162 22.64293103 0.4072083592 0.3189508046 0.08825755462 2.016988459 0.0001965176048 9.714943743e-05 1.623853324e-05 1969.865651 8030.134349 1.603618367e-13 4.825068966e-06 3.300547697e-05 1.999883875 1.28836998 22.84139222 3.410859632 0.1440198738 11
8500 22.85356388 22.72308061 22.64307009 0.407202793 0.3189534321 0.08824936082 2.016812405 0.0001844999214 3.462431106e-05 1.524682555e-05 1969.865651 8030.134349 1.959223191e-13 4.631622463e-06 3.127327513e-05 1.9996353 1.288382075 22.84150813 3.410827611 0.1439968982 11
9000 22.85437676 22.72387053 22.64394909 0.4071670444 0.3189690846 0.08819795985 2.015709404 0.0001917346294 3.319574781e-05 1.585336235e-05 1969.865651 8030.134349 2.33632632e-13 3.209003308e-06 2.151358531e-05 1.998112224 1.288385925 22.84233454 3.410817418 0.1440428115 11
9500 22.85529993 22.72479712 22.64494627 0.40712644 0.318986768 0.08813967192 2.014458638 0.0001972088182 4.416368673e-05 1.631611379e-05 1969.865651 8030.134349 2.819041924e-13 1.585957366e-06 1.053319863e-05 1.996387825 1.288384642 22.84327965 3.410820815 0.1441099884 11
10000 22.85601375 22.72552655 22.64571706 0.4070950574 0.3190004115 0.0880946459 2.013492438 0.0001968188123 4.239470363e-05 1.629166058e-05 1969.865651 8030.134349 2.380533706e-13 3.898879762e-07 2.089763864e-06 1.995056627 1.288381198 22.84401332 3.410829933 0.1441685898 11
10500 22.85641847 22.7259485 22.64615404 0.4070772801 0.3190081332 0.08806914695 2.012945276 0.0001937012243 3.500035905e-05 1.603796077e-05 1969.865651 8030.134349 2.47653879e-13 4.794028304e-07 2.674100408e-06 1.994303193 1.288377649 22.84443116 3.410839327 0.1442061523 11
11000 22.85655282 22.72609594 22.6462991 0.4070713916 0.3190106841 0.08806070748 2.012764212 0.0001907532768 2.913588903e-05 1.579529913e-05 1969.865651 8030.134349 2.192308652e-13 6.923740148e-07 4.227886264e-06 1.994054264 1.288375048 22.84457151 3.410846214 0.1442224514 11
11500 22.85651359 22.726064 22.64625669 0.4070731282 0.3190099191 0.08806320909 2.012817935 0.0001889226845 2.723443755e-05 1.564329964e-05 1969.865651 8030.134349 2.262591066e-13 6.252638005e-07 3.73570758e-06 1.994128766 1.288373658 22.84453301 3.410849894 0.1442234532 11
12000 22.85639882 22.72595153 22.64613272 0.4070781782 0.319007715 0.08807046318 2.012973631 0.000188040018 2.73531682e-05 1.556900822e-05 1969.865651 8030.134349 2.083120381e-13 4.401268923e-07 2.362208078e-06 1.994343616 1.288373272 22.84441612 3.410850916 0.1442165187 11
12500 22.85627914 22.725831 22.64600344 0.4070834393 0.3190054224 0.08807801698 2.013135742 0.0001877414732 2.755061481e-05 1.554303809e-05 1969.865651 8030.134349 2.04902017e-13 2.78368052e-07 9.461311134e-07 1.994567134 1.2883735 22.84429351 3.410850313 0.1442076011 11
13000 22.85619126 22.72574093 22.64590851 0.4070873007 0.3190037418 0.08808355889 2.013254668 0.000187773268 2.743425279e-05 1.554475206e-05 1969.865651 8030.134349 1.831257436e-13 2.216189478e-07 1.724702135e-07 1.994731013 1.288373969 22.84420312 3.410849069 0.1442002451 11
13500 22.85614442 22.72569187 22.64585793 0.4070893572 0.3190028483 0.08808650889 2.013317969 0.0001879675893 2.7235421e-05 1.556034965e-05 1969.865651 8030.134349 1.355531872e-13 2.308806701e-07 6.668538898e-07 1.994818173 1.288374426 22.84415472 3.410847862 0.1441957755 11
14000 22.85613151 22.72567735 22.645844 0.4070899227 0.3190026039 0.08808731875 2.013335342 0.0001881986729 2.712268679e-05 1.55793448e-05 1969.865651 8030.134349 1.533855623e-13 2.418185826e-07 8.114811003e-07 1.994842033 1.288374744 22.84414115 3.410847018 0.1441940283 11
14500 22.85613926 22.72568425 22.64585237 0.4070895809 0.3190027541 0.08808682686 2.013324781 0.0001883837507 2.709676583e-05 1.559474759e-05 1969.865651 8030.134349 1.32731856e-13 2.365576289e-07 7.18447539e-07 1.994827417 1.288374903 22.84414889 3.410846599 0.1441941421 11
15000 22.85615511 22.72569989 22.6458695 0.4070888834 0.3190030584 0.08808582497 2.013303279 0.0001884899839 2.710318534e-05 1.560370842e-05 1969.865651 8030.134349 9.474811297e-14 2.317247665e-07 5.321239354e-07 1.994797751 1.288374936 22.84416506 3.410846511 0.1441951537 11
15500 22.85617048 22.72571542 22.64588611 0.4070882077 0.3190033528 0.08808485489 2.01328246 0.0001885241355 2.710935271e-05 1.560669696e-05 1969.865651 8030.134349 8.588223353e-14 2.257738131e-07 3.599924875e-07 1.994769051 1.288374897 22.84418082 3.410846614 0.1441963245 11
16000 22.85618121 22.72572645 22.64589769 0.4070877363 0.3190035579 0.08808417839 2.013267943 0.0001885118913 2.710987904e-05 1.560579587e-05 1969.865651 8030.134349 6.793860306e-14 2.244373808e-07 2.461190661e-07 1.994749049 1.288374833 22.84419186 3.410846784 0.1441972399 11
16500 22.85618655 22.72573208 22.64590346 0.4070875019 0.3190036597 0.08808384228 2.013260731 0.000188480128 2.7108552e-05 1.560322227e-05 1969.865651 8030.134349 8.503290366e-14 2.24803354e-07 1.956227616e-07 1.99473912 1.288374775 22.84419738 3.410846937 0.1441977655 11
17000 22.85618767 22.72573339 22.64590466 0.4070874532 0.3190036806 0.08808377254 2.013259236 0.0001884478674 2.710776786e-05 1.560056318e-05 1969.865651 8030.134349 5.010661109e-14 2.250332375e-07 1.863314535e-07 1.99473707 1.288374736 22.84419857 3.410847039 0.1441979459 11
17500 22.85618635 22.72573217 22.64590324 0.4070875112 0.3190036552 0.08808385593 2.013261026 0.0001884246005 2.710752803e-05 1.559862317e-05 1969.865651 8030.134349 6.374068243e-14 2.251393602e-07 1.984876213e-07 1.994739544 1.288374719 22.84419724 3.410847086 0.144197902 11
18000 22.8561842 22.72573003 22.64590091 0.4070876059 0.3190036139 0.08808399201 2.013263946 0.0001884124367 2.710728551e-05 1.559759357e-05 1969.865651 8030.134349 1.52852213e-14 2.2369167e-07 2.209426765e-07 1.994743573 1.288374716 22.84419504 3.410847092 0.1441977586 11
18500 22.85618224 22.72572805 22.6458988 0.4070876919 0.3190035765 0.08808411547 2.013266596 0.0001884092708 2.710688944e-05 1.559731096e-05 1969.865651 8030.134349 1.664270971e-14 2.229416183e-07 2.370874594e-07 1.994747225 1.288374722 22.84419304 3.410847076 0.1441976064 11
19000 22.85618094 22.72572671 22.6458974 0.4070877489 0.3190035517 0.08808419729 2.013268351 0.0001884115026 2.710648743e-05 1.559748211e-05 1969.865651 8030.134349 4.800192211e-14 2.241692171e-07 2.481987781e-07 1.994749644 1.288374731 22.8441917 3.410847053 0.1441974935 11
19500 22.85618034 22.72572608 22.64589675 0.4070877752 0.3190035403 0.08808423487 2.013269158 0.0001884157976 2.710622102e-05 1.559783142e-05 1969.865651 8030.134349 3.134775889e-14 2.229249068e-07 2.565129962e-07 1.994750754 1.288374738 22.84419108 3.410847034 0.1441974325 11
20000 22.85618027 22.72572598 22.64589667 0.4070877785 0.3190035389 0.08808423958 2.013269259 0.0001884198972 2.710611455e-05 1.559817003e-05 1969.865651 8030.134349 4.386008671e-14 2.245684293e-07 2.560674063e-07 1.994750891 1.288374743 22.844191 3.410847022 0.1441974149 11
20500 22.85618048 22.72572617 22.64589689 0.4070877694 0.3190035429 0.08808422651 2.013268978 0.0001884227256 2.710611722e-05 1.559840634e-05 1969.865651 8030.134349 4.97991595e-14 2.254987027e-07 2.560933125e-07 1.994750504 1.288374745 22.84419121 3.410847017 0.144197424 11
21000 22.85618076 22.72572646 22.64589721 0.4070877567 0.3190035484 0.08808420829 2.013268587 0.0001884241079 2.710616763e-05 1.55985238e-05 1969.865651 8030.134349 6.417514032e-14 2.241725536e-07 2.536006121e-07 1.994749965 1.288374745 22.8441915 3.410847017 0.1441974439 11
21500 22.85618101 22.72572671 22.64589747 0.4070877458 0.3190035531 0.08808419271 2.013268253 0.0001884243711 2.71062242e-05 1.559854819e-05 1969.865651 8030.134349 2.707818017e-14 2.246188236e-07 2.479431906e-07 1.994749504 1.288374744 22.84419176 3.410847019 0.1441974635 11
22000 22.85618117 22.72572687 22.64589764 0.407087739 0.3190035561 0.08808418291 2.013268043 0.0001884239995 2.710626726e-05 1.559851906e-05 1969.865651 8030.134349 3.744843668e-14 2.252225156e-07 2.46811674e-07 1.994749214 1.288374743 22.84419192 3.410847022 0.1441974773 11
22500 22.85618123 22.72572694 22.64589771 0.4070877361 0.3190035573 0.08808417881 2.013267954 0.000188423417 2.710629169e-05 1.559847151e-05 1969.865651 8030.134349 3.029774149e-14 2.24441517e-07 2.485370207e-07 1.994749093 1.288374742 22.84419198 3.410847024 0.1441974843 11
23000 22.85618123 22.72572695 22.64589771 0.4070877361 0.3190035573 0.08808417873 2.013267953 0.0001884228958 2.710630002e-05 1.559842838e-05 1969.865651 8030.134349 2.189420952e-14 2.247020206e-07 2.464203624e-07 1.994749091 1.288374741 22.84419199 3.410847026 0.1441974858 11
23500 22.8561812 22.72572692 22.64589768 0.4070877374 0.3190035568 0.08808418068 2.013267995 0.0001884225544 2.710629788e-05 1.559839979e-05 1969.865651 8030.134349 5.476507489e-15 2.241742988e-07 2.486788243e-07 1.994749148 1.288374741 22.84419195 3.410847026 0.1441974843 11
24000 22.85618116 22.72572688 22.64589764 0.4070877391 0.319003556 0.08808418309 2.013268046 0.0001884224006 2.7106291e-05 1.559838666e-05 1969.865651 8030.134349 4.249981804e-14 2.244050908e-07 2.470425247e-07 1.99474922 1.288374741 22.84419192 3.410847026 0.1441974815 11
24500 22.85618113 22.72572685 22.6458976 0.4070877405 0.3190035554 0.08808418503 2.013268088 0.0001884223846 2.710628368e-05 1.559838501e-05 1969.865651 8030.134349 6.902842406e-14 2.25491097e-07 2.479294025e-07 1.994749277 1.288374741 22.84419188 3.410847026 0.144197479 11
25000 22.85618111 22.72572683 22.64589758 0.4070877413 0.3190035551 0.0880841862 2.013268113 0.0001884224421 2.710627824e-05 1.559838957e-05 1969.865651 8030.134349 8.398531955e-14 2.241469692e-07 2.490096975e-07 1.994749312 1.288374741 22.84419186 3.410847026 0.1441974774 11
25500 22.85618111 22.72572682 22.64589758 0.4070877416 0.3190035549 0.08808418663 2.013268122 0.0001884225198 2.710627529e-05 1.559839594e-05 1969.865651 8030.134349 1.036535611e-13 2.236148478e-07 2.476504982e-07 1.994749325 1.288374742 22.84419186 3.410847025 0.1441974766 11
26000 22.85618111 22.72572682 22.64589758 0.4070877415 0.319003555 0.08808418658 2.013268121 0.0001884225854 2.710627444e-05 1.559840138e-05 1969.865651 8030.134349 8.656049049e-14 2.243514794e-07 2.466349022e-07 1.994749323 1.288374742 22.84419186 3.410847025 0.1441974765 11
26500 22.85618111 22.72572683 22.64589758 0.4070877413 0.319003555 0.0880841863 2.013268115 0.0001884226262 2.710627489e-05 1.55984048e-05 1969.865651 8030.134349 5.933860248e-14 2.244543456e-07 2.492517311e-07 1.994749315 1.288374742 22.84419186 3.410847025 0.1441974767 11
27000 22.85618112 22.72572683 22.64589759 0.4070877411 0.3190035551 0.08808418598 2.013268108 0.0001884226429 2.710627584e-05 1.559840624e-05 1969.865651 8030.134349 7.422327413e-14 2.242547355e-07 2.478742481e-07 1.994749305 1.288374742 22.84419187 3.410847025 0.1441974771 11
27500 22.85618112 22.72572683 22.64589759 0.407087741 0.3190035552 0.08808418574 2.013268103 0.0001884226428 2.710627679e-05 1.559840627e-05 1969.865651 8030.134349 6.997476584e-14 2.246041722e-07 2.488907555e-07 1.994749298 1.288374742 22.84419187 3.410847025 0.1441974774 11
28000 22.85618112 22.72572684 22.64589759 0.4070877409 0.3190035553 0.0880841856 2.0132681 0.0001884226343 2.710627745e-05 1.559840559e-05 1969.865651 8030.134349 3.440479961e-14 2.256654757e-07 2.478826079e-07 1.994749294 1.288374742 22.84419187 3.410847025 0.1441974776 11
28500 22.85618112 22.72572684 22.6458976 0.4070877408 0.3190035553 0.08808418556 2.013268099 0.000188422624 2.710627778e-05 1.559840475e-05 1969.865651 8030.134349 9.721143066e-15 2.238868093e-07 2.482174353e-07 1.994749293 1.288374742 22.84419187 3.410847025 0.1441974777 11
29000 22.85618112 22.72572684 22.6458976 0.4070877408 0.3190035553 0.08808418557 2.0132681 0.0001884226159 2.710627786e-05 1.559840406e-05 1969.865651 8030.134349 2.451163034e-14 2.24108234e-07 2.457356839e-07 1.994749293 1.288374742 22.84419187 3.410847025 0.1441974777 11
29500 22.85618112 22.72572684 22.64589759 0.4070877409 0.3190035553 0.08808418561 2.013268101 0.000188422611 2.710627778e-05 1.559840366e-05 1969.865651 8030.134349 4.080264927e-14 2.238721914e-07 2.4729902e-07 1.994749294 1.288374742 22.84419187 3.410847025 0.1441974777 11
29999 22.85618112 22.72572684 22.64589759 0.4070877409 0.3190035552 0.08808418566 2.013268101 0.0001884226091 2.710627765e-05 1.55984035e-05 1969.865651 8030.134349 8.420980079e-14 2.233851224e-07 2.497528682e-07 1.994749296 1.287693651 22.84484253 3.412651099 0.1442900795 11
