# 1:passo  2:raio_area  3:raio_grad  4:raio_linha  5:p_in  6:p_out  7:delta_p  8:sigma  9:|u-v0|max  10:|u-v0|rms  11:Ca  12:massa_R  13:massa_B  14:|q|  15:sd_p_in  16:sd_p_out  17:sigma_2pontos  18:K_perfil  19:r_perfil  20:espessura_10_90  21:residuo_ajuste  22:n_camadas
0 25.04052139 25.08111096 25 0.3333333333 0.3333333333 -2.220446049e-16 -5.560112678e-15 2.501853777e-17 7.418615475e-18 0 1969.865651 8030.134349 1.923557782e-16 2.706360658e-08 0 -1.387778781e-15 1.273345395 25.01411833 3.451105388 0.08159937045 12
500 25.03246215 25.0674703 24.96739778 0.3335466829 0.3332949667 0.0002517161377 0.00630107469 0.0006076900697 0.0001195752443 0.03214742985 1969.865651 8030.134349 3.450899066e-14 6.429984814e-06 4.259452603e-06 0.005855446951 1.296394974 25.00991899 3.389745598 0.06848803924 12
1000 25.02977203 25.06470877 24.94987463 0.3336452176 0.3332579587 0.0003872588921 0.009693001786 0.0006170819929 0.0001127086094 0.02122087689 1969.865651 8030.134349 1.993069266e-14 7.549067556e-07 1.535052579e-06 0.009676178307 1.296075663 25.00754837 3.39058072 0.06629686566 12
1500 25.0290103 25.06391022 24.94133549 0.3336725445 0.3332462312 0.0004263132649 0.0106701991 0.0006239633981 0.0001036950064 0.01949240098 1969.865651 8030.134349 2.267851282e-15 7.44037473e-07 5.203914329e-06 0.01088601055 1.295884954 25.00696532 3.391079694 0.06513015843 12
2000 25.02904954 25.06393708 24.93727691 0.333671279 0.3332471134 0.0004241656304 0.01061646257 0.0006281525412 0.0001019061001 0.01972259394 1969.865651 8030.134349 1.799126142e-14 7.055236653e-07 4.464920375e-06 0.01079675243 1.295563191 25.00712541 3.391921895 0.06735706876 12
2500 25.0292663 25.06415451 24.93534072 0.3336637824 0.333250993 0.0004127893976 0.01033181576 0.0006298095203 0.0001022596469 0.02031942029 1969.865651 8030.134349 2.811929421e-15 3.653666923e-07 2.309169992e-06 0.01040285669 1.295504477 25.00740598 3.392075622 0.0670151819 12
3000 25.02942432 25.06431701 24.93437508 0.333658324 0.3332538325 0.0004044915236 0.01012418998 0.0006300082575 0.000102498158 0.02074267205 1969.865651 8030.134349 2.601671911e-14 1.657796325e-07 7.221505425e-07 0.01011497491 1.295472859 25.00760003 3.39215841 0.06683204863 12
3500 25.02949125 25.06438768 24.93385979 0.3336560142 0.3332550395 0.0004009747774 0.01003619468 0.0006297453343 0.0001025774404 0.02091580705 1969.865651 8030.134349 2.30285476e-14 1.476035035e-07 1.46827282e-07 0.009992624614 1.295456079 25.00768587 3.392202349 0.0667363588 12
4000 25.02950208 25.06440045 24.93357035 0.333655639 0.333255233 0.0004004059602 0.01002196181 0.0006294971956 0.0001026217566 0.02093725783 1969.865651 8030.134349 1.593294308e-14 1.521989208e-07 1.643095832e-07 0.009972879298 1.295447291 25.0077059 3.39222536 0.06668763146 12
4500 25.02949283 25.06439182 24.93340626 0.3336559562 0.3332550625 0.0004008936341 0.01003416434 0.0006293741964 0.0001026512098 0.02090771007 1969.865651 8030.134349 3.282910361e-14 1.48203945e-07 1.467364976e-07 0.009990001523 1.295442738 25.00770089 3.392237285 0.0666632223 12
5000 25.02948263 25.06438164 24.93331588 0.3336563062 0.3332548756 0.0004014305708 0.0100475995 0.0006293437966 0.0001026676876 0.02087874478 1969.865651 8030.134349 3.100916975e-14 1.474188876e-07 1.931373235e-07 0.01000882509 1.295440392 25.00769263 3.392243427 0.06665098505 12
5500 25.02947705 25.06437593 24.93326851 0.3336564978 0.3332547733 0.0004017245289 0.01005495488 0.0006293530182 0.0001026761369 0.02086377731 1969.865651 8030.134349 2.762621945e-14 1.449709275e-07 2.400677758e-07 0.01001912714 1.295439184 25.00768799 3.392246591 0.06664473203 12
6000 25.02947536 25.06437415 24.93324492 0.3336565557 0.3332547424 0.000401813349 0.01005717732 0.0006293687191 0.0001026805096 0.02085968721 1969.865651 8030.134349 1.572529482e-14 1.459101597e-07 2.558281988e-07 0.01002223438 1.295647964 25.00717862 3.391699964 0.06441064251 12
6500 25.02947552 25.06437428 24.93323358 0.3336565502 0.3332547453 0.0004018048724 0.01005696522 0.0006293788209 0.0001026828127 0.02086046196 1969.865651 8030.134349 1.173070247e-14 1.458801881e-07 2.525756402e-07 0.01002193266 1.295647639 25.00717907 3.391700817 0.06440886802 12
7000 25.0294761 25.06437486 24.93322814 0.3336565303 0.3332547559 0.0004017744079 0.01005620294 0.0006293826856 0.0001026840201 0.02086217132 1969.865651 8030.134349 1.585924874e-14 1.469347033e-07 2.501339239e-07 0.01002086123 1.295647468 25.00717983 3.391701264 0.06440790917 12
7500 25.02947651 25.06437529 24.93322542 0.333656516 0.3332547635 0.0004017525237 0.01005565535 0.0006293830786 0.0001026846472 0.0208633204 1969.865651 8030.134349 2.584577018e-14 1.461812535e-07 2.441910635e-07 0.01002009403 1.295437969 25.00768855 3.392249771 0.06663821358 12
8000 25.02947669 25.06437547 24.93322397 0.3336565101 0.3332547666 0.0004017434729 0.01005542889 0.0006293823764 0.000102684972 0.02086376701 1969.865651 8030.134349 3.155590413e-14 1.458763952e-07 2.441372983e-07 0.01001977378 1.295647331 25.00718057 3.391701623 0.06440713027 12
8500 25.02947671 25.0643755 24.93322316 0.3336565092 0.3332547671 0.0004017421126 0.01005539485 0.0006293817268 0.0001026851403 0.02086381609 1969.865651 8030.134349 1.849541949e-14 1.457025257e-07 2.461634512e-07 0.01001972577 1.295647306 25.00718062 3.391701687 0.06440699429 12
9000 25.02947669 25.06437548 24.9332227 0.3336565101 0.3332547666 0.0004017434759 0.01005542896 0.0006293814069 0.0001026852278 0.02086373471 1969.865651 8030.134349 1.486006411e-14 1.458808232e-07 2.425708591e-07 0.01001977349 1.295647294 25.0071806 3.39170172 0.06440692607 12
9500 25.02947666 25.06437545 24.93322245 0.333656511 0.3332547661 0.0004017449188 0.01005546507 0.0006293813307 0.0001026852733 0.02086365727 1969.865651 8030.134349 1.659913903e-14 1.451678838e-07 2.451210952e-07 0.01001982407 1.295647287 25.00718058 3.391701737 0.06440689179 12
10000 25.02947664 25.06437543 24.93322232 0.3336565115 0.3332547658 0.0004017456954 0.0100554845 0.0006293813577 0.0001026852971 0.02086361785 1969.865651 8030.134349 2.784359438e-15 1.478689579e-07 2.454385161e-07 0.01001985129 1.295647284 25.00718057 3.391701746 0.06440687425 12
10500 25.02947664 25.06437543 24.93322225 0.3336565117 0.3332547658 0.0004017458659 0.01005548877 0.0006293814003 0.0001026853095 0.02086361041 1969.865651 8030.134349 2.255034714e-14 1.459594372e-07 2.428484525e-07 0.01001985928 1.295437873 25.00768878 3.392250023 0.06663768346 12
11000 25.02947664 25.06437543 24.93322222 0.3336565117 0.3332547658 0.0004017458385 0.01005548808 0.0006293814272 0.0001026853159 0.02086361273 1969.865651 8030.134349 6.316945659e-15 1.462862743e-07 2.455230626e-07 0.0100198583 1.295437872 25.00768878 3.392250025 0.06663767853 12
11500 25.02947664 25.06437543 24.93322221 0.3336565116 0.3332547659 0.0004017457556 0.01005548601 0.0006293814373 0.0001026853193 0.02086361736 1969.865651 8030.134349 2.079407539e-14 1.456839903e-07 2.421186505e-07 0.01001985539 1.295437872 25.00768878 3.392250026 0.06663767587 12
12000 25.02947664 25.06437543 24.9332222 0.3336565116 0.3332547659 0.0004017456975 0.01005548455 0.0006293814382 0.000102685321 0.02086362041 1969.865651 8030.134349 1.730713802e-14 1.469224769e-07 2.455629036e-07 0.01001985335 1.295437871 25.00768878 3.392250027 0.06663767445 12
12500 25.02947664 25.06437543 24.93322219 0.3336565116 0.3332547659 0.0004017456161 0.01005548251 0.0006293814362 0.0001026853219 0.02086362457 1969.865651 8030.134349 2.631445084e-14 1.46726698e-07 2.440300386e-07 0.01001985251 1.295669114 25.00770862 3.391644601 0.06374980971 12
13000 25.02947664 25.06437543 24.93322219 0.3336565116 0.3332547659 0.0004017456128 0.01005548243 0.0006293814345 0.0001026853224 0.02086362469 1969.865651 8030.134349 1.389139997e-14 1.45898612e-07 2.452242547e-07 0.0100198524 1.295669114 25.00770862 3.391644601 0.06374980933 12
13500 25.02947664 25.06437543 24.93322219 0.3336565116 0.3332547659 0.0004017456166 0.01005548253 0.0006293814336 0.0001026853226 0.02086362446 1969.865651 8030.134349 4.614186523e-15 1.44492469e-07 2.460708208e-07 0.01001985253 1.295669114 25.00770862 3.391644601 0.06374980914 12
14000 25.02947664 25.06437543 24.93322219 0.3336565116 0.3332547659 0.0004017456781 0.01005548407 0.0006293814335 0.0001026853228 0.02086362126 1969.865651 8030.134349 1.289543683e-14 1.468740424e-07 2.465421074e-07 0.01001985266 1.295437871 25.00768878 3.392250028 0.06663767305 12
14500 25.02947664 25.06437543 24.93322219 0.3336565116 0.3332547659 0.0004017456801 0.01005548412 0.0006293814335 0.0001026853228 0.02086362116 1969.865651 8030.134349 3.748250042e-15 1.466534758e-07 2.446070517e-07 0.01001985274 1.295437871 25.00768878 3.392250028 0.06663767301 12
15000 25.02947664 25.06437543 24.93322219 0.3336565116 0.3332547659 0.0004017456807 0.01005548413 0.0006293814336 0.0001026853229 0.02086362113 1969.865651 8030.134349 9.388803863e-15 1.460302376e-07 2.464144387e-07 0.01001985276 1.295437871 25.00768878 3.392250028 0.06663767298 12
15500 25.02947664 25.06437543 24.93322219 0.3336565116 0.3332547659 0.0004017456806 0.01005548413 0.0006293814337 0.0001026853229 0.02086362114 1969.865651 8030.134349 8.66292469e-15 1.468947235e-07 2.438940786e-07 0.01001985275 1.295437871 25.00768878 3.392250028 0.06663767297 12
16000 25.02947664 25.06437543 24.93322219 0.3336565116 0.3332547659 0.0004017456804 0.01005548412 0.0006293814337 0.0001026853229 0.02086362115 1969.865651 8030.134349 1.768323038e-14 1.449809954e-07 2.449959888e-07 0.01001985275 1.295437871 25.00768878 3.392250028 0.06663767296 12
16500 25.02947664 25.06437543 24.93322219 0.3336565116 0.3332547659 0.0004017456803 0.01005548412 0.0006293814337 0.0001026853229 0.02086362116 1969.865651 8030.134349 1.764594778e-14 1.448205149e-07 2.44945047e-07 0.01001985274 1.295437871 25.00768878 3.392250028 0.06663767295 12
17000 25.02947664 25.06437543 24.93322219 0.3336565116 0.3332547659 0.0004017456802 0.01005548412 0.0006293814337 0.0001026853229 0.02086362116 1969.865651 8030.134349 1.125054902e-14 1.462922318e-07 2.457418064e-07 0.01001985274 1.295437871 25.00768878 3.392250028 0.06663767295 12
17500 25.02947664 25.06437543 24.93322219 0.3336565116 0.3332547659 0.0004017456802 0.01005548412 0.0006293814337 0.0001026853229 0.02086362116 1969.865651 8030.134349 1.587165404e-15 1.461106173e-07 2.453074332e-07 0.01001985274 1.295437871 25.00768878 3.392250028 0.06663767295 12
18000 25.02947664 25.06437543 24.93322219 0.3336565116 0.3332547659 0.0004017456802 0.01005548412 0.0006293814337 0.0001026853229 0.02086362116 1969.865651 8030.134349 1.481444967e-14 1.46029479e-07 2.431551017e-07 0.01001985274 1.295437871 25.00768878 3.392250028 0.06663767295 12
18500 25.02947664 25.06437543 24.93322219 0.3336565116 0.3332547659 0.0004017456802 0.01005548412 0.0006293814337 0.0001026853229 0.02086362116 1969.865651 8030.134349 1.23294264e-14 1.443197808e-07 2.434941871e-07 0.01001985274 1.295437871 25.00768878 3.392250028 0.06663767295 12
19000 25.02947664 25.06437543 24.93322219 0.3336565116 0.3332547659 0.0004017456802 0.01005548412 0.0006293814337 0.0001026853229 0.02086362116 1969.865651 8030.134349 1.05911653e-14 1.460291105e-07 2.430639315e-07 0.01001985274 1.295437871 25.00768878 3.392250028 0.06663767295 12
19500 25.02947664 25.06437543 24.93322219 0.3336565116 0.3332547659 0.0004017456802 0.01005548412 0.0006293814337 0.0001026853229 0.02086362116 1969.865651 8030.134349 1.120394963e-14 1.468144155e-07 2.420610274e-07 0.01001985274 1.295437871 25.00768878 3.392250028 0.06663767295 12
20000 25.02947664 25.06437543 24.93322219 0.3336565116 0.3332547659 0.0004017456802 0.01005548412 0.0006293814337 0.0001026853229 0.02086362116 1969.865651 8030.134349 5.328585982e-14 1.446506342e-07 2.419071028e-07 0.01001985274 1.295437871 25.00768878 3.392250028 0.06663767295 12
20500 25.02947664 25.06437543 24.93322219 0.3336565116 0.3332547659 0.0004017456802 0.01005548412 0.0006293814337 0.0001026853229 0.02086362116 1969.865651 8030.134349 8.867890478e-14 1.455339607e-07 2.443411807e-07 0.01001985274 1.29564728 25.00718057 3.391701756 0.06440685447 12
21000 25.02947664 25.06437543 24.93322219 0.3336565116 0.3332547659 0.0004017456802 0.01005548412 0.0006293814337 0.0001026853229 0.02086362116 1969.865651 8030.134349 3.570991327e-14 1.474056756e-07 2.438757012e-07 0.01001985274 1.29564728 25.00718057 3.391701756 0.06440685447 12
21500 25.02947664 25.06437543 24.93322219 0.3336565116 0.3332547658 0.0004017457378 0.01005548556 0.0006293814337 0.0001026853229 0.02086361817 1969.865651 8030.134349 1.965716901e-13 1.461380043e-07 2.436021857e-07 0.01001985274 1.29564728 25.00718057 3.391701756 0.06440685447 12
22000 25.02947664 25.06437543 24.93322219 0.3336565116 0.3332547659 0.0004017456226 0.01005548268 0.0006293814337 0.0001026853229 0.02086362415 1969.865651 8030.134349 2.914089213e-13 1.461128539e-07 2.421678116e-07 0.01001985274 1.295669114 25.00770862 3.391644601 0.06374980894 12
22500 25.02947664 25.06437543 24.93322219 0.3336565116 0.3332547659 0.0004017456802 0.01005548412 0.0006293814337 0.0001026853229 0.02086362116 1969.865651 8030.134349 3.588072773e-13 1.46373146e-07 2.426265495e-07 0.01001985274 1.29564728 25.00718057 3.391701756 0.06440685447 12
23000 25.02947664 25.06437543 24.93322219 0.3336565116 0.3332547659 0.0004017456802 0.01005548412 0.0006293814337 0.0001026853229 0.02086362116 1969.865651 8030.134349 4.028747579e-13 1.454789019e-07 2.425874256e-07 0.01001985274 1.29564728 25.00718057 3.391701756 0.06440685447 12
23500 25.02947664 25.06437543 24.93322219 0.3336565116 0.3332547659 0.0004017456802 0.01005548412 0.0006293814337 0.0001026853229 0.02086362116 1969.865651 8030.134349 4.4608798e-13 1.457718175e-07 2.423860915e-07 0.01001985274 1.295651875 25.00767265 3.391689728 0.06377500392 12
24000 25.02947664 25.06437543 24.93322219 0.3336565116 0.3332547659 0.0004017456226 0.01005548268 0.0006293814337 0.0001026853229 0.02086362415 1969.865651 8030.134349 4.779713123e-13 1.46617822e-07 2.415034452e-07 0.01001985274 1.295437871 25.00768878 3.392250028 0.06663767295 12
24500 25.02947664 25.06437543 24.93322219 0.3336565116 0.3332547659 0.0004017456226 0.01005548268 0.0006293814337 0.0001026853229 0.02086362415 1969.865651 8030.134349 4.351169877e-13 1.450087042e-07 2.422290064e-07 0.01001985274 1.295669114 25.00770862 3.391644601 0.06374980894 12
25000 25.02947664 25.06437543 24.93322219 0.3336565116 0.3332547659 0.0004017456226 0.01005548268 0.0006293814337 0.0001026853229 0.02086362415 1969.865651 8030.134349 4.694992385e-13 1.470922849e-07 2.43740906e-07 0.01001985274 1.29564728 25.00718057 3.391701756 0.06440685447 12
25500 25.02947664 25.06437543 24.93322219 0.3336565116 0.3332547659 0.0004017456226 0.01005548268 0.0006293814337 0.0001026853229 0.02086362415 1969.865651 8030.134349 5.397535809e-13 1.476797512e-07 2.452153496e-07 0.01001985274 1.29564728 25.00718057 3.391701756 0.06440685447 12
26000 25.02947664 25.06437543 24.93322219 0.3336565116 0.3332547659 0.0004017456226 0.01005548268 0.0006293814337 0.0001026853229 0.02086362415 1969.865651 8030.134349 7.324253408e-13 1.461773001e-07 2.458925322e-07 0.01001985274 1.29564728 25.00718057 3.391701756 0.06440685447 12
26500 25.02947664 25.06437543 24.93322219 0.3336565116 0.3332547659 0.0004017456226 0.01005548268 0.0006293814337 0.0001026853229 0.02086362415 1969.865651 8030.134349 8.806989513e-13 1.462167954e-07 2.456280351e-07 0.01001985274 1.29564728 25.00718057 3.391701756 0.06440685447 12
27000 25.02947664 25.06437543 24.93322219 0.3336565116 0.3332547659 0.0004017456226 0.01005548268 0.0006293814337 0.0001026853229 0.02086362415 1969.865651 8030.134349 9.760866551e-13 1.466018274e-07 2.451462006e-07 0.01001985274 1.29564728 25.00718057 3.391701756 0.06440685447 12
27500 25.02947664 25.06437543 24.93322219 0.3336565116 0.3332547659 0.0004017456226 0.01005548268 0.0006293814337 0.0001026853229 0.02086362415 1969.865651 8030.134349 1.01077032e-12 1.455341463e-07 2.458797554e-07 0.01001985274 1.29564728 25.00718057 3.391701756 0.06440685447 12
28000 25.02947664 25.06437543 24.93322219 0.3336565116 0.3332547659 0.0004017456226 0.01005548268 0.0006293814337 0.0001026853229 0.02086362415 1969.865651 8030.134349 1.006714545e-12 1.453991831e-07 2.447002309e-07 0.01001985274 1.29564728 25.00718057 3.391701756 0.06440685447 12
28500 25.02947664 25.06437543 24.93322219 0.3336565116 0.3332547659 0.0004017456226 0.01005548268 0.0006293814337 0.0001026853229 0.02086362415 1969.865651 8030.134349 1.081386724e-12 1.466100349e-07 2.459431122e-07 0.01001985274 1.29564728 25.00718057 3.391701756 0.06440685447 12
29000 25.02947664 25.06437543 24.93322219 0.3336565116 0.3332547659 0.0004017456226 0.01005548268 0.0006293814337 0.0001026853229 0.02086362415 1969.865651 8030.134349 1.140629304e-12 1.469036261e-07 2.448394083e-07 0.01001985274 1.29564728 25.00718057 3.391701756 0.06440685447 12
29500 25.02947664 25.06437543 24.93322219 0.3336565116 0.3332547659 0.0004017456226 0.01005548268 0.0006293814337 0.0001026853229 0.02086362415 1969.865651 8030.134349 1.232877408e-12 1.466436727e-07 2.467015238e-07 0.01001985274 1.29564728 25.00718057 3.391701756 0.06440685447 12
29999 25.02947664 25.06437543 24.93322219 0.3336565116 0.3332547659 0.0004017456226 0.01005548268 0.0006293814337 0.0001026853229 0.02086362415 1969.865651 8030.134349 1.397711042e-12 1.47249247e-07 2.453184852e-07 0.01001985274 1.29564728 25.00718057 3.391701756 0.06440685447 12
