# 1:passo  2:R0  3:|a2|/R0  4:|a4|/R0  5:|a8|/R0  6:rmin  7:rmax
0 24.99530979 9.196997287e-17 9.52226216e-05 8.27724819e-05 24.98429581 25.00965244
500 24.189892 1.814992349e-16 0.00150046568 5.684346571e-05 24.14988865 24.23410295
1000 23.94903267 7.553608967e-17 0.00149864709 9.923515338e-05 23.90906724 23.98433211
1500 23.8770963 1.664318249e-16 0.0007165407709 0.0001082993603 23.85378671 23.89766755
2000 23.86984089 4.110278461e-17 0.000203196172 0.0001075172541 23.85863859 23.88029919
2500 23.88005767 1.004891115e-16 9.850747741e-06 0.000106254873 23.87240984 23.89146236
3000 23.88989742 2.718855509e-17 1.887478484e-05 0.0001048554938 23.88176935 23.90182358
3500 23.89539023 6.314167432e-17 3.909044392e-06 0.0001040655996 23.88782858 23.90706968
4000 23.89747087 1.612712346e-16 2.885409836e-05 0.000103843073 23.88995079 23.90883657
4500 23.89783324 7.586182085e-17 4.341819122e-05 0.000103874309 23.88999171 23.90900807
5000 23.89762498 1.255885856e-16 4.915126046e-05 0.0001039545002 23.88965776 23.90872164
5500 23.89736884 1.715949434e-16 5.026492264e-05 0.0001040113735 23.88937774 23.90844842
6000 23.89721175 4.410214462e-17 4.977841505e-05 0.0001040380005 23.88923175 23.90829642
6500 23.89714648 1.156007965e-16 4.911468046e-05 0.0001040458582 23.88918126 23.90823942
7000 23.89713165 1.019446418e-16 4.869484971e-05 0.0001040457963 23.8891757 23.90823005
7500 23.89713544 6.550037628e-17 4.851549289e-05 0.0001040438453 23.88918342 23.90823626
8000 23.8971421 1.048251515e-16 4.847187441e-05 0.0001040422791 23.88919103 23.90824357
8500 23.89714658 1.906840598e-16 4.84799828e-05 0.0001040414826 23.88919532 23.90824798
9000 23.8971486 1.708547053e-16 4.849712123e-05 0.0001040412166 23.88919696 23.90824979
9500 23.89714915 1.049942127e-16 4.850904502e-05 0.000104041194 23.88919724 23.90825018
10000 23.8971491 9.635927689e-17 4.851455532e-05 0.0001040412402 23.88919708 23.90825007
10500 23.89714894 1.325063052e-16 4.851613176e-05 0.0001040412831 23.88919688 23.90824988
11000 23.89714881 6.737354894e-17 4.851607421e-05 0.0001040413067 23.88919675 23.90824975
11500 23.89714875 7.893682812e-17 4.851564562e-05 0.0001040413154 23.8891967 23.90824969
12000 23.89714873 5.923934597e-17 4.851531225e-05 0.0001040413167 23.88919669 23.90824968
12500 23.89714873 4.724791143e-17 4.851514594e-05 0.0001040413157 23.88919669 23.90824968
13000 23.89714873 7.576954789e-17 4.851509193e-05 0.0001040413145 23.8891967 23.90824968
13500 23.89714874 6.947163566e-17 4.851508846e-05 0.0001040413138 23.8891967 23.90824969
14000 23.89714874 6.160624569e-17 4.851509874e-05 0.0001040413136 23.8891967 23.90824969
14500 23.89714874 7.395675093e-17 4.85151079e-05 0.0001040413135 23.8891967 23.90824969
15000 23.89714874 1.047584153e-16 4.851511284e-05 0.0001040413135 23.8891967 23.90824969
15500 23.89714874 7.701145196e-17 4.851511462e-05 0.0001040413136 23.8891967 23.90824969
16000 23.89714874 3.832933185e-17 4.851511487e-05 0.0001040413136 23.8891967 23.90824969
16500 23.89714874 1.703859502e-16 4.851511464e-05 0.0001040413136 23.8891967 23.90824969
17000 23.89714874 1.897409083e-16 4.851511439e-05 0.0001040413136 23.8891967 23.90824969
17500 23.89714874 8.577770391e-17 4.851511425e-05 0.0001040413136 23.8891967 23.90824969
18000 23.89714874 6.136898588e-17 4.851511419e-05 0.0001040413136 23.8891967 23.90824969
18500 23.89714874 1.553043723e-16 4.851511418e-05 0.0001040413136 23.8891967 23.90824969
19000 23.89714874 1.327985085e-16 4.851511418e-05 0.0001040413136 23.8891967 23.90824969
19500 23.89714874 7.596608873e-17 4.851511419e-05 0.0001040413136 23.8891967 23.90824969
20000 23.89714874 1.792304821e-16 4.851511419e-05 0.0001040413136 23.8891967 23.90824969
20500 23.89714874 3.117414185e-17 4.85151142e-05 0.0001040413136 23.8891967 23.90824969
21000 23.89714874 9.890265756e-17 4.85151142e-05 0.0001040413136 23.8891967 23.90824969
21500 23.89714874 7.106368477e-17 4.85151142e-05 0.0001040413136 23.8891967 23.90824969
22000 23.89714874 1.309334734e-16 4.85151142e-05 0.0001040413136 23.8891967 23.90824969
22500 23.89714874 9.449439314e-17 4.85151142e-05 0.0001040413136 23.8891967 23.90824969
23000 23.89714874 1.130540318e-16 4.85151142e-05 0.0001040413136 23.8891967 23.90824969
23500 23.89714874 2.063264139e-16 4.85151142e-05 0.0001040413136 23.8891967 23.90824969
24000 23.89714874 1.517050114e-16 4.85151142e-05 0.0001040413136 23.8891967 23.90824969
24500 23.89714874 5.285669016e-17 4.85151142e-05 0.0001040413136 23.8891967 23.90824969
25000 23.89714874 1.881299197e-16 4.85151142e-05 0.0001040413136 23.8891967 23.90824969
25500 23.89714874 2.765951192e-16 4.85151142e-05 0.0001040413136 23.8891967 23.90824969
26000 23.89714874 1.626827637e-16 4.85151142e-05 0.0001040413136 23.8891967 23.90824969
26500 23.89714874 1.141060648e-17 4.85151142e-05 0.0001040413136 23.8891967 23.90824969
27000 23.89714874 1.241617432e-16 4.85151142e-05 0.0001040413136 23.8891967 23.90824969
27500 23.89714874 6.999629578e-17 4.85151142e-05 0.0001040413136 23.8891967 23.90824969
28000 23.89714874 1.29929077e-16 4.85151142e-05 0.0001040413136 23.8891967 23.90824969
28500 23.89714874 7.84182414e-17 4.85151142e-05 0.0001040413136 23.8891967 23.90824969
29000 23.89714874 1.698490889e-16 4.85151142e-05 0.0001040413136 23.8891967 23.90824969
29500 23.89714874 2.658864785e-16 4.85151142e-05 0.0001040413136 23.8891967 23.90824969
29999 23.89714874 2.601921841e-16 4.85151142e-05 0.0001040413136 23.8891967 23.90824969
