# step v0 Mach sigma R umax_ref urms_ref umax_mean urms_mean umax_lab mean_x mean_y mean_z drop_ux drop_uy x0 y0 x_unwrapped center_dx center_dy axis_ratio mass_R mass_B min_f negative_total negative_color min_rho min_phi max_phi qx qy qz p_in p_out delta_p urms_lab
0 0 0 -5.560112678108922e-15 25.040521385269312 5.2126561395534622e-05 1.0584189702383743e-05 5.2126561395534628e-05 1.0584189702383743e-05 5.2126561395534622e-05 -2.4285923234495703e-21 7.8462144310304898e-21 7.0334840789635409e-22 2.147260783994646e-21 1.7768969726750281e-20 50.000000000000007 50.000000000000007 50.000000000000007 7.1054273576010019e-15 7.1054273576010019e-15 1.0000000000000007 1969.8656512480643 8030.1343487520417 0.027765703218504138 0 0 0.99999999999999956 5.1710809399147485e-26 0.99999999999998512 1.0935249659597984e-17 -7.4641057977677019e-17 -1.1266012493525041e-17 0.33333333333333387 0.33333333333333409 -2.2204460492503131e-16 1.0584189702383743e-05
500 0 0 0.002489457103110315 25.035951641939246 0.00022558994388179743 0.00013995241042557099 0.00022558994388180217 0.00013995241042557104 0.00022558994388179743 -4.7596475372116024e-18 6.7229479362027641e-19 -3.2247507556837037e-20 2.9041818704960096e-18 3.0657768825858686e-17 50.000000000000014 50.000000000000007 50.000000000000014 1.4210854715202004e-14 7.1054273576010019e-15 1.0000000000000022 1969.8656512479561 8030.1343487515805 0.027747613544666389 0 0 0.99956530442013158 3.8753394961154961e-18 1 -4.7375304481673706e-14 5.4600832217349422e-15 -2.568952343575476e-16 0.33342710034567374 0.33332766505602651 9.9435289647231695e-05 0.00013995241042557099
1000 0 0 0.0077805933548673861 25.031262338201611 0.00031206947260883195 0.00019260878778485328 0.00031206947260883309 0.0001926087877848532 0.00031206947260883195 -5.0627904646387874e-18 -2.0656599260956142e-18 -3.084147967413594e-20 -1.2712752960364079e-17 1.8291382787098957e-17 50.000000000000014 50.000000000000014 50.000000000000014 1.4210854715202004e-14 1.4210854715202004e-14 1.0000000000000011 1969.8656512478642 8030.1343487511813 0.02773341395091013 0 0 0.99965402864066155 4.7872322222924635e-18 1 -5.0935819757434893e-14 -2.3354204380381278e-14 -3.3240545760918357e-16 0.33358329042848223 0.33327245539148959 0.00031083503699264048 0.00019260878778485328
1500 0 0 0.013695149749626432 25.026751773018692 0.00026924483293286274 0.00016559901120179174 0.00026924483293285385 0.0001655990112017918 0.00026924483293286274 -1.0795531135700466e-17 1.7698299423221503e-18 4.5370314223137694e-21 -7.8169448626529004e-17 3.1594147596977646e-17 50.000000000000014 50.000000000000014 50.000000000000014 1.4210854715202004e-14 1.4210854715202004e-14 1.0000000000000018 1969.865651247751 8030.1343487508266 0.027736048024713383 0 0 0.99940214759483004 4.8798147841722351e-18 1 -1.0775580121659238e-13 1.9428469250071245e-14 -5.2124755199294709e-18 0.33375786092345017 0.33321064049812948 0.00054722042532068249 0.00016559901120179174
2000 0 0 0.016384002790491365 25.024274217309124 0.00015578483984527751 8.3860491595217862e-05 0.00015578483984527659 8.3860491595217821e-05 0.00015578483984527751 -5.2884779888638732e-18 -9.0977030596534254e-19 3.8462654307772311e-21 -1.1011671597701557e-16 5.6490094043801558e-17 49.999999999999993 50.000000000000021 49.999999999999993 -7.1054273576010019e-15 2.1316282072803006e-14 1.0000000000000042 1969.8656512476703 8030.1343487504691 0.0277472195613577 0 0 0.99935564629861517 4.9337795150767526e-18 1 -5.2811916420440232e-14 -1.023782126511729e-14 -3.8780232928519616e-17 0.33382722192007491 0.33317249752534467 0.00065472439473024391 8.3860491595217862e-05
2500 0 0 0.016594519143386253 25.024246915335763 0.00011522738987708283 6.7277022201189956e-05 0.0001152273898770901 6.7277022201189888e-05 0.00011522738987708283 -7.2643930801325385e-18 -8.907262948056761e-20 1.4812087302479451e-19 -8.6048287635221841e-17 5.1351069946339984e-17 50.000000000000007 50.000000000000036 50.000000000000007 7.1054273576010019e-15 3.5527136788005009e-14 1.0000000000000022 1969.8656512475761 8030.1343487500544 0.02776080289148013 0 0 0.99948562995342727 4.9156022299328873e-18 1 -7.2610266535610827e-14 -8.7855654893579001e-16 1.4263526466051847e-15 0.33384640758101908 0.33318326997693731 0.00066313760408176492 6.7277022201189956e-05
3000 0 0 0.013971031121090358 25.026336043199287 0.00017016610401573734 0.00011864717797439294 0.00017016610401574025 0.00011864717797439296 0.00017016610401573734 -7.4106519532011709e-18 -3.2879623503021754e-18 -1.3321824009723248e-19 5.0755373971441797e-17 3.1984866131709934e-17 49.999999999999993 50.000000000000028 49.999999999999993 -7.1054273576010019e-15 2.8421709430404007e-14 1.0000000000000013 1969.8656512474986 8030.1343487497097 0.027750017315870734 0 0 0.99958289960619751 4.8088759696289153e-18 1 -7.4194991276298975e-14 -3.300495727415198e-14 -1.2577559608990345e-15 0.33378590160432664 0.33322764844665409 0.00055825315767255024 0.00011864717797439294
3500 0 0 0.0099102317269092275 25.029415134567333 0.00016959216107352831 0.00012181066762054214 0.00016959216107351871 0.00012181066762054213 0.00016959216107352831 -8.4062964922387865e-18 -5.1421974317528481e-18 -7.2583037013694029e-21 6.7278152882484429e-17 3.2868328800234814e-17 49.999999999999993 50.000000000000028 49.999999999999993 -7.1054273576010019e-15 2.8421709430404007e-14 1.0000000000000002 1969.8656512473915 8030.1343487492741 0.027751079716735811 0 0 0.99962064386657445 5.6288113526056195e-18 1 -8.3945003725993672e-14 -5.2513057785660497e-14 -5.2514989071109015e-17 0.33367315410962722 0.33327721070968647 0.00039594339994075689 0.00012181066762054214
4000 0 0 0.0067263780027266885 25.03191625585351 0.00012084424552461214 7.6187848053483429e-05 0.00012084424552461583 7.6187848053483524e-05 0.00012084424552461214 -3.6875884290590721e-18 -9.7690410448584053e-18 -3.8207359658419041e-21 9.9443662424963835e-17 -6.551307526398745e-18 49.999999999999993 50.000000000000036 49.999999999999993 -7.1054273576010019e-15 3.5527136788005009e-14 1.0000000000000002 1969.8656512472958 8030.1343487489466 0.027760278049002957 0 0 0.99961982984087361 5.7445452289874791e-18 1 -3.7028539956462936e-14 -9.7913430835427917e-14 -1.2407168883264921e-16 0.33357918934478026 0.33331047727599672 0.0002687120687835387 7.6187848053483429e-05
4500 0 0 0.0056280577926722704 25.032794340152275 6.5693022291498342e-05 4.2773816931945355e-05 6.5693022291496756e-05 4.2773816931945416e-05 6.5693022291498342e-05 -1.5863829347379981e-18 -1.1441414086775746e-17 -8.641614242405254e-20 6.3920024387409516e-17 -5.549074780200898e-17 50.000000000000007 50.000000000000028 50.000000000000007 7.1054273576010019e-15 2.8421709430404007e-14 1.0000000000000002 1969.865651247218 8030.134348748611 0.027762410342096259 0 0 0.99963553814226203 5.3867040864309985e-18 1 -1.5785116269650956e-14 -1.1412091161389776e-13 -8.5581630235238997e-16 0.33353985907117478 0.3333150316821028 0.00022482738907197986 4.2773816931945355e-05
5000 0 0 0.0069357768709866754 25.031919375349972 0.00012753963776637774 8.1232285750594842e-05 0.00012753963776639243 8.1232285750594543e-05 0.00012753963776637774 -3.5001840835452426e-18 -1.7666025435057815e-17 7.7351834846983467e-20 -2.4505565529915474e-17 -8.3726653680006325e-17 50.000000000000014 50.000000000000021 50.000000000000014 1.4210854715202004e-14 2.1316282072803006e-14 1.0000000000000036 1969.8656512471214 8030.1343487481836 0.027755003113919548 0 0 0.99969523196532695 4.738970515754837e-18 1 -3.5395297592072535e-14 -1.7608973361480512e-13 8.1327385739999531e-16 0.33357045809688773 0.33329338078743392 0.00027707730945381037 8.1232285750594842e-05
5500 0 0 0.0093705148014905128 25.030095598543888 0.00013994787748510557 9.6450354230857266e-05 0.00013994787748509727 9.6450354230857496e-05 0.00013994787748510557 -2.6682649145750842e-18 -1.4402061899843448e-17 7.7993252409409679e-20 -3.2907386619951135e-17 -5.1180626951833738e-17 50.000000000000021 50.000000000000021 50.000000000000021 2.1316282072803006e-14 2.1316282072803006e-14 1.0000000000000024 1969.8656512470282 8030.1343487478171 0.027754402429127578 0 0 0.99969846225399617 5.4568215901099184e-18 1 -2.6719295179167268e-14 -1.4531699953600208e-13 6.4123038203389138e-16 0.33362968777161872 0.33325531785502777 0.00037436991659095531 9.6450354230857266e-05
6000 0 0 0.011725944713314194 25.02832057683564 9.8863888328362955e-05 6.9119290906853443e-05 9.8863888328352926e-05 6.9119290906853294e-05 9.8863888328362955e-05 -2.0867856054274471e-18 -1.6263468978665933e-17 -2.8470286035227548e-20 -5.4687254905316128e-17 -2.3269195412218317e-17 50.000000000000028 50.000000000000007 50.000000000000028 2.8421709430404007e-14 7.1054273576010019e-15 1.0000000000000036 1969.8656512469224 8030.1343487474624 0.027757736988261252 0 0 0.99947202206509322 5.4933868816692955e-18 1 -2.0964132360146766e-14 -1.6303863725801665e-13 -3.5831224813237367e-16 0.33368969390772135 0.33322118685478841 0.0004685070529329427 6.9119290906853443e-05
6500 0 0 0.012864972016423807 25.02741978463505 2.8370068497223733e-05 1.770228282115551e-05 2.8370068497205135e-05 1.7702282821155507e-05 2.8370068497223733e-05 -3.4829994791118215e-18 -1.8596369832501632e-17 -1.0580585239658675e-19 -3.8013110400144833e-18 -1.7169861976979436e-18 50.000000000000036 49.999999999999979 50.000000000000036 3.5527136788005009e-14 -2.1316282072803006e-14 1.0000000000000002 1969.8656512468426 8030.134348747054 0.027760178654582451 0 0 0.99939968901569054 5.5130824555720753e-18 1 -3.4794216542921282e-14 -1.8609887800702038e-13 -1.019980142177151e-15 0.33372036477510503 0.33320632968370811 0.00051403509139691383 1.770228282115551e-05
7000 0 0 0.012499172266258039 25.027672525389082 6.7651190872873693e-05 4.308627118390274e-05 6.7651190872868299e-05 4.3086271183902727e-05 6.7651190872873693e-05 -5.3994786072855e-18 -1.2663234041018395e-17 1.214295900010905e-20 8.2092369156685874e-18 -7.4075555965569353e-18 50.000000000000043 49.999999999999972 50.000000000000043 4.2632564145606011e-14 -2.8421709430404007e-14 1.0000000000000007 1969.8656512467508 8030.1343487466329 0.027762976908869988 0 0 0.99948726945040367 5.5296795927568867e-18 1 -5.4183708724891673e-14 -1.2532122827544137e-13 2.2499494818137903e-16 0.33371532775906732 0.33321591367037895 0.00049941408868836579 4.308627118390274e-05
7500 0 0 0.010951252095484691 25.028810329365189 0.00010155665823672648 7.1460947006348052e-05 0.00010155665823672752 7.1460947006348106e-05 0.00010155665823672648 -6.932063430225385e-18 -8.4028162032681679e-18 -7.6336480660618633e-20 6.8867768550031802e-17 -5.1560040072657168e-18 50.00000000000005 49.999999999999964 50.00000000000005 4.9737991503207013e-14 -3.5527136788005009e-14 1.0000000000000007 1969.8656512466571 8030.1343487462937 0.027759685072681315 0 0 0.99967956590515883 5.5417535497436016e-18 1 -6.9131550713873646e-14 -8.4084106864723562e-14 -7.3705514024679107e-16 0.33367935518547653 0.33324180933525943 0.00043754585021710257 7.1460947006348052e-05
8000 0 0 0.0091271232942888858 25.030159750201211 9.2332482794048741e-05 6.4931347226634454e-05 9.2332482794057929e-05 6.4931347226634454e-05 9.2332482794048741e-05 -7.2918884472304739e-18 -5.7134486486581338e-18 -1.1113757898774021e-20 1.6515674938289057e-17 7.0931766785357428e-18 50.000000000000057 49.999999999999957 50.000000000000057 5.6843418860808015e-14 -4.2632564145606011e-14 1.000000000000002 1969.865651246573 8030.1343487460081 0.027759763548167074 0 0 0.99972905610539031 5.5484470535870577e-18 1 -7.304269993683196e-14 -5.7011104279310054e-14 -9.0389565067793774e-17 0.33363476314920026 0.33327011812154655 0.00036464502765370943 6.4931347226634454e-05
8500 0 0 0.0079636259069445908 25.031021229088619 4.5534615474485208e-05 3.0319461844630589e-05 4.5534615474485743e-05 3.0319461844630538e-05 4.5534615474485208e-05 -6.1286370943485311e-18 -5.3868923753164213e-19 5.5587244468271562e-21 -1.7400412913728443e-17 -3.7155099441804541e-17 50.000000000000057 49.99999999999995 50.000000000000057 5.6843418860808015e-14 -4.9737991503207013e-14 1.0000000000000009 1969.8656512464893 8030.1343487455833 0.027764683419923154 0 0 0.99968619206529841 5.5479038477017571e-18 1 -6.1591086387529888e-14 -5.2221478552029466e-15 -9.9754960796976738e-19 0.33360609149754117 0.33328794123774713 0.00031815025979403666 3.0319461844630589e-05
9000 0 0 0.0079570910503606734 25.031021437180087 2.1333881349239647e-05 1.4562903794459431e-05 2.1333881349248043e-05 1.4562903794459419e-05 2.1333881349239647e-05 -8.9421254689183999e-18 2.9306926622945006e-18 6.5187988457031413e-20 4.9977559982883607e-17 -4.2413106395694952e-17 50.000000000000064 49.99999999999995 50.000000000000064 6.3948846218409017e-14 -4.9737991503207013e-14 1.0000000000000011 1969.8656512464036 8030.1343487452077 0.027767658620022923 0 0 0.99968408436082057 5.5415467560046683e-18 1 -8.9410629507818973e-14 2.8967151002832494e-14 7.9023721801370514e-16 0.33360652371967076 0.33328863453283392 0.00031788918683683942 1.4562903794459431e-05
9500 0 0 0.0089806418538968553 25.030255298568882 6.6545839695462638e-05 4.5859176181173324e-05 6.6545839695462543e-05 4.5859176181173467e-05 6.6545839695462638e-05 -5.1550777535648679e-18 5.278671380217463e-18 1.0269680311961424e-19 9.0099397508375287e-18 -4.033751261729787e-17 50.000000000000057 49.999999999999943 50.000000000000057 5.6843418860808015e-14 -5.6843418860808015e-14 1.0000000000000009 1969.8656512462858 8030.1343487447857 0.027762798250038582 0 0 0.99971658816510189 5.5339697490644361e-18 1 -5.1377739715907037e-14 5.3617239347789362e-14 9.0345464699743059e-16 0.33363272983997683 0.33327393837953134 0.00035879146044548449 4.5859176181173324e-05
10000 0 0 0.010418686988381477 25.029177508663491 7.6719709853929728e-05 5.2688546264042682e-05 7.6719709853932777e-05 5.2688546264042648e-05 7.6719709853929728e-05 -9.2295962539431533e-18 4.9051542450270412e-18 1.3209401698774923e-20 -3.2251827869844078e-17 1.0884153227481851e-17 50.00000000000005 49.999999999999936 50.00000000000005 4.9737991503207013e-14 -6.3948846218409017e-14 1.0000000000000011 1969.8656512462046 8030.134348744431 0.027762274839566281 0 0 0.99974321714489467 5.5280202892475032e-18 1 -9.255487001813556e-14 4.8210486590962972e-14 5.2157381638709445e-17 0.33366855057694605 0.33325228891653891 0.00041626166040714674 5.2688546264042682e-05
10500 0 0 0.011554849077311823 25.028332313109132 5.3063560709707922e-05 3.4886601501061983e-05 5.3063560709720953e-05 3.4886601501061989e-05 5.3063560709707922e-05 -1.3135412896282975e-17 5.0914567700837871e-18 8.603715772308835e-20 -8.850409804326321e-17 -1.1049797491617476e-17 50.000000000000043 49.999999999999929 50.000000000000043 4.2632564145606011e-14 -7.1054273576010019e-14 1.000000000000004 1969.8656512461193 8030.1343487441727 0.02776526989682088 0 0 0.99964621128117936 5.5269028846436429e-18 1 -1.3176851060950931e-13 5.1492393248614432e-14 8.6334577452438441e-16 0.33369625259846236 0.33323458184338534 0.00046167075507702604 3.4886601501061983e-05
11000 0 0 0.011883944512820056 25.028097235655789 1.2579248228617065e-05 7.5102861970657303e-06 1.2579248228619003e-05 7.5102861970657642e-06 1.2579248228617065e-05 -3.6702926939048781e-18 6.7901934583754211e-18 -7.4288013439778303e-20 -3.1366976207331507e-17 1.7635503386204709e-17 50.000000000000043 49.999999999999922 50.000000000000043 4.2632564145606011e-14 -7.815970093361102e-14 1.0000000000000013 1969.8656512460218 8030.1343487436652 0.027766447816172084 0 0 0.99959732000502299 5.530487631076128e-18 1 -3.711636043831338e-14 6.7430313309037998e-14 -8.782613633070796e-16 0.33370330303132451 0.33322847890063151 0.00047482413069299678 7.5102861970657303e-06
11500 0 0 0.011334107535717066 25.028525517887324 3.7968467969345403e-05 2.688600793314381e-05 3.7968467969352207e-05 2.6886007933143813e-05 3.7968467969345403e-05 2.064429356631856e-19 9.4110808555970106e-18 -5.48058860156359e-20 1.3513842327280663e-17 1.6044050874968536e-17 50.000000000000043 49.999999999999929 50.000000000000043 4.2632564145606011e-14 -7.1054273576010019e-14 1.000000000000002 1969.8656512459354 8030.1343487432487 0.027765095719930997 0 0 0.99963129429484565 5.5361209128336425e-18 1 2.538877074342253e-15 9.4100752580719704e-14 -6.1105428169012222e-16 0.33368813793107949 0.33323529033813531 0.00045284759294417221 2.688600793314381e-05
12000 0 0 0.010242976751280535 25.029356516913257 5.5102107948237834e-05 3.956070232389386e-05 5.5102107948240335e-05 3.9560702323893833e-05 5.5102107948237834e-05 -5.3292873586411958e-19 4.0728230792316454e-18 1.9086858528958329e-19 2.6503757815204706e-17 9.3421729247721444e-18 50.000000000000036 49.999999999999922 50.000000000000036 3.5527136788005009e-14 -7.815970093361102e-14 1.0000000000000011 1969.8656512458385 8030.1343487430477 0.027764631450320054 0 0 0.99971926058837013 5.5408188928783026e-18 1 -5.0320003934891441e-15 3.9933253101823163e-14 1.9268020641561485e-15 0.33365939228612818 0.3332501537687752 0.00040923851735297223 3.956070232389386e-05
12500 0 0 0.0091725095698344753 25.030165669589426 4.5368985539304405e-05 3.2828607822899391e-05 4.5368985539304811e-05 3.2828607822899527e-05 4.5368985539304405e-05 5.2320452657910773e-18 4.664821859958464e-18 3.7531319498656626e-20 2.1085853641391623e-17 5.5129030725591312e-17 50.000000000000043 49.999999999999929 50.000000000000043 4.2632564145606011e-14 -7.1054273576010019e-14 1.0000000000000009 1969.8656512457471 8030.1343487425283 0.027765599374102102 0 0 0.9997492375325655 5.5427703403687704e-18 1 5.1862702500626856e-14 4.5939950401343828e-14 3.5571216093933678e-16 0.33363170110411955 0.33326524289961079 0.00036645820450875721 3.2828607822899391e-05
13000 0 0 0.0086148476749891758 25.03058224357277 2.017561202351974e-05 1.227116341782598e-05 2.0175612023515617e-05 1.2271163417825953e-05 2.017561202351974e-05 6.7095743024129809e-18 4.1244521090595188e-18 5.3353555255384325e-20 -2.250861171344757e-18 4.7224028464832233e-17 50.000000000000043 49.999999999999929 50.000000000000043 4.2632564145606011e-14 -7.1054273576010019e-14 1.0000000000000024 1969.8656512456553 8030.1343487422446 0.027768360701818977 0 0 0.99972999294845832 5.541381871999176e-18 1 6.7340501505668118e-14 4.1209111619338885e-14 5.4544065473082658e-16 0.33361781458177858 0.33327364169793761 0.00034417288384097633 1.227116341782598e-05
13500 0 0 0.0087696131971090694 25.030457308071131 1.8731465291708602e-05 1.2640021877383861e-05 1.8731465291701883e-05 1.2640021877383862e-05 1.8731465291708602e-05 5.3620790533489062e-18 4.1207116115646787e-18 -4.2647016387186561e-20 -9.6111902916969737e-17 8.2738093774116923e-18 50.000000000000043 49.999999999999915 50.000000000000043 4.2632564145606011e-14 -8.5265128291212022e-14 1.0000000000000016 1969.8656512455518 8030.1343487418799 0.027768679509389691 0 0 0.99973089821866623 5.5377441603217212e-18 1 5.3908754418674639e-14 4.1008659684184379e-14 -4.5373237428088075e-16 0.33362269265862926 0.33327233496882863 0.00035035768980062887 1.2640021877383861e-05
14000 0 0 0.0094851858542988783 25.029907364833203 3.9947321887379085e-05 2.7593219343445874e-05 3.9947321887374816e-05 2.7593219343445901e-05 3.9947321887379085e-05 2.3440342548950062e-18 3.6883473705832684e-18 2.3627805989535521e-20 -9.0757003018041966e-17 -5.6623874412865842e-18 50.000000000000043 49.999999999999922 50.000000000000043 4.2632564145606011e-14 -7.815970093361102e-14 1.0000000000000029 1969.8656512454722 8030.1343487414515 0.027766486739809432 0 0 0.99974822740837055 5.5335173743420411e-18 1 2.3394587523174575e-14 3.6998615552985862e-14 1.4762966074260719e-16 0.33364206472076363 0.33326311062732478 0.00037895409343885467 2.7593219343445874e-05
14500 0 0 0.01037266951830893 25.029228787762438 4.1005502863681527e-05 2.8360274442188511e-05 4.1005502863679853e-05 2.8360274442188531e-05 4.1005502863681527e-05 -1.3812193576397929e-18 3.7480218581571536e-18 2.8777503375832533e-20 -1.6332171068882873e-16 2.7079556954350233e-18 50.000000000000036 49.999999999999922 50.000000000000036 3.5527136788005009e-14 -7.815970093361102e-14 1.0000000000000013 1969.8656512453824 8030.1343487410577 0.027766325034182394 0 0 0.99974864958051501 5.5308960247036515e-18 1 -1.3608146727517312e-14 3.7142651811600562e-14 3.6850472900715205e-16 0.33366562492070356 0.33325120266238051 0.00041442225832305501 2.8360274442188511e-05
15000 0 0 0.01101238307956511 25.028741405013736 2.3701149897893261e-05 1.610776135638741e-05 2.3701149897881118e-05 1.6107761356387468e-05 2.3701149897893261e-05 -6.7272196927714546e-18 1.0444775469881864e-17 5.6575555271156868e-20 -1.0422337324143743e-16 2.4201761632217035e-17 50.000000000000028 49.999999999999922 50.000000000000028 2.8421709430404007e-14 -7.815970093361102e-14 1.0000000000000049 1969.8656512452869 8030.1343487406621 0.02776778451908176 0 0 0.99969683585423164 5.5312153339225978e-18 1 -6.7549319426423978e-14 1.0470956241827312e-13 5.6626083103663887e-16 0.33368245213232317 0.33324246264578194 0.00043998948654122572 1.610776135638741e-05
15500 0 0 0.011145412219620213 25.02864153538577 5.3365503512426985e-06 2.4671943551545431e-06 5.33655035123635e-06 2.4671943551545359e-06 5.3365503512426985e-06 -6.3483344015743753e-18 2.0520871633251954e-17 -1.7551950233559574e-19 -6.1991326699082076e-17 6.9042892799503078e-17 50.000000000000021 49.999999999999929 50.000000000000021 2.1316282072803006e-14 -7.1054273576010019e-14 1.0000000000000029 1969.8656512451894 8030.1343487402719 0.027768968537421595 0 0 0.99968446909532493 5.5339053118240618e-18 1 -6.3445356229094345e-14 2.0514818820484629e-13 -1.60222489476646e-15 0.33368584261307888 0.33324053629456124 0.00044530631851763536 2.4671943551545431e-06
16000 0 0 0.010772762093594835 25.028927341126654 2.3420880113951268e-05 1.7051610041140978e-05 2.3420880113967202e-05 1.7051610041141056e-05 2.3420880113951268e-05 -9.1904890815867001e-18 1.6819987243313352e-17 7.5993306012691446e-20 1.0544801853948139e-16 8.4048844931717054e-17 50.000000000000014 49.999999999999936 50.000000000000014 1.4210854715202004e-14 -6.3948846218409017e-14 1.0000000000000024 1969.8656512450998 8030.1343487399745 0.027767937064756786 0 0 0.99971216885276903 5.5370180749316074e-18 1 -9.1758414255194761e-14 1.6825085704004483e-13 7.6987642994210476e-16 0.33367586814760508 0.33324545569137914 0.00043041245622593705 1.7051610041140978e-05
16500 0 0 0.010124801727807076 25.029422553951719 3.0872510793123664e-05 2.2329614137944813e-05 3.087251079311844e-05 2.2329614137944793e-05 3.0872510793123664e-05 -9.0337134474455044e-18 1.642203083590276e-17 9.973283200041803e-21 1.5157100180095858e-16 4.2530789295957287e-17 50.000000000000007 49.999999999999943 50.000000000000007 7.1054273576010019e-15 -5.6843418860808015e-14 1.0000000000000004 1969.8656512450095 8030.1343487395598 0.027767575322718403 0 0 0.99976177447895864 5.5394127019923854e-18 1 -9.056015613174615e-14 1.6414303841343709e-13 1.8154143359698645e-16 0.33365861368922456 0.33325409769585784 0.0004045159933667164 2.2329614137944813e-05
17000 0 0 0.0095298219371866173 25.029877260664389 2.3047143041686716e-05 1.6759385466652815e-05 2.3047143041691899e-05 1.6759385466652788e-05 2.3047143041686716e-05 -8.8131325154533908e-18 1.6145652116730285e-17 -1.5995060821001194e-19 1.296702324046525e-16 -7.8011792297804175e-18 49.999999999999993 49.999999999999943 49.999999999999993 -7.1054273576010019e-15 -5.6843418860808015e-14 1.0000000000000009 1969.8656512449231 8030.1343487391705 0.02776850837429444 0 0 0.99975146962083716 5.5403257622249295e-18 1 -8.8101834855303096e-14 1.6183580219203755e-13 -1.4840754201410178e-15 0.33364276785298475 0.33326202999167037 0.00038073786131437304 1.6759385466652815e-05
17500 0 0 0.0092508527727138256 25.030091275481105 6.6220577396089504e-06 4.4135114019090886e-06 6.6220577395938088e-06 4.4135114019090844e-06 6.6220577396089504e-06 -7.5547342904185097e-18 1.5141637706327663e-17 -3.5837140119161859e-22 3.505237405132159e-17 -9.017287307137143e-17 49.999999999999979 49.99999999999995 49.999999999999979 -2.1316282072803006e-14 -4.9737991503207013e-14 1.0000000000000036 1969.8656512448244 8030.1343487388658 0.027770106281304947 0 0 0.99974463992251505 5.5391474837750424e-18 1 -7.5124639370305487e-14 1.5089713739603258e-13 -4.7433371527324099e-17 0.33363528005886234 0.33326569080443658 0.00036958925442576174 4.4135114019090886e-06
18000 0 0 0.0093732696074316137 25.029999386298609 1.5064075110784879e-05 8.8955291082092814e-06 1.5064075110787695e-05 8.8955291082092831e-06 1.5064075110784879e-05 -8.7551737778184337e-18 1.2735953513619017e-17 -9.9615183571289316e-20 -6.8144392721215463e-17 -5.0572614921632665e-17 49.999999999999972 49.99999999999995 49.999999999999972 -2.8421709430404007e-14 -4.9737991503207013e-14 1.0000000000000009 1969.8656512447324 8030.1343487385175 0.027769289193419321 0 0 0.99974862532487407 5.5368560183501412e-18 1 -8.7846667768129514e-14 1.2731157263649325e-13 -9.8959849604650112e-16 0.33363839094105324 0.33326390952526214 0.00037448141579110583 8.8955291082092814e-06
18500 0 0 0.0097887262573785067 25.029683725850692 2.392799467838725e-05 1.6098032150323444e-05 2.3927994678391448e-05 1.609803215032345e-05 2.392799467838725e-05 -1.0818771009284765e-17 4.4906969581805716e-18 -9.7241417974486738e-21 -1.0656339866829302e-16 -4.0460780281624178e-17 49.999999999999972 49.99999999999995 49.999999999999972 -2.8421709430404007e-14 -4.9737991503207013e-14 1.0000000000000031 1969.8656512446328 8030.1343487380682 0.027768335526487189 0 0 0.99975978165013457 5.5344548463764859e-18 1 -1.0826403834912038e-13 4.4682553284550869e-14 -7.0662051935204532e-17 0.33364924699460108 0.33325816229834226 0.00039108469625881437 1.6098032150323444e-05
19000 0 0 0.010269844246667954 25.029317285771757 2.2320143877248717e-05 1.5096121822811669e-05 2.2320143877240101e-05 1.5096121822811681e-05 2.2320143877248717e-05 -1.0750829480146305e-17 1.1943012090376254e-18 7.3230091014730044e-20 -9.530308755498246e-17 2.7515421191852961e-17 49.999999999999964 49.99999999999995 49.999999999999964 -3.5527136788005009e-14 -4.9737991503207013e-14 1.0000000000000009 1969.8656512445559 8030.1343487377262 0.027768566311760123 0 0 0.99974250440047863 5.5332272438214227e-18 1 -1.0734306239018609e-13 1.1988426608855116e-14 6.7639083303893673e-16 0.33366189363789139 0.33325158103809444 0.00041031259979695811 1.5096121822811669e-05
19500 0 0 0.010588770207082715 25.029073646955709 1.2185690532188614e-05 7.3838249826393461e-06 1.2185690532193373e-05 7.3838249826393529e-06 1.2185690532188614e-05 -1.1433575982710998e-17 -4.7047570917323745e-18 -2.1164637744699176e-20 -9.7226681479167e-17 4.2691668476861341e-17 49.999999999999957 49.999999999999943 49.999999999999957 -4.2632564145606011e-14 -5.6843418860808015e-14 1.0000000000000016 1969.8656512444613 8030.1343487372824 0.027769360418935247 0 0 0.99971776735933848 5.5336198235270591e-18 1 -1.1449294224861724e-13 -4.7434912307754359e-14 -2.1417333528076879e-16 0.33367036153226853 0.33324730271848896 0.00042305881377957544 7.3838249826393461e-06
20000 0 0 0.010620708632497335 25.029047991919438 7.8842503768329439e-06 3.2758190981253326e-06 7.8842503768261456e-06 3.2758190981253334e-06 7.8842503768329439e-06 -1.0410072191224464e-17 -6.7978773177621809e-18 8.1134230330317524e-20 -8.9348318458850774e-17 3.7850599215337484e-17 49.99999999999995 49.999999999999936 49.99999999999995 -4.9737991503207013e-14 -6.3948846218409017e-14 1.000000000000002 1969.8656512443713 8030.1343487369604 0.027769887124677605 0 0 0.99971723824757197 5.535162467373603e-18 1 -1.0383679303666098e-13 -6.8197209422064635e-14 7.9569617122904272e-16 0.33367134961784617 0.33324701431608295 0.00042433530176322343 3.2758190981253326e-06
20500 0 0 0.010388073294176179 25.029223538039876 1.5153191673451351e-05 1.0580393919760279e-05 1.5153191673442752e-05 1.0580393919760287e-05 1.5153191673451351e-05 -8.5994471092807217e-18 -6.4580366878950817e-18 3.5018014663036943e-20 -3.312245513060588e-17 -2.5450872121782099e-17 49.999999999999943 49.999999999999922 49.999999999999943 -5.6843418860808015e-14 -7.815970093361102e-14 1.0000000000000022 1969.8656512442808 8030.134348736543 0.027769430922414479 0 0 0.9997384024963164 5.5368758314714366e-18 1 -8.6074918258566735e-14 -6.4771254117941622e-14 2.8638610887544754e-16 0.33366539479767388 0.33325035702079725 0.00041503777687662557 1.0580393919760279e-05
21000 0 0 0.010032015218643357 25.029493276062645 1.6574889426250678e-05 1.2366497506140561e-05 1.6574889426251481e-05 1.2366497506140575e-05 1.6574889426250678e-05 -9.8657410366380452e-18 -1.1764464998986871e-17 4.1219548521538241e-20 -1.0661227392224316e-18 -1.0025933317721299e-16 49.999999999999943 49.999999999999915 49.999999999999943 -5.6843418860808015e-14 -8.5265128291212022e-14 1.0000000000000024 1969.8656512441817 8030.1343487362064 0.027769296603694087 0 0 0.99976284871625709 5.5382435596255476e-18 1 -9.8309164522506008e-14 -1.1798280576509412e-13 4.2309204307904103e-16 0.33365615791407616 0.33325535015069097 0.00040080776338519142 1.2366497506140561e-05
21500 0 0 0.0097326438919877693 25.029720557088009 1.2144387835965125e-05 8.3302454448451716e-06 1.2144387835954413e-05 8.3302454448451648e-06 1.2144387835965125e-05 -1.071087120908182e-17 -1.5011876155165204e-17 7.6249205189560929e-20 2.5605336889201715e-17 -7.2078125970209769e-17 49.999999999999936 49.999999999999901 49.999999999999936 -6.3948846218409017e-14 -9.9475983006414026e-14 1.0000000000000011 1969.865651244085 8030.1343487358818 0.027769842091263135 0 0 0.99975548564707184 5.5387339756692617e-18 1 -1.0691721509364634e-13 -1.5007559675235885e-13 7.8466852907606447e-16 0.33364834510210506 0.33325950161223111 0.00038884348987394679 8.3302454448451716e-06
22000 0 0 0.0096209455814185284 25.02980584925124 4.537675488635571e-06 1.5847219629377079e-06 4.5376754886454652e-06 1.5847219629377088e-06 4.537675488635571e-06 -9.894191179271407e-18 -2.264322046755702e-17 7.2407043826259183e-21 2.513113230102134e-17 -7.0267404602144606e-20 49.999999999999936 49.999999999999893 49.999999999999936 -6.3948846218409017e-14 -1.0658141036401503e-13 1.0000000000000007 1969.8656512439979 8030.134348735467 0.027770625829893373 0 0 0.99975274732728436 5.5379348631311418e-18 1 -9.932790131844324e-14 -2.2655844179364869e-13 -8.044852452639959e-17 0.33364538860111459 0.3332610090482182 0.00038437955289638559 1.5847219629377079e-06
22500 0 0 0.0097246118709999954 25.029727871238638 1.1365544083738062e-05 6.1151344781511742e-06 1.1365544083711726e-05 6.1151344781511768e-06 1.1365544083738062e-05 -9.1910013671187871e-18 -2.8053127278629753e-17 1.2145251695350326e-20 1.4731879613567541e-17 1.1193526338601701e-17 49.999999999999929 49.999999999999879 49.999999999999929 -7.1054273576010019e-14 -1.2079226507921703e-13 1.000000000000004 1969.8656512438993 8030.1343487351405 0.027769920484535793 0 0 0.99975584903939962 5.5366019117112738e-18 1 -9.1764161373741882e-14 -2.8101499302603611e-13 1.0841519761453111e-16 0.33364802487847123 0.333259502401478 0.00038852247699322495 6.1151344781511742e-06
23000 0 0 0.0099685522167640914 25.029543369424374 1.5528725676222158e-05 9.3235430129361369e-06 1.5528725676250106e-05 9.3235430129361369e-06 1.5528725676222158e-05 -9.5628962648097088e-18 -2.9964160493176394e-17 3.5372914142978525e-22 2.6253529602969474e-18 1.8428330105178529e-17 49.999999999999922 49.999999999999858 49.999999999999922 -7.815970093361102e-14 -1.4210854715202004e-13 1.0000000000000013 1969.8656512438235 8030.1343487347503 0.027769498049176358 0 0 0.99976254837281364 5.5352020238957626e-18 1 -9.5581149120327487e-14 -2.9962530113507448e-13 7.711450513484649e-17 0.33365431345719487 0.33325604201973263 0.0003982714374622387 9.3235430129361369e-06
23500 0 0 0.010222527192377113 25.029351071412442 1.3697991554318629e-05 7.9546537119165317e-06 1.3697991554300064e-05 7.9546537119165284e-06 1.3697991554318629e-05 -8.3933104607334301e-18 -3.4649207467042477e-17 3.0170192266148997e-20 1.0450721116218608e-17 2.4547973074964264e-17 49.999999999999922 49.999999999999844 49.999999999999922 -7.815970093361102e-14 -1.5631940186722204e-13 1.0000000000000049 1969.8656512437324 8030.1343487343747 0.027769802188857665 0 0 0.99974958338873854 5.5345806238449183e-18 1 -8.3811050706401766e-14 -3.4616476081005682e-13 2.3345188701624893e-16 0.33366087978603048 0.33325245820277766 0.00040842158325282707 7.9546537119165317e-06
24000 0 0 0.010367890566503328 25.029240989473877 7.4840576137024211e-06 3.2954290833038904e-06 7.4840576137380879e-06 3.2954290833038815e-06 7.4840576137024211e-06 -1.1135250301065903e-17 -3.9784004287243436e-17 -1.553709605417184e-20 -3.9631752285579688e-17 4.0366092633974076e-18 49.999999999999915 49.999999999999829 49.999999999999915 -8.5265128291212022e-14 -1.7053025658242404e-13 1.0000000000000016 1969.8656512436321 8030.13434873392 0.027770323060405954 0 0 0.99973696454243832 5.5348143823997223e-18 1 -1.1107798302033636e-13 -3.977494306485083e-13 -1.3472761917268593e-16 0.3336646440778907 0.33325041295634517 0.00041423112154553854 3.2954290833038904e-06
24500 0 0 0.010350691398493431 25.029254058847869 6.5790179676008942e-06 2.895108460632514e-06 6.5790179676471108e-06 2.8951084606325132e-06 6.5790179676008942e-06 -7.9387546341604182e-18 -4.6216678182899244e-17 -2.0483443890193215e-20 -4.7707706346992676e-17 1.6189945100083188e-17 49.999999999999922 49.999999999999808 49.999999999999922 -7.815970093361102e-14 -1.9184653865522705e-13 1.0000000000000018 1969.865651243548 8030.1343487336189 0.02777040586799389 0 0 0.99973844582482829 5.5357387078911978e-18 1 -7.9461055222248436e-14 -4.6215567127030285e-13 -1.4015460915832254e-16 0.3336641984402447 0.33325065469762427 0.00041354374262042581 2.895108460632514e-06
25000 0 0 0.010198633557931309 25.02936927958698 1.0432609400506832e-05 6.4529480237842626e-06 1.0432609400557024e-05 6.4529480237842626e-06 1.0432609400506832e-05 -4.7444659963021707e-18 -5.0191840565605254e-17 -8.4664003074858375e-20 -5.26928911453773e-17 -7.4186340736824469e-17 49.999999999999922 49.999999999999794 49.999999999999922 -7.815970093361102e-14 -2.0605739337042905e-13 1.0000000000000011 1969.8656512434511 8030.1343487332051 0.02777018568983098 0 0 0.99975156334658999 5.5367651100170192e-18 1 -4.757346318100264e-14 -5.0206608584923897e-13 -7.8962198662861107e-16 0.33366025513416381 0.33325278847193956 0.00040746666222424288 6.4529480237842626e-06
25500 0 0 0.0099983777945462631 25.029520968111044 1.0863769168583959e-05 6.8135260772286444e-06 1.0863769168626538e-05 6.8135260772286486e-06 1.0863769168583959e-05 -1.3352174726141508e-17 -4.2578502098442095e-17 1.2836668307615822e-19 -3.8975153670648498e-17 -8.9739805555440541e-17 49.999999999999922 49.99999999999978 49.999999999999922 -7.815970093361102e-14 -2.2026824808563106e-13 1.0000000000000011 1969.8656512433563 8030.1343487328804 0.027770230300811383 0 0 0.99976340359366556 5.5374779280413215e-18 1 -1.3333420760207034e-13 -4.2590565366875166e-13 1.2124732025989052e-15 0.33365506407291451 0.33325560066299609 0.00039946340991842133 6.8135260772286444e-06
26000 0 0 0.0098483102220344402 25.029634566317672 8.1173123030958126e-06 4.1459126130080344e-06 8.1173123030827751e-06 4.1459126130080412e-06 8.1173123030958126e-06 -1.3038151829913458e-17 -4.1537035025133765e-17 -1.5998259366481806e-19 4.8198299038882753e-17 -1.0716312745877857e-16 49.999999999999915 49.999999999999773 49.999999999999915 -8.5265128291212022e-14 -2.2737367544323206e-13 1.0000000000000009 1969.8656512432619 8030.1343487324448 0.027770458959120815 0 0 0.99975945162654012 5.537643429296427e-18 1 -1.3053940524018759e-13 -4.1578779857992651e-13 -1.6262952835347781e-15 0.33365118300132296 0.33325771700021373 0.0003934660011092328 4.1459126130080344e-06
26500 0 0 0.0098116313127105548 25.029662181219749 3.8652393436516385e-06 1.3337000209123761e-06 3.865239343674671e-06 1.3337000209123753e-06 3.8652393436516385e-06 -6.377191628247808e-18 -3.8950308149036441e-17 -2.0054182610949395e-20 2.519727505585332e-17 -6.4467476589514925e-17 49.999999999999915 49.999999999999758 49.999999999999915 -8.5265128291212022e-14 -2.4158453015843406e-13 1.0000000000000029 1969.8656512431683 8030.1343487320692 0.027770878385464094 0 0 0.99975835725909901 5.5369029842435984e-18 1 -6.3831174707310555e-14 -3.8939696816307739e-13 -1.6401475915673225e-16 0.33365025196871079 0.33325825181938107 0.00039200014932971872 1.3337000209123761e-06
27000 0 0 0.0098915266413096316 25.029601417560336 8.3873178634798893e-06 4.0695249574985784e-06 8.3873178635017089e-06 4.0695249574985809e-06 8.3873178634798893e-06 -3.7886835053879016e-18 -3.5254190077016395e-17 -5.5358580432110085e-21 -2.5095195260237428e-17 2.0257154622892119e-17 49.999999999999915 49.999999999999737 49.999999999999915 -8.5265128291212022e-14 -2.6290081223123707e-13 1.000000000000002 1969.8656512430834 8030.1343487317909 0.02777035790177769 0 0 0.99976042493987793 5.536107404087495e-18 1 -3.7785272309397231e-14 -3.5257825542337525e-13 -1.3055562410254767e-17 0.33365234764715945 0.33325715451258681 0.00039519313457264671 4.0695249574985784e-06
27500 0 0 0.010037114640037519 25.029490893566173 1.0147287279020145e-05 5.3728260421385058e-06 1.0147287278992209e-05 5.3728260421384847e-06 1.0147287279020145e-05 -3.8094473322439836e-18 -3.5699005532918578e-17 4.3714572920922986e-20 -5.7845630920762483e-17 4.2681366121371088e-17 49.999999999999922 49.99999999999973 49.999999999999922 -7.815970093361102e-14 -2.7000623958883807e-13 1.0000000000000004 1969.8656512430023 8030.1343487313079 0.027770198053378398 0 0 0.99976393781640538 5.5354345607087677e-18 1 -3.857683486888086e-14 -3.5655868691216084e-13 4.2700344029456235e-16 0.33365614255333648 0.33325513101527848 0.00040101153805799372 5.3728260421385058e-06
28000 0 0 0.010173498572995633 25.029387446665559 8.6550929373034975e-06 4.212464423541316e-06 8.6550929373332978e-06 4.2124644235413202e-06 8.6550929373034975e-06 -6.1093803085235152e-18 -3.6526935176710515e-17 1.2213629115774733e-19 -4.1655511264982147e-17 1.0329544420660443e-16 49.999999999999922 49.999999999999723 49.999999999999922 -7.815970093361102e-14 -2.7711166694643907e-13 1.0000000000000009 1969.8656512429041 8030.1343487309459 0.027770442476258414 0 0 0.9997549385396951 5.5352353248331302e-18 1 -6.1099495358239568e-14 -3.6524749662204727e-13 1.2151598412604041e-15 0.33365968852475492 0.33325322637722238 0.00040646214753253807 4.212464423541316e-06
28500 0 0 0.010239105471390203 25.029337781653389 5.0276518354373486e-06 1.7077594852921538e-06 5.0276518354580221e-06 1.7077594852921515e-06 5.0276518354373486e-06 -5.5011496660214055e-18 -3.4737742442376242e-17 -1.0682832483060934e-19 -4.7577389522824826e-17 6.0730219426828112e-17 49.999999999999929 49.999999999999709 49.999999999999929 -7.1054273576010019e-14 -2.9132252166164108e-13 1.0000000000000004 1969.865651242817 8030.1343487305694 0.027770773593911374 0 0 0.99974921974052999 5.5355319072378324e-18 1 -5.4615681671061745e-14 -3.4712563117377383e-13 -1.0364078288802747e-15 0.33366138580892457 0.33325230165493247 0.00040908415399210085 1.7077594852921538e-06
29000 0 0 0.010212350790795709 25.029358232170683 5.8361871344210197e-06 2.3373156663335302e-06 5.8361871344133015e-06 2.3373156663335302e-06 5.8361871344210197e-06 -7.7184820221638596e-18 -3.4566841771510856e-17 -1.1971826752143557e-19 1.6405009894939258e-17 3.6106234487790472e-17 49.999999999999922 49.999999999999709 49.999999999999922 -7.815970093361102e-14 -2.9132252166164108e-13 1.0000000000000029 1969.8656512427281 8030.1343487302138 0.027770751684338752 0 0 0.99975129001615248 5.5360970542259474e-18 1 -7.6974430683980014e-14 -3.4559293439954937e-13 -1.251887151062331e-15 0.33366067526443188 0.33325266037663226 0.00040801488779962369 2.3373156663335302e-06
29500 0 0 0.010116720542366796 25.029430928161212 7.6333351999327685e-06 3.9440869479132136e-06 7.6333351999217774e-06 3.9440869479132144e-06 7.6333351999327685e-06 -1.0991577927810629e-17 -3.9012359051082131e-17 -6.8687390842500214e-20 3.7964980477457313e-17 -2.8665337598481137e-17 49.999999999999915 49.999999999999702 49.999999999999915 -8.5265128291212022e-14 -2.9842794901924208e-13 1.0000000000000029 1969.8656512426294 8030.1343487298791 0.027770648005472187 0 0 0.99975920529083495 5.5366332578784122e-18 1 -1.0983115737765095e-13 -3.9019172584002591e-13 -7.1647214265080772e-16 0.33365817152674027 0.3332539785360405 0.00040419299069976988 3.9440869479132136e-06
30000 0 0 0.010004507136908187 25.029516160724185 7.5147959942957078e-06 3.8022292432906641e-06 7.5147959943208409e-06 3.8022292432906666e-06 7.5147959942957078e-06 -9.5829512945015666e-18 -3.5877290721731201e-17 2.4631764221716063e-20 -1.844934882985564e-17 -1.1756814758201757e-16 49.999999999999915 49.999999999999694 49.999999999999915 -8.5265128291212022e-14 -3.0553337637684308e-13 1.0000000000000042 1969.8656512425243 8030.1343487294707 0.027770638752952742 0 0 0.99976346825536588 5.5369434885037541e-18 1 -9.6021064337101938e-14 -3.5899703213415277e-13 9.5564825389205765e-17 0.33365523999891378 0.33325553162769855 0.00039970837121522385 3.8022292432906641e-06
30500 0 0 0.0099292388949619101 25.029573303127002 5.7768267140516059e-06 2.2183564888693259e-06 5.776826714014356e-06 2.2183564888693234e-06 5.7768267140516059e-06 -9.8428230355993198e-18 -3.7249571975956537e-17 -9.8546173053593546e-20 -1.516749089696239e-18 -6.4506845537800167e-17 49.999999999999908 49.999999999999694 49.999999999999908 -9.2370555648813024e-14 -3.0553337637684308e-13 1.0000000000000013 1969.86565124244 8030.1343487291297 0.027770777829364941 0 0 0.99976165058011734 5.5368791444668598e-18 1 -9.8218837048124817e-14 -3.7234859268990738e-13 -9.5792262693684316e-16 0.33365327711444237 0.33325657682815657 0.00039670028628580045 2.2183564888693259e-06
31000 0 0 0.0099209065863034122 25.0295795999047 4.3115481071390678e-06 1.4233038177057256e-06 4.3115481071251883e-06 1.4233038177057262e-06 4.3115481071390678e-06 -1.6663386436795415e-17 -3.6290890514781285e-17 -1.435959578873386e-19 1.408972533846677e-18 -8.8433854890175793e-17 49.999999999999901 49.999999999999673 49.999999999999901 -9.9475983006414026e-14 -3.2684965844964609e-13 1.0000000000000002 1969.8656512423515 8030.1343487287404 0.02777090390856423 0 0 0.99976143232362402 5.5365364600918762e-18 1 -1.666025478785818e-13 -3.6300533264802936e-13 -1.5063925910847367e-15 0.33365306348832913 0.33325669620030879 0.00039636728802033838 1.4233038177057256e-06
31500 0 0 0.0099750838017768125 25.029538422350548 6.5820253097208683e-06 2.7330204892444398e-06 6.5820253096785099e-06 2.7330204892444461e-06 6.5820253097208683e-06 -1.3913541407372048e-17 -4.5509700778249134e-17 -1.3779191445117144e-20 5.3375808405515894e-17 -4.3941125174735741e-17 49.999999999999886 49.999999999999652 49.999999999999886 -1.1368683772161603e-13 -3.4816594052244909e-13 1.0000000000000002 1969.8656512422617 8030.1343487283611 0.027770630985694975 0 0 0.99976271505441638 5.5361275093076179e-18 1 -1.3904490352070059e-13 -4.5514475587542626e-13 -3.137910796398293e-18 0.33365448130115255 0.33325594882989973 0.00039853247125282154 2.7330204892444398e-06
32000 0 0 0.010059215071165598 25.029474499514762 7.1994047002843292e-06 3.1739988110045833e-06 7.1994047002423299e-06 3.1739988110045846e-06 7.1994047002843292e-06 -1.2035867907827225e-17 -4.682671859602987e-17 -2.047256887953428e-20 4.0053756442105399e-17 -5.0654242949595435e-17 49.999999999999879 49.999999999999645 49.999999999999879 -1.2079226507921703e-13 -3.5527136788005009e-13 1.0000000000000022 1969.8656512421669 8030.1343487280374 0.027770587886606513 0 0 0.99976416366415055 5.5357793690538224e-18 1 -1.2012501985133602e-13 -4.6838080269681087e-13 -1.8858551650439494e-16 0.33365668000571658 0.33325478522876628 0.00040189477695029563 3.1739988110045833e-06
32500 0 0 0.010131026138943025 25.029419939470685 6.0691271837559761e-06 2.381109930963958e-06 6.0691271837235339e-06 2.381109930963955e-06 6.0691271837559761e-06 -1.477220377818296e-17 -4.5922621547338283e-17 -9.2234015320810327e-20 -1.7481117930188031e-17 -1.0271726377977853e-17 49.999999999999872 49.999999999999616 49.999999999999872 -1.2789769243681803e-13 -3.836930773104541e-13 1.0000000000000009 1969.8656512420737 8030.134348727589 0.027770762650118918 0 0 0.99975817238850617 5.5357181741916931e-18 1 -1.4754832826455871e-13 -4.5923501106211444e-13 -9.6097745387727596e-16 0.33365855667347777 0.33325379195406185 0.00040476471941591763 2.381109930963958e-06
33000 0 0 0.010159109490213675 25.02939859348043 3.9474388564368386e-06 1.3300140516216697e-06 3.9474388564838735e-06 1.3300140516216712e-06 3.9474388564368386e-06 -1.6454546228487488e-17 -5.0062427123839838e-17 7.8463741710100293e-20 -3.8042576033555774e-17 -2.6879707644993327e-17 49.999999999999858 49.999999999999595 49.999999999999858 -1.4210854715202004e-13 -4.0500935938325711e-13 1.0000000000000016 1969.865651241988 8030.1343487272379 0.027770989156461354 0 0 0.99975584723202171 5.5359423642037327e-18 1 -1.6470943981614539e-13 -5.0054905619676235e-13 6.4499700273164454e-16 0.33365929191626903 0.33325340483703014 0.00040588707923888689 1.3300140516216697e-06
33500 0 0 0.010135996387444439 25.029416130645412 5.3293185690112188e-06 1.865020344343502e-06 5.3293185689599674e-06 1.865020344343502e-06 5.3293185690112188e-06 -1.8466479024152353e-17 -5.1251588515782074e-17 -1.061292187011827e-19 -3.2641420908538909e-17 -5.384076002722981e-17 49.999999999999837 49.999999999999567 49.999999999999837 -1.6342482922482304e-13 -4.3343106881366111e-13 1.0000000000000011 1969.8656512418841 8030.1343487268759 0.027770961235582751 0 0 0.9997578112868778 5.5362374802202396e-18 1 -1.8437501689479405e-13 -5.1193002423033937e-13 -1.0396353135635414e-15 0.33365869045191204 0.33325372709461526 0.00040496335729678368 1.865020344343502e-06
34000 0 0 0.01007864331003425 25.029459674838485 6.1271665482526832e-06 2.5125940938995769e-06 6.1271665482274544e-06 2.5125940938995714e-06 6.1271665482526832e-06 -2.5228749617920255e-17 -5.1353877315637718e-17 -6.2510997157987856e-21 -7.6304080598151582e-17 -9.0169090595799941e-17 49.999999999999829 49.999999999999545 49.999999999999829 -1.7053025658242404e-13 -4.5474735088646412e-13 1.0000000000000022 1969.8656512418145 8030.1343487265376 0.027770853541733129 0 0 0.99976263534545351 5.5365294614126562e-18 1 -2.5243553043253e-13 -5.1366011568017434e-13 1.8967618407883438e-17 0.33365719433436275 0.33325452310450132 0.00040267122986142878 2.5125940938995769e-06
34500 0 0 0.010017635406244984 25.029506004984743 5.8423345663801028e-06 2.2798088855743668e-06 5.8423345663978982e-06 2.2798088855743795e-06 5.8423345663801028e-06 -2.973977604446962e-17 -5.0890692002103326e-17 9.9554106695685513e-20 -1.0786131494652326e-16 -4.9442572124364166e-17 49.999999999999815 49.999999999999524 49.999999999999815 -1.8474111129762605e-13 -4.7606363295926712e-13 1.0000000000000007 1969.8656512417028 8030.134348726142 0.027770837767122931 0 0 0.99976368402368609 5.5366625472855566e-18 1 -2.9700887742678749e-13 -5.0872399180625275e-13 9.8523792885848769e-16 0.3336556016725904 0.33325536862746957 0.00040023304512082358 2.2798088855743668e-06
35000 0 0 0.0099814465913195816 25.029533501693326 4.736968064490526e-06 1.5089468524430605e-06 4.7369680644341729e-06 1.5089468524430584e-06 4.736968064490526e-06 -3.3095017882970154e-17 -5.6353401110697737e-17 1.450463395034863e-19 -1.081043524045525e-16 -4.7220023153652404e-17 49.999999999999794 49.999999999999488 49.999999999999794 -2.0605739337042905e-13 -5.1159076974727213e-13 1.000000000000002 1969.865651241613 8030.1343487257145 0.027770924105167412 0 0 0.99976282203843492 5.5365876586893407e-18 1 -3.310106434219114e-13 -5.6370819390162143e-13 1.4952978120988077e-15 0.33365465570658337 0.33325586894570969 0.0003987867608736817 1.5089468524430605e-06
35500 0 0 0.0099836139943655072 25.029531881537096 4.2947551631538703e-06 1.4108296082703269e-06 4.2947551631011027e-06 1.4108296082703242e-06 4.2947551631538703e-06 -3.9015989434315812e-17 -5.5398607361343677e-17 -7.3188366488254621e-20 -1.2604680918984851e-16 -5.0857523642808037e-17 49.999999999999766 49.999999999999467 49.999999999999766 -2.3447910280083306e-13 -5.3290705182007514e-13 1.0000000000000022 1969.86565124153 8030.1343487254244 0.027770935106003022 0 0 0.99976288732498375 5.5364089045096195e-18 1 -3.9045541395291741e-13 -5.5355035795771337e-13 -7.1442717771958374e-16 0.33365470992036905 0.3332558365398513 0.00039887338051775023 1.4108296082703269e-06
36000 0 0 0.01001837262904581 25.029505513741803 5.4157972631293053e-06 1.9523752351352752e-06 5.4157972631381466e-06 1.9523752351352828e-06 5.4157972631293053e-06 -4.0570694183865761e-17 -5.456839013567446e-17 -6.8291983637458308e-20 -6.820387298945052e-17 -2.2660065836112036e-17 49.999999999999744 49.999999999999439 49.999999999999744 -2.5579538487363607e-13 -5.6132876125047915e-13 1.000000000000002 1969.8656512414213 8030.1343487249733 0.02777080283501367 0 0 0.99976373750998371 5.5361600830688284e-18 1 -4.0549035890081672e-13 -5.4538633445861549e-13 -6.4924290439782495e-16 0.33365561433613211 0.33325535182900645 0.00040026250712565936 1.9523752351352752e-06
36500 0 0 0.010065701456134479 25.029469593449544 5.5679868425608589e-06 2.0464959449083314e-06 5.5679868424961388e-06 2.0464959449083259e-06 5.5679868425608589e-06 -4.1087304321784606e-17 -5.0601487933567878e-17 1.8331146948488279e-20 -2.9095752158399446e-17 3.6335725901472089e-17 49.999999999999709 49.999999999999417 49.999999999999709 -2.9132252166164108e-13 -5.8264504332328215e-13 1.0000000000000027 1969.8656512413459 8030.1343487245813 0.027770803720285137 0 0 0.99976359147110483 5.5360012575823363e-18 1 -4.1147094004375628e-13 -5.0634387878913047e-13 1.312423875639144e-16 0.33365684731915612 0.33325469331351276 0.00040215400564336257 2.0464959449083314e-06
37000 0 0 0.010102286805358631 25.029441819180093 4.7933881016328942e-06 1.6166624793168579e-06 4.7933881016300482e-06 1.6166624793168543e-06 4.7933881016328942e-06 -4.5571172161540676e-17 -4.9595277674952198e-17 9.0513833249617382e-20 -5.9596688452204702e-17 1.9922071528106039e-17 49.999999999999687 49.999999999999382 49.999999999999687 -3.1263880373444408e-13 -6.1817218011128716e-13 1.0000000000000002 1969.865651241261 8030.1343487242639 0.027770920686817656 0 0 0.99976050870752631 5.5360024230893512e-18 1 -4.555524286242448e-13 -4.9588418825490823e-13 9.3745025450170677e-16 0.33365780127291389 0.33325418512844129 0.00040361614447259608 1.6166624793168579e-06
37500 0 0 0.010112638133379896 25.029433952275596 4.0153841808527109e-06 1.2981689796962837e-06 4.0153841808995925e-06 1.2981689796962828e-06 4.0153841808527109e-06 -5.0646619585419851e-17 -4.6881921819045143e-17 -4.0636313363957376e-20 -1.159242066170783e-16 -7.7028334655132231e-17 49.999999999999652 49.999999999999361 49.999999999999652 -3.4816594052244909e-13 -6.3948846218409017e-13 1.0000000000000011 1969.8656512411565 8030.134348723871 0.027771086213868739 0 0 0.99975965012018975 5.5361189348515425e-18 1 -5.0673917678311933e-13 -4.6916786494325897e-13 -4.2277928800341175e-16 0.33365807216751053 0.33325404232997358 0.00040402983753695665 1.2981689796962837e-06
37999 0 0 0.010093903785982671 25.029448161311073 4.9038016950812231e-06 1.5850600408285589e-06 4.9038016951304755e-06 1.5850600408285591e-06 4.9038016950812231e-06 -4.925222081863654e-17 -4.498251242704664e-17 9.3328347054531288e-20 -1.1100398118811979e-16 -1.3486263108621249e-16 49.999999999999623 49.999999999999332 49.999999999999623 -3.765876499528531e-13 -6.6791017161449417e-13 1.0000000000000029 1969.8656512410751 8030.1343487234299 0.02777099529639657 0 0 0.99976124811499745 5.5362797986572301e-18 1 -4.9255713983660069e-13 -4.4993150758364188e-13 8.4549220130557965e-16 0.33365758505568238 0.33325430393973732 0.00040328111594506444 1.5850600408285589e-06
