# step v0 Mach sigma R umax_ref urms_ref umax_mean urms_mean umax_lab mean_x mean_y mean_z drop_ux drop_uy x0 y0 x_unwrapped center_dx center_dy axis_ratio mass_R mass_B min_f negative_total negative_color min_rho min_phi max_phi qx qy qz p_in p_out delta_p urms_lab
0 0 0 -5.560112678108922e-15 25.040521385269312 2.5018537765542012e-17 7.4401666004444651e-18 2.5024443631230636e-17 7.4401640970763453e-18 2.5018537765542012e-17 -1.9949319973733281e-21 5.7679555576228833e-21 4.3368086899420179e-23 -1.6024857060174733e-20 2.0027166151228546e-20 50.000000000000007 50.000000000000007 50.000000000000007 7.1054273576010019e-15 7.1054273576010019e-15 1.0000000000000007 1969.8656512480638 8030.1343487520417 -0.0041899611539783759 552 1552 0.99999999999999956 5.1710809399147474e-26 0.99999999999998501 -1.3197161883302513e-16 1.7470076947044063e-16 7.3780967892582e-19 0.33333333333333387 0.33333333333333409 -2.2204460492503131e-16 7.4401666004444651e-18
500 0 0 0.07171814903482826 24.905445712367325 0.0072860833584731171 0.0044669816519898016 0.0072860833584731163 0.0044669816519898025 0.0072860833584731171 -7.9034001565507299e-19 8.2919782151695545e-19 2.4286128663676518e-21 -1.5391514089134237e-17 2.6733727926110077e-17 50.000000000000007 50.000000000000007 50.000000000000007 7.1054273576010019e-15 7.1054273576010019e-15 1.0000000000000018 1969.8656512479474 8030.1343487515423 0.010441764590408752 0 0 0.98438369211938048 4.1344508528286341e-18 1 -8.2576903214642838e-15 -3.52062129449493e-14 -1.4419753878873969e-17 0.33627501127145881 0.33339539410406899 0.0028796171673898252 0.0044669816519898016
1000 0 0 0.2108262601201146 24.771069488721036 0.010707719850056826 0.0063090422799602641 0.010707719850056823 0.0063090422799602641 0.010707719850056826 -2.5323493302312064e-18 3.1408903256039335e-18 3.3063829452121384e-19 1.8278006937553095e-17 2.0640723955862381e-17 49.999999999999993 50.000000000000014 49.999999999999993 -7.1054273576010019e-15 1.4210854715202004e-14 1.0000000000000007 1969.8656512478565 8030.1343487511322 0.010554302057410843 0 0 0.98654002264221974 5.7410399200931406e-18 1 -2.6634944250147896e-14 1.2027358275989997e-13 3.4277417140669279e-15 0.3403176045571632 0.3318066171645474 0.0085109873926157986 0.0063090422799602641
1500 0 0 0.41362696834448509 24.62506726638011 0.0098416427939892314 0.0059251849741738085 0.0098416427939892279 0.0059251849741738085 0.0098416427939892314 3.8118813661120646e-18 -1.5123319263568299e-18 -5.9501015226014301e-20 1.0105070223820339e-16 3.8610689898667161e-17 49.999999999999979 50.000000000000014 49.999999999999979 -2.1316282072803006e-14 1.4210854715202004e-14 1.0000000000000011 1969.8656512477517 8030.1343487506892 0.010895311909024572 0 0 0.9779079634434773 5.2781532967573037e-18 1 3.9090584068313117e-14 5.0487500465046242e-14 -6.0016313512590329e-16 0.34652529282736011 0.32972830446301976 0.016796988364340348 0.0059251849741738085
2000 0 0 0.50146808879609273 24.536609908553501 0.0069155200336761336 0.0034814300965328028 0.0069155200336761327 0.0034814300965328024 0.0069155200336761336 2.5878604814627316e-18 -7.2095107661610898e-19 -2.1233015345960475e-19 8.448124735728041e-17 2.9725203289619283e-17 49.999999999999979 50.000000000000021 49.999999999999979 -2.1316282072803006e-14 2.1316282072803006e-14 1.0000000000000016 1969.8656512476462 8030.1343487503127 0.011248280873046296 0 0 0.98057676357140566 5.2267230852499505e-18 1 2.6259972928793784e-14 2.6784130469081902e-14 -2.0975827442999037e-15 0.34867029289698426 0.32823274709644235 0.020437545800541912 0.0034814300965328028
2500 0 0 0.54654000306337691 24.510168798036979 0.0055742070522884239 0.0024294516914925525 0.0055742070522884152 0.0024294516914925512 0.0055742070522884239 1.0139805661782249e-17 3.6089187194230809e-18 3.9395570139443457e-19 1.2425077790612754e-16 9.3559696861281811e-18 49.999999999999972 50.000000000000028 49.999999999999972 -2.8421709430404007e-14 2.8421709430404007e-14 1.0000000000000002 1969.8656512475579 8030.1343487498552 0.011305879254637937 0 0 0.98480967697580812 5.6033412416477722e-18 1 1.0156112062453815e-13 3.3281537248353033e-14 4.0777175903752224e-15 0.35085259740010516 0.32855409723199741 0.022298500168107749 0.0024294516914925525
3000 0 0 0.4971689320241951 24.562566322982093 0.0069156813395276117 0.0039804053357432269 0.0069156813395276091 0.0039804053357432277 0.0069156813395276117 2.9663771439212738e-18 2.1475876632599631e-19 4.4408920985020239e-20 -2.890495702510078e-17 1.0028552486284367e-17 49.999999999999964 50.000000000000036 49.999999999999964 -3.5527136788005009e-14 3.5527136788005009e-14 1.0000000000000018 1969.8656512474474 8030.1343487493896 0.010921565220094713 0 0 0.9861009677732876 5.7637044650060876e-18 1 2.9969055665921007e-14 6.744604874597826e-15 6.0004429054821701e-16 0.35016382969410026 0.32992291001629703 0.020240919677803226 0.0039804053357432269
3500 0 0 0.33268197087309015 24.67256170348427 0.0083335767615290973 0.0048200549151413341 0.0083335767615291007 0.0048200549151413341 0.0083335767615290973 9.7147984101687957e-18 -2.0147078450001856e-18 -9.4542429440769871e-20 -5.3817400521038466e-17 1.4475813542425491e-17 49.999999999999964 50.000000000000028 49.999999999999964 -3.5527136788005009e-14 2.8421709430404007e-14 1.0000000000000002 1969.8656512473451 8030.1343487489767 0.010696029188001159 0 0 0.98549058013926993 5.7339569066036558e-18 1 9.7148038311761775e-14 -2.3035393037496021e-14 -7.2871283373787851e-16 0.34490040277765449 0.33141651833665992 0.013483884440994576 0.0048200549151413341
4000 0 0 0.19043277100422057 24.779236595267527 0.0066050865543840574 0.0037646111543973085 0.0066050865543840504 0.0037646111543973098 0.0066050865543840574 9.7030022905326386e-18 -6.6592564795824888e-18 1.8231943732523693e-19 -1.0366198712629057e-16 -5.1837692819158483e-17 49.999999999999964 50.000000000000028 49.999999999999964 -3.5527136788005009e-14 2.8421709430404007e-14 1.0000000000000011 1969.865651247258 8030.1343487485874 0.010614327258941725 0 0 0.98417257392142499 6.3620983354679707e-18 1 9.6752467149130439e-14 -6.6295927081405637e-14 1.8291514579240714e-15 0.3403641319554595 0.33267895689883203 0.007685175056627469 0.0037646111543973085
4500 0 0 0.12813763289674879 24.83961759242878 0.0055970846708643099 0.0025226790646163551 0.0055970846708643151 0.0025226790646163538 0.0055970846708643099 1.4133139103484861e-17 -1.1932815846554851e-17 3.5926123187496504e-19 -8.9706734440232366e-17 -8.6233462966972194e-17 49.999999999999964 50.000000000000036 49.999999999999964 -3.5527136788005009e-14 3.5527136788005009e-14 1.0000000000000002 1969.8656512471659 8030.1343487482554 0.010512510454219614 0 0 0.98947968304668799 6.3396537829045217e-18 1 1.4138673955568781e-13 -1.3578981689077452e-13 3.5582081891427553e-15 0.33831748090156938 0.33315888164294771 0.0051585992586216656 0.0025226790646163551
5000 0 0 0.16290764136396951 24.823403392707174 0.0072613637628871795 0.0029536012662120842 0.0072613637628871951 0.0029536012662120842 0.0072613637628871795 9.155523561515192e-18 -1.3597109549408538e-17 -1.8561541192961567e-20 2.1847661019104522e-18 -3.8872838100213415e-17 49.999999999999964 50.000000000000021 49.999999999999964 -3.5527136788005009e-14 2.1316282072803006e-14 1.0000000000000011 1969.8656512470652 8030.1343487478316 0.010477558713711678 0 0 0.98767505198890571 5.822445689873586e-18 1 9.1943867883831354e-14 -1.1584743581094514e-13 -1.4133447477492601e-16 0.33960516289519976 0.33304249947686165 0.0065626634183381105 0.0029536012662120842
5500 0 0 0.22108687244139308 24.774249604421502 0.0071679579444028424 0.0038871676391979727 0.0071679579444028267 0.0038871676391979723 0.0071679579444028424 1.096518709165564e-17 -1.59212920625242e-17 -1.0009354456391876e-19 4.3324725041791398e-17 1.0266231348218901e-16 49.999999999999957 50.000000000000014 49.999999999999957 -4.2632564145606011e-14 1.4210854715202004e-14 1.0000000000000007 1969.8656512469499 8030.1343487473405 0.010582382908278593 0 0 0.99131868264019241 5.4808116051950253e-18 1 1.0970700259696486e-13 -2.1360696414798874e-13 -1.0085990791381196e-15 0.34061735384761671 0.33169329455332691 0.0089240592942897989 0.0038871676391979727
6000 0 0 0.31253142577864207 24.71007956728403 0.0062044740308016951 0.0035596385318170387 0.0062044740308017142 0.0035596385318170409 0.0062044740308016951 2.5420637816979886e-18 -2.0270243816801552e-17 -3.2109731540350597e-19 1.1224256030882747e-16 8.7537478504738817e-17 49.99999999999995 49.999999999999993 49.99999999999995 -4.9737991503207013e-14 -7.1054273576010019e-15 1.0000000000000044 1969.8656512468544 8030.1343487469385 0.010735353183603275 0 0 0.97886582269214228 5.2387022515107763e-18 1 2.6655598301533745e-14 -2.5431742757715814e-13 -3.203331801108546e-15 0.34262754377717342 0.32997961098004752 0.012647932797125894 0.0035596385318170387
6500 0 0 0.37509103976764513 24.651093487739715 0.005015865430779403 0.0021227616103403298 0.0050158654307794143 0.002122761610340329 0.005015865430779403 3.2321367804421682e-18 -1.3877093918433431e-17 -6.3490879220793981e-20 1.3261370686819077e-16 5.8714070624524998e-17 49.999999999999936 49.999999999999986 49.999999999999936 -6.3948846218409017e-14 -1.4210854715202004e-14 1.0000000000000036 1969.8656512467535 8030.134348746531 0.010900818866595871 0 0 0.97563107431027507 5.2281039600252135e-18 1 3.232136780439987e-14 -1.3033541260143444e-13 -6.8810639322416229e-16 0.34424936045960669 0.32903336040856646 0.015216000051040235 0.0021227616103403298
7000 0 0 0.41627162379961186 24.618819619079567 0.0050269009596627312 0.0017725137159028315 0.0050269009596627416 0.001772513715902831 0.0050269009596627312 -2.5174307083393672e-18 -1.5586143486967713e-17 -6.0125515677399721e-19 6.9365381896559469e-17 4.8764409519885593e-17 49.999999999999936 49.999999999999979 49.999999999999936 -6.3948846218409017e-14 -2.1316282072803006e-14 1.0000000000000009 1969.8656512466546 8030.1343487460672 0.01091595622347017 0 0 0.97967301082385028 5.3634816164549415e-18 1 -2.5490033532266781e-14 -1.4606610192202663e-13 -5.9796522591788664e-15 0.34610255488637909 0.32919387972483716 0.016908675161541931 0.0017725137159028315
7500 0 0 0.40188640805881493 24.638184720884496 0.0062271882674338379 0.0029067177699615286 0.0062271882674338423 0.0029067177699615286 0.0062271882674338379 -3.486447242020899e-18 -9.7418600963981324e-18 -6.2953114943247306e-19 3.5811657964123208e-17 6.7652954908548623e-17 49.999999999999936 49.999999999999972 49.999999999999936 -6.3948846218409017e-14 -2.8421709430404007e-14 1.0000000000000024 1969.8656512465584 8030.1343487456779 0.010783508542224441 0 0 0.98716665135077231 5.2509783768490064e-18 1 -3.5093455919010808e-14 -9.9240494294550174e-14 -6.3155239856021657e-15 0.34625955815772863 0.32994803145186069 0.01631152670586794 0.0029067177699615286
8000 0 0 0.31918247451295845 24.691402592819337 0.0075037362883543304 0.0034914089786293461 0.0075037362883543374 0.0034914089786293461 0.0075037362883543304 -7.9155432208887231e-18 -9.6672669869315532e-18 -6.553785292245803e-19 -1.9350020925847565e-17 3.9358165341296342e-17 49.999999999999929 49.999999999999972 49.999999999999929 -7.1054273576010019e-14 -2.8421709430404007e-14 1.0000000000000009 1969.8656512464588 8030.1343487452314 0.010722228704901306 0 0 0.99098612711748013 5.6779774788092828e-18 1 -7.897502096732012e-14 -1.1290231241773731e-13 -6.5859958047963762e-15 0.34386291255215906 0.33093604566749768 0.012926866884661381 0.0034914089786293461
8500 0 0 0.24308149984586924 24.745288099998227 0.005929355352915615 0.0026274100035047327 0.0059293553529156228 0.0026274100035047314 0.005929355352915615 -8.2982232196898695e-18 -8.5459417320595737e-18 -3.7261860264014214e-19 -3.8552995776502156e-17 -8.4965993937750483e-18 49.999999999999922 49.999999999999964 49.999999999999922 -7.815970093361102e-14 -3.5527136788005009e-14 1.0000000000000013 1969.8656512463583 8030.1343487447775 0.010651476909291413 0 0 0.98738912593141925 5.6489312346845088e-18 1 -8.3037743348057802e-14 -1.070849138529173e-13 -3.8016029685542912e-15 0.34174311887931025 0.33191977397164329 0.0098233449076669532 0.0026274100035047327
9000 0 0 0.21494412955278963 24.770900244018094 0.0047133915372177112 0.0012564453620455196 0.004713391537217706 0.0012564453620455193 0.0047133915372177112 -1.1655953979794186e-17 -1.0139111772398658e-17 -1.5935169850337746e-18 -8.0434611092207595e-17 1.1981583531388513e-17 49.999999999999915 49.999999999999964 49.999999999999915 -8.5265128291212022e-14 -3.5527136788005009e-14 1.000000000000002 1969.8656512462512 8030.1343487444456 0.010563199400600656 0 0 0.98863272105719624 5.89133859088861e-18 1 -1.1672601904141877e-13 -6.5649308905735282e-14 -1.5940529353581533e-14 0.34126174598377096 0.33258446225829569 0.008677283725475271 0.0012564453620455196
9500 0 0 0.23013967011293968 24.758192530574956 0.0055722871649158106 0.0014717187515476432 0.0055722871649158037 0.0014717187515476437 0.0055722871649158106 -1.1018269630025123e-17 -1.64614849529505e-17 -3.6307762352230277e-19 -4.6685928190436579e-17 1.1570692757303719e-17 49.999999999999908 49.999999999999964 49.999999999999908 -9.2370555648813024e-14 -3.5527136788005009e-14 1.0000000000000033 1969.8656512461498 8030.1343487440481 0.010555269307952437 0 0 0.98901881017582571 5.7562437816106696e-18 1 -1.1059946361524631e-13 -1.5693879979209943e-13 -3.7180551721758933e-15 0.34195819949256911 0.33266270387717917 0.0092954956153899482 0.0014717187515476432
10000 0 0 0.2681430650279345 24.728086150014228 0.0062210376610164582 0.0026794383163885869 0.0062210376610164521 0.0026794383163885847 0.0062210376610164582 -1.5328710523137244e-17 -1.7946061303693745e-17 -1.4016565685907036e-19 -4.182334216711911e-17 2.4460366624735819e-17 49.999999999999893 49.999999999999964 49.999999999999893 -1.0658141036401503e-13 -3.5527136788005009e-14 1.0000000000000038 1969.8656512460643 8030.1343487435543 0.010627739892614544 0 0 0.99106235359241301 5.7623238080656747e-18 1 -1.5290546606649968e-13 -1.4081791288589329e-13 -1.3025061510901029e-15 0.34266828864334231 0.33182462434189858 0.010843664301443734 0.0026794383163885869
10500 0 0 0.32273581361417181 24.69182901646008 0.006381922685057901 0.0028134489721206202 0.0063819226850578828 0.0028134489721206202 0.006381922685057901 -1.3247736241354074e-17 -1.5484835635976194e-17 -2.4615726124137639e-19 -4.1492026104855315e-17 -3.8652841227060766e-17 49.999999999999879 49.999999999999964 49.999999999999879 -1.2079226507921703e-13 -3.5527136788005009e-14 1.0000000000000036 1969.8656512459652 8030.1343487431204 0.010735332783941308 0 0 0.98933442350552447 5.1068503290990901e-18 1 -1.320159801788956e-13 -1.4164450862219624e-13 -2.4902627198315907e-15 0.34366258959104812 0.33059203846261492 0.013070551128433194 0.0028134489721206202
11000 0 0 0.36488637587301787 24.659246013369998 0.0058755048063818729 0.001931814469459722 0.0058755048063818816 0.0019318144694597213 0.0058755048063818729 -2.0670271050372717e-17 -1.9627355296614276e-17 -1.1770098784516002e-18 -1.7084229270319651e-17 -4.647285331729566e-17 49.999999999999872 49.999999999999964 49.999999999999872 -1.2789769243681803e-13 -3.5527136788005009e-14 1.0000000000000013 1969.8656512458672 8030.1343487427248 0.010835677816680423 0 0 0.98423611359156971 5.2763087837563397e-18 1 -2.0676342582515161e-13 -2.1263849716928428e-13 -1.1596034277152812e-14 0.34458214731778652 0.32978500487169632 0.014797142446090206 0.001931814469459722
11500 0 0 0.38583458634144702 24.646263103707486 0.0047589833843666969 0.0010266427657355166 0.004758983384366729 0.0010266427657355157 0.0047589833843666969 -2.2532323229489632e-17 -2.3961041484305832e-17 -1.9215531943418017e-18 -6.5173943798450505e-17 -6.4267220842881252e-17 49.999999999999858 49.999999999999957 49.999999999999858 -1.4210854715202004e-13 -4.2632564145606011e-14 1.0000000000000009 1969.8656512457528 8030.1343487423874 0.010841247865410387 0 0 0.98365864121087443 5.4207567630050673e-18 1 -2.2550361643107475e-13 -2.439487278632288e-13 -1.9170306743681718e-14 0.34532818401240312 0.32967329204286122 0.015654891969541895 0.0010266427657355166
12000 0 0 0.36491155108988621 24.666331368958488 0.0053040369985118026 0.001643018402775036 0.0053040369985118191 0.0016430184027750366 0.0053040369985118026 -2.4252821972966562e-17 -2.8809593599668077e-17 -3.2846989017661494e-18 -1.2994134351606759e-16 -3.6213431159545827e-18 49.999999999999844 49.999999999999957 49.999999999999844 -1.5631940186722204e-13 -4.2632564145606011e-14 1.000000000000002 1969.8656512456664 8030.1343487419072 0.010756597604098668 0 0 0.9855952401609398 5.2960906436111701e-18 1 -2.4275029143934479e-13 -3.1057970052098677e-13 -3.2674492843785845e-14 0.3448443555584903 0.33005044293194091 0.014793912626549388 0.001643018402775036
12500 0 0 0.30233412767063994 24.708547038982307 0.0062134745130646265 0.002349027679924582 0.0062134745130646551 0.0023490276799245828 0.0062134745130646265 -2.2900084606399374e-17 -2.8260380147174619e-17 -4.5723841379855664e-18 -5.5801765551048744e-17 5.3911243440817199e-17 49.999999999999829 49.99999999999995 49.999999999999829 -1.7053025658242404e-13 -4.9737991503207013e-14 1.0000000000000011 1969.8656512455623 8030.1343487415288 0.01069592924614949 0 0 0.98903434865955075 5.3279631054250046e-18 1 -2.2889674910261254e-13 -2.2969603649669601e-13 -4.5780199138390251e-14 0.34294340134372725 0.33070738733636162 0.012236014007365625 0.002349027679924582
13000 0 0 0.24365724528899485 24.750079001830816 0.0055480455970433572 0.0021097851708757995 0.0055480455970433901 0.0021097851708757991 0.0055480455970433572 -3.269259862830296e-17 -2.4757279559783959e-17 -6.1218391467304012e-18 1.4116345533970724e-17 4.4130447625584463e-17 49.999999999999808 49.999999999999943 49.999999999999808 -1.9184653865522705e-13 -5.6843418860808015e-14 1.0000000000000049 1969.8656512454761 8030.1343487411314 0.010632250440224675 0 0 0.99205482547433688 5.5073137672285147e-18 1 -3.267872151807745e-13 -2.269668827881155e-13 -6.1148337582546111e-14 0.34129259340218238 0.33144788764302213 0.0098447057591602438 0.0021097851708757995
13500 0 0 0.22126456833630831 24.769563069403503 0.0046625193868969792 0.0013471469753397307 0.0046625193868970131 0.0013471469753397294 0.0046625193868969792 -3.3036247348896018e-17 -2.6022239918469203e-17 -6.897434012841008e-18 5.8297980610798506e-17 -1.6587605891373243e-17 49.999999999999787 49.999999999999922 49.999999999999787 -2.1316282072803006e-13 -7.815970093361102e-14 1.0000000000000047 1969.8656512453651 8030.1343487406793 0.010572680088051132 0 0 0.9911000317751093 5.5931272914826676e-18 1 -3.3063135562727552e-13 -2.7638872093782574e-13 -6.9081096531635678e-14 0.34096377782084597 0.33203085608474864 0.0089329217360973323 0.0013471469753397307
14000 0 0 0.23357654855247695 24.759623793200447 0.0046945847777534197 0.0011003550099662981 0.0046945847777534622 0.0011003550099662974 0.0046945847777534197 -3.163927453369186e-17 -2.8275992658463126e-17 -1.0767255143056123e-17 1.1782381366950746e-16 -3.3848483675440503e-17 49.999999999999773 49.999999999999915 49.999999999999773 -2.2737367544323206e-13 -8.5265128291212022e-14 1.000000000000002 1969.8656512452783 8030.1343487401955 0.010581907812079076 0 0 0.99038556383019105 5.5182148574806195e-18 1 -3.1631990050299402e-13 -2.9514107493687144e-13 -1.075910989432308e-13 0.34162162566964316 0.33218785759209174 0.0094337680775514188 0.0011003550099662981
14500 0 0 0.26882595973923801 24.730985654272839 0.0050212903658728254 0.001791160279562569 0.0050212903658728228 0.0017911602795625692 0.0050212903658728254 -2.8918881178662096e-17 -3.1353392104851579e-17 -1.5053583379853991e-17 7.2203951304914171e-17 -6.3493977277134956e-18 49.999999999999751 49.999999999999901 49.999999999999751 -2.4868995751603507e-13 -9.9475983006414026e-14 1.000000000000004 1969.8656512451764 8030.1343487397653 0.010637742120826594 0 0 0.99115574608158441 5.524894042590224e-18 1 -2.8916102910551966e-13 -3.1791065548299191e-13 -1.5058337771108997e-13 0.34259797013792698 0.33172796424745038 0.010870005890476597 0.001791160279562569
15000 0 0 0.31623536683666753 24.694907987914203 0.0052767055354424166 0.0020159957728463195 0.0052767055354423732 0.0020159957728463182 0.0052767055354424166 -3.0068308953847646e-17 -3.103697854283459e-17 -1.7913448502354575e-17 1.1775167321277523e-16 -3.5970177750360158e-17 49.999999999999744 49.999999999999872 49.999999999999744 -2.5579538487363607e-13 -1.2789769243681803e-13 1.0000000000000024 1969.8656512450648 8030.1343487394624 0.010721984991626122 0 0 0.9905210086745071 5.1908157305555969e-18 1 -3.0054439297509672e-13 -3.2255884703687177e-13 -1.7907056499943877e-13 0.34373122441077752 0.33092553317307644 0.012805691237701089 0.0020159957728463195
15500 0 0 0.35717814763778821 24.662341922488245 0.0052182463875302598 0.0015360986328460126 0.0052182463875302138 0.0015360986328460131 0.0052182463875302598 -3.7697969745903203e-17 -3.0643890203179735e-17 -2.1573021147282375e-17 7.5883081104603826e-17 6.7599179484833833e-18 49.999999999999723 49.999999999999858 49.999999999999723 -2.7711166694643907e-13 -1.4210854715202004e-13 1.0000000000000018 1969.8656512449752 8030.1343487390095 0.010802160523590534 0 0 0.98966555664811362 5.1337236466940109e-18 1 -3.7655294193080641e-13 -3.1745657128436425e-13 -2.1576153556193368e-13 0.34478068256792793 0.33029794817229063 0.014482734395637298 0.0015360986328460126
16000 0 0 0.37874740759326697 24.647095760955988 0.0048563400897432126 0.00090842679633719296 0.0048563400897432109 0.00090842679633719252 0.0048563400897432126 -3.3590144554785215e-17 -3.6814995496631464e-17 -2.6133782637981694e-17 4.7914986315373177e-18 -1.0722404877919995e-17 49.999999999999709 49.999999999999844 49.999999999999709 -2.9132252166164108e-13 -1.5631940186722204e-13 1.0000000000000027 1969.8656512448715 8030.1343487385966 0.01082289829258116 0 0 0.98857508176825426 5.1336197676787274e-18 1 -3.3568983638827821e-13 -3.6580254884205354e-13 -2.6138918726813598e-13 0.34546049138612817 0.33009367448945959 0.015366816896668578 0.00090842679633719296
16500 0 0 0.36706188019077918 24.659056914856986 0.0050494312994893648 0.0012078133608177898 0.0050494312994893761 0.0012078133608177885 0.0050494312994893648 -3.1509517217696258e-17 -3.7399250363342721e-17 -2.9758140396347099e-17 -9.0462833064430892e-17 -6.2457825595490038e-17 49.999999999999702 49.999999999999837 49.999999999999702 -2.9842794901924208e-13 -1.6342482922482304e-13 1.0000000000000044 1969.8656512447637 8030.1343487381964 0.010775311567662208 0 0 0.98915459560147356 5.0493135987669493e-18 1 -3.147759559517932e-13 -3.8702092745868111e-13 -2.9775887318860446e-13 0.34514762297296492 0.33026214371647211 0.014885479256492806 0.0012078133608177898
17000 0 0 0.32249723188263485 24.692363430180592 0.0055190803635020774 0.0017467941310396384 0.0055190803635021025 0.0017467941310396347 0.0055190803635020774 -3.6634931199828079e-17 -3.4942534976662136e-17 -3.4131551751641553e-17 -1.3308660226870207e-16 -6.0095919436053003e-17 49.999999999999687 49.999999999999829 49.999999999999687 -3.1263880373444408e-13 -1.7053025658242404e-13 1.0000000000000009 1969.8656512446728 8030.1343487377244 0.010715606357756285 0 0 0.99077068089863785 5.2811514085569239e-18 1 -3.6634928489258367e-13 -3.8800948944702623e-13 -3.4134442049055059e-13 0.34374637419012199 0.33068576811267952 0.013060606077442471 0.0017467941310396384
17500 0 0 0.27164971325524206 24.730238576495282 0.0053458696645812889 0.0016803828986498754 0.0053458696645813193 0.0016803828986498735 0.0053458696645812889 -3.6083289134468266e-17 -4.1434911057866368e-17 -3.6525470148495548e-17 -1.636408808749525e-16 -5.6565020452124963e-17 49.999999999999673 49.999999999999815 49.999999999999673 -3.2684965844964609e-13 -1.8474111129762605e-13 1.0000000000000022 1969.8656512445702 8030.1343487373406 0.010659889290480092 0 0 0.99251123693524779 5.4200323148771709e-18 1 -3.6112432488799584e-13 -4.1400041760671774e-13 -3.6528773372600285e-13 0.34220429271933245 0.33121977623701149 0.010984516482320961 0.0016803828986498754
18000 0 0 0.24117935068944721 24.755020328393751 0.0049690764425380897 0.0011288622382512551 0.004969076442538042 0.0011288622382512547 0.0049690764425380897 -3.3863190029911056e-17 -3.6892711108362587e-17 -4.2042411219156918e-17 -4.6850907202587054e-17 -3.2788514764656964e-17 49.999999999999659 49.999999999999794 49.999999999999659 -3.4106051316484809e-13 -2.0605739337042905e-13 1.0000000000000022 1969.8656512444695 8030.1343487369468 0.010609041859547291 0 0 0.9918271989888795 5.4972239449104982e-18 1 -3.382988062860387e-13 -3.9133843734995288e-13 -4.2024811761231371e-13 0.34141941143522281 0.33167676741837193 0.0097426440168508766 0.0011288622382512551
18500 0 0 0.23789352765797814 24.757692215789167 0.0049116522489713581 0.00078960008575323438 0.0049116522489713712 0.00078960008575323394 0.0049116522489713581 -3.4978617224968033e-17 -4.004470366422039e-17 -4.7532637548288597e-17 1.0362264145525668e-17 2.801383903581621e-17 49.999999999999652 49.999999999999787 49.999999999999652 -3.4816594052244909e-13 -2.1316282072803006e-13 1.0000000000000022 1969.8656512443697 8030.1343487364493 0.01059462318090627 0 0 0.99120871485117856 5.5690397469487404e-18 1 -3.4975386387130431e-13 -4.019981487854386e-13 -4.7524460254614294e-13 0.34145308294486337 0.33184420964663802 0.0096088732982253511 0.00078960008575323438
19000 0 0 0.25812273390089602 24.741359801323433 0.0049700908013611649 0.0012794702502491146 0.0049700908013611371 0.0012794702502491144 0.0049700908013611649 -3.0325394973000571e-17 -4.1009556861562728e-17 -5.3229816388105367e-17 3.9425461228632961e-17 8.1992120756932659e-18 49.999999999999638 49.999999999999766 49.999999999999638 -3.6237679523765109e-13 -2.3447910280083306e-13 1.0000000000000027 1969.8656512442694 8030.1343487361773 0.010625331332845142 0 0 0.99168866304225711 5.3755370058545914e-18 1 -3.0354535616831935e-13 -4.1010596340314981e-13 -5.3228547205364805e-13 0.34202351121456986 0.3315906677502794 0.010432843464290464 0.0012794702502491146
19500 0 0 0.2936306026796362 24.713914056008125 0.0049791217595702587 0.0015815653950335647 0.0049791217595702439 0.0015815653950335647 0.0049791217595702587 -2.6740762382236153e-17 -4.6146420018637251e-17 -5.8395822899576868e-17 4.1509020568002093e-17 2.192346177683262e-17 49.999999999999631 49.999999999999751 49.999999999999631 -3.694822225952521e-13 -2.4868995751603507e-13 1.000000000000004 1969.8656512441803 8030.134348735698 0.01068572897173008 0 0 0.99279395892633504 5.2203796436661204e-18 1 -2.6683879715203029e-13 -4.4878944310822177e-13 -5.8388927074593525e-13 0.34293638100444779 0.33105519528800509 0.011881185716442699 0.0015815653950335647
20000 0 0 0.33046916445526914 24.685009316419336 0.004861361795603104 0.0013568221361135255 0.0048613617956030867 0.0013568221361135264 0.004861361795603104 -2.3777160795872894e-17 -4.6201584225176273e-17 -5.9170723876300909e-17 5.8835140093649411e-17 -1.3582385818667271e-17 49.999999999999623 49.999999999999744 49.999999999999623 -3.765876499528531e-13 -2.5579538487363607e-13 1.0000000000000056 1969.8656512440823 8030.1343487352469 0.010749955327029546 0 0 0.99023751615309341 5.1903854833461778e-18 1 -2.3783752745032416e-13 -4.5090363734456851e-13 -5.9163991982500163e-13 0.34395275000452952 0.33056530662870481 0.013387443375824704 0.0013568221361135255
20500 0 0 0.35501583495332928 24.666202169553628 0.0046993378650793732 0.00087871935063369236 0.0046993378650793628 0.00087871935063369279 0.0046993378650793732 -2.4696217293448466e-17 -4.9290085901814082e-17 -6.2722743665721304e-17 1.3881010173455118e-18 -1.8222644346192188e-17 49.999999999999623 49.999999999999716 49.999999999999623 -3.765876499528531e-13 -2.8421709430404007e-13 1.0000000000000013 1969.8656512439879 8030.1343487348295 0.010782514546353188 0 0 0.98960026920669963 5.126578932116716e-18 1 -2.4706799106599675e-13 -4.8939108652059152e-13 -6.2727412374701703e-13 0.34473557046110248 0.33034276558125203 0.014392804879850452 0.00087871935063369236
21000 0 0 0.35570761068508272 24.666403432625096 0.0048619278925179903 0.00088193584634224317 0.0048619278925179556 0.00088193584634224426 0.0048619278925179903 -2.6556881693786455e-17 -5.0032547549536231e-17 -6.3336315359178768e-17 -6.3637374985117882e-17 -1.3115674362954897e-16 49.999999999999616 49.999999999999687 49.999999999999616 -3.836930773104541e-13 -3.1263880373444408e-13 1.0000000000000018 1969.8656512438756 8030.134348734482 0.010768337858263649 0 0 0.9903455171136748 5.4579279578103878e-18 1 -2.6532944542639533e-13 -4.9675774561538932e-13 -6.3347671144367093e-13 0.34483352392355349 0.3304127912189791 0.01442073270457439 0.00088193584634224317
21500 0 0 0.3309511648052616 24.684653392814898 0.0051985205450292846 0.0012850651151527421 0.0051985205450292933 0.0012850651151527436 0.0051985205450292846 -2.709742152890334e-17 -5.3973145397576349e-17 -6.2648150556260379e-17 -2.1418553706918688e-17 -1.1315568599916004e-16 49.999999999999623 49.999999999999666 49.999999999999623 -3.765876499528531e-13 -3.3395508580724709e-13 1.0000000000000027 1969.8656512437663 8030.1343487341428 0.010729258369003812 0 0 0.99190904091507315 5.6327161806683126e-18 1 -2.711129863902477e-13 -5.4438679448652258e-13 -6.2646264166571301e-13 0.34411297550834546 0.33070581278506439 0.013407162723281074 0.0012850651151527421
22000 0 0 0.29542354478894645 24.71094575680927 0.0052048931848008503 0.0013661601292118176 0.0052048931848008937 0.0013661601292118183 0.0052048931848008503 -2.5229818234663759e-17 -5.4339172051010824e-17 -6.3883967560552004e-17 5.678181034068621e-18 -9.7156368866636879e-17 49.999999999999616 49.999999999999645 49.999999999999616 -3.836930773104541e-13 -3.5527136788005009e-13 1.0000000000000033 1969.8656512436949 8030.1343487336599 0.010683611644263829 0 0 0.99209673587902947 5.7446856392404372e-18 1 -2.5250632205812973e-13 -5.699932713321143e-13 -6.3867103474275735e-13 0.34306219622339595 0.33110702673306835 0.0119551694903276 0.0013661601292118176
22500 0 0 0.26814885653999271 24.732517939924726 0.005024623422569232 0.0010708403338437142 0.0050246234225692719 0.0010708403338437135 0.005024623422569232 -2.5033447537184014e-17 -5.5967383505569196e-17 -6.7269800840974627e-17 -3.1225199114155339e-17 -1.4219206760823771e-17 49.999999999999616 49.999999999999623 49.999999999999616 -3.836930773104541e-13 -3.765876499528531e-13 1.0000000000000016 1969.865651243593 8030.1343487332124 0.010641560748948588 0 0 0.99200055821345245 5.7751593776597288e-18 1 -2.5027896422002982e-13 -5.5129772275064326e-13 -6.7257901302046936e-13 0.3423097027539157 0.33146774734964485 0.010841955404270853 0.0010708403338437142
23000 0 0 0.25844368345121693 24.740749740065702 0.005000463902627047 0.0007830300208232138 0.005000463902627073 0.00078303002082321337 0.005000463902627047 -2.9338337315179563e-17 -5.2969434394381922e-17 -6.6566543943815503e-17 2.1009075803415002e-17 8.5814131134900736e-17 49.999999999999609 49.999999999999595 49.999999999999609 -3.907985046680551e-13 -4.0500935938325711e-13 1.0000000000000016 1969.8656512434859 8030.1343487328777 0.010622056288931184 0 0 0.99177318234079526 5.6735762981930273e-18 1 -2.9378582899752814e-13 -5.3030832763284463e-13 -6.6560754402728143e-13 0.34207450232832859 0.33162842910231444 0.010446073226014152 0.0007830300208232138
23500 0 0 0.26664665695078799 24.734653293969821 0.0050749306010876363 0.00098834551173040746 0.0050749306010876251 0.00098834551173040876 0.0050749306010876363 -3.4725000652797091e-17 -5.4721852049820369e-17 -7.1446494554100697e-17 -2.6245818335081371e-17 1.0646695949433776e-16 49.999999999999609 49.999999999999559 49.999999999999609 -3.907985046680551e-13 -4.4053649617126212e-13 1.0000000000000002 1969.8656512433943 8030.1343487324166 0.010634929025456936 0 0 0.99198582914037348 5.5325972288836383e-18 1 -3.4712506577928154e-13 -5.5902200593203541e-13 -7.1455863330721863e-13 0.34227312810242239 0.33149284128046014 0.010780286821962248 0.00098834551173040746
24000 0 0 0.28812514007749529 24.718392632780784 0.0050922434379226493 0.0012350763475116526 0.0050922434379226632 0.001235076347511653 0.0050922434379226493 -3.2984379116999931e-17 -5.4169516095071578e-17 -7.1255848444095068e-17 -7.799140075834766e-17 9.3096995885191247e-17 49.999999999999602 49.999999999999531 49.999999999999602 -3.979039320256561e-13 -4.6895820560166612e-13 1.0000000000000024 1969.865651243304 8030.1343487319482 0.010672144618312309 0 0 0.9927485447143376 5.3974428654082941e-18 1 -3.297708785730824e-13 -5.2041530806956615e-13 -7.1248833156270575e-13 0.34278584909496423 0.33112954342987044 0.011656305665093791 0.0012350763475116526
24500 0 0 0.31372472864871115 24.698710890634427 0.0049825297361525593 0.0011577145594063795 0.0049825297361525481 0.00115771455940638 0.0049825297361525593 -3.5731487213565117e-17 -5.2186033272636985e-17 -7.3947792334125664e-17 -5.623250645871626e-17 1.7946149901070538e-17 49.999999999999595 49.999999999999503 49.999999999999595 -4.0500935938325711e-13 -4.9737991503207013e-13 1.0000000000000016 1969.8656512431864 8030.1343487316535 0.010716142152958293 0 0 0.99079986313752433 5.3428608909442432e-18 1 -3.5731831447664841e-13 -5.3681104022649737e-13 -7.3966523560142359e-13 0.34344782410547381 0.33074575515791294 0.012702068947560874 0.0011577145594063795
25000 0 0 0.3330949977502915 24.683899302605273 0.0048174229250026049 0.00086676586027576851 0.0048174229250026257 0.00086676586027576721 0.0048174229250026049 -3.5052516445067874e-17 -5.6079099697436806e-17 -7.5223334506018477e-17 -6.4164184511648904e-17 -1.0194260251550158e-16 49.999999999999581 49.999999999999474 49.999999999999581 -4.1922021409845911e-13 -5.2580162446247414e-13 1.0000000000000004 1969.8656512430871 8030.134348731186 0.010744332903619312 0 0 0.98973295834074249 5.3680574992344166e-18 1 -3.5021116594809859e-13 -5.6224665019783716e-13 -7.520689721281665e-13 0.3440180169939327 0.33052359321319985 0.013494423780732845 0.00086676586027576851
25500 0 0 0.33747088285708754 24.680811622413891 0.004826624968393551 0.000792152631990215 0.0048266249683935527 0.00079215263199021392 0.004826624968393551 -3.2486166534702993e-17 -5.2960760777015833e-17 -7.6789616332486236e-17 -2.751317651721561e-17 -1.0199021749061882e-16 49.999999999999567 49.999999999999453 49.999999999999567 -4.3343106881366111e-13 -5.4711790653527714e-13 1.0000000000000033 1969.8656512430002 8030.1343487308013 0.010743704232568176 0 0 0.99005181304387913 5.4588348439573784e-18 1 -3.2472288407996673e-13 -5.2802670462897888e-13 -7.6822220188189677e-13 0.34419751052011599 0.3305240994500111 0.013673411070104891 0.000792152631990215
26000 0 0 0.32441893392618915 24.690387995752005 0.0050066502137993121 0.0010321177110567054 0.005006650213799319 0.001032117711056705 0.0050066502137993121 -2.8334626311985709e-17 -5.5172533208894628e-17 -7.6322455300407997e-17 1.5152929827027757e-17 -2.3539235071291237e-16 49.999999999999559 49.999999999999417 49.999999999999559 -4.4053649617126212e-13 -5.8264504332328215e-13 1.0000000000000011 1969.8656512428956 8030.1343487303639 0.010721563506762977 0 0 0.9913579738858993 5.5771827485082404e-18 1 -2.8299932181203614e-13 -5.3484105165535478e-13 -7.6330159112829366e-13 0.34385556649380378 0.33071608346980247 0.013139483024001308 0.0010321177110567054
26500 0 0 0.30159743314629078 24.707039632660475 0.0050673110070357606 0.0011382981654138021 0.0050673110070357996 0.0011382981654138003 0.0050673110070357606 -3.0547439577949182e-17 -5.3256704602023417e-17 -7.7197102877001748e-17 1.7586648982261425e-18 -2.2617937966915526e-16 49.999999999999545 49.999999999999396 49.999999999999545 -4.5474735088646412e-13 -6.0396132539608516e-13 1.0000000000000024 1969.8656512427954 8030.1343487299209 0.010690588071464285 0 0 0.99262736342412583 5.6608024824542176e-18 1 -3.0559237052755345e-13 -5.4914449723608705e-13 -7.719706109854484e-13 0.34322215030279185 0.33101520695262188 0.012206943350169974 0.0011382981654138021
27000 0 0 0.28154779880723574 24.722234853747452 0.0049779078669081748 0.00098140023458082948 0.00497790786690818 0.00098140023458082926 0.0049779078669081748 -2.764385942385255e-17 -5.0758702796612308e-17 -7.5283876355345119e-17 4.7832272288953271e-17 -7.4755096122370565e-17 49.999999999999531 49.999999999999375 49.999999999999531 -4.6895820560166612e-13 -6.2527760746888816e-13 1.0000000000000002 1969.8656512427117 8030.1343487295026 0.010660560839572765 0 0 0.99229193204199784 5.6945501034890292e-18 1 -2.7613677945799442e-13 -5.0986169089885583e-13 -7.5286506483526706e-13 0.34269351406856863 0.33130506959852679 0.011388444470041836 0.00098140023458082948
27500 0 0 0.27263086306027928 24.729256214769865 0.0049355056970622401 0.00077172215987307688 0.0049355056970622722 0.00077172215987307666 0.0049355056970622401 -2.456854164563384e-17 -5.2876453216093861e-17 -7.8412276671935109e-17 5.5871840421251955e-17 -1.0446223782597498e-17 49.999999999999517 49.999999999999346 49.999999999999517 -4.8316906031686813e-13 -6.5369931689929217e-13 1.0000000000000033 1969.865651242603 8030.1343487291588 0.010644035647723971 0 0 0.99202637416433614 5.656044160864622e-18 1 -2.4619888105200521e-13 -5.2413913595623918e-13 -7.8428182018775674e-13 0.34248699437122754 0.33146236586269007 0.011024628508537471 0.00077172215987307688
28000 0 0 0.27676610373864152 24.726182266647029 0.0049855998920638632 0.00084182937248358986 0.0049855998920638883 0.00084182937248358997 0.0049855998920638632 -2.6026403254850269e-17 -5.2431323172159767e-17 -8.1987368283590225e-17 5.3797046117215243e-17 7.8411007238239612e-17 49.999999999999503 49.999999999999311 49.999999999999503 -4.9737991503207013e-13 -6.8922645368729718e-13 1.0000000000000002 1969.8656512425018 8030.1343487287049 0.010649447331239454 0 0 0.99216380573804264 5.561716078582591e-18 1 -2.602145861524234e-13 -5.2823912778665605e-13 -8.2008445235985664e-13 0.34260177511592199 0.33140853465712422 0.011193240458797771 0.00084182937248358986
28500 0 0 0.29111623263611169 24.71535946612476 0.00503589485636934 0.0010244842319297764 0.0050358948563693591 0.0010244842319297764 0.00503589485636934 -2.4737503712196891e-17 -4.9148532466213994e-17 -7.6709298635571408e-17 2.9743674739113716e-17 1.3579860775889627e-16 49.999999999999496 49.999999999999289 49.999999999999496 -5.0448534238967113e-13 -7.1054273576010019e-13 1.0000000000000002 1969.8656512424102 8030.1343487283093 0.010673592920827549 0 0 0.99266046174559275 5.4595669063737073e-18 1 -2.4731432179958546e-13 -4.9326688567052912e-13 -7.6733768413584869e-13 0.34295004781906457 0.33117129003748669 0.011778757781577887 0.0010244842319297764
29000 0 0 0.30934457271737165 24.701595900803806 0.0050096551391585909 0.0010239505684976257 0.005009655139158571 0.0010239505684976266 0.0050096551391585909 -2.1821433549072629e-17 -5.233626032568139e-17 -8.0406167835241143e-17 -1.5445210339945327e-17 6.5495054521472927e-17 49.999999999999488 49.999999999999261 49.999999999999488 -5.1159076974727213e-13 -7.3896444519050419e-13 1.0000000000000013 1969.8656512423088 8030.1343487278455 0.010704530984787684 0 0 0.99213887074788953 5.3991292179995816e-18 1 -2.1772424900305676e-13 -5.3734968541831532e-13 -8.0395679499912957e-13 0.34340389875007987 0.33088063612528301 0.01252326262479686 0.0010239505684976257
29500 0 0 0.32376240942448575 24.690813938927807 0.0049216362844526169 0.00085283136323327437 0.004921636284452649 0.00085283136323327524 0.0049216362844526169 -1.9232879178212952e-17 -5.693431837112117e-17 -8.1029800924859398e-17 -8.3744582727366113e-17 -5.0563203785914087e-17 49.999999999999481 49.999999999999218 49.999999999999481 -5.1869619710487314e-13 -7.815970093361102e-13 1.0000000000000024 1969.8656512422081 8030.1343487275126 0.010726554409805092 0 0 0.99086025627104535 5.4046385923811581e-18 1 -1.9215748953236179e-13 -5.6880043379601165e-13 -8.1042220467397835e-13 0.34379036881104919 0.33067770228554277 0.013112666525506411 0.00085283136323327437
29999 0 0 0.32785330824983255 24.688016349938369 0.0048939230020557225 0.00076030782149686988 0.0048939230020557068 0.00076030782149687096 0.0048939230020557225 -1.6595752550026063e-17 -5.4599727517147872e-17 -8.2259719869335711e-17 -1.1066123788258465e-16 -1.8469911630173748e-16 49.999999999999474 49.999999999999176 49.999999999999474 -5.2580162446247414e-13 -8.2422957348171622e-13 1.0000000000000011 1969.8656512421105 8030.134348727016 0.010728867781582125 0 0 0.990637039500049 5.4656543075918355e-18 1 -1.6598007690493688e-13 -5.4671962486721459e-13 -8.226068003027028e-13 0.34391629233988136 0.33063643608886867 0.013279856251012689 0.00076030782149686988
