# 1:passo  2:R0  3:|a2|/R0  4:|a4|/R0  5:|a8|/R0  6:rmin  7:rmax
0 24.99530979 1.096091932e-16 9.52226216e-05 8.27724819e-05 24.98429581 25.00965244
500 24.99517569 6.518758329e-17 5.373560382e-05 6.037592536e-05 24.98664386 25.00845218
1000 24.99471676 2.496037648e-16 0.0001261282038 5.849993956e-05 24.98443518 25.0089586
1500 24.9942743 1.212736337e-16 0.0001711651124 5.795756489e-05 24.98289228 25.00912647
2000 24.99403374 9.494748162e-17 0.000191374138 5.780165856e-05 24.9821566 25.0091617
2500 24.99403758 5.995883534e-16 0.0001937548926 5.775792851e-05 24.98210196 25.00919694
3000 24.99424908 5.969255169e-16 0.0001851369093 5.776610287e-05 24.98252368 25.0092876
3500 24.99455469 6.872100824e-16 0.0001716101824 5.781647538e-05 24.98315907 25.0094046
4000 24.99479822 9.214635942e-16 0.0001582490381 5.791285126e-05 24.98372853 25.00946376
4500 24.99487802 1.042506154e-15 0.0001483529418 5.804818418e-05 24.98405024 25.00941008
5000 24.99478398 1.138501116e-15 0.0001425058761 5.822526831e-05 24.98409957 25.00924154
5500 24.99459876 9.233532081e-16 0.0001399717111 5.839590589e-05 24.98397702 25.00902842
6000 24.99442312 7.54765238e-16 0.0001394412255 5.852416758e-05 24.98381487 25.0088511
6500 24.99433864 8.022323164e-16 0.0001399501221 5.856819338e-05 24.98371817 25.00877586
7000 24.99437021 1.150335057e-15 0.0001406851579 5.852943599e-05 24.98373163 25.00881612
7500 24.9944878 1.055373785e-15 0.0001412245656 5.843705052e-05 24.98383566 25.0089372
8000 24.99462267 1.254149195e-15 0.0001415304186 5.833949927e-05 24.98396264 25.00907197
8500 24.99470547 8.671157794e-16 0.0001418274793 5.827864027e-05 24.98403796 25.0091562
9000 24.99470071 8.317692389e-16 0.0001422968896 5.82738513e-05 24.98402181 25.00915786
9500 24.99462 1.161792844e-15 0.0001429101959 5.831763778e-05 24.98392641 25.0090878
10000 24.99451062 1.051315668e-15 0.0001435027719 5.838065689e-05 24.9838029 25.00898965
10500 24.99442764 1.393484427e-15 0.0001438864451 5.842938513e-05 24.98371077 25.00891429
11000 24.99440787 1.122521609e-15 0.0001439547974 5.844086805e-05 24.98368934 25.008896
11500 24.99445457 8.732376193e-16 0.0001437104537 5.841339851e-05 24.98374182 25.008938
12000 24.99453979 6.15217948e-16 0.0001432777008 5.836379235e-05 24.98383732 25.00901485
12500 24.99462032 7.891492514e-16 0.0001428480503 5.831773592e-05 24.98392811 25.00908722
13000 24.99465961 7.608618701e-16 0.0001425932018 5.829646799e-05 24.98397353 25.00912193
13500 24.99464403 6.682340705e-16 0.0001425839666 5.830757956e-05 24.98395826 25.00910673
14000 24.9945867 7.349305636e-16 0.0001427718654 5.834292788e-05 24.98389655 25.00905367
14500 24.99451829 1.219040854e-15 0.0001430314771 5.838406826e-05 24.98382202 25.0089908
15000 24.99447092 1.28065358e-15 0.0001432286052 5.841193136e-05 24.98376997 25.00894749
15500 24.99446341 1.091056399e-15 0.0001432804532 5.841558678e-05 24.98376119 25.00894087
16000 24.99449423 8.163923516e-16 0.0001431841812 5.839633176e-05 24.98379425 25.00896947
16500 24.99454472 5.91176981e-16 0.0001430081071 5.836560017e-05 24.98384886 25.00901607
17000 24.99458956 3.900526336e-16 0.0001428503675 5.833858829e-05 24.98389742 25.00905745
17500 24.9946092 4.545242253e-16 0.0001427881471 5.832689464e-05 24.98391854 25.00907568
18000 24.99459804 4.370291857e-16 0.0001428428202 5.833372016e-05 24.98390609 25.00906559
18500 24.99456522 2.498210066e-16 0.0001429768047 5.835346276e-05 24.98387011 25.00903557
19000 24.99452858 8.799327634e-17 0.0001431187124 5.837539543e-05 24.98383012 25.00900193
19500 24.99450538 3.649584865e-16 0.0001432008697 5.838922333e-05 24.98380497 25.00898051
20000 24.99450447 3.805585757e-16 0.0001431904556 5.838972706e-05 24.98380431 25.00897949
20500 24.99452336 7.47659327e-16 0.0001431010368 5.837848565e-05 24.98382531 25.0089966
21000 24.99455073 1.029543074e-15 0.0001429814293 5.836226361e-05 24.98385552 25.00902155
21500 24.99457284 7.966728857e-16 0.0001428892607 5.834923422e-05 24.98387982 25.00904176
22000 24.99458012 1.259171362e-15 0.0001428633022 5.834503378e-05 24.98388772 25.00904848
22500 24.99457108 1.447481532e-15 0.0001429077234 5.835048399e-05 24.98387763 25.00904032
23000 24.99455197 1.493080996e-15 0.0001429942379 5.836182292e-05 24.98385647 25.00902294
23500 24.99453291 1.568989918e-15 0.0001430788619 5.837302765e-05 24.9838354 25.00900559
24000 24.99452275 2.094225621e-15 0.0001431237853 5.837888976e-05 24.98382417 25.00899633
24500 24.99452512 2.37815279e-15 0.0001431137947 5.837732666e-05 24.98382677 25.00899849
25000 24.9945374 2.50656858e-15 0.0001430604515 5.836995861e-05 24.98384031 25.00900969
25500 24.9945527 2.540381116e-15 0.0001429935443 5.836090339e-05 24.9838572 25.00902363
26000 24.99456357 3.1534198e-15 0.0001429452241 5.835456539e-05 24.98386921 25.00903352
26500 24.99456551 3.015570313e-15 0.0001429350141 5.835356158e-05 24.9838714 25.00903527
27000 24.99455869 2.978498797e-15 0.0001429625007 5.835772614e-05 24.98386394 25.00902903
27500 24.99454732 2.902509322e-15 0.0001430100922 5.836452309e-05 24.98385145 25.00901864
28000 24.99453718 2.776457893e-15 0.0001430532822 5.837050486e-05 24.98384028 25.00900939
28500 24.9945328 2.80699026e-15 0.0001430727645 5.837301402e-05 24.98383543 25.00900539
29000 24.9945355 2.523950323e-15 0.0001430626323 5.83713127e-05 24.98383836 25.00900787
29500 24.99454317 2.229379323e-15 0.0001430313949 5.836668965e-05 24.98384677 25.00901489
30000 24.99455169 1.881498077e-15 0.0001429962303 5.836162112e-05 24.98385613 25.00902268
30500 24.99455704 1.615002348e-15 0.0001429739561 5.835848731e-05 24.983862 25.00902758
31000 24.99455715 1.187917815e-15 0.0001429733008 5.835848911e-05 24.98386213 25.00902767
31500 24.99455261 1.206712186e-15 0.0001429918862 5.836123978e-05 24.98385716 25.00902353
32000 24.99454609 1.085517809e-15 0.0001430187163 5.836513754e-05 24.98385 25.00901756
32500 24.99454082 9.615124579e-16 0.0001430403319 5.836825156e-05 24.98384422 25.00901274
33000 24.99453907 8.072097485e-16 0.000143047336 5.836925021e-05 24.9838423 25.00901113
33500 24.99454121 7.566046564e-16 0.0001430382405 5.836793891e-05 24.98384465 25.00901308
34000 24.99454577 8.351301901e-16 0.0001430191891 5.83652087e-05 24.98384966 25.00901725
34500 24.99455035 8.981896852e-16 0.0001430001881 5.836249208e-05 24.98385469 25.00902144
35000 24.99455284 6.039150386e-16 0.0001429900104 5.836103698e-05 24.98385743 25.00902372
35500 24.99455235 3.179768953e-16 0.0001429922936 5.836135551e-05 24.98385689 25.00902328
36000 24.99454949 2.628236966e-16 0.0001430044865 5.836307949e-05 24.98385374 25.00902066
36500 24.99454586 1.135289446e-16 0.0001430197799 5.83652393e-05 24.98384974 25.00901735
37000 24.99454323 3.941194519e-16 0.0001430307627 5.836678516e-05 24.98384685 25.00901494
37500 24.99454269 8.337989287e-16 0.0001430329082 5.836708063e-05 24.98384626 25.00901445
37999 24.99454434 1.231654245e-15 0.0001430258515 5.836607768e-05 24.98384808 25.00901595
