# step v0 Mach sigma R umax_ref urms_ref umax_mean urms_mean umax_lab mean_x mean_y mean_z drop_ux drop_uy x0 y0 x_unwrapped center_dx center_dy axis_ratio mass_R mass_B min_f negative_total negative_color min_rho min_phi max_phi qx qy qz p_in p_out delta_p urms_lab
0 0 0 -5.560112678108922e-15 25.040521385269312 0.00056623530568190568 0.00011012303960321048 0.00056623530568190568 0.00011012303960321048 0.00056623530568190568 5.8485835154550081e-21 -4.874151595452811e-21 -6.244756892906064e-21 3.9888021750339072e-20 -3.5470790736513237e-21 50.000000000000007 50.000000000000007 50.000000000000007 7.1054273576010019e-15 7.1054273576010019e-15 1.0000000000000007 1969.8656512480641 8030.1343487520408 0.027645341412172914 0 0 0.99999999999999944 5.1710809399147485e-26 0.99999999999998512 1.9969902264698144e-17 -1.8540289695232174e-16 -3.8887641070859211e-17 0.33333333333333387 0.33333333333333409 -2.2204460492503131e-16 0.00011012303960321048
500 0 0 0.025372594917553823 24.994203199823623 0.0022690465262564991 0.0013950093488336844 0.0022690465262564939 0.0013950093488336842 0.0022690465262564991 1.9519108551691965e-18 -5.3262082244656437e-18 1.4260646652646184e-19 6.6033862783368444e-17 1.5968515776131895e-17 50.000000000000014 49.999999999999986 50.000000000000014 1.4210854715202004e-14 -1.4210854715202004e-14 1.0000000000000013 1969.8656512479445 8030.134348751566 0.027476509377081862 0 0 0.99544422561109158 4.0196981088921835e-18 1 1.9227630962013673e-14 -6.3296918840225272e-14 1.437817118145633e-15 0.33430829964508973 0.33329316046602869 0.001015139179061042 0.0013950093488336844
1000 0 0 0.076618710144246066 24.947989803185301 0.0031194238889783407 0.001923271742632922 0.0031194238889783389 0.0019232717426329214 0.0031194238889783407 1.6389667401030558e-18 -7.2164496600642596e-19 -9.8529453823718791e-20 7.9831220979825599e-18 -1.1904880521505221e-18 50.000000000000021 49.999999999999993 50.000000000000021 2.1316282072803006e-14 -7.1054273576010019e-15 1.0000000000000011 1969.8656512478608 8030.1343487511822 0.027334144337045636 0 0 0.99644579200023031 5.7458276981196811e-18 1 1.6583983535392588e-14 -5.6907874679962278e-15 -9.3346217666646234e-16 0.33581501325943519 0.3327438756347732 0.0030711376246619904 0.001923271742632922
1500 0 0 0.1358612289281069 24.903418733204074 0.0027180981215281777 0.0016732403733342336 0.0027180981215281803 0.0016732403733342334 0.0027180981215281777 1.3686968225458873e-18 -2.3158558404293529e-18 -6.9742130814677552e-20 -3.7782060184431224e-17 5.810040247609917e-18 50.000000000000028 49.999999999999993 50.000000000000028 2.8421709430404007e-14 -7.1054273576010019e-15 1.0000000000000002 1969.8656512477639 8030.1343487507866 0.027362581393466326 0 0 0.99398267741676616 5.7558923019306717e-18 1 1.3631294443899877e-14 -1.8956217888790872e-14 -7.6434199512305673e-16 0.33757570047663565 0.33212017525804544 0.0054555252185902181 0.0016732403733342336
2000 0 0 0.16318152891927329 24.878486532922125 0.0016051327666949436 0.00085872351367086207 0.0016051327666949413 0.00085872351367086261 0.0016051327666949436 2.2870594307282789e-18 -5.5316862201959465e-18 1.325279703704766e-19 -7.3628022114157715e-17 -6.0852371138914478e-17 50.000000000000028 49.999999999999986 50.000000000000028 2.8421709430404007e-14 -1.4210854715202004e-14 1.0000000000000013 1969.8656512476784 8030.13434875042 0.027476314236844442 0 0 0.9935814344010746 5.8716703058264764e-18 1 2.3030148209486623e-14 -4.7546154838783161e-14 1.2869270564106593e-15 0.33828965774747832 0.33173051562670131 0.0065591421207770173 0.00085872351367086207
2500 0 0 0.16701227131778321 24.87673852814504 0.0010664100104067044 0.00064120704581873062 0.0010664100104066992 0.00064120704581873073 0.0010664100104067044 5.3077334194474744e-18 -4.3690745465962051e-18 -1.2145596061221845e-20 -4.7980282783885855e-17 -9.4238794193891932e-17 50.000000000000036 49.999999999999986 50.000000000000036 3.5527136788005009e-14 -1.4210854715202004e-14 1.0000000000000013 1969.8656512475952 8030.1343487500499 0.027606203898662408 0 0 0.99500775585877999 5.43167825080256e-18 1 5.3104225796471796e-14 -5.2465413876443337e-14 -1.2829485788652974e-16 0.33855098684919899 0.33183739490752107 0.0067135919416779211 0.00064120704581873062
3000 0 0 0.14236888028994138 24.896556652700582 0.0016847402843700612 0.0011572071580433121 0.001684740284370063 0.0011572071580433117 0.0016847402843700612 2.833150380966114e-18 1.3773704399259702e-19 -9.3728832727542239e-21 2.6075643474022302e-18 -6.3125851907706318e-17 50.000000000000036 49.999999999999986 50.000000000000036 3.5527136788005009e-14 -1.4210854715202004e-14 1.0000000000000013 1969.8656512475077 8030.1343487496915 0.027501920075935764 0 0 0.99596727053041589 5.7690655883779911e-18 1 2.7852720130283615e-14 -7.7370022281281203e-16 -5.7091645394950626e-17 0.3379813235906986 0.33226290709335143 0.0057184164973471674 0.0011572071580433121
3500 0 0 0.101209226152512 24.927303394567659 0.0016901526616281003 0.0012305779887163513 0.0016901526616281064 0.001230577988716351 0.0016901526616281003 5.7703841704911386e-18 -2.6242896744585722e-18 7.0425185273863398e-20 6.0202477976996833e-18 4.4745503019869027e-17 50.000000000000036 49.999999999999993 50.000000000000036 3.5527136788005009e-14 -7.1054273576010019e-15 1.0000000000000022 1969.8656512474188 8030.1343487493168 0.027510810305724422 0 0 0.99613335542999248 6.3021952628337414e-18 1 5.7766291750027676e-14 -3.6759224136817537e-14 7.8245025024490648e-16 0.33679691063786887 0.33273673515275931 0.0040601754851095628 0.0012305779887163513
4000 0 0 0.068345214369697455 24.952944911776932 0.0012557472455410918 0.00080567701262712523 0.0012557472455410903 0.00080567701262712502 0.0012557472455410918 5.6780968815693829e-18 1.4543921622594925e-18 1.1761259905742848e-19 5.4324586873916001e-17 8.1218877145990616e-17 50.000000000000043 49.999999999999986 50.000000000000043 4.2632564145606011e-14 -1.4210854715202004e-14 1.0000000000000016 1969.8656512473121 8030.1343487489403 0.027595651053338898 0 0 0.99624533511003455 6.541046900411199e-18 1 5.6440935909327083e-14 1.511768141226888e-14 1.1339453100394293e-15 0.33581410691254054 0.33307514305030556 0.0027389638622349888 0.00080567701262712523
4500 0 0 0.056424016823595304 24.962824481009218 0.00062609450525839675 0.00041705972168335929 0.00062609450525839903 0.00041705972168335945 0.00062609450525839675 8.9112744960966182e-18 2.2656355958004652e-18 6.5567745160172559e-20 8.1457773710942181e-17 1.6289561383047675e-16 50.000000000000043 49.999999999999986 50.000000000000043 4.2632564145606011e-14 -1.4210854715202004e-14 1.0000000000000022 1969.8656512472114 8030.1343487485301 0.027628125401883908 0 0 0.99636192915465227 6.3273023465196388e-18 1 8.8890700356003549e-14 2.338775874355381e-14 6.1190506951938365e-16 0.33541370122788366 0.33315337940947243 0.0022603218184112372 0.00041705972168335929
5000 0 0 0.068026003085987968 24.955338619806742 0.0011815805175540493 0.000760847942355155 0.0011815805175540404 0.000760847942355155 0.0011815805175540493 9.1530949486482169e-18 3.5357133887375479e-18 1.4190398643120728e-19 8.2598189647381721e-17 1.5438933285757951e-16 50.00000000000005 49.999999999999986 50.00000000000005 4.9737991503207013e-14 -1.4210854715202004e-14 1.0000000000000011 1969.8656512471284 8030.1343487481481 0.027556294206944484 0 0 0.99681744121999127 5.5093372666525112e-18 1 9.1220432290174507e-14 2.6215139474895614e-14 1.4322595978721915e-15 0.33569854689014433 0.33297263705087665 0.0027259098392676817 0.000760847942355155
5500 0 0 0.090650040172997839 24.938252668389715 0.0013385921871703458 0.00095419475956555727 0.0013385921871703506 0.00095419475956555813 0.0013385921871703458 1.1780160180669423e-17 5.1417203827979286e-18 -1.5616424224850649e-20 1.3071371159252671e-16 6.9639481314237144e-17 50.00000000000005 49.999999999999993 50.00000000000005 4.9737991503207013e-14 -7.1054273576010019e-15 1.0000000000000031 1969.8656512470611 8030.1343487478125 0.027550419641566619 0 0 0.99730110655375459 5.1683545194406528e-18 1 1.1817285973554637e-13 5.3562189405997884e-14 -1.0146506797850892e-16 0.33623550651148354 0.33260052689288738 0.0036349796185961569 0.00095419475956555727
6000 0 0 0.11407099974395603 24.920520133526022 0.0010349598292810323 0.0007345618240719062 0.001034959829281036 0.00073456182407190631 0.0010349598292810323 1.0780265569116318e-17 5.5840748691724749e-18 1.5474219852587146e-19 9.6287112935292064e-17 -3.2991794528535281e-17 50.000000000000057 50.000000000000014 50.000000000000057 5.6843418860808015e-14 1.4210854715202004e-14 1.0000000000000031 1969.8656512469447 8030.1343487473978 0.027575994481229771 0 0 0.99486196650229297 5.0823875528881432e-18 1 1.0755633851004115e-13 4.8433052544667038e-14 1.4625054951206241e-15 0.33682336794997292 0.33224597553870883 0.0045773924112640918 0.0007345618240719062
6500 0 0 0.12739601808747461 24.910006009568029 0.00037409990469861097 0.00024777648741932811 0.00037409990469859867 0.00024777648741932832 0.00037409990469861097 1.232139390517558e-17 1.3756357164504471e-17 -7.6272413977820857e-21 4.1439651638871827e-17 -1.3974923443001165e-16 50.000000000000064 50.000000000000014 50.000000000000064 6.3948846218409017e-14 1.4210854715202004e-14 1.0000000000000013 1969.8656512468751 8030.1343487470549 0.027602070286373619 0 0 0.99405474776774105 5.0946156617863822e-18 1 1.2340996958072961e-13 1.3754248391270596e-13 -3.7737964560093954e-17 0.33719165951073882 0.33207740871374819 0.005114250796990627 0.00024777648741932811
7000 0 0 0.12660724331574091 24.910465984244226 0.00056546350529488134 0.00036265752577996059 0.00056546350529489608 0.00036265752577996097 0.00056546350529488134 1.5196307753827575e-17 1.1329132076916823e-17 1.0721159353994553e-19 3.9141185868393309e-17 -1.6146912318151072e-16 50.000000000000071 50.000000000000028 50.000000000000071 7.1054273576010019e-14 2.8421709430404007e-14 1.0000000000000009 1969.8656512467517 8030.134348746702 0.02763154474441569 0 0 0.99484364894991406 5.188695332660409e-18 1 1.5167988901291975e-13 1.1423544571495959e-13 1.0819101710234534e-15 0.33723105010585763 0.33214855813658578 0.0050824919692718518 0.00036265752577996059
7500 0 0 0.11288947665668175 24.920550051438088 0.0010115631916080932 0.00067955266716542213 0.0010115631916080979 0.00067955266716542288 0.0010115631916080932 1.6758469612033318e-17 1.0025313912372208e-17 -3.365908722174244e-20 -6.6004261801759094e-17 -1.1767560434298931e-16 50.000000000000078 50.000000000000028 50.000000000000078 7.815970093361102e-14 2.8421709430404007e-14 1.0000000000000029 1969.865651246685 8030.1343487462836 0.027599365303447799 0 0 0.99659528999179137 5.4424439324571774e-18 1 1.6755520920925561e-13 8.5077998384372813e-14 -2.9751591020668096e-16 0.33691164716552618 0.33238167184701722 0.0045299753185089608 0.00067955266716542213
8000 0 0 0.094460990610274104 24.93406269994659 0.00099843819563814103 0.0006710711089102817 0.00099843819563815491 0.00067107110891028148 0.00099843819563814103 1.9558313302262958e-17 1.2151391004531565e-17 7.6332886532425464e-20 -9.4756769637860533e-17 3.2135879821303535e-17 50.000000000000092 50.000000000000036 50.000000000000092 9.2370555648813024e-14 3.5527136788005009e-14 1.0000000000000007 1969.8656512465921 8030.1343487459026 0.027592482781031602 0 0 0.99738124828826147 5.5646722567407881e-18 1 1.9636723480988619e-13 1.1763355385802955e-13 7.3484660662318438e-16 0.33644290433091878 0.33265447274850857 0.0037884315824102122 0.0006710711089102817
8500 0 0 0.081399067737048816 24.943758868250242 0.00054390247331288322 0.00037042351965032005 0.00054390247331288202 0.00037042351965032021 0.00054390247331288322 1.6671993646757321e-17 1.8453988337455911e-17 -7.2844792782688425e-21 -3.8302093615197039e-17 6.319846124922348e-17 50.000000000000107 50.000000000000043 50.000000000000107 1.0658141036401503e-13 4.2632564145606011e-14 1.0000000000000056 1969.8656512464829 8030.1343487455506 0.027636767175718953 0 0 0.99691705725451163 5.6089750800373389e-18 1 1.6675029412827058e-13 1.8568523454942643e-13 -2.7038750279051356e-17 0.33611431004360715 0.33285100605774887 0.0032633039858582791 0.00037042351965032005
9000 0 0 0.079322596600919962 24.945368138421728 0.00010283859344371101 6.698231920491504e-05 0.00010283859344369655 6.6982319204914959e-05 0.00010283859344371101 1.4465165176792399e-17 1.7697930794495153e-17 1.6236341598701213e-19 -1.1640464040420918e-17 9.4908399358720773e-17 50.000000000000114 50.000000000000057 50.000000000000114 1.1368683772161603e-13 5.6843418860808015e-14 1.0000000000000002 1969.8656512464038 8030.1343487451213 0.027686962309070754 0 0 0.99683979009220836 5.5496433253562925e-18 1 1.4483770086060055e-13 1.7807767293168239e-13 1.5849162974605309e-15 0.33607540564947086 0.33289555293449952 0.0031798527149713429 6.698231920491504e-05
9500 0 0 0.087549619817423791 24.939242701339449 0.00056299099857269987 0.00040208067453532758 0.00056299099857267591 0.00040208067453532779 0.00056299099857269987 1.0867695632309097e-17 2.2992718840007293e-17 1.4293610341666607e-19 1.0486794595866608e-16 3.0136890376641886e-17 50.000000000000128 50.000000000000064 50.000000000000128 1.2789769243681803e-13 6.3948846218409017e-14 1.0000000000000024 1969.8656512463135 8030.1343487448339 0.027637764090835206 0 0 0.9971053261800491 5.4273056610193082e-18 1 1.0813746071009801e-13 2.175014725616653e-13 1.3415661338890726e-15 0.33629119559992615 0.33278067922756166 0.0035105163723644917 0.00040208067453532758
10000 0 0 0.10082614563866661 24.929257236478449 0.00073235534024267948 0.00052411546451339522 0.0007323553402427003 0.00052411546451339597 0.00073235534024267948 5.9313665090654563e-18 2.5676683002042366e-17 2.9492470521692956e-20 5.5178338877363967e-17 -4.9845387975917649e-17 50.000000000000142 50.000000000000078 50.000000000000142 1.4210854715202004e-13 7.815970093361102e-14 1.0000000000000022 1969.8656512462289 8030.1343487443801 0.027625958370870299 0 0 0.99744039636536841 5.2256847134434569e-18 1 5.9171421153700679e-14 2.5843737211568053e-13 2.4796914948598644e-16 0.3366174471847227 0.33257295662159714 0.0040444905631255579 0.00052411546451339522
10500 0 0 0.11278360728216698 24.920324628034237 0.00056683398092689569 0.00039821722169515906 0.00056683398092690696 0.00039821722169516014 0.00056683398092689569 5.930672619675326e-18 2.2570487145956379e-17 -7.3561529536222303e-20 3.3260221375125099e-17 -3.2697011192520527e-17 50.000000000000156 50.000000000000099 50.000000000000156 1.5631940186722204e-13 9.9475983006414026e-14 1.0000000000000033 1969.8656512461257 8030.1343487440254 0.027648556481379535 0 0 0.99665283628403101 5.1687126898553406e-18 1 5.8728195917456816e-14 2.2371514363239697e-13 -8.6754333151066911e-16 0.33690828406438594 0.33238251608320601 0.004525767981179929 0.00039821722169515906
11000 0 0 0.11818197320555771 24.916396893953443 0.00021166260940220418 0.00012397873429061967 0.00021166260940222505 0.00012397873429061996 0.00021166260940220418 4.5588478738608405e-18 2.4232525708292353e-17 -3.3665445393124734e-20 2.8903491276247946e-17 2.7723550249956647e-17 50.000000000000171 50.000000000000107 50.000000000000171 1.7053025658242404e-13 1.0658141036401503e-13 1.0000000000000016 1969.8656512460384 8030.1343487436461 0.027667370588830842 0 0 0.99602719680476481 5.1900946254325334e-18 1 4.5218874429719795e-14 2.4160880294632882e-13 -2.416455341181605e-16 0.33703891724475721 0.33229577666514004 0.0047431405796171666 0.00012397873429061967
11500 0 0 0.11508689416254846 24.918903101178795 0.00030188392219185025 0.00020201402174352507 0.00030188392219187399 0.00020201402174352563 0.00030188392219185025 6.2486474328227107e-18 2.7350691156365051e-17 -2.2893487283470095e-20 -2.2385340006242086e-17 2.2406768934382502e-17 50.000000000000171 50.000000000000128 50.000000000000171 1.7053025658242404e-13 1.2789769243681803e-13 1.0000000000000036 1969.8656512459445 8030.134348743245 0.027655572532419969 0 0 0.99621640480699858 5.3415073324906167e-18 1 6.2535053361751497e-14 2.7604156279032767e-13 -2.3549865238341743e-16 0.33695403612992797 0.33233557866030106 0.0046184574696269132 0.00020201402174352507
12000 0 0 0.10551338774249461 24.926190051608692 0.00053333049237302369 0.00037011062376499104 0.00053333049237301263 0.00037011062376498974 0.00053333049237302369 6.1395333261839938e-18 2.5921625956855273e-17 6.9733498938431297e-20 -6.2059357936159108e-17 1.0267389557452109e-16 50.000000000000171 50.000000000000149 50.000000000000171 1.7053025658242404e-13 1.4921397450962104e-13 1.0000000000000016 1969.8656512458622 8030.1343487428985 0.027648022083645262 0 0 0.9969665574656108 5.4295201913850648e-18 1 6.1225323584861852e-14 2.6118473703262701e-13 6.7742512875528984e-16 0.33669721701930927 0.33246418391140015 0.0042330331079091232 0.00037011062376499104
12500 0 0 0.094565057439977243 24.934424510578975 0.00051539810517043001 0.00035552115329286123 0.00051539810517042285 0.00035552115329286113 0.00051539810517043001 1.0385789450685216e-17 2.4326374248346236e-17 8.0844273874621148e-20 -4.4855008307780935e-17 1.7425420662394751e-16 50.000000000000185 50.000000000000163 50.000000000000185 1.8474111129762605e-13 1.6342482922482304e-13 1.0000000000000016 1969.8656512457567 8030.1343487425283 0.02765017509274862 0 0 0.99757559401716644 5.4848564383319185e-18 1 1.0415105599790794e-13 2.4019729347873886e-13 7.7221693604520009e-16 0.33640660242797288 0.33261405219687146 0.0037925502311014214 0.00035552115329286123
13000 0 0 0.087533957784796959 24.939696130423055 0.00027400249610059672 0.00018561715352320691 0.00027400249610062382 0.00018561715352320682 0.00027400249610059672 1.0870644662221901e-17 2.7418345371932413e-17 -1.49235298317678e-20 9.0007371740089106e-17 1.6729906849776944e-16 50.000000000000192 50.000000000000171 50.000000000000192 1.9184653865522705e-13 1.7053025658242404e-13 1.0000000000000022 1969.8656512456816 8030.1343487421236 0.027672743466293719 0 0 0.9973425012025412 5.4971372912558235e-18 1 1.0893716653845743e-13 2.7659222568560127e-13 -1.4262674871197509e-16 0.33622801640802114 0.33271819185654966 0.0035098245514714743 0.00018561715352320691
13500 0 0 0.087137033003453684 24.939950811320742 0.00010733059931910073 6.3121875193206448e-05 0.00010733059931912751 6.3121875193206421e-05 0.00010733059931910073 1.0028219574200087e-17 2.6785995296852395e-17 6.1405687172023527e-20 5.7560048108298061e-17 1.2125749666040132e-16 50.000000000000206 50.000000000000192 50.000000000000206 2.0605739337042905e-13 1.9184653865522705e-13 1.000000000000002 1969.8656512455823 8030.1343487417889 0.027700091463625703 0 0 0.99729436000891059 5.4691944441483811e-18 1 1.0065299203783134e-13 2.6889338737394464e-13 6.2279783129791362e-16 0.33622940243695948 0.33273552894608233 0.0034938734908771529 6.3121875193206448e-05
14000 0 0 0.092671860401487158 24.935687696952169 0.00032909826103448488 0.00023452939030481205 0.00032909826103449995 0.00023452939030481188 0.00032909826103448488 6.5798061443886554e-18 2.8416852204708527e-17 2.0119387531893035e-20 3.7418993475329186e-17 4.4695186062602032e-17 50.000000000000213 50.000000000000213 50.000000000000213 2.1316282072803006e-13 2.1316282072803006e-13 1.0000000000000007 1969.8656512454897 8030.1343487414742 0.027673426203855725 0 0 0.99742211718721918 5.4101550646013251e-18 1 6.5925563619284588e-14 2.8597122499890437e-13 2.1046263584315943e-16 0.33638329541519646 0.33266686049959499 0.0037164349156014742 0.00023452939030481205
14500 0 0 0.10098273354967076 24.929313218182642 0.00040318983544343202 0.00028812698940972238 0.00040318983544345208 0.00028812698940972162 0.00040318983544343202 1.7269172203372489e-18 3.0368416115186287e-17 -2.4985896195840718e-20 -1.6122610159996518e-17 -1.4106171662820133e-17 50.00000000000022 50.000000000000227 50.00000000000022 2.2026824808563106e-13 2.2737367544323206e-13 1.0000000000000027 1969.8656512454052 8030.1343487410186 0.027665411758274302 0 0 0.99758288679053309 5.3602789427128519e-18 1 1.7746207606715581e-14 3.0064611485579838e-13 -2.9176041949766733e-16 0.33660408695274474 0.3325533241954291 0.0040507627573156402 0.00028812698940972238
15000 0 0 0.10817279781335554 24.92382523446997 0.00028483993625272921 0.00020670353004625838 0.00028483993625274341 0.0002067035300462587 0.00028483993625272921 7.2754302582569348e-18 2.7403773694739259e-17 -2.6709150886341382e-20 -3.086723684528623e-17 -1.0456557314710813e-16 50.000000000000227 50.000000000000249 50.000000000000227 2.2737367544323206e-13 2.4868995751603507e-13 1.0000000000000022 1969.8656512453028 8030.1343487407194 0.027674712616279556 0 0 0.99712633337698853 5.3346516775576419e-18 1 7.2860115632304191e-14 2.7214526374900062e-13 -3.4978640322183767e-16 0.33679359266011272 0.33245345639307811 0.0043401362670346111 0.00020670353004625838
15500 0 0 0.11124334687390314 24.921513677135852 7.2277683469376526e-05 4.3894345231225426e-05 7.2277683469356983e-05 4.3894345231225453e-05 7.2277683469376526e-05 3.8517583220210552e-18 2.4542737633894866e-17 -1.5092087605759009e-19 -8.6316760619306329e-17 -1.3986067517033883e-16 50.000000000000227 50.00000000000027 50.000000000000227 2.2737367544323206e-13 2.7000623958883807e-13 1.0000000000000002 1969.865651245218 8030.1343487402219 0.027690192242650166 0 0 0.99687066375614763 5.3454878680034156e-18 1 3.8183648315754282e-14 2.4598424946767632e-13 -1.4691369701211146e-15 0.33687512574443201 0.33241137814406202 0.0044637476003699939 4.3894345231225426e-05
16000 0 0 0.10926847693415907 24.923055362426307 0.00017964762455215292 0.00012060736381093923 0.00017964762455213625 0.0001206073638109391 0.00017964762455215292 -1.406427058150301e-18 2.2156235179904132e-17 -3.3994757879494778e-20 -7.1793684041044407e-17 -4.3385692443575768e-17 50.000000000000234 50.000000000000291 50.000000000000234 2.3447910280083306e-13 2.9132252166164108e-13 1.0000000000000011 1969.8656512451225 8030.1343487399781 0.027683662766463529 0 0 0.99701591072963081 5.3823851388331025e-18 1 -1.3676995259536036e-14 2.229820603334709e-13 -3.3537844812522021e-16 0.33682200054768896 0.33243776774215217 0.0043842328055367918 0.00012060736381093923
16500 0 0 0.10367078930224137 24.927333862695686 0.00030481562608567164 0.00020921126084946627 0.00030481562608568146 0.00020921126084946643 0.00030481562608567164 6.8093100602623004e-18 3.087547578722099e-17 -1.0754824723256025e-19 -3.8966641818801508e-17 9.6682080705688362e-17 50.000000000000234 50.000000000000306 50.000000000000234 2.3447910280083306e-13 3.0553337637684308e-13 1.0000000000000002 1969.8656512450336 8030.1343487395143 0.027675836875721088 0 0 0.99743121973976934 5.4286936766760065e-18 1 6.7982955826188449e-14 3.0765765538745982e-13 -1.1831839588185359e-15 0.33667023520688666 0.33251131512849885 0.0041589200783878066 0.00020921126084946627
17000 0 0 0.097408429367336263 24.932107067003365 0.0002824225744609133 0.00019331337518234705 0.00028242257446088641 0.0001933133751823461 0.0002824225744609133 4.4381165409461133e-18 3.3532725207727743e-17 1.0475859406929762e-19 -1.185989871546587e-17 1.3239030724721249e-16 50.000000000000242 50.00000000000032 50.000000000000242 2.4158453015843406e-13 3.1974423109204508e-13 1.0000000000000013 1969.8656512449518 8030.1343487391596 0.027679017479942912 0 0 0.99757733795595172 5.4583399239591653e-18 1 4.487729632352e-14 3.3318899024623472e-13 1.0976389819268145e-15 0.33650057580910486 0.33259362846985441 0.003906947339250455 0.00019331337518234705
17500 0 0 0.093391363099676702 24.935180635458124 0.00014040954438707476 9.3046738215071242e-05 0.0001404095443870525 9.3046738215070836e-05 0.00014040954438707476 3.8554229253647533e-18 3.5303617668183084e-17 -1.0477172769073128e-19 9.773392408298256e-17 9.4174685363349202e-17 50.000000000000249 50.000000000000348 50.000000000000249 2.4868995751603507e-13 3.4816594052244909e-13 1.0000000000000016 1969.8656512448531 8030.134348738794 0.027693296711304594 0 0 0.99747274494695992 5.4603699445231556e-18 1 3.7887658369808661e-14 3.5141895361572029e-13 -8.4055069134235914e-16 0.33639276384750538 0.33264739843527841 0.0037453654122269753 9.3046738215071242e-05
18000 0 0 0.09309975972249819 24.935421136745006 6.2594104949308308e-05 3.8134276218788556e-05 6.2594104949335617e-05 3.813427621878844e-05 6.2594104949308308e-05 4.0958555991357402e-18 3.4515359320699692e-17 -2.3249989305746043e-20 1.6149823217667425e-16 3.3932161893830624e-17 50.000000000000256 50.000000000000355 50.000000000000256 2.5579538487363607e-13 3.5527136788005009e-13 1.0000000000000022 1969.865651244769 8030.1343487384565 0.027703099444437711 0 0 0.99746821992918955 5.4342379148197353e-18 1 4.1101237844220432e-14 3.4605644901302551e-13 -2.1425938175600148e-16 0.33638534486798399 0.33265170992306198 0.0037336349449220152 3.8134276218788556e-05
18500 0 0 0.096138672709199194 24.933112937803141 0.00018152307424351265 0.00013413908594291348 0.0001815230742434884 0.00013413908594291305 0.00018152307424351265 4.8396182894622637e-18 3.9168668308843248e-17 -5.4803100854639427e-20 8.8108537359614075e-17 3.8478550790860249e-17 50.000000000000256 50.000000000000377 50.000000000000256 2.5579538487363607e-13 3.765876499528531e-13 1.0000000000000038 1969.8656512446757 8030.1343487380791 0.027689968196486503 0 0 0.99755502841747135 5.4030056544202641e-18 1 4.8494199853129326e-14 3.9364610915804555e-13 -4.6652610376445008e-16 0.336465809025145 0.33260994582230219 0.003855863202842813 0.00013413908594291348
19000 0 0 0.10072420043340084 24.929614147800692 0.00021717858527725014 0.00015881323639915202 0.00021717858527727616 0.00015881323639915231 0.00021717858527725014 -8.8956619848248792e-19 3.7709765865546055e-17 -1.1241899111404489e-19 5.3744195304537636e-18 5.7788536382731175e-17 50.000000000000256 50.000000000000412 50.000000000000256 2.5579538487363607e-13 4.1211478674085811e-13 1.0000000000000004 1969.8656512445784 8030.1343487376516 0.027687027003705986 0 0 0.99760153626205483 5.3746546642174229e-18 1 -9.3163392039970205e-15 3.7837517407462995e-13 -1.1086466083744294e-15 0.33658682514746541 0.33254648180976931 0.0040403433376960951 0.00015881323639915202
19500 0 0 0.10464726821613869 24.926617410203367 0.00014732893917383011 0.00010936527986591311 0.0001473289391738065 0.00010936527986591283 0.00014732893917383011 -3.4138490645548039e-18 3.6379753376514174e-17 -5.8269527319889259e-20 -8.0475753855813775e-17 6.5605975304367564e-17 50.000000000000249 50.000000000000433 50.000000000000249 2.4868995751603507e-13 4.3343106881366111e-13 1.000000000000002 1969.8656512445034 8030.1343487373078 0.027691542487157633 0 0 0.99728784533994108 5.3616434917830411e-18 1 -3.379761832948908e-14 3.6251009789475819e-13 -5.6786004523363103e-16 0.33669129992525632 0.33249308616467993 0.0041982137605763858 0.00010936527986591311
20000 0 0 0.10625667724636567 24.92538490326762 3.041082382362821e-05 1.918962267457915e-05 3.0410823823605754e-05 1.9189622674579174e-05 3.041082382362821e-05 -7.1204218736597702e-18 3.6676629615386066e-17 8.0841671071569432e-20 -9.3652034947265838e-17 2.8902416134276387e-17 50.000000000000249 50.000000000000441 50.000000000000249 2.4868995751603507e-13 4.4053649617126212e-13 1.0000000000000018 1969.8656512444068 8030.134348736935 0.027698789573347472 0 0 0.99717865008514817 5.3692601080742798e-18 1 -7.0992148791526599e-14 3.66704259460119e-13 7.1297216381368911e-16 0.33673573232370846 0.33247274189612891 0.0042629904275795494 1.918962267457915e-05
20500 0 0 0.10511226655671588 24.926246778146613 0.00011221965486906749 7.2468198427144221e-05 0.00011221965486903531 7.2468198427144288e-05 0.00011221965486906749 -8.2525566241933005e-18 3.7267931796218793e-17 4.233139950825724e-20 -6.6452372732281971e-17 5.949547431104566e-17 50.000000000000242 50.000000000000469 50.000000000000242 2.4158453015843406e-13 4.6895820560166612e-13 1.0000000000000004 1969.8656512443033 8030.1343487365593 0.02769726331837041 0 0 0.997295224383004 5.3908860722262111e-18 1 -8.2696650803495021e-14 3.728695674906613e-13 4.2882113723554634e-16 0.33670712420605386 0.33249019305343164 0.0042169311526222275 7.2468198427144221e-05
21000 0 0 0.10206766002715634 24.928550491016367 0.00017555959991784654 0.00011735979926387687 0.00017555959991787418 0.00011735979926387686 0.00017555959991784654 -2.6300142619335795e-18 4.1741957113121134e-17 6.730054921238324e-20 -2.5583959602840406e-17 2.8702393147414408e-17 50.000000000000234 50.00000000000049 50.000000000000234 2.3447910280083306e-13 4.9027448767446913e-13 1.000000000000002 1969.8656512442287 8030.1343487361646 0.027692038164484858 0 0 0.99755630177046906 5.4152170689560463e-18 1 -2.590202527561359e-14 4.1726295812657965e-13 6.4594654428168733e-16 0.33662713975874831 0.33253273161961727 0.0040944081391310339 0.00011735979926387687
21500 0 0 0.098748097652799474 24.931067192044978 0.00015672818648734029 0.00010432913756670745 0.00015672818648736846 0.00010432913756670778 0.00015672818648734029 -3.050077551642321e-18 3.6778913248343433e-17 3.816947416192906e-20 3.9376670846899384e-18 3.662858889323783e-17 50.000000000000234 50.000000000000504 50.000000000000234 2.3447910280083306e-13 5.0448534238967113e-13 1.0000000000000016 1969.8656512441314 8030.1343487358499 0.027693461040691383 0 0 0.99759947844668573 5.4316938450092755e-18 1 -3.0889786408817062e-14 3.6485121564580614e-13 4.1957872188124318e-16 0.33653923145496328 0.33257838626160918 0.0039608451933541011 0.00010432913756670745
22000 0 0 0.096697813820255427 24.932629177235764 7.4039475812766507e-05 4.6485499167991026e-05 7.4039475812742966e-05 4.6485499167991019e-05 7.4039475812766507e-05 -2.9481191793417275e-18 3.623880709409878e-17 1.3171097762770943e-20 4.0392372932244974e-17 1.990876082710631e-17 50.000000000000242 50.000000000000526 50.000000000000242 2.4158453015843406e-13 5.2580162446247414e-13 1.0000000000000022 1969.8656512440505 8030.1343487354898 0.027702045744349698 0 0 0.99754740714705126 5.4331643587837184e-18 1 -2.9667459420655747e-14 3.6235863485126196e-13 7.989949984605751e-17 0.33648488164499918 0.33260651754898385 0.0038783640960153298 4.6485499167991026e-05
22500 0 0 0.096672330822934291 24.932658323757444 4.7333701878731143e-05 2.6852412542919581e-05 4.733370187875902e-05 2.6852412542919591e-05 4.7333701878731143e-05 -2.5482762601501067e-18 4.1979852753814445e-17 6.4887827100398705e-20 8.1415958937217995e-18 1.8083241691592034e-18 50.000000000000242 50.000000000000547 50.000000000000242 2.4158453015843406e-13 5.4711790653527714e-13 1.0000000000000016 1969.8656512439534 8030.1343487350214 0.027706562538250632 0 0 0.99755010110503772 5.4205883268058353e-18 1 -2.5371740298985035e-14 4.1930426687188105e-13 7.7556011332287048e-16 0.33648389159046438 0.3326065541013119 0.003877337489152477 2.6852412542919581e-05
23000 0 0 0.098412336525400906 24.931344554115331 0.00010583361870599933 7.7345616030090883e-05 0.00010583361870597045 7.7345616030091019e-05 0.00010583361870599933 1.7678566943717642e-18 4.0224421016341473e-17 6.7669732040042429e-20 -3.0621702756921543e-18 -5.0672277212867378e-17 50.000000000000242 50.000000000000561 50.000000000000242 2.4158453015843406e-13 5.6132876125047915e-13 1.0000000000000002 1969.8656512438515 8030.134348734673 0.027700079918644874 0 0 0.99759959403484466 5.402027337416208e-18 1 1.7590096046404824e-14 4.0271041709671884e-13 6.9733168868242482e-16 0.33652904317171589 0.33258170947249283 0.0039473336992230657 7.7345616030090883e-05
23500 0 0 0.10091006344410584 24.929451637026144 0.00011773582007133362 8.7610146987401359e-05 0.00011773582007130104 8.7610146987401034e-05 0.00011773582007133362 1.3314002678151276e-18 4.6122914515546587e-17 -1.7357825927716949e-20 7.4320457961743667e-18 -4.5898137803298492e-17 50.000000000000242 50.000000000000576 50.000000000000242 2.4158453015843406e-13 5.7553961596568115e-13 1.000000000000002 1969.8656512437631 8030.1343487342629 0.027699026790589061 0 0 0.99761791928717969 5.3886592220358469e-18 1 1.3413745889858872e-14 4.604528843510391e-13 -3.1171470327084907e-16 0.3365940244448285 0.33254619920930545 0.0040478252355230504 8.7610146987401359e-05
24000 0 0 0.10295276937074357 24.92790283008231 8.0246091972506912e-05 5.7575080550885633e-05 8.0246091972535399e-05 5.7575080550885755e-05 8.0246091972506912e-05 2.7748853562221416e-18 3.8632985699480084e-17 -5.7253851334560072e-20 2.4888564767125394e-17 4.952975731276365e-17 50.000000000000242 50.000000000000597 50.000000000000242 2.4158453015843406e-13 5.9685589803848416e-13 1.0000000000000009 1969.8656512436696 8030.1343487338982 0.027701900015513675 0 0 0.99744076016876548 5.3819182466426571e-18 1 2.7518784590608658e-14 3.8459608177134649e-13 -5.1261353660699517e-16 0.33664746417257624 0.33251744288388191 0.0041300212886943299 5.7575080550885633e-05
24500 0 0 0.10367691038936998 24.927354534721967 2.6211505268527064e-05 8.6166272305541473e-06 2.621150526849443e-05 8.6166272305541659e-06 2.6211505268527064e-05 8.0097495476676716e-18 4.0829763615311795e-17 6.7657514353886703e-20 6.8711104624835722e-17 5.5679218573900773e-17 50.000000000000249 50.000000000000604 50.000000000000249 2.4868995751603507e-13 6.0396132539608516e-13 1.0000000000000022 1969.8656512435855 8030.1343487335616 0.02770499996104837 0 0 0.99738149097033657 5.3853993057092275e-18 1 8.0348948959468945e-14 4.0803682883143772e-13 6.260861068543485e-16 0.33666671626155709 0.33250755407509419 0.0041591621864628947 8.6166272305541473e-06
25000 0 0 0.10291103858411201 24.927934964982139 7.0376041706659737e-05 4.3472591429412951e-05 7.0376041706624081e-05 4.3472591429412998e-05 7.0376041706659737e-05 1.1862255969191588e-17 3.8566762630788474e-17 -9.374467328832786e-21 9.4639048401243836e-17 9.1646075703474563e-17 50.000000000000256 50.000000000000618 50.000000000000256 2.5579538487363607e-13 6.1817218011128716e-13 1.000000000000004 1969.8656512434861 8030.1343487331615 0.027703381043157317 0 0 0.99745021536623357 5.3964369963095119e-18 1 1.1853126986871576e-13 3.8714094906269173e-13 -6.632013662923646e-17 0.33664686512965541 0.33251852322212566 0.0041283419075297534 4.3472591429412951e-05
25500 0 0 0.10118000068348504 24.929245112114394 0.00010261698915736232 6.6022019695735073e-05 0.00010261698915738104 6.6022019695735032e-05 0.00010261698915736232 1.0198742891900221e-17 3.6675957410057949e-17 -1.1206176079316552e-19 1.2023515581154449e-16 8.8203390223644521e-17 50.000000000000263 50.000000000000639 50.000000000000263 2.6290081223123707e-13 6.3948846218409017e-13 1.0000000000000004 1969.8656512433938 8030.1343487328168 0.027700630533090933 0 0 0.99759951565234983 5.4106873378256846e-18 1 1.0263014396660886e-13 3.6824113721544089e-13 -1.0573328706157926e-15 0.33660147275404745 0.33254278584923153 0.0040586869048159224 6.6022019695735073e-05
26000 0 0 0.099388115534922716 24.930601174886689 8.9106787862857051e-05 5.6527827799804882e-05 8.9106787862867771e-05 5.6527827799805045e-05 8.9106787862857051e-05 1.3674608320723895e-17 3.7212420645006881e-17 -3.782423502362355e-20 1.1701911084184908e-17 5.4981872212533506e-17 50.000000000000263 50.000000000000647 50.000000000000263 2.6290081223123707e-13 6.4659388954169117e-13 1.000000000000002 1969.8656512433195 8030.1343487324129 0.027701577998600058 0 0 0.99762531699410339 5.4197486173587328e-18 1 1.3633061608737734e-13 3.7111573537491091e-13 -3.4193067837472432e-16 0.33655447220029616 0.33256788098904855 0.0039865912112476143 5.6527827799804882e-05
26500 0 0 0.098356225031595412 24.93138244368043 4.1646382509709231e-05 2.358348871160713e-05 4.1646382509746859e-05 2.3583488711607188e-05 4.1646382509709231e-05 1.2810922028098746e-17 4.0411337470891661e-17 8.012940089752841e-20 -4.4365194497344065e-17 -1.8374014755661124e-17 50.000000000000277 50.000000000000654 50.000000000000277 2.7711166694643907e-13 6.5369931689929217e-13 1.0000000000000022 1969.8656512432121 8030.1343487320464 0.027706551983407799 0 0 0.99759676023745847 5.4195501504305837e-18 1 1.2838991937609351e-13 4.0476235779957417e-13 7.7505374665833497e-16 0.33652758963989482 0.33258251257672833 0.0039450770631664911 2.358348871160713e-05
27000 0 0 0.098455374527605985 24.931306792288275 3.3904611849690344e-05 1.8424226987780811e-05 3.3904611849730406e-05 1.8424226987780787e-05 3.3904611849690344e-05 1.9818890452433158e-17 4.1061164884995767e-17 2.0791026910135735e-21 -1.0444834813854118e-16 -9.6937142768733997e-17 50.000000000000291 50.000000000000668 50.000000000000291 2.9132252166164108e-13 6.6791017161449417e-13 1.0000000000000033 1969.8656512431198 8030.1343487316772 0.02770905577043262 0 0 0.99759877188694857 5.4110559985932064e-18 1 1.9815854643948669e-13 4.1155816412176763e-13 1.1098737064911709e-17 0.33653043956984213 0.33258137362845874 0.0039490659413833895 1.8424226987780811e-05
27500 0 0 0.099499723515981381 24.930513924718035 6.3821896076085631e-05 4.460253569848527e-05 6.3821896076095565e-05 4.4602535698485311e-05 6.3821896076085631e-05 2.6432848965264537e-17 4.3140361075222202e-17 -3.7126419406630102e-20 -5.7288846635781715e-17 -4.8235305741414413e-17 50.000000000000313 50.000000000000675 50.000000000000313 3.1263880373444408e-13 6.7501559897209518e-13 1.0000000000000004 1969.8656512430337 8030.1343487312306 0.027706025983320868 0 0 0.99762642982386573 5.401300410070962e-18 1 2.6431266030024769e-13 4.3291306412070185e-13 -4.2819717962051871e-16 0.3365579464275047 0.33256686450210043 0.0039910819254042607 4.460253569848527e-05
28000 0 0 0.10090485209756489 24.929447458663422 6.8576551595939228e-05 4.8448323652974383e-05 6.8576551595926922e-05 4.844832365297439e-05 6.8576551595939228e-05 2.9904681162007957e-17 4.4543492158771755e-17 1.516126447357353e-19 4.817083659591791e-17 1.1840480517713667e-17 50.000000000000334 50.000000000000696 50.000000000000334 3.3395508580724709e-13 6.9633188104489818e-13 1.0000000000000011 1969.8656512429491 8030.1343487309632 0.027705450791092469 0 0 0.99763074657895567 5.3933157028174651e-18 1 2.988958911004033e-13 4.453557070653244e-13 1.5447175240390907e-15 0.33659478192649545 0.33254716505633097 0.0040476168701644721 4.8448323652974383e-05
28500 0 0 0.10199780325956431 24.928618929876926 4.8718736668161378e-05 3.062653177243647e-05 4.8718736668164183e-05 3.0626531772436484e-05 4.8718736668161378e-05 3.5136780637916559e-17 3.9105134061571631e-17 1.3253690753136145e-19 8.466765064779487e-17 5.3059312784000459e-17 50.000000000000355 50.000000000000711 50.000000000000355 3.5527136788005009e-13 7.1054273576010019e-13 1.0000000000000031 1969.8656512428593 8030.1343487304748 0.027707003800040562 0 0 0.99753638422744106 5.3901176726899778e-18 1 3.5134319477715963e-13 3.9149236716514975e-13 1.3846402981658403e-15 0.33662341181309485 0.3325318171865943 0.0040915946265005498 3.062653177243647e-05
29000 0 0 0.10232537638319923 24.928372099359173 2.6392024485147414e-05 7.0314144052988245e-06 2.6392024485126604e-05 7.031414405298833e-06 2.6392024485147414e-05 3.6579132735055784e-17 4.5084964407759838e-17 4.8575175872220691e-20 1.4621317992814711e-16 5.3840631659191698e-17 50.000000000000384 50.000000000000711 50.000000000000384 3.836930773104541e-13 7.1054273576010019e-13 1.000000000000004 1969.8656512427542 8030.1343487301647 0.027708539258624043 0 0 0.99750739449174852 5.3924743523628602e-18 1 3.6595552977520869e-13 4.5110282476541188e-13 4.3544622444259916e-16 0.33663195899554554 0.33252718328153774 0.0041047757140078023 7.0314144052988245e-06
29500 0 0 0.10183088803010916 24.928748825230738 4.5349733237529933e-05 2.6317470737897199e-05 4.5349733237589639e-05 2.6317470737897276e-05 4.5349733237529933e-05 3.453654463118668e-17 4.9893574515095607e-17 -1.0859646485347453e-19 2.1751854926850498e-16 1.8422026491081431e-16 50.000000000000405 50.000000000000725 50.000000000000405 4.0500935938325711e-13 7.2475359047530219e-13 1.0000000000000002 1969.8656512426724 8030.1343487297991 0.027707037434278312 0 0 0.99754793638788386 5.4001086815904609e-18 1 3.4564278480312435e-13 4.9852578120311575e-13 -1.0334225423444759e-15 0.3366188579850265 0.33253398037066967 0.0040848776143568299 2.6317470737897199e-05
29999 0 0 0.10078089391616098 24.929546110531504 6.1654481532318037e-05 3.7546710323538673e-05 6.1654481532376313e-05 3.7546710323538598e-05 6.1654481532318037e-05 3.6864565219999181e-17 4.556459376482926e-17 -2.2208024346551631e-20 2.4808548688075812e-16 5.9840512472933118e-17 50.000000000000433 50.000000000000746 50.000000000000433 4.3343106881366111e-13 7.460698725481052e-13 1.0000000000000038 1969.8656512425746 8030.1343487294389 0.027705360946389194 0 0 0.99763539269440682 5.4074374850010852e-18 1 3.6886834605464138e-13 4.5593428079127615e-13 -4.2888165536391916e-16 0.33659111097124744 0.33254848245850505 0.0040426285127423967 3.7546710323538673e-05
