# 1:passo  2:R0  3:|a2|/R0  4:|a4|/R0  5:|a8|/R0  6:rmin  7:rmax
0 29.99612757 1.216230956e-17 8.069068207e-05 6.027722818e-05 29.98418985 30.00871216
500 29.82974684 1.655437956e-16 5.78705887e-05 6.707124612e-05 29.82048472 29.84021224
1000 29.90172231 1.379947864e-16 6.599523307e-05 7.07808274e-05 29.89354956 29.91237331
1500 29.89240127 1.881675691e-16 5.043238359e-05 7.089163571e-05 29.88449132 29.90305216
2000 29.86335594 2.144880427e-16 1.746987321e-05 7.070853589e-05 29.85576312 29.87430426
2500 29.90623603 3.117108647e-17 0.0001092554208 7.047086068e-05 29.89691057 29.91669523
3000 29.8684486 1.150579852e-16 7.642880746e-06 7.091004827e-05 29.86100297 29.87950006
3500 29.89153789 6.747155178e-17 8.055171771e-05 7.119723726e-05 29.88267938 29.90198535
4000 29.8843452 4.238027729e-16 5.257638227e-05 7.122321407e-05 29.8761598 29.89485415
4500 29.87966703 1.947103538e-16 4.082207158e-05 7.122023239e-05 29.87171983 29.89015601
5000 29.8902217 1.633339268e-16 7.671972207e-05 7.120079244e-05 29.88145073 29.90067765
5500 29.87925764 1.086374221e-16 3.582713642e-05 7.120012414e-05 29.87145326 29.889772
6000 29.88712094 1.161323744e-16 6.70196444e-05 7.124199896e-05 29.87856384 29.89758472
6500 29.88358978 1.625538763e-16 5.198829334e-05 7.123797045e-05 29.87540164 29.89408644
7000 29.88333498 1.840605909e-16 5.192424608e-05 7.124658735e-05 29.87514098 29.8938255
7500 29.88588659 1.313880285e-16 6.180367576e-05 7.124159065e-05 29.87745775 29.89636285
8000 29.8826733 1.582215892e-16 4.867029115e-05 7.123960014e-05 29.87456218 29.8931725
8500 29.88531855 1.674546412e-16 5.980283933e-05 7.124573393e-05 29.8769356 29.89579662
9000 29.88384088 1.621609973e-16 5.338934448e-05 7.124249796e-05 29.87561588 29.89433269
9500 29.88412958 9.751843764e-17 5.481580904e-05 7.124585047e-05 29.87586804 29.8946172
10000 29.88467986 1.241718655e-16 5.701395717e-05 7.124434498e-05 29.87636579 29.89516423
10500 29.88376859 1.343027611e-16 5.318977687e-05 7.124401062e-05 29.87554753 29.89425995
11000 29.88462839 3.477452142e-16 5.686683464e-05 7.124528265e-05 29.87631732 29.89511254
11500 29.88406484 1.349329188e-16 5.44149473e-05 7.124404865e-05 29.87581414 29.89455414
12000 29.88426816 1.268093632e-16 5.533486422e-05 7.124517479e-05 29.87599449 29.89475526
12500 29.88435506 2.028110139e-16 5.567022687e-05 7.124460012e-05 29.87607352 29.8948418
13000 29.88411128 7.526998773e-17 5.464272021e-05 7.124465085e-05 29.87585473 29.89459989
13500 29.88437946 1.21340059e-16 5.579266147e-05 7.124492676e-05 29.87609476 29.89486582
14000 29.88417817 3.929296225e-17 5.49186619e-05 7.124454008e-05 29.87591497 29.89466634
14500 29.88427533 3.738842999e-17 5.534916854e-05 7.124490466e-05 29.87600146 29.89476253
15000 29.8842739 7.257344614e-17 5.533190238e-05 7.124468355e-05 29.87600056 29.89476123
15500 29.88421432 7.979049371e-17 5.508225229e-05 7.124474915e-05 29.87594703 29.89470209
16000 29.88429421 2.026453626e-16 5.542416823e-05 7.124480011e-05 29.87601856 29.89478132
16500 29.884226 1.223633021e-16 5.51289002e-05 7.124469097e-05 29.8759576 29.89471371
17000 29.88426587 9.999523773e-17 5.530390511e-05 7.124480549e-05 29.87599315 29.8947532
17500 29.88425618 1.30673551e-16 5.525880264e-05 7.124472469e-05 29.8759846 29.89474364
18000 29.88424379 2.06263963e-16 5.520782654e-05 7.124475998e-05 29.87597344 29.89473132
18500 29.88426635 1.017953709e-16 5.530395721e-05 7.124476422e-05 29.87599365 29.8947537
19000 29.88424428 7.88635281e-17 5.520877788e-05 7.124473617e-05 29.87597392 29.89473183
19500 29.88425926 5.845369747e-17 5.52741144e-05 7.124477081e-05 29.87598728 29.89474666
20000 29.88425337 2.18555233e-16 5.524773814e-05 7.124474284e-05 29.87598205 29.89474084
20500 29.8842517 9.436038878e-17 5.524135298e-05 7.124475809e-05 29.87598053 29.89473917
21000 29.88425764 2.241178894e-16 5.526651251e-05 7.124475558e-05 29.87598586 29.89474507
21500 29.88425082 2.06079357e-16 5.523719889e-05 7.124474925e-05 29.87597976 29.89473831
22000 29.8842561 1.965708046e-16 5.526013695e-05 7.124475924e-05 29.87598447 29.89474354
22500 29.88425342 5.787536024e-17 5.524828026e-05 7.124475001e-05 29.87598208 29.89474088
23000 29.88425363 1.05917649e-16 5.524948124e-05 7.124475593e-05 29.87598227 29.89474109
23500 29.88425505 1.655178654e-16 5.525539339e-05 7.124475393e-05 29.87598354 29.89474249
24000 29.88425304 6.188499537e-17 5.52467953e-05 7.124475284e-05 29.87598174 29.8947405
24500 29.88425481 6.234393816e-17 5.525445223e-05 7.124475555e-05 29.87598332 29.89474226
25000 29.88425373 1.754135958e-17 5.524974299e-05 7.124475264e-05 29.87598236 29.89474119
25500 29.88425404 1.677822902e-16 5.525114003e-05 7.124475478e-05 29.87598263 29.89474149
26000 29.88425431 8.107075267e-17 5.525226847e-05 7.124475379e-05 29.87598288 29.89474177
26500 29.88425375 2.480369195e-16 5.524988824e-05 7.124475375e-05 29.87598238 29.89474121
27000 29.88425432 1.523939337e-17 5.52523296e-05 7.124475443e-05 29.87598288 29.89474177
27500 29.88425392 4.360617248e-17 5.525059947e-05 7.124475355e-05 29.87598253 29.89474138
28000 29.88425409 4.777215959e-17 5.525134801e-05 7.124475428e-05 29.87598268 29.89474155
28500 29.88425412 1.160051511e-16 5.525145067e-05 7.124475387e-05 29.87598271 29.89474158
29000 29.88425397 1.441671601e-16 5.525084081e-05 7.124475396e-05 29.87598258 29.89474143
29500 29.88425415 1.216939874e-16 5.525158435e-05 7.12447541e-05 29.87598273 29.8947416
29999 29.88425401 2.328767667e-16 5.525098949e-05 7.124475385e-05 29.87598261 29.89474147
