# 1:passo  2:R0  3:|a2|/R0  4:|a4|/R0  5:|a8|/R0  6:rmin  7:rmax
0 24.99530979 1.096091932e-16 9.52226216e-05 8.27724819e-05 24.98429581 25.00965244
500 24.92984179 1.412419353e-16 0.0001432066002 9.59268399e-05 24.91909505 24.94158549
1000 24.89256726 1.628134336e-16 0.0001032198111 9.877292301e-05 24.88289648 24.90459332
1500 24.87259681 1.996464603e-16 7.273598852e-05 9.888967172e-05 24.86376903 24.88464864
2000 24.86817774 3.20347927e-17 6.625516893e-05 9.866788669e-05 24.85953674 24.88020885
2500 24.87294778 1.923114983e-16 8.854432497e-05 9.871844164e-05 24.86375867 24.88479272
3000 24.88024949 2.182202185e-16 0.0001210409584 9.881958836e-05 24.87026099 24.89180741
3500 24.88574169 1.621392886e-16 0.0001453738594 9.886337761e-05 24.87515699 24.89724625
4000 24.88801577 1.369181007e-16 0.0001547334908 9.888065787e-05 24.87720116 24.89950506
4500 24.88771103 2.041878973e-16 0.0001520743139 9.889683986e-05 24.87695919 24.89920589
5000 24.88622794 1.192626112e-16 0.0001440582323 9.89063221e-05 24.87566953 24.89773746
5500 24.88476954 1.005229676e-16 0.0001364398392 9.890475696e-05 24.87439548 24.89629214
6000 24.88393894 2.014065392e-16 0.0001321270659 9.889801449e-05 24.87366936 24.89546863
6500 24.88378188 9.985505092e-17 0.0001313157384 9.889263555e-05 24.87353197 24.89531288
7000 24.88403898 1.07313425e-16 0.0001326678836 9.889060664e-05 24.87375634 24.8955678
7500 24.88440241 5.789953304e-17 0.0001345847253 9.889099737e-05 24.87407337 24.89592807
8000 24.88466838 1.374335003e-16 0.0001359975401 9.889239953e-05 24.87430516 24.89619168
8500 24.88477236 1.130368431e-16 0.0001365614007 9.889379894e-05 24.87439553 24.8962947
9000 24.88474886 4.459295684e-17 0.0001364513663 9.889465806e-05 24.87437471 24.89627137
9500 24.88466914 1.945865431e-16 0.0001360387865 9.889487762e-05 24.87430498 24.89619234
10000 24.88459365 5.152319996e-17 0.0001356419046 9.889466532e-05 24.87423909 24.8961175
10500 24.88455192 1.34422671e-16 0.0001354188943 9.889431852e-05 24.87420276 24.89607615
11000 24.88454514 1.673888708e-17 0.0001353790666 9.889405034e-05 24.87419693 24.89606944
11500 24.8845593 2.298834764e-16 0.0001354507162 9.889393588e-05 24.87420935 24.89608348
12000 24.88457838 1.140752135e-16 0.0001355501195 9.889394839e-05 24.87422603 24.8961024
12500 24.88459204 1.181991693e-16 0.0001356223237 9.889402121e-05 24.87423794 24.89611594
13000 24.88459718 4.823858479e-18 0.0001356502504 9.889409498e-05 24.87424241 24.89612103
13500 24.88459575 1.130819054e-16 0.0001356435718 9.889413853e-05 24.87424114 24.89611961
14000 24.88459152 8.037672588e-17 0.0001356217659 9.88941482e-05 24.87423744 24.89611542
14500 24.88458761 1.364912194e-16 0.0001356012443 9.889413627e-05 24.87423403 24.89611154
15000 24.8845855 1.502688608e-16 0.0001355899691 9.889411814e-05 24.87423219 24.89610945
15500 24.8845852 1.718939397e-16 0.0001355881974 9.889410438e-05 24.87423193 24.89610916
16000 24.88458597 1.271984531e-16 0.0001355920885 9.889409865e-05 24.87423261 24.89610992
16500 24.88458697 6.968167027e-17 0.0001355972854 9.889409947e-05 24.87423348 24.89611091
17000 24.88458767 9.133447403e-17 0.0001356009855 9.889410334e-05 24.87423409 24.8961116
17500 24.88458792 1.018970327e-16 0.0001356023633 9.889410717e-05 24.87423431 24.89611185
18000 24.88458784 5.78197126e-17 0.0001356019621 9.889410938e-05 24.87423423 24.89611177
18500 24.88458761 1.860305996e-16 0.0001356008074 9.889410983e-05 24.87423404 24.89611155
19000 24.88458741 4.452554354e-17 0.0001355997452 9.889410917e-05 24.87423386 24.89611134
19500 24.8845873 1.035951513e-16 0.0001355991751 9.889410822e-05 24.87423377 24.89611124
20000 24.88458729 7.147465744e-17 0.0001355990982 9.889410752e-05 24.87423376 24.89611123
20500 24.88458733 1.299702815e-16 0.000135599309 9.889410723e-05 24.87423379 24.89611127
21000 24.88458738 2.248137206e-16 0.0001355995805 9.889410728e-05 24.87423384 24.89611132
21500 24.88458742 2.324391303e-16 0.00013559977 9.889410749e-05 24.87423387 24.89611136
22000 24.88458743 1.020944173e-16 0.0001355998378 9.889410769e-05 24.87423388 24.89611137
22500 24.88458743 2.359587015e-16 0.0001355998142 9.88941078e-05 24.87423388 24.89611136
23000 24.88458742 1.557260314e-16 0.0001355997532 9.889410782e-05 24.87423387 24.89611135
23500 24.88458741 1.565917502e-16 0.0001355996982 9.889410778e-05 24.87423386 24.89611134
24000 24.8845874 2.310060069e-16 0.0001355996694 9.889410774e-05 24.87423385 24.89611134
24500 24.8845874 1.298735386e-16 0.0001355996662 9.88941077e-05 24.87423385 24.89611133
25000 24.8845874 2.722213748e-16 0.0001355996776 9.889410768e-05 24.87423385 24.89611134
25500 24.8845874 6.05762538e-17 0.0001355996918 9.889410769e-05 24.87423386 24.89611134
26000 24.88458741 1.68786708e-16 0.0001355997015 9.88941077e-05 24.87423386 24.89611134
26500 24.88458741 2.620671913e-16 0.0001355997048 9.889410771e-05 24.87423386 24.89611134
27000 24.88458741 4.071060176e-17 0.0001355997034 9.889410771e-05 24.87423386 24.89611134
27500 24.88458741 1.216977946e-16 0.0001355997002 9.889410772e-05 24.87423386 24.89611134
28000 24.88458741 1.023922502e-16 0.0001355996974 9.889410771e-05 24.87423386 24.89611134
28500 24.88458741 6.070572737e-17 0.0001355996959 9.889410771e-05 24.87423386 24.89611134
29000 24.88458741 1.213398638e-16 0.0001355996958 9.889410771e-05 24.87423386 24.89611134
29500 24.88458741 8.377274083e-17 0.0001355996964 9.889410771e-05 24.87423386 24.89611134
29999 24.88458741 1.319033102e-16 0.0001355996972 9.889410771e-05 24.87423386 24.89611134
