# 1:passo  2:sigma_pop  3:int_grad  4:K  5:espessura_10_90  6:residuo  7:d0  8:|u|max  9:|u|rms  10:|u_n|max  11:|u_t|max  12:massa_R  13:massa_B  14:qx  15:qy  16:soma_Fx  17:soma_Fy  18:min_f  19:neg_total  20:neg_cor
0 2.028826359e-12 2.000001447 1.273753378 3.45 8.881784197e-15 3.103282957e-16 7.34631165e-07 1.561362978e-07 7.346309607e-07 8.303205317e-10 20000 20000 1.418988371e-16 -6.613527969e-15 1.103981106e-15 7.370469102e-16 0.02777760796 0 0
500 1.724354603e-15 2.000001005 1.293960202 3.396123891 0.08253932796 -1.850084703e-07 6.473143165e-09 1.938593879e-09 4.511661944e-09 5.111976941e-09 20000 20000 1.260634395e-05 8.459791584e-06 4.108011848e-13 2.798969479e-13 0.02777775504 0 0
1000 1.824428754e-15 2.000001005 1.293960203 3.396123888 0.08253935244 -3.801519363e-07 6.431077662e-09 1.911186596e-09 4.418238429e-09 5.111859816e-09 20000 20000 1.26066908e-05 8.460020787e-06 9.410026346e-13 6.358173291e-13 0.02777775506 0 0
1500 1.832126766e-15 2.000001005 1.293960202 3.396123889 0.08253937651 -5.752508484e-07 6.426556473e-09 1.91092843e-09 4.417879764e-09 5.111457505e-09 20000 20000 1.260730743e-05 8.460428303e-06 1.472047259e-12 9.943643881e-13 0.02777775506 0 0
2000 1.916804893e-15 2.000001005 1.293960202 3.396123889 0.08253940065 -7.703623975e-07 6.427945281e-09 1.910787895e-09 4.415786309e-09 5.110998759e-09 20000 20000 1.260818559e-05 8.461023404e-06 2.001371834e-12 1.348986119e-12 0.02777775506 0 0
2500 1.878314835e-15 2.000001005 1.293960202 3.396123889 0.08253942481 -9.65490737e-07 6.428856907e-09 1.910771357e-09 4.414948898e-09 5.110565804e-09 20000 20000 1.260932834e-05 8.461800437e-06 2.529964396e-12 1.705813927e-12 0.02777775506 0 0
3000 1.832126766e-15 2.000001005 1.293960202 3.396123889 0.08253944897 -1.160638992e-06 6.428868442e-09 1.910780106e-09 4.415620758e-09 5.110181057e-09 20000 20000 1.261074198e-05 8.462756614e-06 3.068612869e-12 2.068430858e-12 0.02777775506 0 0
3500 1.924502905e-15 2.000001005 1.293960202 3.396123889 0.08253947313 -1.355810994e-06 6.428761778e-09 1.910788931e-09 4.41595233e-09 5.109846279e-09 20000 20000 1.261241259e-05 8.463885907e-06 3.599555724e-12 2.425857619e-12 0.02777775506 0 0
4000 1.747448638e-15 2.000001005 1.293960202 3.396123889 0.08253949729 -1.55101076e-06 6.428743126e-09 1.910799722e-09 4.41644932e-09 5.109557332e-09 20000 20000 1.261433889e-05 8.465185606e-06 4.12224942e-12 2.777383297e-12 0.02777775506 0 0
4500 1.962992963e-15 2.000001005 1.293960202 3.396123889 0.08253952145 -1.746242431e-06 6.428762456e-09 1.91081226e-09 4.41687215e-09 5.109309224e-09 20000 20000 1.261654156e-05 8.466666832e-06 4.656013756e-12 3.137269653e-12 0.02777775506 0 0
5000 1.839824777e-15 2.000001005 1.293960202 3.396123889 0.08253954562 -1.941510236e-06 6.428786681e-09 1.910826561e-09 4.417259828e-09 5.109095975e-09 20000 20000 1.261901548e-05 8.468325253e-06 5.203433327e-12 3.506165201e-12 0.02777775506 0 0
5500 1.878314835e-15 2.000001005 1.293960202 3.396123889 0.0825395698 -2.136818303e-06 6.428814785e-09 1.910842585e-09 4.417617051e-09 5.109013784e-09 20000 20000 1.262175358e-05 8.470164678e-06 5.72504495e-12 3.857120557e-12 0.02777775506 0 0
6000 1.793636707e-15 2.000001005 1.293960202 3.396123889 0.08253959398 -2.332170755e-06 6.428850563e-09 1.910860292e-09 4.417943915e-09 5.109170899e-09 20000 20000 1.262476481e-05 8.472174792e-06 6.254728143e-12 4.214345302e-12 0.02777775506 0 0
6500 2.016879044e-15 2.000001005 1.293960202 3.396123889 0.08253961816 -2.527571697e-06 6.428893828e-09 1.910879684e-09 4.418244989e-09 5.109305216e-09 20000 20000 1.262804342e-05 8.474361662e-06 6.78523966e-12 4.571154132e-12 0.02777775506 0 0
7000 1.809032731e-15 2.000001005 1.293960202 3.396123889 0.08253964235 -2.723025268e-06 6.428944481e-09 1.910900728e-09 4.418525649e-09 5.109420901e-09 20000 20000 1.263158413e-05 8.476732752e-06 7.332029059e-12 4.939528511e-12 0.02777775506 0 0
7500 1.893710859e-15 2.000001005 1.293960202 3.396123889 0.08253966655 -2.918535567e-06 6.429002131e-09 1.910923368e-09 4.41878916e-09 5.109520402e-09 20000 20000 1.263537688e-05 8.479288559e-06 7.85386966e-12 5.290304645e-12 0.02777775506 0 0
8000 1.678166533e-15 2.000001005 1.293960202 3.396123889 0.08253969076 -3.114106634e-06 6.429066421e-09 1.910947687e-09 4.419040183e-09 5.10960594e-09 20000 20000 1.263944472e-05 8.482023591e-06 8.387614305e-12 5.648954013e-12 0.02777775506 0 0
8500 1.8552208e-15 2.000001005 1.293960202 3.396123889 0.08253971497 -3.309742687e-06 6.429136998e-09 1.910973632e-09 4.419280699e-09 5.109679488e-09 20000 20000 1.264377615e-05 8.484944172e-06 8.919468712e-12 6.008659217e-12 0.02777775506 0 0
9000 1.839824777e-15 2.000001005 1.293960202 3.396123889 0.0825397392 -3.505447869e-06 6.42921353e-09 1.911001198e-09 4.419514025e-09 5.109742436e-09 20000 20000 1.264837626e-05 8.488038864e-06 9.45868091e-12 6.370842898e-12 0.02777775506 0 0
9500 1.909106882e-15 2.000001005 1.293960202 3.396123889 0.08253976343 -3.701226329e-06 6.429296112e-09 1.911030403e-09 4.41974181e-09 5.109796738e-09 20000 20000 1.265324331e-05 8.491317649e-06 9.981192372e-12 6.723111294e-12 0.02777775506 0 0
10000 1.955294952e-15 2.000001005 1.293960202 3.396123889 0.08253978767 -3.897082185e-06 6.42938438e-09 1.911061243e-09 4.419966376e-09 5.109843368e-09 20000 20000 1.265838134e-05 8.49477139e-06 1.052017305e-11 7.086258086e-12 0.02777775506 0 0
10500 1.847522789e-15 2.000001005 1.293960202 3.396123889 0.08253981192 -4.093019593e-06 6.429478163e-09 1.911093715e-09 4.420189173e-09 5.109883226e-09 20000 20000 1.266379039e-05 8.498403172e-06 1.105268471e-11 7.443862464e-12 0.02777775506 0 0
11000 1.816730742e-15 2.000001005 1.293960202 3.396123889 0.08253983619 -4.289042736e-06 6.429577736e-09 1.911127829e-09 4.420411667e-09 5.109917506e-09 20000 20000 1.266946927e-05 8.502215211e-06 1.158979102e-11 7.806674481e-12 0.02777775506 0 0
11500 1.962992963e-15 2.000001005 1.293960202 3.396123889 0.08253986046 -4.485155736e-06 6.429682669e-09 1.911163514e-09 4.420634487e-09 5.109946924e-09 20000 20000 1.267541119e-05 8.506198344e-06 1.213437118e-11 8.17268469e-12 0.02777775506 0 0
12000 1.8552208e-15 2.000001005 1.293960202 3.396123889 0.08253988475 -4.681362651e-06 6.429792847e-09 1.911200829e-09 4.42085935e-09 5.109972261e-09 20000 20000 1.268161733e-05 8.510363224e-06 1.265489599e-11 8.522472627e-12 0.02777775506 0 0
12500 1.932200917e-15 2.000001005 1.293960202 3.396123889 0.08253990904 -4.877667558e-06 6.429908029e-09 1.911239736e-09 4.421086829e-09 5.109993937e-09 20000 20000 1.268808731e-05 8.514699809e-06 1.319387654e-11 8.886147155e-12 0.02777775506 0 0
13000 1.909106882e-15 2.000001005 1.293960202 3.396123889 0.08253993335 -5.074074563e-06 6.430028602e-09 1.91128029e-09 4.421318016e-09 5.110012804e-09 20000 20000 1.269482349e-05 8.519225184e-06 1.373727537e-11 9.251962864e-12 0.02777775506 0 0
13500 1.716656591e-15 2.000001005 1.293960202 3.396123889 0.08253995768 -5.270587833e-06 6.430154578e-09 1.911322458e-09 4.421553163e-09 5.110029149e-09 20000 20000 1.270182402e-05 8.523928024e-06 1.427050509e-11 9.610749632e-12 0.02777775506 0 0
14000 1.693562556e-15 2.000001005 1.293960202 3.396123889 0.08253998201 -5.467211519e-06 6.430285852e-09 1.91136633e-09 4.421793231e-09 5.110043239e-09 20000 20000 1.270910028e-05 8.528821524e-06 1.480263684e-11 9.968939112e-12 0.02777775506 0 0
14500 1.839824777e-15 2.000001005 1.293960202 3.396123889 0.08254000636 -5.663949932e-06 6.430422523e-09 1.911411865e-09 4.422038483e-09 5.110055794e-09 20000 20000 1.271664772e-05 8.533896626e-06 1.534148464e-11 1.033147617e-11 0.02777775506 0 0
15000 1.639676475e-15 2.000001005 1.293960202 3.396123889 0.08254003073 -5.86080725e-06 6.430564371e-09 1.911459057e-09 4.422289433e-09 5.110066423e-09 20000 20000 1.272446712e-05 8.539153314e-06 1.588129038e-11 1.069523913e-11 0.02777775506 0 0
15500 1.878314835e-15 2.000001005 1.293960202 3.396123889 0.08254005511 -6.057787648e-06 6.430711213e-09 1.911507908e-09 4.422546439e-09 5.110075629e-09 20000 20000 1.273255744e-05 8.544588627e-06 1.642079331e-11 1.105866828e-11 0.02777775506 0 0
16000 1.847522789e-15 2.000001005 1.293960202 3.396123889 0.08254007951 -6.254895262e-06 6.430863038e-09 1.911558426e-09 4.422809829e-09 5.110083762e-09 20000 20000 1.274091522e-05 8.550209595e-06 1.695736332e-11 1.141955263e-11 0.02777775506 0 0
16500 1.932200917e-15 2.000001005 1.293960202 3.396123889 0.08254010392 -6.452134303e-06 6.431020051e-09 1.911610559e-09 4.423079721e-09 5.110091177e-09 20000 20000 1.274952877e-05 8.556018183e-06 1.749242949e-11 1.177911966e-11 0.02777775506 0 0
17000 1.886012847e-15 2.000001005 1.293960202 3.396123889 0.08254012835 -6.649508927e-06 6.431182483e-09 1.911664386e-09 4.423356153e-09 5.110097787e-09 20000 20000 1.275841707e-05 8.56200983e-06 1.802902765e-11 1.2141161e-11 0.02777775506 0 0
17500 2.016879044e-15 2.000001005 1.293960202 3.396123889 0.0825401528 -6.847023247e-06 6.431349752e-09 1.91171986e-09 4.42363985e-09 5.110103481e-09 20000 20000 1.276757596e-05 8.568172292e-06 1.857895278e-11 1.251167807e-11 0.02777775506 0 0
18000 1.886012847e-15 2.000001005 1.293960202 3.396123889 0.08254017726 -7.04468145e-06 6.431521849e-09 1.911777012e-09 4.423930319e-09 5.110108504e-09 20000 20000 1.27770058e-05 8.574514825e-06 1.910766584e-11 1.286802499e-11 0.02777775506 0 0
18500 1.94759694e-15 2.000001005 1.293960202 3.396123889 0.08254020175 -7.242487701e-06 6.431698894e-09 1.91183582e-09 4.424228309e-09 5.110112793e-09 20000 20000 1.278670606e-05 8.581033733e-06 1.964009152e-11 1.32257933e-11 0.02777775506 0 0
19000 1.862918812e-15 2.000001005 1.293960202 3.396123889 0.08254022625 -7.440446171e-06 6.431881046e-09 1.911896324e-09 4.424533372e-09 5.110116508e-09 20000 20000 1.279667594e-05 8.587737688e-06 2.01875029e-11 1.359481833e-11 0.02777775506 0 0
19500 1.955294952e-15 2.000001005 1.293960202 3.396123889 0.08254025077 -7.638560995e-06 6.43206811e-09 1.911958486e-09 4.42484616e-09 5.110120095e-09 20000 20000 1.280691075e-05 8.594620385e-06 2.07267592e-11 1.395706667e-11 0.02777775506 0 0
19999 1.770542673e-15 2.000001005 1.293960202 3.396123889 0.08254027526 -7.836439721e-06 6.432256968e-09 1.912022255e-09 4.425205256e-09 5.110149327e-09 20000 20000 1.281740528e-05 8.601672266e-06 2.126962383e-11 1.432370267e-11 0.02777775506 0 0
