# 1:passo  2:raio_area  3:raio_grad  4:raio_linha  5:p_in  6:p_out  7:delta_p  8:sigma  9:|u-v0|max  10:|u-v0|rms  11:Ca  12:massa_R  13:massa_B  14:|q|  15:sd_p_in  16:sd_p_out  17:sigma_2pontos  18:K_perfil  19:r_perfil  20:espessura_10_90  21:residuo_ajuste  22:n_camadas
0 25.04052139 25.08111096 25 0.3333333333 0.3333333333 -2.220446049e-16 -5.560112678e-15 0.001698705917 0.0003303691188 0 1969.865651 8030.134349 5.938420604e-16 2.78221524e-08 0 0 1.273345395 25.01411833 3.451105388 0.08159937045 12
500 24.90955994 24.92610611 24.83865377 0.3361023041 0.3334346765 0.002667627656 0.06644943099 0.007878139526 0.004646648694 0.0007903894645 1969.865651 8030.134349 7.851359473e-14 0.0005108373984 0.001532671325 0.1738938783 1.294913248 24.88364048 3.393624368 0.07188455123 12
1000 24.77635814 24.79148804 24.73101645 0.340068212 0.3318954298 0.008172782128 0.202491777 0.01201846724 0.00668827722 0.0003956857711 1969.865651 8030.134349 1.704613656e-13 0.0002047701992 0.001519540294 0.1125966755 1.290235249 24.75090063 3.405928614 0.07634319855 11
1500 24.6154286 24.62265585 24.57255957 0.3468432019 0.3296800269 0.01716317497 0.4224789079 0.01088797053 0.006483095262 0.0001718108734 1969.865651 8030.134349 1.773374295e-13 0.0002654398541 0.001339078248 0.5657378243 1.285722729 24.58582324 3.417882452 0.09115135257 12
2000 24.51878506 24.52326861 24.45034913 0.3486452819 0.328003543 0.02064173887 0.5061103586 0.008924886299 0.004005316873 0.0001175617946 1969.865651 8030.134349 2.052960214e-13 0.0008203163476 0.0009414505579 0.468453397 1.292021406 24.48583095 3.401220085 0.09507843218 12
2500 24.48594295 24.48667433 24.40963628 0.3517110128 0.3282898493 0.02342116346 0.5734892723 0.005021711078 0.002935272395 5.837611177e-05 1969.865651 8030.134349 2.582761024e-13 0.0004540477988 0.0003322145829 0.5956727373 1.291459331 24.45097603 3.402700379 0.100079455 12
3000 24.53781939 24.53796708 24.46970342 0.3519125812 0.3298155066 0.02209707457 0.542214025 0.006637266757 0.004532815563 8.160697255e-05 1969.865651 8030.134349 2.484833744e-13 0.0006740416563 0.001338110798 0.4678623388 1.290229389 24.50380977 3.405944084 0.09876730933 12
3500 24.6626356 24.6661916 24.57792526 0.345540854 0.3314904228 0.01405043117 0.3465206641 0.007912444962 0.005656322915 0.000152226515 1969.865651 8030.134349 2.894459628e-13 0.0002980470471 0.002260251336 0.2466665194 1.290981173 24.63362654 3.403960683 0.08097437795 12
4000 24.78870908 24.79864717 24.68318612 0.3400578433 0.332994067 0.007063776342 0.1751018968 0.008791084121 0.00456144581 0.0003347035558 1969.865651 8030.134349 3.132802183e-13 0.0001597274751 0.002435737202 0.120168692 1.291305911 24.76255375 3.403104653 0.06451882498 11
4500 24.87149361 24.8890488 24.79549385 0.337046172 0.3333597426 0.003686429452 0.09168700655 0.005453499337 0.003473285784 0.0003965301477 1969.865651 8030.134349 3.446717285e-13 0.0002787800026 0.001971650707 0.005809077917 1.298881303 24.84496437 3.38325692 0.07362694832 12
5000 24.84789382 24.86596822 24.78362671 0.3393460785 0.3334530487 0.005893029756 0.1464293776 0.00656905304 0.003913817359 0.0002990771909 1969.865651 8030.134349 3.538598487e-13 8.611166177e-05 0.0006656267638 0.1583858904 1.294233978 24.82044885 3.39540549 0.07426996926 12
5500 24.79491023 24.81251117 24.75238498 0.3395175503 0.3318495212 0.007668029084 0.1901280928 0.006178933293 0.004735367998 0.0002166586116 1969.865651 8030.134349 3.842719835e-13 0.0003106578619 0.001989564018 0.1145857042 1.289079577 24.76998896 3.408982063 0.07268322906 11
6000 24.72215225 24.73748641 24.69049989 0.342289284 0.3296170193 0.01267226472 0.3132856577 0.007327004765 0.004380261009 0.0001559174422 1969.865651 8030.134349 3.891827062e-13 5.668021231e-05 0.00251386604 0.4723166662 1.29115465 24.69745068 3.403503334 0.07815125516 12
6500 24.65317095 24.66520237 24.61860854 0.3432026428 0.3284594885 0.01474315434 0.3634655042 0.005455531714 0.00277607329 0.0001000650984 1969.865651 8030.134349 4.17741347e-13 0.0003998634792 0.002738386933 0.4771860005 1.294472785 24.62562432 3.394779099 0.08579284115 12
7000 24.59838648 24.60299133 24.55948302 0.3460432746 0.3288262232 0.01721705144 0.4235116853 0.005088976564 0.002864200855 8.010761357e-05 1969.865651 8030.134349 4.636234871e-13 0.0004693416281 0.002364792503 0.4985637047 1.290991554 24.5670783 3.403933312 0.09664108053 12
7500 24.62118723 24.6242918 24.5842359 0.3478520745 0.3297733076 0.01807876686 0.4451207038 0.006541709582 0.004060892429 9.797656419e-05 1969.865651 8030.134349 4.860467558e-13 0.0008160899775 0.001021885704 0.5067985062 1.288704828 24.58932944 3.409973378 0.09892965976 12
8000 24.68318429 24.68616282 24.60396043 0.3444461218 0.3309439291 0.01350219268 0.3332771102 0.009306535658 0.004813881919 0.000186162113 1969.865651 8030.134349 4.973575207e-13 0.0002346705461 0.0008644508206 0.2553262982 1.289056633 24.65375672 3.409042739 0.08244326261 12
8500 24.74831039 24.75470793 24.63395156 0.3417435422 0.3321417288 0.009601813422 0.2376286589 0.006619026206 0.003399464473 0.000185696631 1969.865651 8030.134349 4.817914924e-13 0.0001070306038 0.002034893312 0.1687593205 1.294094488 24.72268057 3.39577148 0.06436272669 12
9000 24.78258294 24.79362761 24.68729291 0.3412168064 0.332937096 0.008279710433 0.2051926105 0.003226977495 0.001826773255 0.0001048438501 1969.865651 8030.134349 5.398311886e-13 4.748700933e-05 0.002963431481 0.09719998832 1.290982698 24.75625914 3.403956663 0.06522879853 11
9500 24.75224312 24.76357732 24.66869665 0.3425406642 0.3334002321 0.009140432067 0.2262461968 0.003969964633 0.002149968687 0.0001169806665 1969.865651 8030.134349 5.491271826e-13 4.404448914e-05 0.002264247164 0.1441676175 1.288717195 24.7256707 3.409940655 0.06902335223 11
10000 24.72249887 24.73585187 24.65409755 0.3425408583 0.3322791802 0.01026167813 0.2536943259 0.005989894589 0.003833420789 0.0001574045082 1969.865651 8030.134349 5.708467662e-13 8.335017451e-05 0.001439796796 0.1408641791 1.293712841 24.69863538 3.396773238 0.06856028812 12
10500 24.6887857 24.70333552 24.63024849 0.3438848863 0.3303087689 0.0135761173 0.3351778507 0.007171479481 0.004090581054 0.0001426402822 1969.865651 8030.134349 6.242168806e-13 3.365140976e-05 0.001014134857 0.4063959048 1.291734883 24.66387485 3.401974517 0.07348735643 12
11000 24.65708318 24.67122411 24.60549083 0.3442074965 0.3291546721 0.01505282434 0.371158742 0.005608197804 0.002914750706 0.0001007331396 1969.865651 8030.134349 6.435446347e-13 9.298037845e-05 0.001391109646 0.4195821204 1.294459799 24.63107718 3.394813155 0.07853474651 12
11500 24.63537117 24.64505411 24.59599601 0.345721798 0.3291601533 0.01656164467 0.4080022637 0.003464863558 0.001747661388 5.66151035e-05 1969.865651 8030.134349 6.33760919e-13 1.755992709e-05 0.002253681161 0.4707162064 1.292422722 24.60708693 3.400163957 0.08872515138 12
12000 24.66618262 24.67427166 24.64205609 0.3456193102 0.3297122592 0.01590705108 0.3923662269 0.004000173912 0.002148157296 6.796667055e-05 1969.865651 8030.134349 6.520842393e-13 0.0006125272856 0.00208031294 0.4761345714 1.290655783 24.63730282 3.404818863 0.09357718321 12
12500 24.72244884 24.72927755 24.67565428 0.341934488 0.3305788772 0.01135561086 0.2807385085 0.006259983046 0.003444688098 0.0001486551329 1969.865651 8030.134349 6.010114833e-13 0.0003973633517 0.001267321876 0.3135882759 1.290964857 24.6950074 3.404003704 0.08359293772 12
13000 24.7775604 24.78548899 24.69759649 0.3392894237 0.3315424467 0.007746976935 0.1919511889 0.005741947068 0.003092030049 0.0001994238605 1969.865651 8030.134349 6.043142725e-13 0.0005604159842 0.0007682389959 0.2145553494 1.290854154 24.75022432 3.404295629 0.07335868275 11
13500 24.80251624 24.81310934 24.72617606 0.3397510371 0.3323592528 0.007391784277 0.1833348496 0.004082582339 0.002398872483 0.0001484563118 1969.865651 8030.134349 6.518981371e-13 0.0002048831129 0.0009930331301 0.1570189641 1.290153441 24.77621549 3.406144582 0.06952379781 11
14000 24.77190723 24.7821453 24.6981169 0.3418672456 0.3328784463 0.008988799259 0.2226697013 0.003420537425 0.001888600903 0.0001024099044 1969.865651 8030.134349 6.740271853e-13 0.0001767253372 0.001337693434 0.1583354996 1.287608379 24.74502582 3.412877104 0.07211567239 11
14500 24.72886029 24.73962925 24.65069742 0.3431346244 0.3322264693 0.0109081551 0.2697462435 0.004713019884 0.002633420812 0.0001164803341 1969.865651 8030.134349 6.724320413e-13 0.0001946668048 0.001491674477 0.1566034606 1.291588209 24.70384164 3.402360848 0.06906385366 12
15000 24.67920897 24.69042314 24.59930471 0.3447600254 0.3308122242 0.01394780121 0.3442207008 0.005001014217 0.002927883238 9.685673961e-05 1969.865651 8030.134349 7.129475726e-13 0.0001636083741 0.001252051615 0.3521256894 1.291432614 24.65309579 3.402770772 0.07204264388 12
15500 24.63193754 24.64277182 24.56235802 0.3455075534 0.3299032949 0.01560425851 0.3843631209 0.00358361616 0.002235626839 6.215678119e-05 1969.865651 8030.134349 6.736827051e-13 1.122791777e-05 0.000608578609 0.3836631772 1.293943619 24.60453679 3.396167413 0.07852243317 12
16000 24.60242873 24.61061663 24.54697198 0.3469360202 0.3297536323 0.01718238783 0.4227284721 0.003500022994 0.001591530949 5.519733863e-05 1969.865651 8030.134349 7.121074352e-13 5.033537835e-05 0.0004356863295 0.4376637883 1.292976885 24.57329846 3.398706664 0.08753235111 12
16500 24.62697623 24.63478618 24.58175464 0.3469715669 0.3299441232 0.01702744378 0.4193344534 0.00347974473 0.001900397844 5.532170804e-05 1969.865651 8030.134349 6.89302833e-13 0.0004915415105 0.0006704235114 0.4548562681 1.291172309 24.59776256 3.403456783 0.09000051269 12
17000 24.68719227 24.69534284 24.63189713 0.3439701848 0.3304273463 0.01354283855 0.3343346593 0.004339457199 0.002881861971 8.652921215e-05 1969.865651 8030.134349 6.907634987e-13 5.801856682e-05 0.000655648821 0.3500089689 1.291183743 24.65973017 3.403426646 0.08251415278 12
17500 24.7565772 24.76651104 24.68669368 0.3407472314 0.331127631 0.009619600437 0.2381483809 0.003976447485 0.002576172571 0.000111315684 1969.865651 8030.134349 7.036232021e-13 0.0002839723205 0.0005043897322 0.2509548017 1.290558185 24.72924655 3.40507635 0.07591725008 11
18000 24.80277675 24.81506134 24.73697609 0.3396690992 0.3318971204 0.007771978806 0.1927666553 0.002933674677 0.001680468852 0.0001014585803 1969.865651 8030.134349 6.505615021e-13 0.0001324786417 0.0002390213592 0.1979081473 1.290904158 24.7768624 3.404163762 0.07119629381 11
18500 24.79984327 24.81186596 24.74086287 0.3400262055 0.3324736438 0.007552561685 0.1873023461 0.001492764465 0.0008296292112 5.313207928e-05 1969.865651 8030.134349 6.619753359e-13 0.0001503963755 0.0003065028553 0.1765890854 1.289047786 24.77386346 3.409066136 0.07258469936 11
19000 24.77252129 24.78442058 24.713571 0.3407011162 0.3321591563 0.008541959861 0.2116058825 0.003429180178 0.001905529139 0.0001080366997 1969.865651 8030.134349 6.924578188e-13 0.0002024935484 0.0005446164374 0.1740008025 1.288273042 24.74584984 3.411116286 0.07454168364 11
19500 24.72779587 24.73949468 24.66215772 0.3423861416 0.3310754029 0.01131073878 0.2796896396 0.004634999336 0.002656300845 0.0001104795859 1969.865651 8030.134349 6.858109879e-13 9.939822032e-05 0.0004284558093 0.3086088782 1.291688078 24.70269646 3.402097788 0.07176226659 12
20000 24.67384575 24.68463243 24.60707692 0.3441747376 0.3302049237 0.01396981389 0.3446890332 0.003907072524 0.002293329217 7.55670986e-05 1969.865651 8030.134349 6.742848707e-13 3.087361935e-05 0.000332041035 0.357658418 1.292578953 24.64713468 3.399752984 0.0766878766 12
20500 24.62557606 24.63348132 24.56420589 0.3464295677 0.3299336644 0.01649590335 0.4062211225 0.00250879509 0.00136120205 4.11728974e-05 1969.865651 8030.134349 7.469893017e-13 0.0001906495143 0.0002943735931 0.4102494485 1.291961307 24.5966904 3.401378299 0.08487122633 12
21000 24.61773439 24.62417254 24.56038646 0.3474010524 0.3300313125 0.01736973988 0.4276036428 0.001566440258 0.0007588522392 2.44219974e-05 1969.865651 8030.134349 7.661874779e-13 0.000458801102 0.000351586139 0.433641957 1.290915414 24.58790547 3.404134078 0.08861325563 12
21500 24.64839045 24.65466108 24.58159344 0.3456902428 0.3304503335 0.01523990928 0.3756392342 0.002856461782 0.001961001845 5.069512663e-05 1969.865651 8030.134349 7.216575937e-13 0.0001588345712 0.0002475123059 0.3714856634 1.291312654 24.61951595 3.403086883 0.08399664246 12
22000 24.7014361 24.7093028 24.62581528 0.3429808007 0.3310639539 0.01191684677 0.294363229 0.003283598612 0.002245000048 7.436614108e-05 1969.865651 8030.134349 7.116611748e-13 0.0001770065044 0.0006451477644 0.279187716 1.293627262 24.67481329 3.396997947 0.07571254809 12
22500 24.75115104 24.76176328 24.67788117 0.3416012009 0.3317327658 0.009868435192 0.2442551299 0.003566704802 0.001863254906 9.734916118e-05 1969.865651 8030.134349 7.359105132e-13 6.796319596e-05 0.0007525704404 0.2257557027 1.294707039 24.72666753 3.394164875 0.06922296094 12
23000 24.77186533 24.78381302 24.70421732 0.3412337124 0.3322278787 0.009005833709 0.2230912998 0.002105629159 0.001112211438 6.292279323e-05 1969.865651 8030.134349 7.421255931e-13 3.961238642e-05 0.0005502704872 0.194587658 1.289278575 24.745422 3.408455891 0.07249444705 11
23500 24.77044131 24.78330832 24.70848479 0.3411073925 0.3320722757 0.009035116838 0.2238038314 0.002199560198 0.001282526508 6.552048088e-05 1969.865651 8030.134349 7.273143308e-13 6.798063459e-05 0.0004984207278 0.1845325407 1.288694376 24.74404694 3.410001033 0.0734020964 11
24000 24.74934875 24.76259529 24.69070261 0.3416456077 0.3312499416 0.01039566609 0.2572859655 0.002743581959 0.001968243522 7.109033855e-05 1969.865651 8030.134349 7.506859206e-13 7.759507588e-05 0.0003477443708 0.2774860413 1.292877495 24.72532793 3.39896794 0.07041037504 12
24500 24.71211383 24.72460492 24.65554513 0.3425403154 0.330449962 0.01209035336 0.2987781885 0.002909607412 0.001862535587 6.492235208e-05 1969.865651 8030.134349 7.333572597e-13 0.0001310613443 0.000762996962 0.3342904762 1.293274634 24.6868611 3.397924183 0.07462346904 12
25000 24.67031262 24.68018476 24.61820129 0.3441778644 0.3300847215 0.0140931429 0.3476822412 0.002271468197 0.001294720855 4.355448603e-05 1969.865651 8030.134349 7.667363187e-13 8.496382154e-05 0.0009914226323 0.3852294903 1.292561131 24.64308463 3.399799861 0.08179464123 12
25500 24.65238917 24.66017914 24.6040719 0.3454411003 0.3300505152 0.01539058505 0.3794146922 0.001502903262 0.0008472313235 2.640739877e-05 1969.865651 8030.134349 7.216897866e-13 0.000151659793 0.0008065102588 0.4125405534 1.291092159 24.62372685 3.403668068 0.08691903852 12
26000 24.66370705 24.67043129 24.60442573 0.3450519749 0.3303347913 0.01471718354 0.3629803034 0.002826133649 0.001613624648 5.190609742e-05 1969.865651 8030.134349 6.860020973e-13 0.0001615454333 0.0003503920958 0.3788587897 1.290859357 24.63508728 3.404281907 0.08455450189 12
26500 24.69475222 24.70186707 24.62100381 0.343546029 0.3308560797 0.01268994931 0.3133751539 0.003279865369 0.001927601433 6.97750567e-05 1969.865651 8030.134349 6.842094671e-13 5.155861928e-05 0.0003057640373 0.3009980311 1.292401731 24.66742377 3.400219181 0.07779637398 12
27000 24.72748434 24.73622197 24.64979871 0.34263484 0.3315081509 0.01112668916 0.2751350319 0.00243847624 0.001562034282 5.908556303e-05 1969.865651 8030.134349 6.940607069e-13 2.090351423e-05 0.0008452529369 0.2472662709 1.293541102 24.70168576 3.397224215 0.07210402948 12
27500 24.7427813 24.75275271 24.66772021 0.3423432218 0.3320555255 0.01028769632 0.2545462201 0.001380601333 0.0007096480055 3.615849758e-05 1969.865651 8030.134349 6.737262336e-13 2.395187412e-05 0.00104407399 0.2112649778 1.293339702 24.71792647 3.397753233 0.06964815185 12
28000 24.74228813 24.75339794 24.67060604 0.3422176502 0.332092817 0.01012483325 0.2505115415 0.001407361783 0.0007913751478 3.745301245e-05 1969.865651 8030.134349 6.867270107e-13 1.757348785e-05 0.0009085318759 0.1965988389 1.293108661 24.71781149 3.398360314 0.06926541111 12
28500 24.72934713 24.74151082 24.6621866 0.3425157189 0.3314975012 0.01101821772 0.2724733307 0.002610520082 0.001684446347 6.387218582e-05 1969.865651 8030.134349 7.050288709e-13 2.551263756e-05 0.0004762407308 0.2588763895 1.292923095 24.70477639 3.398848062 0.07049484808 12
29000 24.70594559 24.7183861 24.64389112 0.3430783778 0.330738121 0.01234025688 0.304877715 0.002798770417 0.001802782899 6.119984679e-05 1969.865651 8030.134349 7.410174722e-13 4.95913921e-05 0.0002259381513 0.316541712 1.293151786 24.68076122 3.398246981 0.07352714706 12
29500 24.67907689 24.69022039 24.62337707 0.34407418 0.3302635187 0.01381066135 0.3408343734 0.002454819368 0.001287421806 4.801588024e-05 1969.865651 8030.134349 6.912499882e-13 8.128658466e-06 0.0006952708877 0.3661880195 1.29292804 24.65267069 3.398835062 0.07883167905 12
29999 24.66764665 24.67716044 24.61945427 0.3447968372 0.3301072914 0.01468954583 0.3623565262 0.0008538157212 0.0003513005399 1.570857539e-05 1969.865651 8030.134349 6.428275681e-13 0.000114920618 0.0009450955735 0.3963672196 1.291916371 24.6401051 3.401496609 0.08391172677 12
