# 1:passo  2:raio_area  3:raio_grad  4:raio_linha  5:p_in  6:p_out  7:delta_p  8:sigma  9:|u-v0|max  10:|u-v0|rms  11:Ca  12:massa_R  13:massa_B  14:|q|  15:sd_p_in  16:sd_p_out  17:sigma_2pontos  18:K_perfil  19:r_perfil  20:espessura_10_90  21:residuo_ajuste  22:n_camadas
0 25.04052139 25.08111096 25 0.3333333333 0.3333333333 -2.220446049e-16 -5.560112678e-15 1.528132866e-16 5.945316212e-17 0 1969.865651 8030.134349 500 2.706360658e-08 0 0 1.273345395 25.01411833 3.451105388 0.08159937045 12
500 25.01077752 25.04417992 24.95422302 0.3386706758 0.3339881172 0.004682558632 0.1171144322 0.005017114042 0.000986016051 0.007139902897 1969.865651 8030.134349 500 0.0001231531757 0.000677856175 0.169627846 1.216781736 24.98020699 3.611534448 0.0746176226 12
1000 25.01495016 25.04832465 24.95438443 0.3381343258 0.3340882678 0.004046058024 0.1012119398 0.005814288488 0.000814077069 0.00957444431 1969.865651 8030.134349 500 9.530643e-06 0.0001284207648 0.09574307563 1.216188234 24.98421231 3.613296882 0.09319003788 12
1500 25.01819798 25.05175595 24.9544932 0.338090692 0.334186172 0.003904520015 0.09768405475 0.005893587581 0.0007606227259 0.01005552645 1969.865651 8030.134349 500 6.641600572e-06 4.168423568e-05 0.09581573447 1.214036805 24.98532351 3.619700107 0.1186950292 12
2000 25.01958011 25.05340171 24.95592487 0.3380122018 0.3342036636 0.003808538259 0.09528802806 0.00586278047 0.0007278928775 0.01025448945 1969.865651 8030.134349 500 5.495685604e-06 7.923980696e-05 0.09152399345 1.21122757 24.98766093 3.628095382 0.1295812488 12
2500 25.01873519 25.05267646 24.95544713 0.3380443386 0.3341850498 0.003859288824 0.09655452509 0.005835956351 0.0007237089878 0.01007368004 1969.865651 8030.134349 500 3.210031465e-06 5.866064211e-05 0.09371989642 1.217769712 24.98932561 3.608604413 0.137174267 12
3000 25.01710146 25.05106149 24.95413713 0.3380984522 0.3341484965 0.003949955751 0.09881644377 0.005825275793 0.0007264105949 0.009825078316 1969.865651 8030.134349 500 1.169413814e-06 2.695173865e-05 0.09734807747 1.213072936 24.9854905 3.622576205 0.1287485414 12
3500 25.0156751 25.04959898 24.95297255 0.338145067 0.334117208 0.00402785893 0.1007596103 0.005830821334 0.0007260168585 0.009644772865 1969.865651 8030.134349 500 6.987415289e-07 2.0888363e-06 0.1004291603 1.214352285 24.98116967 3.618759735 0.1032073841 12
4000 25.01493455 25.04881119 24.95234435 0.3381692582 0.3341012659 0.004067992273 0.1017605604 0.005845232262 0.000724282678 0.009573506405 1969.865651 8030.134349 500 1.478268251e-06 1.02394962e-05 0.10200016 1.209876371 24.97683711 3.632147269 0.09928988814 12
4500 25.01487005 25.04871415 24.95225901 0.3381710564 0.334099542 0.004071514386 0.1018484033 0.005859606114 0.0007235639037 0.009588771033 1969.865651 8030.134349 500 1.493603393e-06 1.203317776e-05 0.1021649895 1.207588359 24.98410248 3.63902908 0.09142225641 12
5000 25.01520132 25.04903422 24.9525337 0.3381596124 0.3341058289 0.004053783537 0.1014062113 0.005871311036 0.0007236640663 0.009649821515 1969.865651 8030.134349 500 9.878671777e-07 8.210761317e-06 0.1015342096 1.20720885 24.98643144 3.640173077 0.08603161438 12
5500 25.01561579 25.04945317 24.95290385 0.3381453842 0.3341137703 0.004031613913 0.1008533046 0.005879391081 0.0007237763575 0.009716077395 1969.865651 8030.134349 500 4.662396634e-07 3.216207525e-06 0.1007379718 1.209580566 24.97839696 3.633035515 0.1029906308 12
6000 25.01591185 25.04976 24.9531729 0.3381352501 0.3341194461 0.004015804039 0.1004589998 0.005884533497 0.00072371202 0.009762744845 1969.865651 8030.134349 500 4.322778967e-07 5.437019877e-07 0.1001696562 1.206867618 24.98517266 3.641202305 0.09570929858 12
6500 25.01602901 25.04988682 24.95328172 0.3381312711 0.3341216992 0.00400957189 0.1003035667 0.00588802358 0.0007236236806 0.009783672659 1969.865651 8030.134349 500 5.421222642e-07 1.889294512e-06 0.09994399549 1.208530998 24.99405971 3.636190682 0.09887935614 12
7000 25.01600598 25.04986899 24.95326523 0.3381320978 0.3341212911 0.004010806737 0.1003343653 0.005890904835 0.0007235911968 0.009785455556 1969.865651 8030.134349 500 5.072255561e-07 1.691087641e-06 0.09998565083 1.205693137 24.98830822 3.644749248 0.08951036293 12
7500 25.01591844 25.04978223 24.95318864 0.3381351375 0.3341196607 0.004015476814 0.1004508405 0.005893661242 0.0007235900197 0.009778682477 1969.865651 8030.134349 500 4.304789517e-07 7.774625224e-07 0.1001496927 1.205639679 24.98398094 3.644910855 0.08971235231 12
8000 25.01583154 25.04969351 24.95310955 0.3381381401 0.3341180377 0.004020102377 0.1005662038 0.005896284565 0.0007235909777 0.009771812566 1969.865651 8030.134349 500 3.930605691e-07 4.639454576e-07 0.1003127976 1.208279945 24.97740265 3.636946201 0.09871167127 12
8500 25.01577913 25.04963864 24.95306042 0.3381399443 0.3341170585 0.004022885798 0.1006356226 0.005898508583 0.0007235907722 0.009768755224 1969.865651 8030.134349 500 3.907852677e-07 9.455000053e-07 0.1004111123 1.207405943 24.98322312 3.639578868 0.08052537961 12
9000 25.01576533 25.04962302 24.95304652 0.3381404119 0.3341168017 0.004023610171 0.1006536878 0.005900037961 0.0007235929225 0.009769534344 1969.865651 8030.134349 500 3.969207764e-07 1.091420926e-06 0.1004369673 1.208614928 24.97873924 3.635938174 0.08813984223 12
9500 25.01577708 25.04963401 24.95305641 0.3381399973 0.3341170208 0.004022976499 0.1006378833 0.005900682913 0.0007235963267 0.009772136693 1969.865651 8030.134349 500 3.868680899e-07 9.714316042e-07 0.1004149411 1.213064304 24.98213072 3.622601984 0.09147056461 12
10000 25.01579752 25.04965453 24.95307478 0.3381392896 0.3341174002 0.004021889338 0.1006107693 0.005900389769 0.0007235983294 0.009774284616 1969.865651 8030.134349 500 3.826869402e-07 7.667885923e-07 0.1003766975 1.209762819 24.98225858 3.632488193 0.1064085249 12
10500 25.01581442 25.04967193 24.95309043 0.3381387054 0.3341177152 0.004020990185 0.1005883442 0.005899203055 0.0007235983593 0.009774497399 1969.865651 8030.134349 500 3.81412238e-07 6.084513393e-07 0.1003451028 1.211068604 24.98373448 3.628571611 0.1256912502 12
11000 25.01582283 25.04968086 24.95309851 0.3381384158 0.3341178718 0.004020543924 0.1005772145 0.005897205495 0.0007235974256 0.009772268874 1969.865651 8030.134349 500 3.816998226e-07 5.384636558e-07 0.1003294297 1.213471679 24.98526597 3.621385839 0.121724056 12
11500 25.0158235 25.04968185 24.95309944 0.3381383921 0.3341178845 0.004020507629 0.1005763092 0.005894470367 0.0007235965073 0.009767824403 1969.865651 8030.134349 500 3.825679506e-07 5.350047521e-07 0.1003282245 1.213743163 24.98194981 3.620575825 0.110229629 12
12000 25.01581989 25.04967833 24.95309627 0.3381385179 0.3341178176 0.004020700301 0.1005811146 0.005891039988 0.000723595993 0.009761673474 1969.865651 8030.134349 500 3.827137786e-07 5.652677973e-07 0.1003349855 1.214595766 24.98132217 3.61803431 0.1032054439 12
12500 25.01581547 25.04967385 24.95309221 0.3381386712 0.3341177348 0.004020936448 0.1005870042 0.005886926846 0.0007235958824 0.00975428667 1969.865651 8030.134349 500 3.8268384e-07 6.037316054e-07 0.1003432715 1.214991016 24.98278092 3.616857324 0.08310143559 12
13000 25.01581237 25.04967063 24.95308929 0.3381387741 0.334117679 0.004021095073 0.1005909599 0.005882126279 0.0007235960337 0.009745949149 1969.865651 8030.134349 500 3.811247923e-07 6.325489487e-07 0.100349071 1.215141527 24.99405487 3.616409331 0.06550560763 12
13500 25.01581118 25.04966934 24.95308809 0.3381388176 0.3341176562 0.00402116139 0.1005926141 0.005876630195 0.0007235962803 0.009736682707 1969.865651 8030.134349 500 3.82293864e-07 6.415240489e-07 0.1003512959 1.217016021 24.9853405 3.610839198 0.07687699258 12
14000 25.01581146 25.04966956 24.95308827 0.3381388091 0.3341176604 0.004021148696 0.1005922976 0.005870435845 0.0007235964898 0.009726450209 1969.865651 8030.134349 500 3.818689696e-07 6.381181167e-07 0.1003507899 1.213987459 24.98370881 3.61984724 0.08610478131 12
14500 25.01581238 25.04967048 24.95308909 0.3381387771 0.3341176776 0.004021099555 0.100591072 0.005863548449 0.0007235965995 0.00971515717 1969.865651 8030.134349 500 3.823052623e-07 6.290154243e-07 0.1003490685 1.215190331 24.9835696 3.61626409 0.1230379204 12
15000 25.01581328 25.04967139 24.95308992 0.3381387477 0.3341176935 0.00402105418 0.1005899406 0.005855979476 0.0007235966139 0.009702725479 1969.865651 8030.134349 500 3.822995097e-07 6.199736506e-07 0.1003473452 1.211489118 24.98262413 3.627312116 0.1355850513 12
15500 25.01581381 25.04967195 24.95309042 0.338138729 0.3341177026 0.004021026412 0.1005892481 0.00584774331 0.0007235965737 0.009689145746 1969.865651 8030.134349 500 3.822038361e-07 6.14644834e-07 0.1003463664 1.215155756 24.9826563 3.616366984 0.1341932677 12
16000 25.01581394 25.0496721 24.95309055 0.3381387248 0.3341177048 0.004021019924 0.1005890863 0.005838854386 0.0007235965221 0.009674433218 1969.865651 8030.134349 500 3.824919132e-07 6.136227307e-07 0.1003461384 1.213078864 24.98411701 3.622558503 0.1282553755 12
16500 25.01581381 25.04967197 24.95309043 0.3381387295 0.3341177016 0.004021027924 0.1005892859 0.005843298154 0.0007235964857 0.009681776911 1969.865651 8030.134349 500 3.822525073e-07 6.140339675e-07 0.1003463965 1.21435631 24.98129452 3.618747742 0.1031020219 12
17000 25.0158136 25.04967176 24.95309022 0.3381387371 0.3341176977 0.00402103937 0.1005895714 0.005852535661 0.0007235964721 0.009697055042 1969.865651 8030.134349 500 3.827810375e-07 6.163014347e-07 0.1003468113 1.208514416 24.97635476 3.636240574 0.1013290294 12
17500 25.01581343 25.04967158 24.95309005 0.3381387477 0.3341176943 0.00402105335 0.1005899204 0.005860947235 0.0007235964758 0.009710958467 1969.865651 8030.134349 500 3.887292205e-07 6.187584868e-07 0.1003471498 1.208038121 24.98617831 3.63767424 0.09132822372 12
18000 25.01581334 25.04967149 24.95308997 0.3381387495 0.3341176931 0.004021056408 0.1005899965 0.005868535795 0.0007235964871 0.009723524533 1969.865651 8030.134349 500 3.835751116e-07 6.19459259e-07 0.100347321 1.20721937 24.9870725 3.640141357 0.08590847827 12
18500 25.01581334 25.04967148 24.95308996 0.3381387542 0.3341176934 0.004021060792 0.1005901062 0.005875304803 0.0007235964977 0.009734729431 1969.865651 8030.134349 500 3.891950745e-07 6.176150129e-07 0.1003473434 1.208798147 24.97734412 3.635387071 0.1035091961 12
19000 25.01581338 25.04967152 24.95308999 0.338138753 0.3341176946 0.004021058381 0.100590046 0.005881258511 0.0007235965036 0.009744599891 1969.865651 8030.134349 500 3.895183589e-07 6.171810894e-07 0.1003472855 1.20764917 24.98628773 3.638845837 0.09505128909 12
19500 25.01581342 25.04967157 24.95309004 0.3381387538 0.3341176965 0.004021057357 0.1005900206 0.005886401927 0.0007235965046 0.009753124435 1969.865651 8030.134349 500 3.92192455e-07 6.182685389e-07 0.1003472146 1.207523991 24.99258892 3.639223062 0.1002405713 12
20000 25.01581346 25.0496716 24.95309008 0.3381387513 0.3341176975 0.00402105387 0.1005899335 0.005890740647 0.0007235965028 0.009760321671 1969.865651 8030.134349 500 3.874892504e-07 6.173768143e-07 0.1003468952 1.205687132 24.98810891 3.6447674 0.08948103283 12
20500 25.01581347 25.04967162 24.9530901 0.3381387485 0.3341176965 0.004021051974 0.1005898861 0.00589428067 0.0007235965005 0.009766191706 1969.865651 8030.134349 500 3.900676025e-07 6.16754932e-07 0.1003468874 1.205640686 24.98386613 3.644907812 0.08984125249 12
21000 25.01581346 25.04967162 24.95309011 0.3381387488 0.3341176971 0.004021051659 0.1005898782 0.005897028283 0.0007235964994 0.009770744975 1969.865651 8030.134349 500 3.902012458e-07 6.170460729e-07 0.1003469076 1.207213839 24.97896669 3.640158033 0.09476301835 12
21500 25.01581345 25.04967161 24.95309012 0.3381387482 0.334117696 0.004021052125 0.1005898898 0.005898990022 0.0007235964999 0.009773994239 1969.865651 8030.134349 500 3.868846587e-07 6.176571222e-07 0.1003469399 1.207416819 24.98424571 3.639546084 0.08159535811 12
22000 25.01581345 25.0496716 24.95309012 0.3381387458 0.3341176958 0.004021050024 0.1005898372 0.005900172692 0.0007235965017 0.009775958907 1969.865651 8030.134349 500 3.889883395e-07 6.170488684e-07 0.1003469714 1.208816584 24.97986384 3.635331623 0.08784315788 12
22500 25.01581344 25.0496716 24.95309013 0.3381387413 0.3341176953 0.004021045974 0.1005897359 0.005900583395 0.0007235965043 0.009776649246 1969.865651 8030.134349 500 3.818114454e-07 6.165379412e-07 0.1003469956 1.212295757 24.98092701 3.624898569 0.09206421323 12
23000 25.01581344 25.0496716 24.95309014 0.3381387415 0.3341176955 0.004021045958 0.1005897355 0.00590022956 0.0007235965071 0.009776063017 1969.865651 8030.134349 500 3.817509769e-07 6.186115711e-07 0.1003470123 1.209769891 24.98224902 3.632466957 0.1060275767 12
23500 25.01581344 25.0496716 24.95309015 0.3381387416 0.3341176962 0.004021045338 0.10058972 0.005899118948 0.0007235965096 0.009774224357 1969.865651 8030.134349 500 3.814951565e-07 6.182961687e-07 0.1003470242 1.211486173 24.98237499 3.627320933 0.1258447789 12
24000 25.01581344 25.0496716 24.95309016 0.3381387417 0.334117697 0.004021044657 0.100589703 0.00589725965 0.0007235965117 0.009771145347 1969.865651 8030.134349 500 3.818036472e-07 6.195829394e-07 0.1003470347 1.213378105 24.98619219 3.621665115 0.1205598957 12
24500 25.01581344 25.04967161 24.95309016 0.3381387403 0.334117697 0.004021043304 0.1005896691 0.005894660061 0.0007235965133 0.009766841386 1969.865651 8030.134349 500 3.829481126e-07 6.194845234e-07 0.1003470461 1.211199977 24.98163753 3.628178036 0.1171895457 12
25000 25.01581344 25.04967161 24.95309016 0.3381387405 0.3341176981 0.004021042384 0.1005896461 0.005891328869 0.0007235965146 0.00976132418 1969.865651 8030.134349 500 3.826675229e-07 6.211865486e-07 0.1003470139 1.212744595 24.98005836 3.623556989 0.1097179664 12
25500 25.01581344 25.04967161 24.95309016 0.3381387407 0.3341176974 0.004021043316 0.1005896694 0.005887275035 0.0007235965154 0.009754605132 1969.865651 8030.134349 500 3.825060159e-07 6.205584986e-07 0.1003470278 1.213880824 24.98388241 3.620165232 0.08013575854 12
26000 25.01581344 25.0496716 24.95309015 0.3381387366 0.3341176992 0.004021037413 0.1005895218 0.00588250778 0.0007235965159 0.009746720594 1969.865651 8030.134349 500 3.811163161e-07 6.226113151e-07 0.1003470427 1.215157759 24.99406197 3.616361023 0.0653539008 12
26500 25.01581344 25.0496716 24.95309015 0.3381387392 0.3341176983 0.004021040889 0.1005896087 0.005877036581 0.0007235965159 0.009737646953 1969.865651 8030.134349 500 3.823253808e-07 6.215890476e-07 0.1003470579 1.215281086 24.9852859 3.615994033 0.07617175532 12
27000 25.01581344 25.0496716 24.95309014 0.3381387403 0.3341176973 0.004021043025 0.1005896622 0.00587087116 0.0007235965155 0.009727426315 1969.865651 8030.134349 500 3.821900875e-07 6.203186315e-07 0.1003470729 1.214010012 24.98466857 3.619779995 0.08485765503 12
27500 25.01581344 25.0496716 24.95309012 0.3381387405 0.3341176972 0.004021043244 0.1005896677 0.005864021476 0.0007235965146 0.009716076567 1969.865651 8030.134349 500 3.820804904e-07 6.189072812e-07 0.1003470877 1.214774275 24.98350393 3.617502648 0.1245420228 12
28000 25.01581344 25.0496716 24.95309011 0.3381387406 0.3341176964 0.004021044163 0.1005896906 0.005856497719 0.0007235965132 0.009703608263 1969.865651 8030.134349 500 3.824020372e-07 6.192372094e-07 0.1003470479 1.211730178 24.98612465 3.626590502 0.1357912338 12
28500 25.01581344 25.04967159 24.9530901 0.3381387419 0.3341176957 0.004021046175 0.100589741 0.005848310296 0.0007235965115 0.009690037707 1969.865651 8030.134349 500 3.817789682e-07 6.174217017e-07 0.1003470616 1.216473633 24.98272998 3.612449161 0.1307873255 12
29000 25.01581344 25.04967159 24.95309009 0.3381387421 0.3341176955 0.004021046571 0.1005897509 0.005839469827 0.0007235965096 0.00967538902 1969.865651 8030.134349 500 3.821709135e-07 6.188357091e-07 0.1003470754 1.214277063 24.98302912 3.61898391 0.1267513303 12
29500 25.01581344 25.04967159 24.95309007 0.3381387423 0.3341176947 0.004021047635 0.1005897775 0.005842649296 0.0007235965075 0.009680654506 1969.865651 8030.134349 500 3.821872692e-07 6.176646409e-07 0.1003470895 1.214384625 24.98131618 3.618663366 0.1034869131 12
29999 25.01581344 25.04967159 24.95309006 0.3381387472 0.3341176946 0.00402105255 0.1005899004 0.005862800241 0.0007235965029 0.009714030625 1969.865651 8030.134349 500 3.885457006e-07 6.177223103e-07 0.1003471226 1.209096933 24.98525916 3.634488713 0.08746652876 12
