# step v0 Mach sigma R umax_ref urms_ref umax_mean urms_mean umax_lab mean_x mean_y mean_z drop_ux drop_uy x0 y0 x_unwrapped center_dx center_dy axis_ratio mass_R mass_B min_f negative_total negative_color min_rho min_phi max_phi qx qy qz p_in p_out delta_p urms_lab
0 0 0 -5.560112678108922e-15 25.040521385269312 3.8789596144488636e-17 7.5915114551291786e-18 3.8781373278066753e-17 7.5915043040925403e-18 3.8789596144488636e-17 1.7347234759768071e-21 1.006139616066548e-20 2.0816681711721683e-21 -8.7828989459756836e-21 1.3447129574547128e-20 50.000000000000007 50.000000000000007 50.000000000000007 7.1054273576010019e-15 7.1054273576010019e-15 1.0000000000000007 1969.8656512480636 8030.1343487520408 0.021917025640276127 0 0 0.99999999999999944 5.1710809399147485e-26 0.99999999999998512 1.1784935304947633e-17 7.6142928103830418e-17 8.2880103552848717e-18 0.33333333333333387 0.33333333333333409 -2.2204460492503131e-16 7.5915114551291786e-18
500 0 0 0.60815649351685874 24.882451424749043 0.008806864584982782 0.0036830848497128588 0.008806864584982782 0.0036830848497128583 0.008806864584982782 6.2450045135166495e-20 7.7368667028567379e-19 3.4694469519536943e-22 -2.7694316306908413e-17 1.518526398112516e-17 50.000000000000014 50.000000000000021 50.000000000000014 1.4210854715202004e-14 2.1316282072803006e-14 1.0000000000000002 1969.8656512479956 8030.1343487517015 0.015785772757184745 0 0 0.72430076424149314 6.1705720398980207e-18 0.99999999999999956 9.2464827027710639e-16 -1.6608256111529107e-14 3.182186722289582e-17 0.36060946713102565 0.33616828635122664 0.02444118077979901 0.0036830848497128588
1000 0 0 0.53985017830624427 24.889832345489431 0.011398609896622692 0.0026795749355345995 0.01139860989662269 0.0026795749355345991 0.011398609896622692 -4.2778280917590501e-18 -4.8745729674951057e-19 5.8980598183214801e-21 -2.8965385766996243e-17 8.7350112817273412e-18 50.000000000000007 50.000000000000014 50.000000000000007 7.1054273576010019e-15 1.4210854715202004e-14 1.0000000000000027 1969.8656512479463 8030.134348751475 0.015809905639802894 0 0 0.72892670890794753 9.1444708546619536e-18 0.99999999999999956 -4.2884966411360637e-14 -5.4296844798074062e-16 4.7400541692999465e-17 0.35841550138153971 0.33672591461322721 0.021689586768312508 0.0026795749355345995
1500 0 0 0.52261969871921343 24.909176800369547 0.012164277013144103 0.0022965708900153678 0.012164277013144098 0.0022965708900153686 0.012164277013144103 -9.1794627454796318e-18 -2.8598651224956008e-18 2.4286128663677308e-21 -3.3332290746029263e-17 -1.7800874315174349e-17 49.999999999999993 50.000000000000007 49.999999999999993 -7.1054273576010019e-15 7.1054273576010019e-15 1.0000000000000002 1969.8656512478824 8030.1343487512286 0.015787462509359838 0 0 0.72734342127875107 9.5398060661603428e-18 0.99999999999999956 -9.1815417031446134e-14 -2.7030894883539602e-14 2.5292059629375107e-17 0.35829921449413166 0.33731820404534557 0.020981010448786086 0.0022965708900153678
2000 0 0 0.49262492794719887 24.929839157756401 0.012151429232806656 0.0020822993713874396 0.012151429232806663 0.0020822993713874383 0.012151429232806656 -1.5431059208205767e-17 -4.2858078197487659e-18 1.734723475976996e-21 -4.6884589513675377e-17 -4.3916967516494118e-17 49.999999999999986 50.000000000000007 49.999999999999986 -1.4210854715202004e-14 7.1054273576010019e-15 1.0000000000000018 1969.8656512478478 8030.1343487510394 0.01579155721015674 0 0 0.72684686729999093 9.5506209099945094e-18 0.99999999999999956 -1.5401219253911858e-13 -2.7475410997995081e-14 1.8116713562818862e-17 0.35726357411947968 0.33750312059910753 0.019760453520372145 0.0020822993713874396
2500 0 0 0.48290615374608398 24.938106962573464 0.011983583691144084 0.0019525840523089992 0.011983583691144068 0.0019525840523089981 0.011983583691144084 -1.5798126695722929e-17 -6.25818841193478e-18 5.8980598183219458e-21 -2.8245509989801401e-17 -4.5993719238670548e-17 49.999999999999972 49.999999999999986 49.999999999999972 -2.8421709430404007e-14 -1.4210854715202004e-14 1.0000000000000027 1969.8656512477808 8030.1343487508238 0.015790328707274485 0 0 0.72658323175965545 9.4170742567527091e-18 0.99999999999999956 -1.5841843082568113e-13 -6.8058839813867067e-14 2.4035199938580923e-17 0.35691908776462927 0.33755490128203786 0.019364186482591417 0.0019525840523089992
3000 0 0 0.48481523463542686 24.937083616200887 0.011877426382138954 0.0019142620657818018 0.011877426382138944 0.0019142620657818018 0.011877426382138954 -1.4322223962362038e-17 -4.44748404771006e-18 3.816391647149595e-21 -8.3992691237340064e-18 -6.2678152319690754e-18 49.999999999999957 49.999999999999979 49.999999999999957 -4.2632564145606011e-14 -2.1316282072803006e-14 1.0000000000000004 1969.8656512477196 8030.1343487506483 0.015790814932520828 0 0 0.72671076176031324 9.287000915926543e-18 0.99999999999999956 -1.4334388710735002e-13 -4.4791048887731725e-14 3.3865646841154432e-17 0.35693955068067301 0.3374980136470298 0.019441537033643208 0.0019142620657818018
3500 0 0 0.49203910358643543 24.931823239415138 0.011833363733862332 0.0019167218991235078 0.011833363733862316 0.0019167218991235071 0.011833363733862332 -1.6761939058976718e-17 -4.3680337125104404e-19 1.3877787807817124e-21 -3.4553527720278415e-17 2.1991806426328367e-17 49.999999999999943 49.999999999999972 49.999999999999943 -5.6843418860808015e-14 -2.8421709430404007e-14 1.000000000000002 1969.865651247678 8030.1343487504155 0.015792529072219823 0 0 0.72698296635305137 9.2414045945500294e-18 0.99999999999999956 -1.6815021597338387e-13 -9.648721708763186e-16 1.2724809443973622e-17 0.35713416220493699 0.33739877827968268 0.019735383925254313 0.0019167218991235078
4000 0 0 0.49935554974160473 24.926367072104668 0.011831586288127414 0.0019201638142350252 0.011831586288127397 0.0019201638142350252 0.011831586288127414 -2.0594290162105949e-17 -1.3176959523522701e-18 -1.7347234759771855e-21 -6.1478073781364424e-17 1.7736279699935903e-17 49.999999999999929 49.999999999999972 49.999999999999929 -7.1054273576010019e-14 -2.8421709430404007e-14 1.0000000000000018 1969.8656512476223 8030.1343487501945 0.015794210826835395 0 0 0.72725318626959001 9.2038728964010976e-18 0.99999999999999956 -2.0617188681390942e-13 -1.1636418350701068e-14 -4.1363211784590164e-17 0.35733670549207391 0.33730347929841659 0.020033226193657327 0.0019201638142350252
4500 0 0 0.50440899444970655 24.922588462063388 0.011848069750707483 0.0019178216467325641 0.01184806975070749 0.0019178216467325639 0.011848069750707483 -2.2824797607518074e-17 -3.9319242306500023e-18 -1.7347234759772356e-21 -6.2241238731948829e-17 5.8870770869925189e-18 49.999999999999915 49.999999999999964 49.999999999999915 -8.5265128291212022e-14 -3.5527136788005009e-14 1.0000000000000004 1969.8656512475823 8030.1343487499589 0.015795222306676335 0 0 0.72744264702547223 9.1852608176406875e-18 0.99999999999999956 -2.276945908159583e-13 -3.9298669570267397e-14 2.0136437686726331e-18 0.35747546045334583 0.33723643130043474 0.020239029152911092 0.0019178216467325641
5000 0 0 0.50685115214486987 24.920761854530163 0.011867078152329338 0.0019146540721444187 0.011867078152329314 0.0019146540721444191 0.011867078152329338 -2.2206542160680499e-17 -1.2726278364464603e-17 -1.0408340855863747e-21 -4.0036577715519923e-17 -2.4323929312884456e-17 49.999999999999908 49.999999999999957 49.999999999999908 -9.2370555648813024e-14 -4.2632564145606011e-14 1.0000000000000029 1969.8656512475172 8030.1343487496233 0.015795591109304737 0 0 0.72753700138376165 9.1882820133542104e-18 0.99999999999999956 -2.2175837555149513e-13 -1.2570302244718562e-13 -1.4988380085680291e-17 0.35754093283254157 0.33720242331571743 0.020338509516824144 0.0019146540721444187
5500 0 0 0.50732575706510874 24.920398696687879 0.011881320015413335 0.0019134090159942817 0.011881320015413357 0.0019134090159942828 0.011881320015413335 -2.5149674010024112e-17 -1.3658171815759898e-17 3.469446951954657e-21 -2.4201337872537212e-17 -7.045298167525457e-18 49.999999999999893 49.99999999999995 49.999999999999893 -1.0658141036401503e-13 -4.9737991503207013e-14 1.000000000000004 1969.8656512474713 8030.1343487494987 0.015795567586051332 0 0 0.72755678258095868 9.2051644471760824e-18 0.99999999999999956 -2.5125561353700476e-13 -1.3726075440170207e-13 4.3978417920216026e-17 0.35755269608441004 0.33719484534374206 0.020357850740667982 0.0019134090159942817
6000 0 0 0.50670527736381954 24.920845777060713 0.011889187779230339 0.0019135749241467018 0.011889187779230358 0.0019135749241467029 0.011889187779230339 -2.4385701791204644e-17 -1.1624728957219726e-17 -3.4694469519547916e-21 -2.0896776628637111e-17 -2.0335605215173313e-17 49.999999999999879 49.999999999999936 49.999999999999879 -1.2079226507921703e-13 -6.3948846218409017e-14 1.0000000000000031 1969.8656512474222 8030.1343487492104 0.015795376958094819 0 0 0.72753339710081 9.2212456582948831e-18 0.99999999999999956 -2.4377895535554472e-13 -1.1621405872263156e-13 -7.6900714906306026e-17 0.35753557490872434 0.33720298740761173 0.020332587501112609 0.0019135749241467018
6500 0 0 0.50571172037449641 24.921569732326706 0.011891789167615706 0.0019139462988789016 0.011891789167615675 0.0019139462988789027 0.011891789167615706 -2.7310792516398159e-17 -1.42608147513152e-17 6.9388939039096925e-22 -2.5726930108331266e-17 -3.2096225854360342e-17 49.999999999999865 49.999999999999929 49.999999999999865 -1.3500311979441904e-13 -7.1054273576010019e-14 1.0000000000000022 1969.8656512473619 8030.1343487490167 0.015795158409088978 0 0 0.72749456790205413 9.2366790864797232e-18 0.99999999999999956 -2.730927463334698e-13 -1.4254455905568508e-13 9.7524884316938205e-18 0.35750910585795065 0.33721697635703407 0.020292129500916578 0.0019139462988789016
7000 0 0 0.50480021550926824 24.922236838203471 0.011891091611364424 0.001913994564806804 0.01189109161136445 0.0019139945648068038 0.011891091611364424 -2.6670332609067957e-17 -1.780312008926154e-17 4.8572257327369052e-21 -3.2204250916154647e-17 -6.7149240774015078e-17 49.999999999999851 49.999999999999915 49.999999999999851 -1.4921397450962104e-13 -8.5265128291212022e-14 1.0000000000000002 1969.8656512473158 8030.1343487488157 0.015794980473605311 0 0 0.72745852826619228 9.2442099918855412e-18 0.99999999999999956 -2.6571799637995983e-13 -1.7802762302537856e-13 7.0972902343601021e-17 0.35748511814677453 0.33723010577423113 0.020255012372543402 0.001913994564806804
7500 0 0 0.50417716939779111 24.9226953981339 0.011888935844685861 0.0019137906832856052 0.011888935844685857 0.0019137906832856055 0.011888935844685861 -2.9146129953983978e-17 -1.5785289742005085e-17 2.0816681711730297e-21 -1.5087584270805223e-17 -2.9835668221162192e-17 49.999999999999844 49.999999999999901 49.999999999999844 -1.5631940186722204e-13 -9.9475983006414026e-14 1.0000000000000007 1969.8656512472612 8030.1343487485956 0.015794867146098897 0 0 0.72743379478941783 9.2468511644005807e-18 0.99999999999999956 -2.9100506726553732e-13 -1.5847338611154076e-13 2.9817504879490319e-17 0.3574688032284663 0.33723916268021559 0.020229640548250716 0.0019137906832856052
8000 0 0 0.50387090941127688 24.922923223465922 0.011886621830698239 0.0019135458945725217 0.01188662183069822 0.0019135458945725215 0.011886621830698239 -3.3524918952047193e-17 -2.003709698162644e-17 -5.2041704279326896e-21 -2.3354873501499229e-17 -3.3454069099348193e-17 49.999999999999829 49.999999999999886 49.999999999999829 -1.7053025658242404e-13 -1.1368683772161603e-13 1.0000000000000029 1969.8656512472187 8030.1343487483718 0.015794816192512731 0 0 0.72742164482019844 9.2460723843930021e-18 0.99999999999999956 -3.3525526168776641e-13 -1.9994363152989192e-13 -4.9754185450055531e-17 0.35746079076457166 0.33724362342455183 0.020217167340019826 0.0019135458945725217
8500 0 0 0.5038110942559817 24.922970315236629 0.011884846834825349 0.0019133740583644854 0.011884846834825324 0.0019133740583644849 0.011884846834825349 -3.5438665890746663e-17 -2.1369017666482633e-17 -3.1225022567597039e-21 -3.1077577171435806e-17 -1.4473659236679969e-17 49.999999999999815 49.999999999999872 49.999999999999815 -1.8474111129762605e-13 -1.2789769243681803e-13 1.0000000000000004 1969.8656512471421 8030.1343487481599 0.015794811462823685 0 0 0.72741929802583749 9.2439387014502625e-18 0.99999999999999956 -3.541411955354512e-13 -2.1331330798957104e-13 -2.6065463560266405e-17 0.35745922042259148 0.33724449128382677 0.020214729138764709 0.0019133740583644854
9000 0 0 0.50389473371924254 24.922911229494282 0.011883825256434567 0.0019132870106070975 0.011883825256434539 0.0019132870106070982 0.011883825256434567 -3.7807604269542367e-17 -2.5580232376766343e-17 2.081668171173173e-21 -5.9444214615772961e-17 2.6961557568549401e-18 49.999999999999794 49.999999999999858 49.999999999999794 -2.0605739337042905e-13 -1.4210854715202004e-13 1.0000000000000027 1969.8656512470982 8030.1343487479699 0.015794832425577835 0 0 0.72742263803117857 9.2418341948638784e-18 0.99999999999999956 -3.780829809536636e-13 -2.5592727827967717e-13 4.3606428713141741e-17 0.35746140809512339 0.33724327510579094 0.020218132989332449 0.0019132870106070975
9500 0 0 0.5040294149828376 24.922813516383894 0.011883468263774219 0.00191325799843221 0.011883468263774189 0.0019132579984322108 0.011883468263774219 -4.1660772054385434e-17 -2.6763313787384073e-17 1.7347234759777077e-21 -7.79529106147743e-17 -4.3560620480886654e-17 49.999999999999773 49.999999999999844 49.999999999999773 -2.2737367544323206e-13 -1.5631940186722204e-13 1.0000000000000011 1969.8656512470582 8030.1343487477316 0.015794861159591188 0 0 0.72742798250072138 9.2400725179867044e-18 0.99999999999999956 -4.1640475768519051e-13 -2.6741244852149237e-13 6.4265743658966385e-18 0.35746494145728719 0.33724132526517886 0.020223616192108329 0.00191325799843221
10000 0 0 0.50415332804178103 24.922722769133205 0.011883552028975028 0.0019132607670785718 0.011883552028974998 0.0019132607670785692 0.011883552028975028 -3.9297037846019633e-17 -2.2672141941639068e-17 -1.7347234759777705e-21 -4.3708767567311836e-17 -1.7830716803011209e-17 49.999999999999751 49.999999999999829 49.999999999999751 -2.4868995751603507e-13 -1.7053025658242404e-13 1.0000000000000007 1969.8656512469902 8030.1343487475024 0.01579488599242029 0 0 0.72743288344324708 9.2390589748728654e-18 0.99999999999999956 -3.9300160337666653e-13 -2.2691836489971545e-13 -1.4289735042842756e-18 0.35746819905499067 0.33723953733484446 0.020228661720146202 0.0019132607670785718
10500 0 0 0.5042375112499784 24.922660648377406 0.011883840898107272 0.0019132779512963036 0.011883840898107253 0.0019132779512963036 0.011883840898107272 -3.6961059213268632e-17 -1.8124737821711267e-17 1.3877787807822413e-21 -2.9682782606221181e-17 -1.1831036385398814e-17 49.99999999999973 49.999999999999808 49.99999999999973 -2.7000623958883807e-13 -1.9184653865522705e-13 1.0000000000000027 1969.8656512469552 8030.1343487472732 0.015794901885797498 0 0 0.72743620360142858 9.238738713646993e-18 0.99999999999999956 -3.69447528072793e-13 -1.8113109750753991e-13 1.7135574958687534e-17 0.35747041606019964 0.33723832614154936 0.020232089918650276 0.0019132779512963036
11000 0 0 0.50427800439657688 24.92263042117143 0.011884156305976916 0.0019132985030607273 0.011884156305976912 0.0019132985030607269 0.011884156305976916 -3.9082972969085845e-17 -1.6953452530731563e-17 -2.0816681711734239e-21 -5.9725291026895057e-17 -1.3158163648089634e-17 49.999999999999716 49.999999999999801 49.999999999999716 -2.8421709430404007e-13 -1.9895196601282805e-13 1.0000000000000011 1969.8656512468997 8030.1343487470785 0.015794908736965648 0 0 0.72743779474876535 9.2388095815606122e-18 0.99999999999999956 -3.90507071124091e-13 -1.6982368160309877e-13 -2.9833467018070045e-17 0.35747148456472666 0.33723774535362799 0.020233739211098667 0.0019132985030607273
11500 0 0 0.50428485073236751 24.922624945199992 0.011884398321756154 0.0019133156091645956 0.011884398321756152 0.0019133156091645958 0.011884398321756154 -4.0666081613264148e-17 -1.7492951531761068e-17 -3.4694469519557853e-22 -6.7255475754888915e-17 -1.4229616545300953e-17 49.999999999999694 49.999999999999787 49.999999999999694 -3.0553337637684308e-13 -2.1316282072803006e-13 1.0000000000000016 1969.8656512468583 8030.1343487468348 0.015794909034539222 0 0 0.72743805838927877 9.2391508027278387e-18 0.99999999999999956 -4.0726103045838372e-13 -1.7504145919181036e-13 2.3619471605991078e-17 0.35747166687927456 0.33723764851880123 0.020234018360473338 0.0019133156091645956
12000 0 0 0.504272521306113 24.922633697487104 0.011884535576173938 0.0019133262025431501 0.011884535576173931 0.0019133262025431491 0.011884535576173938 -4.2116310439183104e-17 -1.8586868155713363e-17 -2.775557561564723e-21 -8.9548142453988255e-17 -3.3195439050570226e-17 49.999999999999673 49.99999999999978 49.999999999999673 -3.2684965844964609e-13 -2.2026824808563106e-13 1.0000000000000018 1969.8656512467796 8030.1343487466502 0.015794905889726561 0 0 0.72743756751818922 9.2395041766153136e-18 0.99999999999999956 -4.2080228100196001e-13 -1.8581452565187788e-13 -2.3298997072875596e-18 0.35747134343653253 0.33723782688980586 0.020233516546726671 0.0019133262025431501
12500 0 0 0.50425375269084483 24.922647336226195 0.011884580951939833 0.0019133303393880515 0.011884580951939835 0.0019133303393880511 0.011884580951939833 -4.4092854367713627e-17 -1.3597109549410766e-17 0 -7.0192019772636279e-17 -3.9265627264058168e-17 49.999999999999652 49.999999999999773 49.999999999999652 -3.4816594052244909e-13 -2.2737367544323206e-13 1.0000000000000022 1969.8656512467348 8030.1343487464474 0.015794901853353034 0 0 0.72743682478846317 9.2397536656972036e-18 0.99999999999999956 -4.4026934875596169e-13 -1.3600812105776148e-13 -1.1131003619928973e-17 0.35747084973729953 0.33723809733792304 0.020232752399376497 0.0019133303393880515
13000 0 0 0.50423686352958175 24.922659714883494 0.01188456657049352 0.0019133299059680565 0.011884566570493523 0.0019133299059680565 0.01188456657049352 -5.1671861234262596e-17 -1.5468182290600961e-17 2.0816681711736444e-21 -4.2955667427044587e-17 -2.5036739527310362e-17 49.999999999999631 49.999999999999758 49.999999999999631 -3.694822225952521e-13 -2.4158453015843406e-13 1.0000000000000007 1969.8656512466857 8030.1343487462054 0.015794898476832287 0 0 0.72743615782365678 9.2398721301965029e-18 0.99999999999999956 -5.1643932143911084e-13 -1.542533461543941e-13 3.1047554875099125e-18 0.35747040510578565 0.33723834041854611 0.020232064687239537 0.0019133299059680565
13500 0 0 0.50422560377583392 24.922668027586106 0.011884525495290725 0.0019133272262490983 0.011884525495290725 0.0019133272262490976 0.011884525495290725 -5.4560175821768366e-17 -2.0181079030138958e-17 6.938893903912446e-22 -5.0769461196630437e-17 -3.3087599998148937e-17 49.999999999999602 49.999999999999751 49.999999999999602 -3.979039320256561e-13 -2.4868995751603507e-13 1.0000000000000024 1969.8656512466366 8030.1343487459535 0.015794896371148746 0 0 0.72743571389625361 9.2399201490289328e-18 0.99999999999999956 -5.4529297743854954e-13 -2.0177067479438609e-13 8.7910025421012677e-18 0.3574701085014732 0.33723850235008834 0.020231606151384862 0.0019133272262490983
14000 0 0 0.50422034289861173 24.922671957769552 0.011884482079360029 0.001913324147176989 0.011884482079360022 0.0019133241471769918 0.011884482079360029 -5.3806264999109006e-17 -1.5871678971114346e-17 1.387778780782508e-21 -4.190556085053403e-17 -1.5807266755392063e-17 49.999999999999574 49.999999999999737 49.999999999999574 -4.2632564145606011e-13 -2.6290081223123707e-13 1.0000000000000011 1969.8656512465836 8030.1343487457661 0.015794895498307954 0 0 0.72743550703438664 9.2399050482703205e-18 0.99999999999999956 -5.3846857528405678e-13 -1.5876622922420821e-13 6.848227594393324e-18 0.35746996978663659 0.33723857791368683 0.020231391872949755 0.001913324147176989
14500 0 0 0.5042196140156382 24.922672553190463 0.011884449457392737 0.0019133217224466823 0.011884449457392745 0.0019133217224466814 0.011884449457392737 -5.7011687038022561e-17 -1.3493026140853404e-17 -2.7755575615650724e-21 -6.030335145813877e-17 -6.3351032833902895e-18 49.999999999999545 49.999999999999737 49.999999999999545 -4.5474735088646412e-13 -2.6290081223123707e-13 1.0000000000000002 1969.8656512465132 8030.1343487455788 0.015794895498847012 0 0 0.72743547899541716 9.2398635774111962e-18 0.99999999999999956 -5.7044299818150305e-13 -1.3484395907431684e-13 1.0368009080051361e-17 0.35746995041345236 0.33723858826962438 0.02023136214382798 0.0019133217224466823
15000 0 0 0.50422141303031731 24.922671272252984 0.011884431382183418 0.0019133203025260383 0.011884431382183425 0.0019133203025260368 0.011884431382183418 -5.8353669119041144e-17 -1.365123292186305e-17 -1.3877787807825806e-21 -4.9190423904498194e-17 -3.619188528404781e-17 49.999999999999517 49.99999999999973 49.999999999999517 -4.8316906031686813e-13 -2.7000623958883807e-13 1.0000000000000013 1969.8656512464663 8030.1343487452841 0.015794895947565092 0 0 0.72743555051316777 9.2398192467520649e-18 0.99999999999999956 -5.8328342240616584e-13 -1.3658990377477235e-13 -2.1725062044726227e-17 0.35746999765119691 0.33723856228368559 0.020231435367511319 0.0019133203025260383
15500 0 0 0.50422401334315003 24.922669381536725 0.011884425762266709 0.0019133197869602406 0.011884425762266743 0.0019133197869602421 0.011884425762266709 -5.9247398653866872e-17 -1.3699805179190845e-17 -3.469446951956554e-22 -4.6484824401530045e-17 -1.9152121713351866e-17 49.999999999999496 49.999999999999716 49.999999999999496 -5.0448534238967113e-13 -2.8421709430404007e-13 1.0000000000000004 1969.8656512464138 8030.1343487451504 0.015794896502610282 0 0 0.72743565340764627 9.2397891867766058e-18 0.99999999999999956 -5.9272031726844673e-13 -1.3683233148972795e-13 1.6063787398270474e-17 0.35747006604782727 0.33723852481024658 0.020231541237580697 0.0019133197869602406
16000 0 0 0.50422630733002849 24.922667699608596 0.011884428087045722 0.0019133198759878401 0.011884428087045732 0.0019133198759878414 0.011884428087045722 -6.1758584357694771e-17 -1.2404660632025812e-17 -5.5511151231306429e-21 -6.70928431184547e-17 2.4313683015298624e-17 49.999999999999467 49.999999999999709 49.999999999999467 -5.3290705182007514e-13 -2.9132252166164108e-13 1.0000000000000007 1969.8656512463683 8030.1343487448521 0.015794896959103508 0 0 0.72743574401015243 9.2397726426140734e-18 0.99999999999999956 -6.1758931397627102e-13 -1.2409029966770069e-13 -1.7155346682852291e-17 0.35747012642984238 0.33723849178272364 0.020231634647118746 0.0019133198759878401
16500 0 0 0.50422781083078883 24.922666589133691 0.011884433849107917 0.0019133202505403687 0.011884433849107935 0.0019133202505403691 0.011884433849107917 -5.8705471039974534e-17 -3.5693670241731021e-18 1.3877787807826991e-21 -5.7836592761555021e-17 2.7694070772898783e-17 49.999999999999439 49.999999999999702 49.999999999999439 -5.6132876125047915e-13 -2.9842794901924208e-13 1.0000000000000009 1969.8656512463158 8030.1343487446093 0.015794897239004912 0 0 0.72743580329115387 9.2397656557986065e-18 0.99999999999999956 -5.8724032640009731e-13 -3.5644393252959317e-14 1.2081947277279638e-17 0.35747016603047349 0.33723847015525632 0.02023169587521717 0.0019133202505403687
17000 0 0 0.50422849342624287 24.922666078606635 0.011884439785854739 0.0019133206685750361 0.011884439785854729 0.001913320668575037 0.011884439785854739 -5.4498766610728162e-17 5.1632309539021433e-18 -3.4694469519568229e-21 -6.0143290225510978e-17 1.956508291731459e-17 49.999999999999417 49.999999999999716 49.999999999999417 -5.8264504332328215e-13 -2.8421709430404007e-13 1.0000000000000029 1969.8656512462635 8030.1343487444219 0.015794897350963056 0 0 0.72743583012534518 9.2397676405188721e-18 0.99999999999999956 -5.4480031597137213e-13 5.1843783119777425e-14 -2.4546588710395698e-17 0.35747018402980824 0.33723846035161525 0.020231723678192981 0.0019133206685750361
17500 0 0 0.50422856608314426 24.922666017064184 0.0118844441737696 0.0019133209937101233 0.011884444173769626 0.0019133209937101227 0.0118844441737696 -5.4955692774302556e-17 6.4753757911324118e-18 -2.0816681711741571e-21 -5.9118729088957576e-17 1.2916823682960949e-18 49.999999999999396 49.999999999999694 49.999999999999396 -6.0396132539608516e-13 -3.0553337637684308e-13 1.000000000000002 1969.8656512462082 8030.1343487442173 0.015794897345773103 0 0 0.72743583289150071 9.2397732844610839e-18 0.99999999999999956 -5.492984548445525e-13 6.5428185925596422e-14 -4.5851851377856155e-17 0.35747018596888758 0.33723845932544155 0.020231726643446024 0.0019133209937101233
18000 0 0 0.50422830549123132 24.922666203056167 0.011884446555221648 0.0019133211813804245 0.011884446555221678 0.0019133211813804243 0.011884446555221648 -5.4591747789044216e-17 1.2915363223355323e-17 -1.7347234759785262e-21 -4.0222916379990973e-17 3.1722875138856421e-18 49.999999999999375 49.999999999999709 49.999999999999375 -6.2527760746888816e-13 -2.9132252166164108e-13 1.0000000000000029 1969.8656512461534 8030.1343487439772 0.015794897281858657 0 0 0.72743582253571215 9.2397789461883743e-18 0.99999999999999956 -5.4601809185150785e-13 1.2921765428899245e-13 -2.893500787037347e-18 0.35747017912596318 0.33723846308952243 0.02023171603644075 0.0019133211813804245
18500 0 0 0.50422794571638796 24.922666464811584 0.011884447248997879 0.001913321246596254 0.011884447248997912 0.0019133212465962523 0.011884447248997879 -5.264573499369302e-17 1.5899434546734039e-17 2.4286128663700065e-21 -7.1340198183660309e-18 1.9730775447856314e-17 49.999999999999353 49.999999999999716 49.999999999999353 -6.4659388954169117e-13 -2.8421709430404007e-13 1.0000000000000036 1969.8656512460998 8030.1343487437271 0.015794897205432805 0 0 0.72743580830077748 9.2397830866104576e-18 0.99999999999999956 -5.2647122772089246e-13 1.5945041500515519e-13 -6.1109437135474172e-18 0.35747016966251 0.33723846827420512 0.020231701388304879 0.001913321246596254
19000 0 0 0.50422763432687912 24.922666693214033 0.011884446884646674 0.001913321230895377 0.011884446884646708 0.0019133212308953772 0.011884446884646674 -4.7743406450578162e-17 1.75075232089664e-17 1.7347234759785976e-21 -3.9582026240190629e-18 2.2090890360603048e-17 49.999999999999332 49.99999999999973 49.999999999999332 -6.6791017161449417e-13 -2.7000623958883807e-13 1.000000000000002 1969.8656512460545 8030.1343487436143 0.0157948971436799 0 0 0.72743579600347186 9.2397854984811694e-18 0.99999999999999956 -4.7707324223404386e-13 1.7532053267218945e-13 1.9936983723242434e-17 0.35747016146577898 0.3372384727571156 0.020231688708663376 0.001913321230895377
19500 0 0 0.50422743373982426 24.922666841440918 0.011884446077535579 0.0019133211779743156 0.011884446077535615 0.0019133211779743156 0.011884446077535579 -4.7100170985687024e-17 2.1707635689006574e-17 3.4694469519573223e-22 -1.0051706908744721e-17 2.1689107007046599e-17 49.999999999999318 49.999999999999744 49.999999999999318 -6.8212102632969618e-13 -2.5579538487363607e-13 1.0000000000000002 1969.8656512459952 8030.1343487433633 0.015794897106508062 0 0 0.7274357880956962 9.239786261143876e-18 0.99999999999999956 -4.7051251783614134e-13 2.1735656894131261e-13 -1.8246561871638556e-18 0.35747015618215655 0.33723847564219905 0.020231680539957497 0.0019133211779743156
20000 0 0 0.50422734541852021 24.922666907582091 0.011884445265876639 0.0019133211205550301 0.011884445265876677 0.001913321120555032 0.011884445265876639 -4.3797951376815224e-17 2.4968568879151935e-17 -6.9388939039148318e-22 -3.5388595309238332e-17 -7.5006664192951312e-18 49.999999999999297 49.999999999999751 49.999999999999297 -7.0343730840249918e-13 -2.4868995751603507e-13 1.0000000000000011 1969.8656512459395 8030.1343487430959 0.015794897092219075 0 0 0.72743578462472969 9.2397857837483704e-18 0.99999999999999956 -4.3772277490167725e-13 2.4952267888873344e-13 -3.7654495544671733e-17 0.35747015385287467 0.33723847691042347 0.020231676942451204 0.0019133211205550301
20500 0 0 0.50422733912353757 24.922666913316213 0.011884444675940528 0.0019133210766792211 0.011884444675940568 0.0019133210766792222 0.011884444675940528 -3.8869255036865364e-17 2.702109369593053e-17 1.0408340855872474e-21 -5.7420828763776127e-17 1.1951297820249932e-17 49.999999999999282 49.999999999999766 49.999999999999282 -7.1764816311770119e-13 -2.3447910280083306e-13 1.000000000000002 1969.8656512458838 8030.1343487428112 0.015794897093624086 0 0 0.72743578439008572 9.2397847830986654e-18 0.99999999999999956 -3.8861275393535727e-13 2.702675865225157e-13 7.4072990616279721e-18 0.35747015368356233 0.33723847699834658 0.020231676685215749 0.0019133210766792211
21000 0 0 0.50422737668469542 24.922666886449971 0.011884444362704336 0.0019133210518690351 0.011884444362704378 0.0019133210518690342 0.011884444362704336 -3.8216999009898921e-17 2.8999025403242682e-17 -3.8163916471533972e-21 -5.93263511256778e-17 3.7508296421674483e-17 49.999999999999268 49.99999999999978 49.999999999999268 -7.3185901783290319e-13 -2.2026824808563106e-13 1.0000000000000011 1969.8656512458338 8030.1343487426375 0.015794897102699455 0 0 0.727435785881974 9.2397839219844769e-18 0.99999999999999956 -3.8243713751715561e-13 2.902132199971043e-13 2.4115528886626902e-17 0.35747015467007337 0.33723847645593991 0.020231678214133464 0.0019133210518690351
21500 0 0 0.50422742639616513 24.922666850260804 0.011884444278014427 0.0019133210436960862 0.011884444278014468 0.0019133210436960868 0.011884444278014427 -4.058663127808677e-17 3.0942262641034749e-17 -6.9388939039154007e-22 -2.9991280162858133e-17 5.3336883001795231e-17 49.999999999999247 49.999999999999801 49.999999999999247 -7.531752999057062e-13 -1.9895196601282805e-13 1.0000000000000011 1969.8656512457881 8030.1343487424247 0.015794897113207852 0 0 0.72743578784855445 9.2397833463249825e-18 0.99999999999999956 -4.0525048594641788e-13 3.1000272878237145e-13 2.4447008859046724e-17 0.35747015597774318 0.33723847573960331 0.020231680238139871 0.0019133210436960862
22000 0 0 0.50422746862383461 24.922666819274266 0.01188444433405496 0.0019133210463214375 0.011884444334054943 0.0019133210463214384 0.01188444433405496 -4.1007128248665317e-17 3.4247951696861114e-17 2.0816681711746852e-21 -2.4167175512125819e-17 5.5297877034951564e-17 49.999999999999233 49.999999999999808 49.999999999999233 -7.673861546209082e-13 -1.9184653865522705e-13 1.0000000000000007 1969.865651245731 8030.1343487422737 0.015794897121551164 0 0 0.72743578951600341 9.2397830404525482e-18 0.99999999999999956 -4.1024301926324619e-13 3.4306829303737471e-13 2.7459193042064468e-17 0.35747015708933921 0.33723847513169719 0.020231681957642023 0.0019133210463214375
22500 0 0 0.50422749535200562 24.922666799513006 0.011884444446886912 0.0019133210537666085 0.011884444446886902 0.0019133210537666089 0.011884444446886912 -4.5961151551366721e-17 3.0997426847572421e-17 -2.7755575615662983e-21 -5.3004259354708151e-17 3.9788947388047215e-17 49.999999999999211 49.999999999999829 49.999999999999211 -7.8870243669371121e-13 -1.7053025658242404e-13 1.0000000000000011 1969.8656512456782 8030.1343487419781 0.015794897126479374 0 0 0.72743579056955776 9.2397829531276551e-18 0.99999999999999956 -4.5922987634507947e-13 3.104251339487718e-13 -1.0328856251994814e-17 0.35747015779340269 0.33723847474727464 0.020231683046128046 0.0019133210537666085
23000 0 0 0.5042275067433879 24.922666790970499 0.011884444557733083 0.0019133210616315509 0.011884444557733126 0.0019133210616315509 0.011884444557733083 -4.4755171790868045e-17 2.832560574987085e-17 4.1633363423496224e-21 -3.6839320611333869e-17 1.5188401958813261e-17 49.99999999999919 49.999999999999829 49.99999999999919 -8.1001871876651421e-13 -1.7053025658242404e-13 1.0000000000000002 1969.8656512456278 8030.1343487417462 0.015794897128293444 0 0 0.72743579101705835 9.2397830023612885e-18 0.99999999999999956 -4.4726722336393125e-13 2.8309478237225215e-13 5.6380170940601959e-17 0.35747015809385241 0.33723847458372058 0.020231683510131826 0.0019133210616315509
23500 0 0 0.50422750711524955 24.922666790546732 0.011884444636960768 0.0019133210675409751 0.011884444636960818 0.0019133210675409734 0.011884444636960768 -4.7286827231712934e-17 3.4545630245342003e-17 4.8572257327413409e-21 -5.6145406674010492e-17 1.6212277513299091e-17 49.999999999999169 49.999999999999844 49.999999999999169 -8.3133500083931722e-13 -1.5631940186722204e-13 1.0000000000000002 1969.8656512455727 8030.1343487415706 0.015794897128007562 0 0 0.72743579102982847 9.2397831144048253e-18 0.99999999999999956 -4.7330889207941595e-13 3.4558971353029766e-13 5.9255169613737593e-17 0.35747015810411858 0.33723847457872214 0.020231683525396449 0.0019133210675409751
24000 0 0 0.50422750172622466 24.922666794408688 0.011884444678083125 0.0019133210708150534 0.011884444678083177 0.0019133210708150534 0.011884444678083125 -4.5612125188003719e-17 3.7710459754918978e-17 2.0816681711749041e-21 -4.3936094524500881e-17 8.98474276515283e-18 49.999999999999147 49.999999999999858 49.999999999999147 -8.5265128291212022e-13 -1.4210854715202004e-13 1.0000000000000002 1969.8656512455168 8030.1343487413296 0.015794897126722114 0 0 0.7274357908158442 9.2397832301482953e-18 0.99999999999999956 -4.5591308506232053e-13 3.7717685972936946e-13 8.84890217333153e-18 0.35747015796254589 0.33723847465651435 0.020231683306031534 0.0019133210708150534
24500 0 0 0.50422749486667628 24.922666799405114 0.011884444688287867 0.0019133210718321365 0.01188444468828791 0.0019133210718321352 0.011884444688287867 -4.5479939259135149e-17 4.1113640270095684e-17 0 -6.0549331981402338e-17 2.7384348843861608e-17 49.999999999999126 49.999999999999879 49.999999999999126 -8.7396756498492323e-13 -1.2079226507921703e-13 1.0000000000000011 1969.8656512454675 8030.1343487411004 0.015794897125278064 0 0 0.72743579054448992 9.2397833057604898e-18 0.99999999999999956 -4.546051035581253e-13 4.1058980217845734e-13 -8.7872426705327925e-18 0.35747015778208541 0.33723847475534319 0.02023168302674222 0.0019133210718321365
25000 0 0 0.50422748914572535 24.922666803604869 0.011884444679800155 0.0019133210714095525 0.01188444467980021 0.0019133210714095516 0.011884444679800155 -4.9293208404034262e-17 4.0372913345854075e-17 1.3877787807833517e-21 -9.0851799226605855e-17 3.6729686451480063e-17 49.999999999999105 49.999999999999886 49.999999999999105 -8.9528384705772623e-13 -1.1368683772161603e-13 1.0000000000000011 1969.865651245412 8030.1343487408576 0.015794897124151042 0 0 0.72743579031857653 9.2397833290300299e-18 0.99999999999999956 -4.9337617324620694e-13 4.0382568166144606e-13 5.2550952028036972e-18 0.35747015763147177 0.33723847483768693 0.020231682793784844 0.0019133210714095525
25500 0 0 0.50422748558856945 24.92266680623619 0.011884444664057517 0.0019133210703643898 0.011884444664057497 0.0019133210703643922 0.011884444664057517 -4.9860809925375725e-17 4.0261544098697073e-17 -3.1225022567626086e-21 -8.2194897527248615e-17 2.366985798182812e-17 49.999999999999083 49.999999999999908 49.999999999999083 -9.1660012913052924e-13 -9.2370555648813024e-14 1.0000000000000031 1969.8656512453681 8030.1343487406557 0.015794897123497704 0 0 0.72743579017835192 9.2397833377120004e-18 0.99999999999999956 -4.982403378728459e-13 4.024105809892267e-13 -5.1883714477488958e-17 0.35747015753775513 0.33723847488883407 0.020231682648921057 0.0019133210703643898
26000 0 0 0.50422748412442953 24.922666807335865 0.01188444464893555 0.0019133210692880967 0.01188444464893553 0.0019133210692880971 0.01188444464893555 -5.2192972166483234e-17 4.1647241211310107e-17 -3.4694469519585227e-22 -3.379167201802064e-17 2.7234795664130281e-17 49.999999999999062 49.999999999999922 49.999999999999062 -9.3791641120333225e-13 -7.815970093361102e-14 1.0000000000000004 1969.8656512453042 8030.134348740462 0.015794897123267742 0 0 0.72743579012082737 9.2397833278684939e-18 0.99999999999999956 -5.2209625543542503e-13 4.1604854327317864e-13 -1.9603682701184149e-18 0.35747015749912231 0.33723847490984127 0.020231682589281041 0.0019133210692880967
26500 0 0 0.50422748413915586 24.922666807345465 0.011884444638306287 0.0019133210684929292 0.011884444638306266 0.0019133210684929307 0.011884444638306287 -5.232342337187858e-17 4.0789940869482488e-17 -6.9388939039172712e-22 -4.063382377923316e-17 1.6929239072947634e-17 49.999999999999041 49.999999999999943 49.999999999999041 -9.5923269327613525e-13 -5.6843418860808015e-14 1.0000000000000013 1969.8656512452521 8030.1343487401682 0.01579489712331849 0 0 0.72743579012163884 9.2397833113417824e-18 0.99999999999999956 -5.2299831132529562e-13 4.0745385575851199e-13 3.8514431337507409e-18 0.35747015749943534 0.33723847490957121 0.020231682589864131 0.0019133210684929292
27000 0 0 0.5042274849091658 24.922666806792684 0.011884444632918514 0.0019133210680616051 0.011884444632918573 0.001913321068061606 0.011884444632918514 -5.1851925531109115e-17 4.2995815241539211e-17 3.4694469519587508e-22 -5.1770679527113388e-17 3.4961680678433079e-17 49.999999999999012 49.999999999999957 49.999999999999012 -9.8765440270653926e-13 -4.2632564145606011e-14 1.0000000000000027 1969.8656512451969 8030.134348739939 0.015794897123499151 0 0 0.72743579015217419 9.239783296100905e-18 0.99999999999999956 -5.1854180586516953e-13 4.2964747433516938e-13 3.2302650518294093e-18 0.35747015751965733 0.33723847489844849 0.020231682621208835 0.0019133210680616051
27500 0 0 0.50422748585446509 24.922666806103766 0.011884444631709293 0.0019133210679361963 0.011884444631709266 0.001913321067936197 0.011884444631709293 -5.3426707502604807e-17 4.8467826974170014e-17 -6.9388939039177113e-21 -6.5801340186612526e-17 5.854065543299932e-17 49.999999999998991 49.999999999999979 49.999999999998991 -1.0089706847793423e-12 -2.1316282072803006e-14 1.0000000000000002 1969.8656512451455 8030.1343487398235 0.015794897123696489 0 0 0.72743579018953497 9.2397832857863299e-18 0.99999999999999956 -5.3448911957391771e-13 4.8488150333232124e-13 -3.8195981442206027e-17 0.35747015754451672 0.33723847488481934 0.020231682659697381 0.0019133210679361963
28000 0 0 0.50422748662881423 24.922666805535084 0.011884444632979524 0.0019133210680024977 0.011884444632979498 0.0019133210680025001 0.011884444632979524 -5.4907120517006848e-17 4.8976794842023449e-17 2.4286128663712516e-21 -8.7948863665919679e-17 5.4474210193101336e-17 49.999999999998956 50.000000000000007 49.999999999998956 -1.0444978215673473e-12 7.1054273576010019e-15 1.0000000000000013 1969.8656512450902 8030.1343487395197 0.015794897123847691 0 0 0.7274357902200812 9.2397832804657265e-18 0.99999999999999956 -5.4898967242470229e-13 4.8996684525508681e-13 5.0243945241586331e-17 0.35747015756489287 0.33723847487366376 0.020231682691229103 0.0019133210680024977
28500 0 0 0.50422748710160026 24.922666805185123 0.011884444635172287 0.0019133210681489487 0.01188444463517231 0.0019133210681489491 0.011884444635172287 -5.1814108559336797e-17 5.3826387791473031e-17 3.4694469519590207e-22 -6.2977688142042057e-17 3.8069779324415895e-17 49.999999999998934 50.000000000000028 49.999999999998934 -1.0658141036401503e-12 2.8421709430404007e-14 1 1969.865651245033 8030.1343487393679 0.015794897123933272 0 0 0.72743579023868854 9.2397832792021501e-18 0.99999999999999956 -5.1799190027359906e-13 5.3820820413233439e-13 -1.1810628725110793e-17 0.35747015757733913 0.33723847486685582 0.020231682710483312 0.0019133210681489487
29000 0 0 0.50422748728908395 24.922666805044084 0.011884444637233678 0.0019133210682961139 0.011884444637233642 0.0019133210682961155 0.011884444637233678 -4.8033452215788498e-17 5.6246327040466136e-17 7.9797279895059875e-21 -8.0253494239744815e-17 5.1606446844052692e-17 49.999999999998906 50.00000000000005 49.999999999998906 -1.0942358130705543e-12 4.9737991503207013e-14 1.0000000000000002 1969.8656512449822 8030.1343487391687 0.015794897123961333 0 0 0.72743579024602223 9.2397832805577136e-18 0.99999999999999956 -4.8005349695401378e-13 5.6311753199299612e-13 5.898110827890475e-17 0.35747015758227701 0.33723847486415659 0.020231682718120425 0.0019133210682961139
29500 0 0 0.5042274872782937 24.922666805049257 0.011884444638658523 0.0019133210684030644 0.011884444638658485 0.0019133210684030638 0.011884444638658523 -4.7762141464146389e-17 5.8692981030989056e-17 -3.4694469519592047e-21 -8.2922723234278635e-17 4.6522001806066067e-17 49.999999999998877 50.000000000000078 49.999999999998877 -1.1226575225009583e-12 7.815970093361102e-14 1.0000000000000002 1969.8656512449325 8030.1343487389368 0.015794897123951965 0 0 0.7274357902455364 9.2397832826435558e-18 0.99999999999999956 -4.7818866911145959e-13 5.8678306357136873e-13 1.236847086805095e-17 0.3574701575819918 0.33723847486430852 0.020231682717683275 0.0019133210684030644
29999 0 0 0.50422748716576349 24.922666805130074 0.011884444639408263 0.0019133210684633198 0.011884444639408227 0.0019133210684633205 0.011884444639408263 -4.6982556734042522e-17 5.792102908417982e-17 -2.0816681711755831e-21 -5.9341724353994832e-17 5.9714163644126586e-17 49.999999999998856 50.000000000000099 49.999999999998856 -1.1439738045737613e-12 9.9475983006414026e-14 1.0000000000000018 1969.8656512448758 8030.134348738763 0.015794897123924942 0 0 0.72743579024104754 9.2397832847404852e-18 0.99999999999999956 -4.6907269735108059e-13 5.7945472422063493e-13 -2.2877945597958115e-17 0.35747015757902745 0.33723847486592495 0.020231682713102495 0.0019133210684633198
