# step v0 Mach sigma R umax_ref urms_ref umax_mean urms_mean umax_lab mean_x mean_y mean_z drop_ux drop_uy x0 y0 x_unwrapped center_dx center_dy axis_ratio mass_R mass_B min_f negative_total negative_color min_rho min_phi max_phi qx qy qz p_in p_out delta_p urms_lab
0 0 0 -5.560112678108922e-15 25.040521385269312 2.7755575615628907e-17 7.3761610154491736e-18 2.7760779853298645e-17 7.3761589265055065e-18 2.7755575615628907e-17 1.3444106938820255e-21 -5.2041704279304214e-21 1.3877787807814457e-21 -2.8454875438444032e-21 -8.6106647939402589e-21 50.000000000000007 50.000000000000007 50.000000000000007 7.1054273576010019e-15 7.1054273576010019e-15 1.0000000000000007 1969.8656512480634 8030.1343487520408 -0.0015259829097304905 256 832 0.99999999999999944 5.1710809399147485e-26 0.99999999999998512 2.783587747594504e-16 -3.6785467222254449e-17 2.7943585319405823e-17 0.33333333333333387 0.33333333333333409 -2.2204460492503131e-16 7.3761610154491736e-18
500 0 0 0.22640522443459515 24.714646307025351 0.0072089159842511734 0.0047118970227043094 0.0072089159842511743 0.0047118970227043094 0.0072089159842511734 -1.1855100234825856e-18 1.294103713078737e-18 -1.2359904766335122e-21 8.503876960714114e-18 5.8935928398631787e-18 49.999999999999993 50.000000000000007 49.999999999999993 -7.1054273576010019e-15 7.1054273576010019e-15 1.0000000000000033 1969.8656512479852 8030.1343487517461 -0.00083296842776645324 32 520 0.97842285703775378 4.2359097093442477e-18 0.99999999999999978 -1.2465722898369336e-14 3.4893095357535486e-14 -1.69027881128128e-17 0.34161793755675057 0.33245716618167176 0.0091607713750788133 0.0047118970227043094
1000 0 0 0.43868614927630811 24.53938342198218 0.0074730986586739462 0.005096760320914058 0.0074730986586739436 0.0050967603209140589 0.0074730986586739462 -2.7998436902267403e-19 3.151298666459663e-18 5.8546917314220872e-22 1.6660367635947177e-17 -1.9435624931480085e-18 50.000000000000007 49.999999999999993 50.000000000000007 7.1054273576010019e-15 -7.1054273576010019e-15 1.0000000000000016 1969.865651247947 8030.1343487514941 -0.00017109664899002392 16 416 0.98479191014302347 5.5811344004925404e-18 0.99999999999999978 -1.6481499325038396e-15 9.9052168377189442e-15 -1.138508565930095e-17 0.34801678453744489 0.33013996417351771 0.017876820363927182 0.005096760320914058
1500 0 0 0.56184392222077195 24.442572330234828 0.0049758225491585272 0.0034293115942304114 0.0049758225491585281 0.003429311594230411 0.0049758225491585272 -2.3273050153706591e-18 2.2551405187700188e-19 -4.1199682554452267e-21 5.2708051204638723e-18 3.9072965774546564e-18 49.999999999999993 50.000000000000007 49.999999999999993 -7.1054273576010019e-15 7.1054273576010019e-15 1.0000000000000009 1969.8656512478913 8030.1343487512304 0.00025218728400840844 0 392 0.98306341606461556 4.9857127553944396e-18 0.99999999999999978 -2.2939874826100048e-14 -9.9555780286308959e-15 -4.3936794181424162e-17 0.35163924012589698 0.3286529555961879 0.022986284529709078 0.0034293115942304114
2000 0 0 0.59882559940911328 24.41325835534133 0.0020233852505856932 0.0013413746378921597 0.0020233852505856923 0.0013413746378921597 0.0020233852505856932 -1.6858042739544761e-18 1.9248491689441108e-18 8.2399365108908841e-22 -1.7698706962062446e-18 -4.0330022976101801e-18 49.999999999999993 49.999999999999993 49.999999999999993 -7.1054273576010019e-15 -7.1054273576010019e-15 1.000000000000002 1969.8656512478431 8030.1343487509921 0.00022252621536074163 0 352 0.98137351499051917 4.5656874013932507e-18 0.99999999999999978 -1.692047923215062e-14 1.0464719368830089e-15 3.5452430048032849e-17 0.35275495049710986 0.32822624602460354 0.024528704472506324 0.0013413746378921597
2500 0 0 0.58142009171201658 24.426722533925634 0.0013750915145429134 0.00036374512348339696 0.0013750915145429169 0.00036374512348339718 0.0013750915145429134 -2.6721680423950342e-18 2.3293866835419709e-18 -5.6595353403750971e-21 -2.9413903125091791e-17 2.3088560899327602e-18 49.999999999999993 49.999999999999993 49.999999999999993 -7.1054273576010019e-15 -7.1054273576010019e-15 1.0000000000000058 1969.8656512477796 8030.1343487508066 0.00022522196033060665 0 368 0.98306834171179758 4.5792873316648489e-18 0.99999999999999978 -2.6598947043955483e-14 2.7581456134859531e-14 -8.1070198611773221e-17 0.35229480975968197 0.3284921857725917 0.023802623987090266 0.00036374512348339696
3000 0 0 0.54274086622146145 24.456413433897705 0.0018688431753684583 0.00096637636158412225 0.0018688431753684568 0.00096637636158412236 0.0018688431753684583 -1.2739809207575779e-18 1.0824674490097067e-18 -3.9790219730224599e-21 -5.9896355887487443e-18 -1.4083653124427054e-17 49.999999999999993 49.999999999999993 49.999999999999993 -7.1054273576010019e-15 -7.1054273576010019e-15 1.0000000000000013 1969.8656512477523 8030.1343487505947 0.00027278062784856537 0 384 0.98589312347185698 4.7324267528272497e-18 0.99999999999999978 -1.2868165192268799e-14 4.5991788394199318e-15 -3.741338433242622e-17 0.35119068673193132 0.32899851747995107 0.022192169251980254 0.00096637636158412225
3500 0 0 0.50812670343140476 24.482869388366279 0.0018828605947161581 0.00096384453166288098 0.0018828605947161579 0.00096384453166288131 0.0018828605947161581 8.9199481134745561e-19 -2.1076890233122491e-18 4.0766001685463259e-21 1.0155376795431426e-17 -1.588656556747466e-17 49.999999999999993 49.999999999999993 49.999999999999993 -7.1054273576010019e-15 -7.1054273576010019e-15 1.0000000000000007 1969.8656512476825 8030.1343487503773 9.6490433362013625e-05 0 440 0.98725544682937971 4.7758523254978728e-18 0.99999999999999978 9.1766804116537315e-15 -3.3634560251977891e-14 1.2701282580868139e-17 0.35019733660116298 0.3294429595152461 0.020754377085916875 0.00096384453166288098
4000 0 0 0.48881932481512108 24.497650755167861 0.001542561651601755 0.0006242950380776223 0.0015425616516017541 0.00062429503807762143 0.001542561651601755 4.5623227418200352e-19 -4.0200481832295628e-18 -5.5294310796773237e-22 3.2997160964913631e-17 -1.9189517612509299e-18 49.999999999999993 49.999999999999986 49.999999999999993 -7.1054273576010019e-15 -1.4210854715202004e-14 1.0000000000000007 1969.8656512476207 8030.1343487500953 6.0704127790876588e-06 0 448 0.98670083737974734 4.7690851857349812e-18 0.99999999999999978 4.3836530000569696e-15 -4.8014760570258552e-14 -2.2869655723132974e-17 0.3496466190551768 0.32969289656560286 0.019953722489573944 0.0006242950380776223
4500 0 0 0.48448588927352348 24.501026018411483 0.0013036995503126765 0.00028466635621352476 0.0013036995503126743 0.00028466635621352476 0.0013036995503126765 -1.0614772949504754e-18 -3.4777736246391779e-18 3.7079714299013582e-21 4.8882565599249675e-18 1.5980523340699917e-18 49.999999999999993 49.999999999999986 49.999999999999993 -7.1054273576010019e-15 -1.4210854715202004e-14 1.0000000000000047 1969.8656512475759 8030.1343487499144 -1.1467046282071929e-05 8 448 0.98656310736848174 4.7372490795660752e-18 0.99999999999999978 -1.113736009070599e-14 -3.806037516401739e-14 4.8919029880110846e-17 0.34952251979304111 0.32974841364297813 0.019774106150062976 0.00028466635621352476
5000 0 0 0.48928196807976881 24.497424798723401 0.001220833968933255 0.00023627972679444667 0.0012208339689332561 0.00023627972679444667 0.001220833968933255 1.5702716904546524e-18 -2.8928248685397466e-18 4.8680677544613002e-21 1.6842084871795944e-17 2.1846025770059454e-17 50.000000000000007 49.999999999999986 50.000000000000007 7.1054273576010019e-15 -1.4210854715202004e-14 1.0000000000000011 1969.8656512475216 8030.1343487496497 1.3308488600381768e-05 0 448 0.98670253869152624 4.6798183805194899e-18 0.99999999999999978 1.5911758706693788e-14 -2.890858989771641e-14 3.3649956437650704e-17 0.34965425681564027 0.32968146489568034 0.019972791919959931 0.00023627972679444667
5500 0 0 0.49687975197014544 24.491665328886153 0.0012068886755915993 0.00029495256616021221 0.0012068886755915937 0.00029495256616021248 0.0012068886755915993 2.5080632015680338e-18 -5.134087599502526e-18 -6.0715321659206794e-21 1.1780182843888687e-18 1.2956925656330376e-18 50.000000000000007 49.999999999999979 50.000000000000007 7.1054273576010019e-15 -2.1316282072803006e-14 1.0000000000000004 1969.8656512474588 8030.1343487494705 5.0819928702932905e-05 0 440 0.98693515839474877 4.6559690100006457e-18 0.99999999999999978 2.4806544012402447e-14 -5.4313866772182084e-14 -4.3628160372664675e-17 0.34986379658055805 0.32957608868900395 0.020287707891554096 0.00029495256616021221
6000 0 0 0.50304893535690476 24.486978743936564 0.0012034491655625317 0.00028212977796873197 0.001203449165562531 0.00028212977796873213 0.0012034491655625317 2.3019780526219952e-18 -4.372890938243802e-18 -4.7271214720383852e-21 -2.8224599293495295e-17 -2.5838864258960338e-18 50.000000000000007 49.999999999999972 50.000000000000007 7.1054273576010019e-15 -2.8421709430404007e-14 1.0000000000000009 1969.8656512474245 8030.1343487491977 8.1001295275331183e-05 0 432 0.98712584305665463 4.6291166587977256e-18 0.99999999999999978 2.2865390136850294e-14 -4.1486562449288833e-14 -1.9790709718557017e-18 0.3500341652981373 0.3294906372207313 0.020543528077406004 0.00028212977796873197
6500 0 0 0.50616778188214362 24.484605918440039 0.0012092186671240851 0.00024067702693565508 0.001209218667124084 0.00024067702693565508 0.0012092186671240851 1.4873519083030568e-18 -2.4008572907527768e-19 -1.3010426069830799e-22 -1.6002716675952773e-17 9.887017310279714e-19 50.000000000000007 49.999999999999979 50.000000000000007 7.1054273576010019e-15 -2.1316282072803006e-14 1 1969.8656512473617 8030.1343487489821 9.5911259453905013e-05 0 432 0.98722167108383707 4.6158888426857444e-18 0.99999999999999978 1.468530158588166e-14 -6.5813926370902366e-15 3.6107139126995191e-17 0.35012057815106357 0.3294476792868456 0.02067289886421797 0.00024067702693565508
7000 0 0 0.50654616168794975 24.484314027633925 0.0012244530348937792 0.0002196283624718376 0.001224453034893782 0.00021962836247183757 0.0012244530348937792 3.1016855750477526e-18 -1.1025902413312928e-18 2.9056618222622963e-21 -4.7385403156302874e-18 1.2177327533344821e-17 50.000000000000007 49.999999999999972 50.000000000000007 7.1054273576010019e-15 -2.8421709430404007e-14 1.0000000000000013 1969.8656512473126 8030.134348748702 9.7204382324596691e-05 0 432 0.98723284294156366 4.6236956803761253e-18 0.99999999999999978 3.1372040382171562e-14 -1.1190809563743631e-14 5.3677104236521232e-17 0.35013132140712133 0.32944272212203446 0.020688599285086873 0.0002196283624718376
7500 0 0 0.50537270401313605 24.485201068560603 0.0012387542377713682 0.00021992408351443872 0.0012387542377713702 0.0002199240835144387 0.0012387542377713682 4.7939083258639603e-18 2.2561813528564017e-18 -3.2526065174579066e-22 2.0443814006193472e-17 1.4602680558218481e-17 50.000000000000007 49.999999999999979 50.000000000000007 7.1054273576010019e-15 -2.1316282072803006e-14 1.0000000000000033 1969.8656512472701 8030.1343487485155 9.098596661556592e-05 0 432 0.98719674017451919 4.6376980211546955e-18 0.99999999999999978 4.7841071382226374e-14 2.3161811222566068e-14 4.0563730164736563e-18 0.35009907925000722 0.32945915464419939 0.020639924605807825 0.00021992408351443872
8000 0 0 0.50384347006037555 24.48635949683645 0.0012447617118915375 0.00022223798813899093 0.0012447617118915366 0.00022223798813899095 0.0012447617118915375 4.2157249913206973e-18 3.9277608943084196e-18 4.8355416892874834e-21 2.8957859309468798e-17 3.774591025174236e-18 50.000000000000014 49.999999999999979 50.000000000000014 1.4210854715202004e-14 -2.1316282072803006e-14 1.0000000000000042 1969.865651247201 8030.1343487482418 8.327091072746002e-05 0 432 0.98714998409706067 4.6487492290587998e-18 0.99999999999999978 4.1974236586472813e-14 3.8534008459551209e-14 5.729633211503606e-17 0.35005691879508904 0.32948042312918696 0.020576495665902084 0.00022223798813899093
8500 0 0 0.50270769631810264 24.487220761490569 0.0012432726120175028 0.00022088841625231582 0.0012432726120175039 0.00022088841625231598 0.0012432726120175028 5.9481933267797205e-18 4.8277354336457643e-18 -1.2251484549092064e-21 3.1524164898653672e-17 1.6781961916345029e-17 50.000000000000014 49.999999999999986 50.000000000000014 1.4210854715202004e-14 -1.4210854715202004e-14 1.0000000000000007 1969.8656512471384 8030.1343487480608 7.7697903363387727e-05 0 440 0.98711523084878483 4.6514117363568299e-18 0.99999999999999978 5.9399098104208478e-14 4.8696507319833911e-14 -2.697689364768929e-17 0.35002559015147744 0.32949620050719908 0.020529389644278362 0.00022088841625231582
9000 0 0 0.50220195960698488 24.487604807795766 0.0012386663830719227 0.0002188925197195404 0.0012386663830719145 0.00021889251971954037 0.0012386663830719227 6.2078814311337238e-18 5.7186894109080184e-18 -1.3227266504329807e-21 -9.9579410636873247e-18 1.6563777249142623e-17 50.000000000000021 49.999999999999986 50.000000000000021 2.1316282072803006e-14 -1.4210854715202004e-14 1.0000000000000013 1969.8656512470948 8030.1343487478471 7.5316564403191523e-05 0 440 0.98709967208384541 4.6501789706091569e-18 0.99999999999999978 6.2090957375637856e-14 5.7442088195400198e-14 -6.9135862163996693e-18 0.35001164671233359 0.32950323180002228 0.020508414912311312 0.0002188925197195404
9500 0 0 0.50221058545144004 24.487598858043146 0.0012343941494680957 0.00021818074297401757 0.0012343941494681013 0.00021818074297401757 0.0012343941494680957 5.9554791653792383e-18 6.8585762069732585e-18 6.0498481224724282e-21 -2.2432765496700192e-17 2.1763293508336884e-17 50.000000000000028 49.999999999999986 50.000000000000028 2.8421709430404007e-14 -1.4210854715202004e-14 1.000000000000002 1969.8656512470511 8030.1343487475488 7.5467712982655108e-05 0 440 0.98709985367326702 4.6462099368464788e-18 0.99999999999999978 5.9877016539422456e-14 6.8983393216454081e-14 6.3139985198145963e-17 0.35001189022272511 0.32950311807389987 0.020508772148825238 0.00021818074297401757
10000 0 0 0.50248061472084526 24.487394500315641 0.0012318549609701107 0.00021825229638407388 0.0012318549609701183 0.00021825229638407399 0.0012318549609701107 6.5817143402072828e-18 4.1406114648113555e-18 5.0306980803355524e-21 -1.2144457415900122e-17 1.3174742889883118e-17 50.000000000000028 50.000000000000007 50.000000000000028 2.8421709430404007e-14 7.1054273576010019e-15 1.0000000000000002 1969.8656512469863 8030.134348747345 7.6865046140782564e-05 0 440 0.98710808460240795 4.6448038450499223e-18 0.99999999999999978 6.5597700882324972e-14 4.1479000297954424e-14 4.3829947926104e-17 0.35001933697004706 0.32949936639031191 0.020519970579735147 0.00021825229638407388
10500 0 0 0.5027836363077397 24.487164872922143 0.001231067215878369 0.00021833356134445245 0.0012310672158783616 0.00021833356134445242 0.001231067215878369 2.9106925203432102e-18 7.1966738124416483e-18 2.0599841277236798e-21 1.0542601989754723e-17 2.9796361570605756e-17 50.000000000000028 50.000000000000007 50.000000000000028 2.8421709430404007e-14 7.1054273576010019e-15 1.0000000000000002 1969.8656512469395 8030.1343487470986 7.8379499473819647e-05 0 432 0.98711736594669952 4.6435778124498663e-18 0.99999999999999978 2.9155497672500434e-14 7.2350708323759561e-14 3.6119892696348326e-18 0.35002769007783557 0.32949515236197624 0.020532537715859334 0.00021833356134445245
11000 0 0 0.50298975410916236 24.487008553849247 0.0012314498003650196 0.00021828220168493517 0.0012314498003650148 0.00021828220168493558 0.0012314498003650196 2.6638413697116426e-18 9.993568472761007e-18 -1.3660947373325857e-21 8.5451827885087799e-18 2.896383866531954e-17 50.000000000000036 50.000000000000014 50.000000000000036 3.5527136788005009e-14 1.4210854715202004e-14 1.0000000000000007 1969.8656512468733 8030.1343487469312 7.938517191445385e-05 0 432 0.98712369583647863 4.6432019519611402e-18 0.99999999999999978 2.6490094786964274e-14 1.0018334302646273e-13 6.0587806364616445e-18 0.35003337023287823 0.32949228400737868 0.02054108622549955 0.00021828220168493517
11500 0 0 0.50306854431935821 24.486948723983161 0.0012323023120304692 0.00021822517204031722 0.0012323023120304638 0.00021822517204031687 0.0012323023120304692 2.7044338990495728e-18 1.0728223864837832e-17 -3.100818213310527e-21 1.0797682996322309e-17 2.5609083956781653e-17 50.000000000000036 50.000000000000021 50.000000000000036 3.5527136788005009e-14 2.1316282072803006e-14 1.000000000000002 1969.8656512468317 8030.1343487467157 7.9750675205163089e-05 0 432 0.98712612648597398 4.6433162850018708e-18 0.99999999999999978 2.7007476222493034e-14 1.0732804629597629e-13 -1.9105300546235357e-17 0.3500355394988422 0.32949118544354744 0.020544354055294756 0.00021822517204031722
12000 0 0 0.50305214268698473 24.486961051060923 0.0012330833771722414 0.00021821364898986148 0.0012330833771722297 0.00021821364898986159 0.0012330833771722414 1.4314938123770289e-18 1.5574650943938597e-17 2.4502969098188961e-21 1.6605377062573347e-17 4.625662853447524e-17 50.000000000000036 50.000000000000036 50.000000000000036 3.5527136788005009e-14 3.5527136788005009e-14 1.0000000000000029 1969.8656512467858 8030.1343487464273 7.9649115813448698e-05 0 432 0.98712563742679638 4.6437576013641881e-18 0.99999999999999978 1.4173123764915459e-14 1.5558745713939575e-13 6.4602926023050432e-17 0.35003508583875087 0.32949141193662779 0.020543673902123083 0.00021821364898986148
12500 0 0 0.50299294707324083 24.487005890147721 0.0012335315108802708 0.00021821894731786099 0.0012335315108802788 0.00021821894731786099 0.0012335315108802708 2.8076499458704407e-18 1.3574471408049478e-17 3.361026734707432e-21 1.1998123223790834e-17 4.0762712409274229e-17 50.000000000000036 50.000000000000043 50.000000000000036 3.5527136788005009e-14 4.2632564145606011e-14 1.0000000000000013 1969.8656512467182 8030.1343487462054 7.9345311607221993e-05 0 432 0.98712382982955249 4.644094183131465e-18 0.99999999999999978 2.7809785115448258e-14 1.3627217845054821e-13 1.702262393311051e-17 0.35003345231277777 0.3294922334585928 0.020541218854184973 0.00021821894731786099
13000 0 0 0.50293394082152021 24.487050614487973 0.0012336365535294837 0.00021821738959843681 0.0012336365535294928 0.00021821738959843689 0.0012336365535294837 1.55795515377591e-18 1.4069388015746384e-17 -1.3660947373327349e-21 1.2411061396010479e-17 -1.6456545210732973e-18 50.000000000000036 50.00000000000005 50.000000000000036 3.5527136788005009e-14 4.9737991503207013e-14 1.0000000000000038 1969.8656512466691 8030.1343487460217 7.9051601453943845e-05 0 432 0.98712202272476102 4.6443305504746793e-18 0.99999999999999978 1.5466359136874323e-14 1.4071144423255522e-13 2.0298565164652932e-17 0.35003182534976407 0.32949305370513182 0.020538771644632248 0.00021821738959843681
13500 0 0 0.50289721443481838 24.487078472902187 0.0012335249453337685 0.00021821039172327845 0.0012335249453337604 0.0002182103917232782 0.0012335249453337685 4.685488108616921e-19 1.2079833661147487e-17 -1.3444106938830484e-21 3.2511165132076459e-18 1.8760325481098085e-17 50.000000000000043 50.000000000000057 50.000000000000043 4.2632564145606011e-14 5.6843418860808015e-14 1.0000000000000038 1969.8656512466225 8030.1343487457398 7.8873453146279399e-05 0 432 0.98712089474979869 4.6444062637737727e-18 0.99999999999999978 4.785668561404584e-15 1.2070539332720707e-13 2.4436034127166917e-17 0.35003081320659479 0.32949356475568903 0.020537248450905765 0.00021821039172327845
14000 0 0 0.50288575692564563 24.487087181380133 0.0012333442740986695 0.0002182052251796593 0.0012333442740986606 0.0002182052251796592 0.0012333442740986695 -4.5952824878662034e-19 1.2342514163497863e-17 -2.233456475321909e-21 -2.0784302916472685e-17 -1.3759118861405012e-18 50.000000000000043 50.000000000000064 50.000000000000043 4.2632564145606011e-14 6.3948846218409017e-14 1.0000000000000024 1969.8656512465632 8030.1343487454678 7.8821715779630442e-05 0 432 0.98712054015184802 4.6443567529613904e-18 0.99999999999999978 -4.9730185776960709e-15 1.2350426126194818e-13 -5.9882924800640368e-17 0.35003049788320739 0.32949372463612076 0.020536773247086637 0.0002182052251796593
14500 0 0 0.50289159094091207 24.487082760495756 0.0012331961187338346 0.00021820367078295014 0.0012331961187338428 0.0002182036707829503 0.0012331961187338346 2.5382473900513639e-18 9.5455761350916739e-18 1.3660947373328658e-21 -1.5481535269771862e-17 -2.3227770107228037e-17 50.000000000000043 50.000000000000071 50.000000000000043 4.2632564145606011e-14 7.1054273576010019e-14 1.0000000000000036 1969.8656512465188 8030.1343487452368 7.8854480886589664e-05 0 432 0.98712071690416414 4.644266036134241e-18 0.99999999999999978 2.5235455953554709e-14 9.5471102851283115e-14 3.9061327171182136e-17 0.35003065971718705 0.32949364451371776 0.020537015203469289 0.00021820367078295014
15000 0 0 0.50290417651669173 24.487073242718296 0.0012331202161753603 0.00021820398260023453 0.0012331202161753503 0.00021820398260023494 0.0012331202161753603 3.1186858651137486e-18 1.1022216125931482e-17 1.6479873021793642e-21 -2.6651300919472538e-18 -1.2535604741597971e-17 50.00000000000005 50.000000000000071 50.00000000000005 4.9737991503207013e-14 7.1054273576010019e-14 1.0000000000000036 1969.8656512464638 8030.1343487450331 7.8918431222557044e-05 0 432 0.98712110075671811 4.6441917422819029e-18 0.99999999999999978 3.095397181249612e-14 1.0978894126858789e-13 7.8449350314277813e-18 0.35003100634642881 0.32949346919236161 0.020537537154067198 0.00021820398260023453
15500 0 0 0.5029154550401812 24.487064677725847 0.0012331099011794854 0.00021820466596774162 0.0012331099011794859 0.00021820466596774154 0.0012331099011794854 2.0809742817835897e-18 1.060965551525719e-17 -4.2500725161468779e-21 -1.1078049446470174e-17 1.2842348148888661e-17 50.00000000000005 50.000000000000078 50.00000000000005 4.9737991503207013e-14 7.815970093361102e-14 1.0000000000000038 1969.8656512464072 8030.1343487448021 7.897440529517041e-05 0 432 0.98712144697148385 4.6441367439274774e-18 0.99999999999999978 2.0647980065441177e-14 1.0581357827958168e-13 -2.3453327396461719e-17 0.3500313178508182 0.32949331292213241 0.020538004928685794 0.00021820466596774162
16000 0 0 0.50292185597846051 24.487059821432894 0.0012331372104565327 0.00021820524631493667 0.0012331372104565275 0.00021820524631493645 0.0012331372104565327 6.0619911868064042e-18 1.4016609053992106e-17 9.5409791178810198e-22 3.2717482819412525e-17 1.3824873929595984e-17 50.00000000000005 50.000000000000099 50.00000000000005 4.9737991503207013e-14 9.9475983006414026e-14 1.0000000000000024 1969.8656512463519 8030.1343487445929 7.9005241403551195e-05 0 432 0.98712164371782174 4.6441333342469182e-18 0.99999999999999978 6.0770399103080732e-14 1.4008781096923363e-13 2.2392248342364565e-17 0.35003149422944013 0.32949322382678992 0.020538270402650216 0.00021820524631493667
16500 0 0 0.50292333088051921 24.487058698842954 0.0012331736443871302 0.00021820563759339032 0.0012331736443871259 0.00021820563759339045 0.0012331736443871302 7.9655032569977448e-18 1.4608279863561937e-17 -3.1441863002109004e-22 1.442342418584935e-17 1.8542420102279561e-17 50.000000000000057 50.000000000000099 50.000000000000057 5.6843418860808015e-14 9.9475983006414026e-14 1.000000000000002 1969.8656512463006 8030.1343487443401 7.9011551314347805e-05 0 432 0.9871216896022259 4.6441497686598974e-18 0.99999999999999978 7.9630312790148861e-14 1.4657171928752789e-13 -4.004630134987994e-18 0.3500315347812058 0.32949320320509523 0.020538331576110569 0.00021820563759339032
17000 0 0 0.50292171604366076 24.487059919890726 0.0012332010884849619 0.0002182057994725758 0.0012332010884849496 0.00021820579947257597 0.0012332010884849619 4.3787889980648442e-18 1.2878760558011731e-17 -5.4210108624327067e-22 4.6712738809579323e-18 4.0356888131796524e-18 50.000000000000064 50.000000000000107 50.000000000000064 6.3948846218409017e-14 1.0658141036401503e-13 1.0000000000000033 1969.8656512462485 8030.1343487441363 7.9002865984850019e-05 0 432 0.98712164059542618 4.6441722200511603e-18 0.99999999999999978 4.3626994378209716e-14 1.2863139904611417e-13 -2.1133566377474539e-17 0.35003149018184043 0.32949322557641347 0.020538264605426959 0.0002182057994725758
17500 0 0 0.50291911762232633 24.487061888454736 0.0012332135865942208 0.00021820575599180322 0.001233213586594218 0.0002182057559918033 0.0012332135865942208 6.1128185846531296e-18 1.4483206300944713e-17 4.8789097761896042e-21 2.0415332448570108e-17 2.4737746734529609e-18 50.000000000000064 50.000000000000114 50.000000000000064 6.3948846218409017e-14 1.1368683772161603e-13 1.0000000000000018 1969.8656512462067 8030.1343487438808 7.8989725856624086e-05 0 432 0.98712156116097227 4.6441889026718078e-18 0.99999999999999978 6.1058363650079136e-14 1.4513921716713141e-13 6.3573706578918428e-17 0.35003141851122577 0.3294932616709621 0.020538156840263666 0.00021820575599180322
18000 0 0 0.50291698928304951 24.487063502096291 0.0012332136917622089 0.00021820560760918583 0.0012332136917622078 0.00021820560760918588 0.0012332136917622089 8.9289686755568868e-18 1.0972125985564445e-17 -8.7820375971415023e-22 2.5444260654812454e-18 1.212070942146998e-17 50.000000000000071 50.000000000000121 50.000000000000071 7.1054273576010019e-14 1.2079226507921703e-13 1.0000000000000004 1969.8656512461439 8030.1343487436025 7.8979230170671792e-05 0 432 0.9871214959119271 4.6441906473897542e-18 0.99999999999999978 8.944884805791556e-14 1.0966455613485162e-13 -4.052854173224325e-17 0.35003135983660688 0.32949329126664562 0.020538068569961265 0.00021820560760918583
18500 0 0 0.50291590262436459 24.487064326729445 0.0012332073787554702 0.00021820546152198932 0.0012332073787554548 0.0002182054615219891 0.0012332073787554702 9.628582653419325e-18 1.2407653030023971e-17 1.3986208025077615e-21 1.1794367888033346e-17 3.110552238229192e-17 50.000000000000071 50.000000000000128 50.000000000000071 7.1054273576010019e-14 1.2789769243681803e-13 1.0000000000000067 1969.8656512460939 8030.1343487433878 7.8974039347470479e-05 0 432 0.98712146248139088 4.6441907647305382e-18 0.99999999999999978 9.6550805548356858e-14 1.2406042989784871e-13 3.1241793608397817e-17 0.35003132989819497 0.32949330639672547 0.020538023501469493 0.00021820546152198932
19000 0 0 0.50291576044831321 24.487064435390561 0.0012332001351056129 0.00021820537457763664 0.0012332001351055978 0.00021820537457763691 0.0012332001351056129 8.4003984324267283e-18 1.3086580430435517e-17 -4.770489558941353e-21 3.471698746060608e-17 5.0465695663047977e-17 50.000000000000078 50.000000000000135 50.000000000000078 7.815970093361102e-14 1.3500311979441904e-13 1.0000000000000053 1969.8656512460361 8030.1343487432969 7.8973529459473203e-05 0 432 0.98712145798990325 4.6441869911721462e-18 0.99999999999999978 8.3932426130451171e-14 1.3035373541631738e-13 -4.1996855068718787e-17 0.35003132600015152 0.329493308395989 0.020538017604162517 0.00021820537457763664
19500 0 0 0.50291615783736965 24.487064134698251 0.0012331951342488623 0.00021820535081164424 0.0012331951342488608 0.00021820535081164437 0.0012331951342488623 1.0941941797083374e-17 1.4099138523364645e-17 -6.9388939039148798e-22 2.5534964795365434e-17 3.6398885699724073e-17 50.000000000000085 50.000000000000135 50.000000000000085 8.5265128291212022e-14 1.3500311979441904e-13 1.0000000000000027 1969.8656512459827 8030.1343487429822 7.897562052166306e-05 0 432 0.98712147008159024 4.6441831235439887e-18 0.99999999999999978 1.0905469278009671e-13 1.4062779802171307e-13 -2.5574703837610842e-17 0.3500313369702453 0.32949330288535328 0.020538034084892021 0.00021820535081164424
20000 0 0 0.50291668363242259 24.487063736288743 0.0012331931665814631 0.00021820536738414087 0.001233193166581462 0.00021820536738414116 0.0012331931665814631 1.1239793817909241e-17 1.351878678447635e-17 6.8304736866664052e-22 -1.4767962894321347e-18 3.6189008400715566e-17 50.000000000000092 50.000000000000142 50.000000000000092 9.2370555648813024e-14 1.4210854715202004e-13 1.0000000000000018 1969.8656512459527 8030.1343487427584 7.8978264630687862e-05 0 432 0.98712148616551154 4.6441805132053287e-18 0.99999999999999978 1.1211994882465804e-13 1.3535719302956298e-13 -6.2128262651962603e-18 0.35003135147125342 0.32949329557984319 0.020538055891410223 0.00021820536738414087
20500 0 0 0.5029170779538592 24.487063437283744 0.0012331934993784494 0.0002182053980149 0.0012331934993784317 0.00021820539801489994 0.0012331934993784494 1.0599854327620955e-17 1.4682005611294304e-17 2.2334564753227249e-21 -6.8493558706451786e-18 1.4901662028281013e-18 50.000000000000092 50.000000000000156 50.000000000000092 9.2370555648813024e-14 1.5631940186722204e-13 1.0000000000000033 1969.8656512458961 8030.1343487424929 7.8980199884557453e-05 0 432 0.98712149826078011 4.6441794815820141e-18 0.99999999999999978 1.0597035497251426e-13 1.4682154683782065e-13 2.2421310973918165e-17 0.35003136234096499 0.32949329009551465 0.020538072245450345 0.0002182053980149
21000 0 0 0.50291725643792284 24.487063301794958 0.0012331948912378936 0.00021820542445498208 0.0012331948912378929 0.00021820542445498195 0.0012331948912378936 1.1554125711757204e-17 1.5061389635491264e-17 -1.452830911132296e-21 2.3669406353867518e-18 -1.1342390735356671e-17 50.000000000000099 50.000000000000156 50.000000000000099 9.9475983006414026e-14 1.5631940186722204e-13 1.0000000000000038 1969.8656512458303 8030.1343487423283 7.8981043108255811e-05 0 432 0.9871215037582225 4.6441795519349962e-18 0.99999999999999978 1.1516612295399702e-13 1.5060538541731115e-13 5.0575651582904928e-18 0.35003136725730538 0.32949328760930374 0.020538079648001639 0.00021820542445498208
21500 0 0 0.50291725676145449 24.487063301380349 0.0012331963052525689 0.00021820543890892707 0.0012331963052525864 0.00021820543890892693 0.0012331963052525689 1.0274940620570724e-17 1.4676627968519627e-17 -4.3693347551218975e-21 -3.5392185792177355e-18 1.6527646786551904e-17 50.000000000000107 50.000000000000171 50.000000000000107 1.0658141036401503e-13 1.7053025658242404e-13 1.0000000000000036 1969.8656512457924 8030.1343487420409 7.8981007403185752e-05 0 432 0.98712150379397889 4.6441803671639377e-18 0.99999999999999978 1.0265529756288964e-13 1.4676142798286629e-13 -3.7879386002904764e-17 0.35003136726202633 0.32949328760046459 0.020538079661561737 0.00021820543890892707
22000 0 0 0.50291716526089247 24.487063370646879 0.0012331971993524008 0.00021820544174659226 0.001233197199352398 0.00021820544174659242 0.0012331971993524008 9.001306644507236e-18 1.3536567700106633e-17 -4.5157020484077352e-21 1.2222431778375438e-17 4.045773718057503e-17 50.000000000000107 50.000000000000171 50.000000000000107 1.0658141036401503e-13 1.7053025658242404e-13 1.0000000000000036 1969.8656512457342 8030.1343487418508 7.8980532713186449e-05 0 432 0.98712150100506268 4.6441811458053779e-18 0.99999999999999978 9.019130930858694e-14 1.3568239968295825e-13 -4.035032882318166e-17 0.3500313647368688 0.32949328887009299 0.020538075866775807 0.00021820544174659226
22500 0 0 0.50291706087798804 24.4870634497527 0.0012331974898744512 0.00021820543749527191 0.0012331974898744512 0.00021820543749527207 0.0012331974898744512 1.0899267599576062e-17 1.1739437547079592e-17 -4.8463837110163336e-21 -1.6062075542777399e-17 3.8860126482902431e-17 50.000000000000114 50.000000000000185 50.000000000000114 1.1368683772161603e-13 1.8474111129762605e-13 1.0000000000000042 1969.8656512456785 8030.1343487415934 7.898001043344906e-05 0 432 0.98712149781015479 4.6441816517854433e-18 0.99999999999999978 1.0896795615631162e-13 1.1738185294879014e-13 -6.9942296671731242e-17 0.35003136185835604 0.32949329032070634 0.020538071537649694 0.00021820543749527191
23000 0 0 0.5029169890859897 24.487063504199114 0.0012331973605577667 0.00021820543117920176 0.0012331973605577533 0.00021820543117920171 0.0012331973605577667 7.9302883704382679e-18 1.1155095944196438e-17 5.7354294924557629e-21 -6.3400789297259002e-18 2.0977397225210002e-17 50.000000000000114 50.000000000000192 50.000000000000114 1.1368683772161603e-13 1.9184653865522705e-13 1.0000000000000038 1969.865651245628 8030.1343487413369 7.897965990384098e-05 0 432 0.98712149560674745 4.6441817630715981e-18 0.99999999999999978 7.9266020380428976e-14 1.113411120054559e-13 5.9781381538589976e-17 0.35003135987955858 0.32949329131940852 0.020538068560150058 0.00021820543117920176
23500 0 0 0.50291696104490491 24.487063525494726 0.0012331970637341609 0.00021820542617856172 0.0012331970637341442 0.00021820542617856161 0.0012331970637341609 8.8330384673379919e-18 1.7006665173369426e-17 -1.5178830414817145e-21 -1.3574741674539074e-17 9.8217168685612471e-18 50.000000000000121 50.000000000000206 50.000000000000121 1.2079226507921703e-13 2.0605739337042905e-13 1.0000000000000013 1969.8656512455655 8030.1343487411905 7.8979529487732729e-05 0 432 0.98712149474159894 4.644181619369863e-18 0.99999999999999978 8.8796591607431807e-14 1.7016658817459721e-13 -2.3686354046148577e-18 0.3500313591073877 0.32949329171023767 0.020538067397150028 0.00021820542617856172
24000 0 0 0.50291696605960279 24.487063521725176 0.001233196792223504 0.00021820542373730012 0.0012331967922235185 0.00021820542373730007 0.001233196792223504 7.1869593609816258e-18 1.3311921009968817e-17 -5.074066167239019e-21 -9.1917317761157222e-18 2.0046259292037538e-17 50.000000000000128 50.000000000000213 50.000000000000128 1.2789769243681803e-13 2.1316282072803006e-13 1.0000000000000044 1969.8656512455275 8030.1343487408622 7.8979561371401855e-05 0 432 0.98712149489034451 4.6441814267726715e-18 0.99999999999999978 7.2094673980727109e-14 1.3313544602373247e-13 -2.4798174172511614e-17 0.35003135924642725 0.3294932916413259 0.020538067605101351 0.00021820542373730012
24500 0 0 0.50291698620441605 24.48706350647068 0.0012331966357615354 0.00021820542352948008 0.0012331966357615283 0.00021820542352948014 0.0012331966357615354 3.6508990275458242e-18 1.4378775947696391e-17 3.2092384305615199e-21 -1.6578442465796085e-17 1.2348756486608828e-17 50.000000000000128 50.000000000000227 50.000000000000128 1.2789769243681803e-13 2.2737367544323206e-13 1.0000000000000038 1969.8656512454756 8030.134348740653 7.8979664813158047e-05 0 432 0.98712149550505857 4.6441812802643434e-18 0.99999999999999978 3.6231868279529926e-14 1.4375065242911042e-13 -1.5803134252385693e-17 0.35003135980223621 0.32949329136166877 0.020538068440567436 0.00021820542352948008
25000 0 0 0.50291700656761207 24.487063491036341 0.0012331965973068737 0.00021820542454772587 0.0012331965973068864 0.00021820542454772598 0.0012331965973068737 5.8059460017549612e-18 1.257449006033081e-17 -3.5995512126569499e-21 2.8141837300911188e-17 3.6396933907898706e-18 50.000000000000128 50.000000000000234 50.000000000000128 1.2789769243681803e-13 2.3447910280083306e-13 1.0000000000000053 1969.8656512454197 8030.134348740472 7.8979766218828935e-05 0 432 0.98712149612862587 4.6441811963284946e-18 0.99999999999999978 5.816657929467972e-14 1.2576579860993164e-13 -4.2005870144365941e-17 0.35003136036371685 0.32949329107861419 0.020538069285102656 0.00021820542454772587
25500 0 0 0.50291701939178735 24.487063481309001 0.0012331966340421406 0.00021820542581412136 0.0012331966340421345 0.0002182054258141209 0.0012331966340421406 7.7838777090666782e-18 1.0537968067618301e-17 1.0755285551071607e-20 4.4643370449797124e-17 -5.315850726350672e-18 50.000000000000128 50.000000000000234 50.000000000000128 1.2789769243681803e-13 2.3447910280083306e-13 1.0000000000000013 1969.8656512453672 8030.1343487402391 7.8979828473098762e-05 0 432 0.98712149652243608 4.6441811763647262e-18 0.99999999999999978 7.8506211736179151e-14 1.0557220776100592e-13 2.3261061980001609e-17 0.35003136071713664 0.3294932909001631 0.020538069816973537 0.00021820542581412136
26000 0 0 0.50291702351680911 24.487063478174157 0.0012331966956759519 0.00021820542673264164 0.0012331966956759522 0.00021820542673264186 0.0012331966956759519 1.0693529395327063e-17 1.0407646966485667e-17 -4.8246996675675482e-21 6.0529450479369579e-17 3.0875896405682995e-17 50.000000000000135 50.000000000000234 50.000000000000135 1.3500311979441904e-13 2.3447910280083306e-13 1.0000000000000056 1969.8656512452872 8030.1343487400172 7.8979847183222897e-05 0 432 0.98712149665000115 4.6441811966920801e-18 0.99999999999999978 1.07058894880132e-13 1.0401643166500067e-13 -5.3455612070636332e-17 0.35003136083066433 0.32949329084260431 0.020538069988060015 0.00021820542673264164
26500 0 0 0.50291702161426144 24.487063479610477 0.0012331967469664787 0.00021820542712706301 0.001233196746966462 0.00021820542712706317 0.0012331967469664787 1.0424647256550641e-17 1.2915580063796368e-17 7.1557343384150486e-21 4.1153978570131535e-17 1.8389736274272239e-17 50.000000000000142 50.000000000000256 50.000000000000142 1.4210854715202004e-13 2.5579538487363607e-13 1.0000000000000031 1969.8656512452476 8030.1343487397644 7.8979836449745287e-05 0 432 0.98712149659258253 4.6441812311457512e-18 0.99999999999999978 1.0405348387058122e-13 1.2904130882549002e-13 7.2932434883167446e-17 0.3500313607780528 0.32949329086889351 0.020538069909159296 0.00021820542712706301
27000 0 0 0.50291701732406935 24.487063482859963 0.0012331967736609831 0.00021820542710345497 0.0012331967736609636 0.00021820542710345464 0.0012331967736609831 1.2782309932754506e-17 1.4962033348409573e-17 -4.9873299934408909e-21 -4.2597578287693534e-18 5.7635787621645549e-17 50.000000000000142 50.000000000000256 50.000000000000142 1.4210854715202004e-13 2.5579538487363607e-13 1.0000000000000062 1969.8656512452055 8030.1343487395343 7.8979814593895583e-05 0 432 0.98712149646151293 4.6441812584836265e-18 0.99999999999999978 1.2787644292127026e-13 1.4936719959340579e-13 -4.7802581237625908e-17 0.35003136065969187 0.32949329092846041 0.020538069731231456 0.00021820542710345497
27500 0 0 0.50291701341694162 24.487063485821746 0.0012331967776650289 0.0002182054268734884 0.0012331967776650226 0.00021820542687348837 0.0012331967776650289 1.1082627870990225e-17 2.1194721325256821e-17 4.7271214720441352e-21 -2.9612093634654023e-17 4.5742306397772453e-17 50.000000000000149 50.000000000000263 50.000000000000149 1.4921397450962104e-13 2.6290081223123707e-13 1.0000000000000027 1969.8656512451396 8030.1343487393469 7.8979795225098652e-05 0 432 0.98712149634177315 4.6441812728467243e-18 0.99999999999999978 1.1100799085818122e-13 2.1214781786177383e-13 -4.4245760787700738e-18 0.35003136055195899 0.32949329098277053 0.020538069569188466 0.0002182054268734884
28000 0 0 0.50291701117510978 24.48706348752259 0.0012331967684853606 0.00021820542662372052 0.0012331967684853522 0.00021820542662372061 0.0012331967684853606 1.0925982341109549e-17 2.4074492399644087e-17 7.4159428598125431e-21 -1.1474974238057949e-17 6.8643089036327361e-17 50.000000000000156 50.000000000000284 50.000000000000156 1.5631940186722204e-13 2.8421709430404007e-13 1.0000000000000013 1969.8656512450998 8030.1343487390714 7.8979784413932454e-05 0 432 0.98712149627284584 4.6441812741931867e-18 0.99999999999999978 1.0938862707569203e-13 2.4092978058227535e-13 3.2526678125306974e-17 0.35003136049017314 0.32949329101396291 0.02053806947621023 0.00021820542662372052
28500 0 0 0.50291701063278649 24.487063487935323 0.0012331967559690226 0.00021820542645762888 0.0012331967559690144 0.00021820542645762856 0.0012331967559690226 1.007319228031832e-17 2.2677909897220564e-17 -3.6212352561074069e-21 3.9361019035475024e-18 5.9287147775600421e-17 50.000000000000163 50.000000000000298 50.000000000000163 1.6342482922482304e-13 2.9842794901924208e-13 1.0000000000000031 1969.8656512450402 8030.1343487388394 7.8979782069454977e-05 0 432 0.98712149625596157 4.6441812689316292e-18 0.99999999999999978 1.0081649057578383e-13 2.2661272792347998e-13 1.6522048903075854e-17 0.35003136047525035 0.32949329102153363 0.020538069453716723 0.00021820542645762888
29000 0 0 0.50291701116902021 24.487063487529877 0.0012331967464383276 0.00021820542639701046 0.0012331967464383148 0.00021820542639701033 0.0012331967464383276 6.3563737606846445e-18 2.5367988959509853e-17 -1.0842021724872831e-21 1.9119384116835146e-17 5.813410996776063e-17 50.000000000000171 50.000000000000313 50.000000000000171 1.7053025658242404e-13 3.1263880373444408e-13 1.0000000000000047 1969.8656512449954 8030.1343487386494 7.8979784963577906e-05 0 432 0.98712149627219858 4.6441812621011654e-18 0.99999999999999978 6.4069843630844652e-14 2.5380969538545454e-13 2.3579708461619875e-17 0.35003136049005101 0.32949329101409558 0.020538069475955434 0.00021820542639701046
29500 0 0 0.50291701205889883 24.487063486855725 0.0012331967420253981 0.00021820542641345922 0.0012331967420253854 0.00021820542641345968 0.0012331967420253981 8.7993848319069445e-18 2.545429145244029e-17 -7.3725747729136549e-22 3.3744641995390691e-17 5.2190181090651948e-17 50.000000000000171 50.00000000000032 50.000000000000171 1.7053025658242404e-13 3.1974423109204508e-13 1.0000000000000013 1969.865651244937 8030.1343487383292 7.8979789466257115e-05 0 432 0.98712149629937129 4.644181256841017e-18 0.99999999999999978 8.7749685983062359e-14 2.5434507516930788e-13 -1.8571327601931331e-17 0.35003136051458772 0.32949329100172609 0.020538069512861634 0.00021820542641345922
29999 0 0 0.50291701282811097 24.487063486272593 0.0012331967418732169 0.00021820542646525765 0.0012331967418732271 0.00021820542646525765 0.0012331967418732169 1.262202148357628e-17 2.5574854734021901e-17 -1.5178830414822839e-21 3.5995110492526445e-17 -4.1858390158711087e-18 50.000000000000171 50.000000000000348 50.000000000000171 1.7053025658242404e-13 3.4816594052244909e-13 1.0000000000000044 1969.8656512448847 8030.13434873813 7.8979793261563686e-05 0 432 0.98712149632292268 4.6441812543775269e-18 0.99999999999999978 1.2597691999708289e-13 2.5608177687749811e-13 -2.4104127381634696e-17 0.35003136053578343 0.3294932909910197 0.020538069544763726 0.00021820542646525765
