# step v0 Mach sigma R umax_ref urms_ref umax_mean urms_mean umax_lab mean_x mean_y mean_z drop_ux drop_uy x0 y0 x_unwrapped center_dx center_dy axis_ratio mass_R mass_B min_f negative_total negative_color min_rho min_phi max_phi qx qy qz p_in p_out delta_p urms_lab
0 0 0 -5.560112678108922e-15 25.040521385269312 0.011324706113637674 0.0022024607920641715 0.011324706113637674 0.0022024607920641715 0.011324706113637674 -9.2894388558152238e-20 -2.4650338941303124e-20 5.209122840139165e-21 -2.9534156756540781e-19 -2.5363911218130015e-20 50.000000000000007 50.000000000000007 50.000000000000007 7.1054273576010019e-15 7.1054273576010019e-15 1.0000000000000007 1969.8656512480638 8030.1343487520408 0.025179675295764814 0 0 0.99999999999999956 5.1710809399147474e-26 0.99999999999998501 -6.6166483627977842e-16 -1.3199520758154095e-15 2.825636179558868e-17 0.33333333333333387 0.33333333333333409 -2.2204460492503131e-16 0.0022024607920641715
500 0 0 0.76369191873541065 23.891613375354467 0.053896078244939728 0.026377168521639127 0.053896078244939714 0.026377168521639124 0.053896078244939728 -5.8956312054550841e-18 1.4430123762566225e-17 -1.9056418310182172e-18 -5.9250785628980403e-17 -1.1812084943521457e-17 49.999999999999993 50.000000000000007 49.999999999999993 -7.1054273576010019e-15 7.1054273576010019e-15 1.0000000000000004 1969.8656512479454 8030.1343487514805 0.019992513029914942 0 0 0.84845916391951592 4.3603015299594202e-18 0.99999999999999756 -6.0953846137135059e-14 5.109801470837283e-14 -1.9018944835370233e-14 0.36883359977657104 0.33686874638901365 0.03196485338755739 0.026377168521639127
1000 0 0 1.024088598574898 23.557600895236977 0.057748679398628613 0.031928705335271514 0.057748679398628627 0.031928705335271507 0.057748679398628613 -6.5805000337711598e-18 3.9458020184572891e-18 -3.3091979185096715e-18 6.8631278027406181e-17 -5.8833083767157115e-19 49.999999999999993 50.000000000000007 49.999999999999993 -7.1054273576010019e-15 7.1054273576010019e-15 1.000000000000002 1969.8656512478485 8030.1343487510412 0.020011637627672486 0 0 0.87834514386589979 6.0925619516348373e-18 0.999999999999998 -6.0495879139477182e-14 1.7110358269123438e-13 -3.2756938875502943e-14 0.36934371657021442 0.32587203186305247 0.043471684707161951 0.031928705335271514
1500 0 0 1.8245282282028119 22.940666376570011 0.073305022322795677 0.034454790900409094 0.073305022322795677 0.034454790900409087 0.073305022322795677 -2.2030988144909066e-19 4.8957712883720677e-17 -8.9211163385971913e-18 8.0837806409163804e-17 4.8247194232249211e-17 49.999999999999993 50.000000000000021 49.999999999999993 -7.1054273576010019e-15 2.1316282072803006e-14 1.0000000000000002 1969.8656512477432 8030.1343487505601 0.019891537235161835 0 0 0.84309203799438459 6.032533380894209e-18 0.99999999999999734 -7.3170636216701723e-15 -7.8288070470833304e-15 -8.9378010515340828e-14 0.39766434626034813 0.31813186022645257 0.079532486033895566 0.034454790900409094
2000 0 0 1.8931899952084119 22.908418096261535 0.051625868820218322 0.022127359592805328 0.051625868820218294 0.022127359592805325 0.051625868820218322 2.8012314690079482e-18 3.0452376731388986e-17 -6.9046561398495523e-18 -3.6542895640090232e-17 2.1060911555414118e-17 49.999999999999986 50.000000000000036 49.999999999999986 -1.4210854715202004e-14 3.5527136788005009e-14 1.0000000000000011 1969.8656512476425 8030.1343487501781 0.021757692472883151 0 0 0.79256399056151028 6.0435630138442634e-18 0.99999999999999678 2.6797574576020722e-14 2.1845372732975932e-13 -6.881663487858615e-14 0.39002455418398785 0.30738288127347968 0.082641672910508168 0.022127359592805328
2500 0 0 2.2098587452591305 22.693940320463483 0.033450355166811691 0.015110425185021783 0.033450355166811718 0.015110425185021783 0.033450355166811691 9.0497054294782726e-18 3.0482560919872761e-17 -4.6066689105043397e-18 4.9824830668441917e-19 -8.6081348142740947e-18 50.000000000000014 50.000000000000057 50.000000000000014 1.4210854715202004e-14 5.6843418860808015e-14 1.0000000000000013 1969.8656512475652 8030.1343487496952 0.023002530243749101 0 0 0.86001031925876026 5.7647170492828956e-18 0.99999999999999711 9.0454553569596641e-14 3.0907221226783577e-13 -4.6034795228918216e-14 0.40554934676777921 0.30817274693304419 0.097376599834735011 0.015110425185021783
3000 0 0 2.3015210712049226 22.668599467522046 0.029263884265897724 0.013449247085070518 0.029263884265897738 0.013449247085070514 0.029263884265897724 1.2181228248313234e-17 2.9318214522798676e-17 8.2213391470152987e-19 1.0071604559692246e-17 3.9587401040948272e-17 50.000000000000021 50.000000000000078 50.000000000000021 2.1316282072803006e-14 7.815970093361102e-14 1.0000000000000004 1969.8656512474579 8030.1343487492131 0.022837538231113626 0 0 0.86519452212025894 5.8077574629008677e-18 0.99999999999999767 1.2483764022519495e-13 3.2016013104541052e-13 7.9630151402343436e-15 0.41078972936360864 0.30926069249027299 0.10152903687333564 0.013449247085070518
3500 0 0 2.2002054700996965 22.729128283625446 0.036648005713570603 0.014491951531177301 0.036648005713570624 0.014491951531177303 0.036648005713570603 2.4233393070014858e-17 2.2822022049959587e-17 3.3580025350181015e-18 5.9586027967179783e-17 -3.6524805411421565e-17 50.000000000000028 50.000000000000099 50.000000000000028 2.8421709430404007e-14 9.9475983006414026e-14 1.0000000000000007 1969.8656512473665 8030.1343487487384 0.023660215485843628 0 0 0.88003919071564951 5.6079920526997316e-18 0.99999999999999856 2.4508867157990721e-13 3.863853681451701e-13 3.345570176390184e-14 0.41111718391220986 0.31431604650630363 0.096801137405906235 0.014491951531177301
4000 0 0 1.9861812131694048 22.955700227327871 0.038253133240915518 0.016113645498177249 0.038253133240915525 0.016113645498177259 0.038253133240915518 2.3146415339968801e-17 3.7375311179327273e-17 5.1921771623474692e-18 2.4825320505058299e-17 -3.3668436947202175e-17 50.00000000000005 50.000000000000121 50.00000000000005 4.9737991503207013e-14 1.2079226507921703e-13 1.0000000000000007 1969.8656512472589 8030.1343487482973 0.022474089237387487 0 0 0.88780072395468945 5.814940293931283e-18 0.99999999999999878 2.3013188577003518e-13 5.154038003676864e-13 5.1706755220802494e-14 0.40384546345332356 0.31732310981128858 0.086522353642034977 0.016113645498177249
4500 0 0 1.4177239419096321 23.201429833856174 0.033917215090322188 0.014850591113743993 0.033917215090322181 0.014850591113743998 0.033917215090322188 2.4499499651232679e-17 3.9612757518645363e-17 4.7349824737341042e-18 7.1342293946203445e-18 1.5435962665230459e-18 50.000000000000064 50.000000000000142 50.000000000000064 6.3948846218409017e-14 1.4210854715202004e-13 1.0000000000000009 1969.8656512471696 8030.1343487477525 0.023533079382337251 0 0 0.91149708367978566 5.257329635764397e-18 0.99999999999999922 2.467018559923484e-13 5.6991564245656434e-13 4.746543299241692e-14 0.38086628107542764 0.31976125642557396 0.061105024649853679 0.014850591113743993
5000 0 0 1.3695212231341276 23.341428252226891 0.033520894839750938 0.011320975706665461 0.033520894839750924 0.011320975706665459 0.033520894839750938 1.8463008899526535e-17 4.329418767936744e-17 1.1631682988440006e-17 -4.9221297092408946e-17 -6.8161867829619506e-17 50.000000000000085 50.000000000000156 50.000000000000085 8.5265128291212022e-14 1.5631940186722204e-13 1.0000000000000004 1969.865651247077 8030.1343487473978 0.023079404725936933 0 0 0.93916646441499407 5.0004654945992722e-18 0.99999999999999878 1.8540876299544262e-13 5.7609819692494568e-13 1.1640818089639944e-13 0.37995963155560453 0.32128622012871516 0.058673411426889366 0.011320975706665461
5500 0 0 1.3820639659444094 23.443390163582109 0.018965215430913708 0.0085853604496680461 0.018965215430913764 0.0085853604496680443 0.018965215430913708 2.7143912118016115e-17 5.4461990473020407e-17 1.3950007004232823e-17 -4.4995486465816403e-17 3.469730182674851e-17 50.000000000000099 50.000000000000178 50.000000000000099 9.9475983006414026e-14 1.7763568394002505e-13 1.0000000000000004 1969.8656512469893 8030.1343487468794 0.025128317374242561 0 0 0.92208924621355293 4.743604145408191e-18 0.999999999999999 2.7192695794750477e-13 4.7388834393050083e-13 1.3939958764491019e-13 0.38176888793219227 0.32281564114063555 0.058953246791556724 0.0085853604496680461
6000 0 0 1.4363672385617872 23.256667351177665 0.018354710675015651 0.0080193701967378652 0.018354710675015703 0.00801937019673786 0.018354710675015651 2.5014018634211757e-17 5.249065071492182e-17 1.4752957436455769e-17 -5.9034388611458035e-17 -7.7009083559882215e-17 50.000000000000121 50.000000000000206 50.000000000000121 1.2079226507921703e-13 2.0605739337042905e-13 1.0000000000000004 1969.8656512469008 8030.1343487464164 0.025018118156644058 0 0 0.92334936115637056 5.5868451314561447e-18 0.99999999999999867 2.5107650333811016e-13 5.0507514837150325e-13 1.4779135996617249e-13 0.38650560581472188 0.32474408096369661 0.061761524851025262 0.0080193701967378652
6500 0 0 1.4898807564505292 23.247085128783141 0.0154760445536214 0.0081004365897176522 0.015476044553621402 0.008100436589717654 0.0154760445536214 3.0734442768598495e-17 5.7383958695963851e-17 1.3266050722547167e-17 -6.9344599878610398e-17 1.2025744824018779e-16 50.000000000000142 50.000000000000249 50.000000000000142 1.4210854715202004e-13 2.4868995751603507e-13 1.0000000000000004 1969.8656512467956 8030.1343487459899 0.024865340983882118 0 0 0.93426289333291557 5.6583636039360997e-18 0.99999999999999889 3.0662972161366042e-13 5.9518362460764251e-13 1.3236131620789645e-13 0.38816963127903398 0.32408070364802322 0.064088927631010761 0.0081004365897176522
7000 0 0 1.6966758421374277 23.078422535016532 0.02248059334779906 0.01086486388849491 0.022480593347798991 0.010864863888494909 0.02248059334779906 2.6409083253596338e-17 6.4832167412427037e-17 6.6343351699607546e-18 2.1050404380609062e-17 1.741540719029742e-16 50.000000000000156 50.000000000000277 50.000000000000156 1.5631940186722204e-13 2.7711166694643907e-13 1.0000000000000013 1969.8656512467089 8030.1343487455415 0.023914784948711618 0 0 0.92542689285738045 5.8587378554519275e-18 0.99999999999999856 2.644169605492408e-13 7.4065059640915365e-13 6.619110387915264e-14 0.39510912047500268 0.32159127758244416 0.073517842892558527 0.01086486388849491
7500 0 0 1.7246431310106074 23.081031963318424 0.019323424756184555 0.010072544166129266 0.019323424756184503 0.010072544166129269 0.019323424756184555 1.4241732793086223e-17 6.0755914188576572e-17 4.4026645856549986e-18 2.0443594558099601e-17 1.1192078066929041e-16 50.000000000000171 50.00000000000032 50.000000000000171 1.7053025658242404e-13 3.1974423109204508e-13 1.0000000000000004 1969.8656512466159 8030.1343487450986 0.024618304551549799 0 0 0.90097532602923436 5.7321165810750957e-18 0.99999999999999845 1.4347182296370331e-13 5.2195400779275758e-13 4.3819163829539934e-14 0.39155444939356099 0.31683321796198982 0.074721231431571167 0.010072544166129266
8000 0 0 1.9048798846029802 22.945395769646485 0.014866862072409587 0.0078343086794872129 0.014866862072409653 0.0078343086794872095 0.014866862072409587 2.5811297543776993e-17 6.2636354436540502e-17 5.8856542901723038e-18 8.7446759778901119e-18 -4.89822109435501e-17 50.000000000000171 50.000000000000348 50.000000000000171 1.7053025658242404e-13 3.4816594052244909e-13 1.0000000000000038 1969.8656512465193 8030.1343487446065 0.024743035182449535 0 0 0.90999931175097737 5.5172477523708571e-18 0.99999999999999811 2.5750254250937743e-13 5.4665649719572162e-13 5.8778530718665591e-14 0.39833582243106658 0.31531786520224131 0.083017957228825268 0.0078343086794872129
8500 0 0 2.0155576879895718 22.887904992548133 0.016267860425872402 0.0071432212600351895 0.016267860425872433 0.0071432212600352034 0.016267860425872402 3.0436070330737139e-17 7.8366133027326581e-17 6.8964437093097082e-18 9.77380436907762e-17 9.9151301131351801e-17 50.000000000000192 50.000000000000377 50.000000000000192 1.9184653865522705e-13 3.765876499528531e-13 1.0000000000000002 1969.8656512464272 8030.1343487440781 0.024791992441379765 0 0 0.89568369634033895 5.5251872681792358e-18 0.99999999999999811 3.0369467791252491e-13 7.2657857378213841e-13 6.9096925089289445e-14 0.4025828312392879 0.31452070022966516 0.088062131009622735 0.0071432212600351895
9000 0 0 2.095972292684317 22.783137423983462 0.011147934074292421 0.0055096447310068368 0.011147934074292445 0.0055096447310068403 0.011147934074292421 2.4670196441281354e-17 6.7004388149061887e-17 4.8306129737980676e-18 -5.9082073259288235e-17 3.46026389484556e-16 50.000000000000206 50.000000000000426 50.000000000000206 2.0605739337042905e-13 4.2632564145606011e-13 1.0000000000000002 1969.8656512463322 8030.1343487436507 0.025215581307080383 0 0 0.91881332698978657 4.745202361892671e-18 0.99999999999999833 2.4720161898375559e-13 6.8986136247950469e-13 4.8514228872274555e-14 0.40794514020994049 0.31594849138676662 0.091996648823173877 0.0055096447310068368
9500 0 0 2.1162514145340019 22.837516306713216 0.018931996361892179 0.0059147522835975479 0.018931996361892151 0.0059147522835975444 0.018931996361892179 3.1205246719989281e-17 6.9259875612532609e-17 4.2225257667820126e-18 1.8872153738177988e-16 2.7775389196556519e-16 50.000000000000227 50.000000000000462 50.000000000000227 2.2737367544323206e-13 4.6185277824406512e-13 1.0000000000000036 1969.8656512462449 8030.1343487431559 0.024444646641773333 0 0 0.91516190880165316 5.1345928130600721e-18 0.99999999999999856 3.1121985414120368e-13 6.6500976817276958e-13 4.2326273235944166e-14 0.40950796801975853 0.316842400270961 0.092665567748797528 0.0059147522835975479
10000 0 0 1.8859020129162223 22.941250906291415 0.017985452847310263 0.0082266885829811558 0.017985452847310197 0.008226688582981161 0.017985452847310263 3.8417186099024748e-17 6.1230881476316096e-17 1.2909005476167893e-18 2.0721144218128575e-16 -5.9769941014745118e-17 50.000000000000242 50.000000000000512 50.000000000000242 2.4158453015843406e-13 5.1159076974727213e-13 1.0000000000000024 1969.8656512461421 8030.1343487428248 0.025262572172352983 0 0 0.92679043573683706 5.5055489097323804e-18 0.99999999999999889 3.8464371932781655e-13 6.7699315324152264e-13 1.3078268909558346e-14 0.39961843175773043 0.31741271330673559 0.082205718450994836 0.0082266885829811558
10500 0 0 1.7260681078598068 23.041116162711468 0.020203509664235213 0.0072831267158634813 0.020203509664235231 0.0072831267158634813 0.020203509664235213 4.1060557731723367e-17 6.1598642853226956e-17 -1.2283846762604134e-18 1.9418294603113362e-16 -1.823021534910524e-16 50.000000000000256 50.000000000000554 50.000000000000256 2.5579538487363607e-13 5.5422333389287814e-13 1.0000000000000022 1969.8656512460511 8030.134348742311 0.02477015400574752 0 0 0.92806262518357052 5.3537892320915773e-18 0.99999999999999889 4.1043904386306451e-13 6.9409403355077948e-13 -1.2010389026035234e-14 0.39290377899902695 0.31799125758857616 0.074912521410450794 0.0072831267158634813
11000 0 0 1.6693801397763972 23.15473814027699 0.012944027285760374 0.0066776496950777505 0.01294402728576031 0.0066776496950777496 0.012944027285760374 4.2602726901871099e-17 6.4169849989326619e-17 -8.6090842459956416e-19 2.7576399574281975e-17 -5.7923635726756239e-17 50.000000000000263 50.00000000000059 50.000000000000263 2.6290081223123707e-13 5.8975047068088315e-13 1.0000000000000002 1969.8656512459597 8030.134348741758 0.025578296856607112 0 0 0.94105310243355023 5.4703754474695615e-18 0.99999999999999889 4.2518777127603657e-13 7.0796152143795532e-13 -8.4872523561775078e-15 0.39178003134763401 0.31968333434925339 0.072096696998380616 0.0066776496950777505
11500 0 0 1.6839124442279578 23.115597840019845 0.011807763442919453 0.0059131337190705645 0.011807763442919393 0.0059131337190705636 0.011807763442919453 4.6967985056827365e-17 7.4997300037001303e-17 2.9747741826183224e-20 2.4039056353680664e-16 -1.2063335176594117e-17 50.00000000000027 50.000000000000639 50.00000000000027 2.7000623958883807e-13 6.3948846218409017e-13 1.0000000000000007 1969.8656512458631 8030.1343487413651 0.025539866975386842 0 0 0.93216477474887349 4.7301735612139626e-18 0.99999999999999889 4.7072628184697402e-13 6.9015619770778497e-13 4.7107717610824019e-16 0.39437604155368566 0.3215285878178098 0.072847453735875867 0.0059131337190705645
12000 0 0 1.6792786250950191 23.131375347106676 0.0080603542751975215 0.0039420968022977161 0.0080603542751974417 0.0039420968022977143 0.0080603542751975215 3.0758728897280695e-17 7.9994344481910018e-17 4.4670772176874552e-18 1.7033109060542045e-16 -3.5665826012144159e-17 50.00000000000027 50.000000000000689 50.00000000000027 2.7000623958883807e-13 6.8922645368729718e-13 1.0000000000000007 1969.8656512457931 8030.1343487408658 0.025513622596899314 0 0 0.94003623730732666 5.6841582691975589e-18 0.99999999999999889 3.0755954694931115e-13 7.7818308031165143e-13 4.4786834596387484e-14 0.39510309125989457 0.32250565163964012 0.072597439620254445 0.0039420968022977161
12500 0 0 1.6991371505625645 23.090288207497959 0.00843133890872012 0.0048467998545049743 0.0084313389087200472 0.0048467998545049761 0.00843133890872012 2.2491730700155983e-17 8.0064427310344235e-17 8.3539856134477467e-18 1.6256826718664223e-16 -8.5578013062147978e-17 50.000000000000263 50.000000000000718 50.000000000000263 2.6290081223123707e-13 7.1764816311770119e-13 1.0000000000000009 1969.8656512456857 8030.1343487404802 0.025553845204679466 0 0 0.93926913380526333 5.9287819686664887e-18 0.99999999999999867 2.2454954562434182e-13 6.9162037208414517e-13 8.3760483161435104e-14 0.39597488061718411 0.322388222222387 0.073586658394797111 0.0048467998545049743
13000 0 0 1.7384898960385793 23.079991012412915 0.013805385069073519 0.0063901391361411109 0.013805385069073485 0.0063901391361411118 0.013805385069073519 2.0755619445397294e-17 7.1757183528579509e-17 5.9155556327824432e-18 -5.0292542036598469e-17 7.0605827445579409e-17 50.000000000000256 50.000000000000767 50.000000000000256 2.5579538487363607e-13 7.673861546209082e-13 1.0000000000000013 1969.8656512455893 8030.1343487399945 0.025105548104922441 0 0 0.92946820739486236 5.6715907931989001e-18 0.99999999999999867 2.0683454948766666e-13 7.0069666215089033e-13 5.8920726130332745e-14 0.39516609893672605 0.31984155071209364 0.075324548224632415 0.0063901391361411109
13500 0 0 1.8122471321403653 23.007766712042887 0.012848848533346757 0.0064512937563752752 0.012848848533346698 0.0064512937563752761 0.012848848533346757 1.3913870056135573e-17 6.7116104340947801e-17 5.4483524313294998e-18 7.605289305355343e-17 -5.129655757512315e-17 50.000000000000249 50.000000000000789 50.000000000000249 2.4868995751603507e-13 7.8870243669371121e-13 1.0000000000000013 1969.8656512455004 8030.1343487395061 0.02527305892539948 0 0 0.93374087300246422 5.1206223610975144e-18 0.99999999999999856 1.3779339540047342e-13 5.7858232094254447e-13 5.4500700161950627e-14 0.39711391741584812 0.31834716204920116 0.078766755366646957 0.0064512937563752752
14000 0 0 1.9283888507030889 22.929259080327128 0.012497900006838269 0.0060791140439016202 0.012497900006838201 0.0060791140439016185 0.012497900006838269 1.3743173266099963e-17 6.8386962759454101e-17 1.1704001239256133e-18 -3.5417215363480845e-17 -9.1796670440999306e-17 50.000000000000234 50.000000000000789 50.000000000000234 2.3447910280083306e-13 7.8870243669371121e-13 1.0000000000000004 1969.8656512454224 8030.1343487391168 0.025266043730280775 0 0 0.9295279581086523 4.8560201962884038e-18 0.99999999999999833 1.3795908859748351e-13 6.1253779826131449e-13 1.145072787312922e-14 0.40136330821203581 0.31726164387358319 0.08410166433845262 0.0060791140439016202
14500 0 0 2.0389644100755131 22.831607650000951 0.0097665482472308694 0.0048092774846528307 0.0097665482472309283 0.0048092774846528298 0.0097665482472308694 -1.5487611193545727e-18 5.8924046197988924e-17 9.1937891861508022e-19 -1.0825336430652153e-17 -8.6222692085033015e-17 50.000000000000213 50.000000000000824 50.000000000000213 2.1316282072803006e-13 8.2422957348171622e-13 1.0000000000000002 1969.8656512453322 8030.1343487386121 0.025475381735982856 0 0 0.9276425470553733 5.0261920912078971e-18 0.99999999999999833 -1.5237282464421187e-14 6.2204234818619142e-13 9.2234432740035457e-15 0.4060950488649171 0.31679058807827476 0.089304460786642337 0.0048092774846528307
15000 0 0 2.1330276727129771 22.802893893573167 0.0081669766616515801 0.0030945848494833721 0.0081669766616516218 0.0030945848494833748 0.0081669766616515801 3.1603192285397739e-18 6.2179081328320316e-17 2.5618517844407609e-19 -7.914822162197575e-17 6.6575336785710107e-17 50.000000000000192 50.000000000000853 50.000000000000192 1.9184653865522705e-13 8.5265128291212022e-13 1.0000000000000009 1969.8656512452205 8030.1343487381755 0.025466262693117272 0 0 0.92862397566418009 4.8637585762971913e-18 0.99999999999999833 3.228320388792838e-14 6.2442228037501435e-13 2.4045570672033503e-15 0.40995457822132725 0.31641260575641322 0.093541972464914025 0.0030945848494833721
15500 0 0 2.0857619466948871 22.827305208731335 0.0083206795078017582 0.0039820970881526176 0.0083206795078018033 0.0039820970881526202 0.0083206795078017582 1.5269036035574014e-18 7.4413392115018983e-17 -3.3418186266312343e-19 -1.1010674181794157e-17 7.9100093057767507e-17 50.000000000000171 50.000000000000881 50.000000000000171 1.7053025658242404e-13 8.8107299234252423e-13 1.0000000000000002 1969.8656512451339 8030.1343487377289 0.025701705754252617 0 0 0.92975728568618743 5.2287916252113807e-18 0.99999999999999856 1.5199741964198876e-14 6.9569002658252319e-13 -3.1742981403007042e-15 0.40802742997869168 0.31665606889936931 0.091371361079322366 0.0039820970881526176
16000 0 0 1.9566744894851169 22.881690795885266 0.013682872290044919 0.0050179700776167438 0.013682872290044966 0.0050179700776167447 0.013682872290044919 1.0408340855879314e-18 7.0582081845974393e-17 2.4234587738859197e-18 -5.7710527940110672e-17 1.9888430485847519e-17 50.000000000000149 50.000000000000902 50.000000000000149 1.4921397450962104e-13 9.0238927441532724e-13 1.0000000000000004 1969.8656512450464 8030.1343487372696 0.025556615146545249 0 0 0.93315814874371783 5.373431938340081e-18 0.99999999999999867 1.0852362303075125e-14 7.1895264806658143e-13 2.3998624084783552e-14 0.40250524770202845 0.3169925770283657 0.08551267067366275 0.0050179700776167438
16500 0 0 1.8775368128660852 22.959705478312767 0.011654573804455068 0.0056914771882684177 0.011654573804455009 0.0056914771882684177 0.011654573804455068 4.2306436132199364e-18 8.5147167095000554e-17 2.2393427792570587e-18 -1.8549665175908453e-16 1.4570439528368259e-16 50.000000000000121 50.000000000000945 50.000000000000121 1.2079226507921703e-13 9.4502183856093325e-13 1.0000000000000011 1969.8656512449584 8030.1343487368722 0.02521756499464331 0 0 0.93589128281379153 5.6083656177060921e-18 0.99999999999999867 4.1844999687512541e-14 9.1011223622532167e-13 2.2192096163333183e-14 0.40012093996150389 0.31834563954924183 0.081775300412262053 0.0056914771882684177
17000 0 0 1.802094062901205 23.020141861069092 0.0086603056699676544 0.0054383130082050965 0.0086603056699676596 0.0054383130082050974 0.0086603056699676544 2.4483887139982577e-18 9.1903568089252433e-17 2.494843846706536e-18 -1.5900401234541655e-16 3.5098283610263572e-16 50.000000000000107 50.000000000000981 50.000000000000107 1.0658141036401503e-13 9.8054897534893826e-13 1.0000000000000016 1969.8656512448767 8030.1343487363247 0.025671007642178528 0 0 0.94863829214249717 5.0076218522836511e-18 0.99999999999999867 2.3637118466961898e-14 9.027431580044265e-13 2.4803932399274527e-14 0.39806356236803792 0.3197802019188633 0.07828336044917461 0.0054383130082050965
17500 0 0 1.7675943702224346 23.046805984769584 0.0064653461222652303 0.0041162014234456135 0.0064653461222652312 0.0041162014234456101 0.0064653461222652303 -1.0356299151601622e-18 9.5100316510794543e-17 3.7149040662496494e-18 -1.2876636981495545e-16 3.5462270728172789e-16 50.000000000000078 50.000000000001023 50.000000000000078 7.815970093361102e-14 1.0231815394945443e-12 1.0000000000000002 1969.865651244781 8030.1343487358381 0.025577513346976905 0 0 0.94553997389615907 5.630934230993561e-18 0.99999999999999889 -9.0588818456131814e-15 8.7868601283958014e-13 3.7187312736545438e-14 0.39794450885224558 0.32124865905030148 0.076695849801944105 0.0041162014234456135
18000 0 0 1.7461203794248814 23.068029696641897 0.0062001519481764533 0.0026770508310768881 0.0062001519481765157 0.0026770508310768903 0.0062001519481764533 -2.3470808630013004e-18 9.2192573020361649e-17 4.5713551431937047e-18 -1.3444321052678084e-16 6.9996458753565158e-17 50.000000000000064 50.000000000001066 50.000000000000064 6.3948846218409017e-14 1.0658141036401503e-12 1.0000000000000022 1969.8656512446905 8030.1343487354188 0.025801526144343036 0 0 0.94559504790670368 5.7677079882237293e-18 0.99999999999999867 -2.3380860507231371e-14 9.262140615020828e-13 4.5953913016760497e-14 0.39758927140643191 0.32189488387583709 0.07569438753059482 0.0026770508310768881
18500 0 0 1.7644365074777826 23.053071875438981 0.0063803509683462841 0.0036811608802627327 0.0063803509683463128 0.0036811608802627296 0.0063803509683462841 -1.0352829704650749e-18 9.1512561417781977e-17 6.2166359274553834e-18 -1.1214518202632441e-16 1.2367977170498239e-17 50.000000000000043 50.000000000001116 50.000000000000043 4.2632564145606011e-14 1.1155520951433573e-12 1.0000000000000007 1969.8656512446098 8030.1343487349013 0.025965771128936676 0 0 0.94597666035304429 5.9328968707427619e-18 0.99999999999999867 -1.0297210133181078e-14 9.4254823130440757e-13 6.1933310011900344e-14 0.39790691624512053 0.32136889489111459 0.076538021354005947 0.0036811608802627327
19000 0 0 1.8073272263872238 23.013838247449815 0.0088925897728645408 0.0049368735802611382 0.0088925897728644749 0.00493687358026114 0.0088925897728645408 -3.8080649744722815e-18 9.3633781284215895e-17 6.5779663916331361e-18 -9.7931969842989993e-17 1.3191367964600228e-16 50.000000000000028 50.000000000001158 50.000000000000028 2.8421709430404007e-14 1.1581846592889633e-12 1.0000000000000009 1969.8656512444998 8030.1343487345139 0.025694395507547808 0 0 0.94775200287431738 5.6814822649811187e-18 0.99999999999999856 -3.8177685839080322e-14 9.8089938949108557e-13 6.5703418174108206e-14 0.39863852130442912 0.32010632658947341 0.078532194714955705 0.0049368735802611382
19500 0 0 1.8870336096944789 22.949233210899894 0.0088627900126122018 0.0054827770778385024 0.008862790012612299 0.0054827770778385059 0.0088627900126122018 -1.0358380819775008e-17 9.6561647566980845e-17 9.2541046659927365e-18 -1.2817318938088681e-16 2.0138974539944867e-16 49.999999999999993 50.000000000001187 49.999999999999993 -7.1054273576010019e-15 1.1866063687193673e-12 1.0000000000000007 1969.8656512444134 8030.1343487340591 0.025728598426737252 0 0 0.94435584522018357 5.2984909770502341e-18 0.99999999999999833 -1.0390278047667234e-13 1.0530464304367437e-12 9.2561716308871412e-14 0.40095948395070924 0.31873304996256974 0.082226433988139502 0.0054827770778385024
20000 0 0 1.9973874519484549 22.864963102193862 0.0080779310646318624 0.0050153678716235838 0.0080779310646318554 0.0050153678716235838 0.0080779310646318624 -7.2407357887431633e-18 1.0441751630031187e-16 9.0838538421349899e-18 2.2827197586546043e-17 1.0595174504187474e-16 49.999999999999964 50.000000000001236 49.999999999999964 -3.5527136788005009e-14 1.2363443602225743e-12 1.0000000000000002 1969.8656512443415 8030.1343487335334 0.02570530166305145 0 0 0.93554620293244872 5.1878027198753981e-18 0.99999999999999833 -7.2296281374700788e-14 1.046340043688726e-12 9.1117076865338032e-14 0.40500946820033035 0.31765365472181184 0.087355813478518507 0.0050153678716235838
20500 0 0 2.086304549822128 22.806832521829175 0.0059081779919273152 0.0036498990773766149 0.0059081779919274184 0.0036498990773766149 0.0059081779919273152 -7.6955802841457427e-18 1.0296243024866542e-16 1.284221936110372e-17 -1.0948396345448344e-16 1.4780342060354723e-16 49.999999999999943 50.000000000001293 49.999999999999943 -5.6843418860808015e-14 1.2931877790833823e-12 1.0000000000000024 1969.8656512442481 8030.134348733096 0.025681071695733741 0 0 0.93628555160084947 5.0400416252912515e-18 0.99999999999999822 -7.7511076983921567e-14 1.0558793422932311e-12 1.2835467691953173e-13 0.40819456391262054 0.31671739154222422 0.09147717237039632 0.0036498990773766149
21000 0 0 2.1430406806540052 22.776905361231734 0.0045923182465373753 0.0023607855517318132 0.0045923182465373025 0.0023607855517318102 0.0045923182465373753 -7.1311012650620128e-18 1.0954639972940888e-16 1.4660486785507307e-17 -9.7365577480748823e-17 2.3904400375602877e-16 49.999999999999915 50.000000000001329 49.999999999999915 -8.5265128291212022e-14 1.3287149158713873e-12 1.0000000000000007 1969.8656512441487 8030.1343487326521 0.025837104171552577 0 0 0.93370378409466592 5.1018732746039354e-18 0.99999999999999856 -7.0644797520516556e-14 1.0957745127937457e-12 1.4672392096616307e-13 0.41067293629564344 0.31658461978967745 0.094088316505965996 0.0023607855517318132
21500 0 0 2.0979653958997186 22.801330608205188 0.0076886528342204174 0.0032476867859375369 0.0076886528342203385 0.003247686785937536 0.0076886528342204174 -1.1057127435902351e-18 1.101178176424021e-16 1.7638008811761297e-17 2.8689396267313508e-18 4.4631253686655178e-17 49.999999999999901 50.000000000001378 49.999999999999901 -9.9475983006414026e-14 1.3784529073745944e-12 1.0000000000000016 1969.8656512440493 8030.1343487321528 0.025892963607714297 0 0 0.93603741888144398 5.3583834130847017e-18 0.99999999999999856 -1.1619198170883388e-14 1.1050396912077286e-12 1.7628129576694757e-13 0.40874601048467663 0.3167353540914592 0.092010656393217427 0.0032476867859375369
22000 0 0 2.0135321725819151 22.849400747779551 0.009919007127239636 0.0045514080710476754 0.0099190071272395909 0.004551408071047678 0.009919007127239636 -7.9346251791372486e-19 1.2142127581190208e-16 1.8819033984746635e-17 -1.2003614743070938e-17 -3.9504272267863728e-17 49.999999999999879 50.000000000001442 49.999999999999879 -1.2079226507921703e-13 1.4424017535930034e-12 1.0000000000000002 1969.8656512439597 8030.1343487317563 0.025513533210431066 0 0 0.94023331024310797 5.4475053966043864e-18 0.99999999999999867 -8.3925227200741179e-15 1.2099141150366576e-12 1.8801946898536854e-13 0.40569626036331718 0.31757437940862365 0.088121880954693532 0.0045514080710476754
22500 0 0 1.9218539093457592 22.924537223286283 0.0088279866812204979 0.0050390533746605664 0.0088279866812204129 0.0050390533746605681 0.0088279866812204979 1.5855372570467353e-19 1.1939997601769428e-16 1.9664195303538668e-17 -1.6711486135718468e-17 -6.4098847280885262e-17 49.999999999999851 50.000000000001499 49.999999999999851 -1.4921397450962104e-13 1.4992451724538114e-12 1.0000000000000022 1969.8656512438909 8030.1343487312488 0.025566604001126168 0 0 0.94533810439668831 5.5649342679883145e-18 0.99999999999999867 1.7798398388793601e-15 1.1200450289461372e-12 1.9648636179743167e-13 0.40254368986406619 0.31870976594984302 0.083833923914223174 0.0050390533746605664
23000 0 0 1.8438297046946537 22.980710510012667 0.0068452473167927592 0.004499034889751583 0.0068452473167926742 0.004499034889751583 0.0068452473167927592 2.4657359487597064e-18 1.171753666321035e-16 1.522555051103018e-17 1.2958156129226097e-16 6.3710603094918669e-17 49.999999999999837 50.000000000001535 49.999999999999837 -1.6342482922482304e-13 1.5347723092418164e-12 1.0000000000000004 1969.8656512437865 8030.1343487308077 0.025665444886820897 0 0 0.9522436414966241 5.3195641479311155e-18 0.99999999999999867 2.4043294482092858e-14 1.1638433306557314e-12 1.5230916467310523e-13 0.40024424509528084 0.32001044623639441 0.080233798858886429 0.004499034889751583
23500 0 0 1.8045080414133161 23.015232632959929 0.0048638372532067544 0.0031788182479281519 0.0048638372532066815 0.0031788182479281567 0.0048638372532067544 1.0675488271188949e-17 1.1377288000631944e-16 9.375096983831561e-18 2.343003265168231e-16 2.1362073372379335e-16 49.999999999999829 50.000000000001577 49.999999999999829 -1.7053025658242404e-13 1.5774048733874224e-12 1.0000000000000024 1969.8656512436992 8030.1343487304284 0.025818646007020038 0 0 0.94954884134049977 5.5985263162369099e-18 0.99999999999999867 1.0693526684805998e-13 1.1283335377143544e-12 9.36797134240317e-14 0.39953416317011509 0.32112921848886539 0.0784049446812497 0.0031788182479281519
24000 0 0 1.7943685590508704 23.022328001815573 0.0037038897256008998 0.0021784822102006059 0.0037038897256008053 0.002178482210200605 0.0037038897256008998 1.8137227830776022e-17 1.1567864721703945e-16 8.2856271734887654e-18 1.1640838030864289e-16 2.2084691357443505e-16 49.999999999999822 50.000000000001648 49.999999999999822 -1.7763568394002505e-13 1.6484591469634324e-12 1.0000000000000004 1969.8656512436116 8030.1343487299227 0.02599683867480514 0 0 0.94813498307833877 5.673269238655532e-18 0.99999999999999867 1.8134446852155484e-13 1.154446303093179e-12 8.2789668284236886e-14 0.39950319030057896 0.32156282914729489 0.077940361153284066 0.0021784822102006059
24500 0 0 1.822403228808894 22.999816104141843 0.0050578986980372468 0.0032940737930650778 0.0050578986980373553 0.0032940737930650739 0.0050578986980372468 2.4006838184107816e-17 1.1215126050098399e-16 2.9517624776563925e-18 -6.0517812683792341e-18 1.2243982978630257e-16 49.999999999999815 50.000000000001712 49.999999999999815 -1.8474111129762605e-13 1.7124079931818414e-12 1.0000000000000029 1969.8656512435259 8030.1343487294253 0.02607996155874975 0 0 0.94883452678671165 5.9089785365399482e-18 0.99999999999999856 2.3954108011384201e-13 1.0715109897453667e-12 2.9654559157824629e-14 0.40035188924495213 0.32111633272758011 0.079235556517372019 0.0032940737930650778
25000 0 0 1.8794518757101082 22.958937966486129 0.0072318866165583476 0.0045623131811158395 0.0072318866165582947 0.0045623131811158412 0.0072318866165583476 3.3769514962238399e-17 1.0426833008143498e-16 5.176199482373754e-18 -1.0605653066801852e-16 4.7875593716306129e-17 49.999999999999815 50.000000000001776 49.999999999999815 -1.8474111129762605e-13 1.7763568394002505e-12 1.0000000000000007 1969.8656512434352 8030.1343487289723 0.025833239665474347 0 0 0.95277547279908192 5.7310996221783577e-18 0.99999999999999856 3.3741748544507955e-13 9.8261324207524203e-13 5.1593706619265358e-14 0.40174201794929038 0.31988057128944913 0.081861446659841242 0.0045623131811158395
25500 0 0 1.9545229548893706 22.898547196058875 0.0073608807913728936 0.0048357332149518732 0.0073608807913728607 0.0048357332149518706 0.0073608807913728936 3.316028007747534e-17 9.3814539470479482e-17 3.5919442140344498e-18 -3.9974056636191299e-18 1.978908448582446e-17 49.999999999999815 50.000000000001833 49.999999999999815 -1.8474111129762605e-13 1.8332002582610585e-12 1.0000000000000024 1969.8656512433404 8030.1343487285121 0.025839570054312741 0 0 0.94753522367905352 5.3967924435612565e-18 0.99999999999999833 3.3138769506280141e-13 9.3420421138495913e-13 3.5928577678180567e-14 0.40388777235217249 0.31853200990337538 0.085355762448797112 0.0048357332149518732
26000 0 0 2.0417716332305131 22.83236489237246 0.006843145178951333 0.0041651158579238123 0.0068431451789512359 0.0041651158579238141 0.006843145178951333 3.4948779981214397e-17 9.6821856088446697e-17 5.8360385393929288e-18 7.0884843012176222e-17 7.6628468815500789e-17 49.999999999999822 50.000000000001876 49.999999999999822 -1.7763568394002505e-13 1.8758328224066645e-12 1.0000000000000007 1969.8656512432642 8030.1343487280637 0.025825173939503034 0 0 0.94094544916182665 5.1703751400521277e-18 0.99999999999999822 3.4871075211412306e-13 9.8471231169128259e-13 5.8372534224543419e-14 0.40690365817975455 0.31747920990840611 0.089424448271348433 0.0041651158579238123
26500 0 0 2.1110380921757907 22.780665762789774 0.0048418375844809037 0.0028608463419222863 0.0048418375844808716 0.0028608463419222858 0.0048418375844809037 3.2070179845172188e-17 1.0227894919919638e-16 7.8863774526747052e-18 4.7571040411395094e-18 6.1980595928648773e-17 49.999999999999829 50.000000000001926 49.999999999999829 -1.7053025658242404e-13 1.9255708139098715e-12 1.0000000000000009 1969.865651243158 8030.1343487276454 0.0259362677923493 0 0 0.93941470203921862 5.1851909787285133e-18 0.99999999999999833 3.210071097825562e-13 1.0412226907497574e-12 7.8730557057553452e-14 0.40957058638148963 0.31690261459534513 0.092667971786144498 0.0028608463419222863
27000 0 0 2.1464610058766747 22.763369244769969 0.0036952448870080732 0.0019782425224815574 0.0036952448870081114 0.0019782425224815574 0.0036952448870080732 3.6179739759775375e-17 8.9800042402378381e-17 1.1349422442941786e-17 1.5779359251226818e-16 1.8981933463052903e-16 49.999999999999829 50.00000000000199 49.999999999999829 -1.7053025658242404e-13 1.9895196601282805e-12 1.0000000000000022 1969.8656512430823 8030.1343487271633 0.026022783736744364 0 0 0.93857007547096016 5.3373083052136562e-18 0.99999999999999856 3.619639988130044e-13 8.9624489741594454e-13 1.1351757897071621e-13 0.41118433597527776 0.31688981468555971 0.094294521289718047 0.0019782425224815574
27500 0 0 2.1068799559080036 22.789294386798964 0.00716757592116296 0.0030880748962118032 0.007167575921163045 0.0030880748962118063 0.00716757592116296 2.9640699617063081e-17 9.2032978460667915e-17 1.2330759800276913e-17 -4.3461658978220146e-17 6.6686303299350517e-17 49.999999999999844 50.000000000002046 49.999999999999844 -1.5631940186722204e-13 2.0463630789890885e-12 1.0000000000000016 1969.8656512429927 8030.1343487266531 0.02589305299479602 0 0 0.94206064773497067 5.2555069885306372e-18 0.99999999999999856 2.9650069156622258e-13 9.500646864818614e-13 1.2358174274582638e-13 0.40969632626159647 0.31724590106859685 0.092450425192999619 0.0030880748962118032
28000 0 0 2.0202435991950689 22.844695583100798 0.0086384244282851179 0.0041814568711687318 0.0086384244282852064 0.0041814568711687292 0.0086384244282851179 2.9199559437121975e-17 9.6388175219472303e-17 9.6999175214515241e-18 -9.4050316871031499e-17 1.4904468925314263e-16 49.999999999999851 50.000000000002089 49.999999999999851 -1.4921397450962104e-13 2.0889956431346945e-12 1.0000000000000009 1969.865651242899 8030.1343487262648 0.025697075662016757 0 0 0.94644373831026352 5.6015523150146495e-18 0.99999999999999878 2.9180130872914246e-13 9.008800683793592e-13 9.6828287242868767e-14 0.40639644072657088 0.31796262501446615 0.088433815712104735 0.0041814568711687318
28500 0 0 1.9362725313766154 22.911169124778141 0.0080532643431907389 0.0043713556906655173 0.0080532643431907754 0.0043713556906655208 0.0080532643431907389 2.9321683969833009e-17 8.2499979070764502e-17 6.8541149271866578e-18 -1.5640562599807267e-16 2.5788954414515034e-17 49.999999999999865 50.000000000002132 49.999999999999865 -1.3500311979441904e-13 2.1316282072803006e-12 1.0000000000000009 1969.8656512428001 8030.13434872572 0.025671606316985285 0 0 0.9516259740760441 5.2937442432951586e-18 0.99999999999999867 2.9309193960713742e-13 8.1120525607155519e-13 6.847007625929662e-14 0.40349515759779775 0.31898299146470588 0.084512166133091871 0.0043713556906655173
29000 0 0 1.8693618857338328 22.961158194810547 0.0055944327041577598 0.0037228034751591735 0.0055944327041577771 0.0037228034751591761 0.0055944327041577598 2.8268012930522751e-17 8.01903682348456e-17 5.6752069613230566e-18 -1.2154316574517043e-16 3.4728720716660899e-17 49.999999999999865 50.000000000002174 49.999999999999865 -1.3500311979441904e-13 2.1742607714259066e-12 1.0000000000000031 1969.8656512427181 8030.1343487252816 0.025853782585716602 0 0 0.9535677219870079 5.3776426023381647e-18 0.99999999999999867 2.8250320106230215e-13 8.2824372360512655e-13 5.6799686152426659e-14 0.40152820172417941 0.32011410798058387 0.081414093743595539 0.0037228034751591735
29500 0 0 1.8416796300366838 22.981091513690675 0.0037367770681921426 0.002479074413763807 0.0037367770681922177 0.0024790744137638053 0.0037367770681921426 3.0377436677318889e-17 8.294753772757631e-17 1.0606166742110861e-17 -2.0608421808859032e-16 7.7491218243101518e-17 49.999999999999872 50.00000000000221 49.999999999999872 -1.2789769243681803e-13 2.2097879082139116e-12 1.0000000000000007 1969.8656512426151 8030.1343487248287 0.025986856013372042 0 0 0.95047016903866677 5.6213808274893512e-18 0.99999999999999867 3.0315338997791152e-13 8.5269290272301651e-13 1.0598566900115646e-13 0.40122231892929799 0.3210834086891326 0.080138910240165395 0.002479074413763807
29999 0 0 1.8396845237300037 22.982762080658631 0.0028586675561868215 0.0018386189573440291 0.0028586675561868601 0.0018386189573440296 0.0028586675561868215 3.7080061243821886e-17 8.7239243607161697e-17 6.1027461143020746e-18 1.5077782909451647e-16 1.7387474636766091e-16 49.999999999999886 50.000000000002252 49.999999999999886 -1.1368683772161603e-13 2.2524204723595176e-12 1.0000000000000007 1969.8656512425425 8030.1343487243948 0.026168110455573903 0 0 0.94998150363722245 5.705288331276849e-18 0.99999999999999856 3.7118910918045034e-13 8.7427111448816486e-13 6.1122325097129641e-14 0.40137776328054242 0.32133148697686836 0.080046276303674058 0.0018386189573440291
