# step v0 Mach sigma R umax_ref urms_ref umax_mean urms_mean umax_lab mean_x mean_y mean_z drop_ux drop_uy x0 y0 x_unwrapped center_dx center_dy axis_ratio mass_R mass_B min_f negative_total negative_color min_rho min_phi max_phi qx qy qz p_in p_out delta_p urms_lab
0 0 0 -5.560112678108922e-15 25.040521385269312 0.0099231528097521397 0.0012100834406629072 0.0099231528097521397 0.0012100834406629072 0.0099231528097521397 -3.2164640379920981e-21 -6.9023298100418505e-20 2.0498137546615794e-23 3.1521883170312528e-20 -6.2431649638496956e-20 50.000000000000007 50.000000000000007 50.000000000000007 7.1054273576010019e-15 7.1054273576010019e-15 1.0000000000000004 1969.8656512480641 8030.1343487520408 0.025554242687838853 0 0 0.99999999999999967 5.1710809399147474e-26 0.99999999999998501 -1.39705855879603e-16 -5.863996336378149e-16 5.5295941342946159e-18 0.33333333333333387 0.33333333333333409 -2.2204460492503131e-16 0.0012100834406629072
500 0 0 0.1355631521979235 24.784842920261799 0.025528309561389396 0.0068562309078830843 0.025528309561389372 0.0068562309078830817 0.025528309561389396 2.0564452918315701e-17 2.177563684924277e-17 5.6269096619199355e-19 4.4361564111213582e-17 3.9100872442350772e-17 50.000000000000014 50.000000000000021 50.000000000000014 1.4210854715202004e-14 2.1316282072803006e-14 1.0000000000000036 1969.8656512479472 8030.1343487515433 0.022239012419019738 0 0 0.96481495471046819 4.124577696110136e-18 1 2.0700455238831239e-13 1.8920805135332064e-13 5.6077951588036264e-15 0.33833528965093534 0.33286569064504051 0.0054695990058948318 0.0068562309078830843
1000 0 0 0.31819813051485202 24.602163650997724 0.023368193544347701 0.0081269997800818977 0.023368193544347677 0.0081269997800818995 0.023368193544347701 2.2947616029613966e-17 3.1754113227758732e-17 3.3893006194042822e-18 5.2643207659018223e-17 6.0825818948731388e-17 50.000000000000028 50.000000000000036 50.000000000000028 2.8421709430404007e-14 3.5527136788005009e-14 1.0000000000000036 1969.8656512478453 8030.1343487510667 0.021743223285331015 0 0 0.976541403801089 5.6089874642700605e-18 1 2.2992024950596601e-13 2.7061165808195398e-13 3.4058590869370172e-14 0.34394945858879555 0.33101571280006092 0.01293374578873463 0.0081269997800818977
1500 0 0 0.5408514735883786 24.437097351181823 0.025751461834659931 0.0071873012582306566 0.025751461834659945 0.0071873012582306548 0.025751461834659931 2.3964857875928271e-17 3.029139439281671e-17 3.0908012874598408e-18 -8.3078602280167809e-18 1.160543297272947e-16 50.00000000000005 50.000000000000071 50.00000000000005 4.9737991503207013e-14 7.1054273576010019e-14 1.0000000000000009 1969.8656512477432 8030.1343487506319 0.021704960702978261 0 0 0.97227331211111101 5.7536135263177544e-18 1 2.3867659151161069e-13 3.3874628362767778e-13 3.0991887158270991e-14 0.35121692090711498 0.32908452662902687 0.022132394278088108 0.0071873012582306566
2000 0 0 0.59909678159615187 24.379681599826803 0.026245011226772759 0.0051019555426893223 0.02624501122677271 0.0051019555426893249 0.026245011226772759 3.8189590378942313e-17 4.4545964139617875e-17 3.8874327275301611e-18 -1.3467540709597224e-17 1.397996233208601e-16 50.000000000000071 50.000000000000107 50.000000000000071 7.1054273576010019e-14 1.0658141036401503e-13 1.0000000000000018 1969.8656512476259 8030.1343487502145 0.02202746665211832 0 0 0.97838097006585789 5.5471837383992001e-18 1 3.8272858461033815e-13 4.5346452287597927e-13 3.8984722355395422e-14 0.35216416719235943 0.32759055743691423 0.024573609755445203 0.0051019555426893223
2500 0 0 0.63873002222111097 24.37156774208157 0.026854525339679355 0.0038382903370983413 0.026854525339679424 0.0038382903370983439 0.026854525339679355 6.1475477486376992e-17 8.6560272838398422e-17 3.043539254062742e-18 7.1776018732290856e-17 2.0277486924898507e-16 50.000000000000121 50.000000000000178 50.000000000000121 1.2079226507921703e-13 1.7763568394002505e-13 1.0000000000000049 1969.8656512475363 8030.134348749767 0.021819344478888204 0 0 0.98066277109819466 4.6451471503609887e-18 1 6.1460206498761827e-13 8.6791554845810914e-13 3.0550212954058394e-14 0.3539492532453169 0.32774125427780537 0.026207998967511525 0.0038382903370983413
3000 0 0 0.58818284678744215 24.413552049907921 0.027342511848986943 0.0041962737788248375 0.027342511848987016 0.0041962737788248375 0.027342511848986943 1.0304326836244666e-16 1.4982008689217665e-16 2.5865584894330325e-18 1.8628962197768766e-16 3.9190031535646767e-16 50.000000000000206 50.00000000000032 50.000000000000206 2.0605739337042905e-13 3.1974423109204508e-13 1.0000000000000007 1969.8656512474281 8030.1343487492995 0.021386101566488944 0 0 0.98193197210380223 4.7084474099246442e-18 1 1.0295237969429327e-12 1.4892879139118131e-12 2.6305240684974243e-14 0.35246017035132043 0.32836769722061676 0.024092473130703673 0.0041962737788248375
3500 0 0 0.52220203695593315 24.476548437559661 0.028343770872365521 0.004490209939891552 0.028343770872365406 0.004490209939891552 0.028343770872365521 1.7124357487581162e-16 2.6739305214472952e-16 2.4642226453009389e-18 3.6320464950380759e-16 7.2108886967196635e-16 50.000000000000362 50.000000000000568 50.000000000000362 3.6237679523765109e-13 5.6843418860808015e-13 1.0000000000000013 1969.8656512473242 8030.1343487488666 0.021110577166159907 0 0 0.98038895205101328 4.9001507398645388e-18 1 1.7121579761608663e-12 2.7085730034716315e-12 2.4833946210316631e-14 0.35074349468182564 0.32940870402340888 0.021334790658416758 0.004490209939891552
4000 0 0 0.41625828950692167 24.534054872212113 0.028233528422438165 0.0044190979753409932 0.028233528422437953 0.004419097975340994 0.028233528422438165 3.1419485069253083e-16 4.9764810328167089e-16 1.8902209048807143e-18 7.8860922368481588e-16 1.2270296690675193e-15 50.000000000000647 50.000000000001037 50.000000000000647 6.4659388954169117e-13 1.0373923942097463e-12 1.0000000000000011 1969.8656512472096 8030.1343487484573 0.021046643789145909 0 0 0.98079411696450958 4.9329974505645533e-18 1 3.1419417035553204e-12 4.9326576081077517e-12 1.8824485595399132e-14 0.34690289883276365 0.32993634798435961 0.016966550848404038 0.0044190979753409932
4500 0 0 0.38371619310298388 24.571963758574665 0.026427787333736526 0.0040512738971620645 0.026427787333736182 0.0040512738971620645 0.026427787333736526 5.6039513307597859e-16 9.0820823084358157e-16 1.4253559074792234e-18 1.4895510239591317e-15 2.2484950603768482e-15 50.00000000000118 50.000000000001876 50.00000000000118 1.1795009413617663e-12 1.8758328224066645e-12 1.0000000000000029 1969.8656512471211 8030.1343487480572 0.021207927504149352 0 0 0.97940432341026795 4.7990318491337625e-18 1 5.603854132032321e-12 9.0991823722009341e-12 1.4313210190819629e-14 0.34578013381675032 0.33016411725116013 0.015616016565590196 0.0040512738971620645
5000 0 0 0.37876362520247747 24.578089796971817 0.027051413952513793 0.0038538965304990751 0.027051413952513235 0.0038538965304990751 0.027051413952513793 1.0326503541163735e-15 1.6695825277866081e-15 5.7922045346917692e-18 2.8128524236167552e-15 4.2958939905148759e-15 50.000000000002139 50.000000000003432 50.000000000002139 2.1387336346379016e-12 3.4319214137212839e-12 1.0000000000000013 1969.8656512470152 8030.134348747566 0.021281465647742061 0 0 0.97884040962071572 4.8166918378962461e-18 1 1.0326149664345325e-11 1.6699145992599747e-11 5.7778137629346448e-14 0.34559592617235391 0.33018530523593176 0.015410620936422148 0.0038538965304990751
5500 0 0 0.39570227210020936 24.558371829143923 0.027151804212397344 0.0038699144660582804 0.027151804212396352 0.0038699144660582674 0.027151804212397344 1.8933129369858014e-15 3.0679160600861825e-15 1.171199079888686e-17 5.0257961368802409e-15 7.9447436753575093e-15 50.000000000003922 50.000000000006303 50.000000000003922 3.922195901395753e-12 6.3025140661920886e-12 1.0000000000000002 1969.8656512469206 8030.1343487471313 0.021313075635035365 0 0 0.97945980256561771 4.651620109136033e-18 1 1.8933084700717417e-11 3.0682906302509361e-11 1.1705856266736464e-13 0.34625259478362475 0.33013987058296657 0.016112724200658179 0.0038699144660582804
6000 0 0 0.42508806124419646 24.539162235818786 0.027417665312139579 0.0039296124287734463 0.02741766531213765 0.0039296124287734437 0.027417665312139579 3.5149466670625986e-15 5.6657477320901823e-15 1.6657368079258099e-17 9.0625225887854018e-15 1.4486355154166711e-14 50.000000000007205 50.000000000011603 50.000000000007205 7.2049033406074159e-12 1.1603162874962436e-11 1.0000000000000042 1969.865651246824 8030.134348746692 0.021290951064659711 0 0 0.98040149413342259 4.5588637001736324e-18 1 3.5149189087741936e-11 5.6642232110172205e-11 1.6659696901122783e-13 0.34711527838615236 0.32979243512202033 0.017322843264132026 0.0039296124287734463
6500 0 0 0.44898233650195646 24.521137974762478 0.027465706581601745 0.0039334652188661697 0.027465706581598016 0.0039334652188661784 0.027465706581601745 6.5289773587596696e-15 1.0499232039336646e-14 1.7476451119648082e-17 1.6395734436316404e-14 2.6435983013226417e-14 50.00000000001328 50.000000000021359 50.00000000001328 1.3280043731356272e-11 2.1358914636948612e-11 1.0000000000000009 1969.8656512467066 8030.1343487463164 0.021283036942530333 0 0 0.980976272743876 4.4939041827142611e-18 1 6.5289801397337005e-11 1.0499472490976651e-10 1.7486001631001388e-13 0.34774571921015446 0.32943570696830599 0.018310012241848472 0.0039334652188661697
7000 0 0 0.46250695884008658 24.509575610963001 0.027198243703642759 0.0038976857732957383 0.027198243703635563 0.0038976857732957409 0.027198243703642759 1.2105507568591763e-14 1.9462096170778151e-14 2.1736949365645931e-17 3.0016158179688673e-14 4.8471434635522155e-14 50.000000000024507 50.0000000000394 50.000000000024507 2.4506618956365855e-11 3.9399594697897555e-11 1.0000000000000009 1969.8656512466027 8030.1343487458344 0.021289905638203863 0 0 0.98215950573570499 4.4982155493682033e-18 1 1.2105464551506306e-10 1.946100934888768e-10 2.1744700817270693e-13 0.34815421430646931 0.32928375460608961 0.018870459700379705 0.0038976857732957383
7500 0 0 0.47200155826284806 24.504045127737612 0.027091711167772103 0.0038866118327953334 0.027091711167758246 0.0038866118327953126 0.027091711167772103 2.2410198696772039e-14 3.6011650952934168e-14 2.7309747379875312e-17 5.5034390836800423e-14 8.8656080920578484e-14 50.000000000045269 50.00000000007276 50.000000000045269 4.5268677695275983e-11 7.2759576141834259e-11 1.0000000000000002 1969.8656512465109 8030.1343487453578 0.021250926170457193 0 0 0.9817509200619664 4.522935997410421e-18 1 2.2410193146316483e-10 3.6011650292219451e-10 2.7281392241306995e-13 0.34856700526492385 0.32930481586711863 0.019262189397805218 0.0038866118327953334
8000 0 0 0.46975571323540732 24.505705615144688 0.027443836415571788 0.0038920873970651362 0.027443836415546114 0.0038920873970651592 0.027443836415571788 4.1403728709457193e-14 6.6541750234962562e-14 2.44454515545117e-17 1.0157178804569045e-13 1.6331237890770594e-13 50.000000000083631 50.000000000134378 50.000000000083631 8.3630879998963792e-11 1.3437784218695015e-10 1.0000000000000007 1969.8656512464072 8030.1343487449885 0.021211454711851437 0 0 0.98171769168165701 4.5299741356354438e-18 1 4.1403757852775946e-10 6.6541583483933518e-10 2.4437654445580608e-13 0.34860081019832106 0.32943157179267013 0.019169238405650935 0.0038920873970651362
8500 0 0 0.45656992526666218 24.512063598204151 0.027679670232413644 0.0039072473175592731 0.027679670232366362 0.0039072473175592792 0.027679670232413644 7.6450009864406766e-14 1.2285969984438054e-13 2.7898263864104483e-17 1.8799429636203932e-13 3.0204565871889889e-13 50.000000000154493 50.000000000248278 50.000000000154493 1.5449330703631858e-10 2.4827784272929421e-10 1.0000000000000002 1969.8656512463031 8030.1343487445283 0.021189015598994825 0 0 0.98144477058874335 4.5336917245619573e-18 1 7.6449974821567786e-10 1.228593441812329e-09 2.7886906985864004e-13 0.34819222551771484 0.32956588981825491 0.018626335699459928 0.0039072473175592731
9000 0 0 0.44496035176290871 24.520240810776365 0.027536766244124052 0.0039149340926463291 0.027536766244038023 0.0039149340926463334 0.027536766244124052 1.4112831389648157e-13 2.2680651072548524e-13 3.1452900302078371e-17 3.4938333500169976e-13 5.6136501704141968e-13 50.000000000285439 50.000000000458712 50.000000000285439 2.8543922780954745e-10 4.5871217935200548e-10 1.0000000000000013 1969.8656512462067 8030.1343487441145 0.021202622239834195 0 0 0.98139888420097032 4.5085325989044219e-18 1 1.4112832672245543e-09 2.2680602435352437e-09 3.1455003364492388e-13 0.34778078009838415 0.32963412504729045 0.018146655051093696 0.0039149340926463291
9500 0 0 0.44037102709195947 24.526146049554992 0.027409135875721604 0.0039178389349532059 0.027409135875567613 0.0039178389349532206 0.027409135875721604 2.6047486667595224e-13 4.1860604600750262e-13 2.9667733116189439e-17 6.5085459396020205e-13 1.0458767938643771e-12 50.000000000527486 50.000000000847706 50.000000000527486 5.2748561074622557e-10 8.4770590547122993e-10 1.0000000000000016 1969.8656512460914 8030.1343487436534 0.021233279447089293 0 0 0.98124774637926049 4.490180812520312e-18 1 2.604749461260214e-09 4.1860587210646762e-09 2.9673470210648276e-13 0.34762341041456962 0.32966824427463914 0.017955166139930478 0.0039178389349532059
10000 0 0 0.43952523510297542 24.527423930215832 0.027382544960185697 0.0039236033076967347 0.027382544959905709 0.0039236033076967261 0.027382544960185697 4.8093504977139062e-13 7.7287976539636585e-13 3.3543034918829739e-17 1.2075282440557046e-12 1.9405123861052575e-12 50.000000000974872 50.000000001566661 50.000000000974872 9.7487173889021506e-10 1.5666614672227297e-09 1.0000000000000027 1969.86565124599 8030.1343487432032 0.02124825435750545 0 0 0.98098055133157103 4.4537103819391408e-18 1 4.8093499321820682e-09 7.7287974748586419e-09 3.3549255099137407e-13 0.34760879796136879 0.32968905081003769 0.0179197471513311 0.0039236033076967347
10500 0 0 0.44190142637654684 24.526504378054788 0.027404244918888546 0.0039298791726033481 0.027404244918369753 0.0039298791726033342 0.027404244918888546 8.8854865965093796e-13 1.427938107341711e-12 3.3956844378635006e-17 2.2311090243587331e-12 3.5854605390199176e-12 50.000000001801681 50.000000002895391 50.000000001801681 1.8016805825027404e-09 2.8953905939488322e-09 1.0000000000000004 1969.8656512458974 8030.1343487428303 0.021246612505655436 0 0 0.98105500912465349 4.419615654358961e-18 1 8.8854872175303523e-09 1.4279381441257232e-08 3.3973146532675716e-13 0.34768459214547665 0.32966729055349192 0.018017301591984725 0.0039298791726033481
11000 0 0 0.44435838140022604 24.524642896117079 0.027514443537859964 0.003937322354340125 0.027514443536896575 0.0039373223543401267 0.027514443537859964 1.6424875886481009e-12 2.6395684551320383e-12 3.3521078110357451e-17 4.1166491886044697e-12 6.6156247133000924e-12 50.000000003329461 50.000000005350607 50.000000003329461 3.3294611512246775e-09 5.35060706852164e-09 1.0000000000000002 1969.8656512457958 8030.1343487423501 0.021240790443966512 0 0 0.98126369792674251 4.37111332079928e-18 1 1.6424875983606091e-08 2.6395686292517845e-08 3.3522015894944789e-13 0.34773250317047322 0.32961365090899625 0.01811885226147697 0.003937322354340125
11500 0 0 0.4454452248027897 24.522340440928328 0.027504918112871424 0.0039432217880882624 0.027504918111079586 0.0039432217880882598 0.027504918112871424 3.0372750415462522e-12 4.8810647163060435e-12 3.9124323319806686e-17 7.5945012470744935e-12 1.2204740134923137e-11 50.000000006152682 50.000000009887657 50.000000006152682 6.1526819195023563e-09 9.8876569154526806e-09 1.0000000000000002 1969.8656512456901 8030.1343487419063 0.021241993875884331 0 0 0.98143352187458399 4.3381984085064459e-18 1 3.0372750151747008e-08 4.8810648778014102e-08 3.9137498688650227e-13 0.3477350430079631 0.32957016898723823 0.018164874020724864 0.0039432217880882624
12000 0 0 0.44763740834543275 24.520517833049553 0.027419716921865178 0.003948604041092812 0.027419716918529083 0.0039486040410928293 0.027419716921865178 5.6166495850179792e-12 9.0262491762282798e-12 3.7895284794998194e-17 1.4014890562451106e-11 2.2522669057633999e-11 50.000000011370943 50.000000018273674 50.000000011370943 1.137094329806132e-08 1.8273674129432038e-08 1.0000000000000051 1969.8656512455834 8030.1343487414988 0.021242780634237273 0 0 0.98147855685583663 4.3199691248198624e-18 1 5.616649641908988e-08 9.0262493277857306e-08 3.7898931837679674e-13 0.34780532585978341 0.32954969963715558 0.01825562622262783 0.003948604041092812
12500 0 0 0.44962672408633292 24.519531035347519 0.027419916663927808 0.003954227119802394 0.027419916657739025 0.0039542271198023801 0.027419916663927808 1.0384475386898775e-11 1.6688410339424607e-11 3.8461308134837433e-17 2.587080944351578e-11 4.1575747521202821e-11 50.000000021016056 50.000000033773851 50.000000021016056 2.101605645066229e-08 3.3773851271234889e-08 1.0000000000000018 1969.8656512454822 8030.1343487410186 0.021237995586761857 0 0 0.9814627912280961 4.3094249658839642e-18 1 1.0384475371619578e-07 1.6688410314939848e-07 3.8452051527524251e-13 0.34788926117283553 0.32955176836197597 0.018337492810859557 0.003954227119802394
13000 0 0 0.44971827902031097 24.519493144105869 0.027470379467503612 0.0039594604473294328 0.027470379456033648 0.0039594604473294328 0.027470379467503612 1.9194885935948917e-11 3.0847191951179312e-11 3.6579328336227392e-17 4.7771634904593215e-11 7.6771470370380581e-11 50.000000038841151 50.000000062419694 50.000000038841151 3.8841150740154262e-08 6.2419694302207063e-08 1.0000000000000004 1969.8656512453811 8030.1343487406375 0.021230898678516207 0 0 0.98138264565871169 4.3002225524291065e-18 1 1.919488590122804e-07 3.0847191937003649e-07 3.6579127719389723e-13 0.34790833606849386 0.32956708095456355 0.01834125511393031 0.0039594604473294328
13500 0 0 0.44858251839767588 24.520306750262794 0.027495956002477159 0.0039642918812369055 0.027495955981233534 0.003964291881236909 0.027495956002477159 3.54728145330292e-11 5.7006645266546746e-11 3.7816425409008984e-17 8.826009667391227e-11 1.4183845504836356e-10 50.000000071781947 50.000000115357274 50.000000071781947 7.1781947497129295e-08 1.1535727395539652e-07 1.0000000000000002 1969.8656512452799 8030.1343487401837 0.021225984481457693 0 0 0.98135018474515634 4.2880786251294673e-18 1 3.5472814555181581e-07 5.7006645288053788e-07 3.7819266688267158e-13 0.34787349875136159 0.32957917140193443 0.018294327349427153 0.0039642918812369055
14000 0 0 0.44732494538283796 24.521261295233611 0.02749738866779786 0.0039685356130204864 0.027497388628653141 0.0039685356130204951 0.02749738866779786 6.5542780202961174e-11 1.0533059674343919e-10 4.076773888608607e-17 1.6324697515789639e-10 2.6234616919540098e-10 50.000000132656822 50.00000021318634 50.000000132656822 1.3265682241581089e-07 2.1318633969258372e-07 1.0000000000000007 1969.8656512451787 8030.1343487397435 0.021227472391374794 0 0 0.98135661398396734 4.2743757874473397e-18 1 6.5542780254209215e-07 1.0533059678400465e-06 4.078498447812756e-13 0.34783215338161622 0.32958982318509455 0.018242330196521661 0.0039685356130204864
14500 0 0 0.44636225449348976 24.521786919504638 0.027481851934772504 0.0039724538946551971 0.027481851862745734 0.0039724538946551875 0.027481851934772504 1.210955119247492e-10 1.9460668023957181e-10 4.4441889293188985e-17 3.0199407559799814e-10 4.8531991003285876e-10 50.000000245154844 50.000000393976407 50.000000245154844 2.4515484398079934e-07 3.9397640705374215e-07 1.0000000000000004 1969.8656512450727 8030.1343487393033 0.021231966334726522 0 0 0.98132985890297209 4.2589229545521818e-18 1 1.2109551193288761e-06 1.9460668021420359e-06 4.4440239382587451e-13 0.34780401252676513 0.32960133194892954 0.018202680577835584 0.0039724538946551971
15000 0 0 0.44620464063735532 24.521945811563917 0.027468613541791333 0.0039761530203797548 0.027468613409019901 0.003976153020379721 0.027468613541791333 2.2374162422061928e-10 3.5956424534386021e-10 4.8766040022261926e-17 5.5840536469816197e-10 8.9738608175783413e-10 50.000000453054312 50.000000728081538 50.000000453054312 4.530543122882591e-07 7.280815381704997e-07 1.000000000000006 1969.8656512449791 8030.1343487388367 0.021234767140584837 0 0 0.98131088406275657 4.2433302657795114e-18 1 2.2374162423830065e-06 3.59564245313058e-06 4.8775798107087367e-13 0.3478027265021908 0.32960659133142728 0.018196135170763517 0.0039761530203797548
15500 0 0 0.44645339735714679 24.52195186235549 0.027483609324764704 0.0039795924191608411 0.027483609079801272 0.0039795924191607735 0.027483609324764704 4.1342596946956544e-10 6.6439673458609695e-10 4.8358337968176839e-17 1.0321231391107772e-09 1.6586750198275296e-09 50.000000837241714 50.000001345490396 50.000000837241714 8.372417141799815e-07 1.3454903964316145e-06 1.0000000000000178 1969.8656512448665 8030.1343487384338 0.021235634595431648 0 0 0.98131420008542036 4.2255502116518337e-18 1 4.1342596936548553e-06 6.6439673456057673e-06 4.8375824420569841e-13 0.34780846596979398 0.32960219104261279 0.018206274927181187 0.0039795924191608411
16000 0 0 0.44658443321277236 24.521812948413853 0.027500861957430924 0.0039827479337265536 0.027500861504872805 0.0039827479337263098 0.027500861957430924 7.6399088875342651e-10 1.2277725679619009e-09 5.0719951406631079e-17 1.9071344035355659e-09 3.0648632079651726e-09 50.00000154717857 50.000002486395381 50.00000154717857 1.547178570149299e-06 2.4863953811404826e-06 1.0000000000000622 1969.865651244769 8030.1343487379972 0.021235815343558208 0 0 0.98132505224539801 4.2107090649436108e-18 1 7.6399088875349319e-06 1.2277725680064384e-05 5.0729870602249679e-13 0.34780576912133154 0.32959404741249032 0.018211721708841222 0.0039827479337265536
16500 0 0 0.44680153512016096 24.521608285147504 0.027497551762110595 0.0039856376088830223 0.027497550925045858 0.0039856376088821645 0.027497551762110595 1.411904809930652e-09 2.2690035085504913e-09 4.9810551089766636e-17 3.5235038490742812e-09 5.6624517429165908e-09 50.000002859085406 50.000004594697003 50.000002859085406 2.8590854057597426e-06 4.5946970033128309e-06 1.0000000000002118 1969.8656512446687 8030.1343487375379 0.02123596258918109 0 0 0.98134894816999685 4.1984137239474863e-18 1 1.4119048099441044e-05 2.269003508586744e-05 4.9806707779370735e-13 0.34780759146088175 0.32958686425879263 0.018220727202089115 0.0039856376088830223
17000 0 0 0.44715001541736804 24.52139772220513 0.027493367834374956 0.0039883502801346159 0.027493366286085792 0.0039883502801316721 0.027493367834374956 2.6093228774798357e-09 4.1933158052746053e-09 5.2355978283808718e-17 6.5097324254516716e-09 1.0461474239000255e-08 50.00000528341689 50.000008490722209 50.00000528341689 5.2834168897675227e-06 8.4907222088759227e-06 1.0000000000007165 1969.8656512445616 8030.134348737085 0.021235518440393682 0 0 0.98136815252378318 4.1882348207158267e-18 1 2.609322877373741e-05 4.1933158052071532e-05 5.236629726657459e-13 0.34781886247543181 0.32958376753985824 0.01823509493557357 0.0039883502801346159
17500 0 0 0.44731373513755263 24.521247811059986 0.02749453851602645 0.0039908617290733443 0.02749453565184547 0.0039908617290632768 0.02749453851602645 4.8221767435810952e-09 7.7494855560887e-09 5.484335671690642e-17 1.2026446141108148e-08 1.932711622823393e-08 50.000009763376923 50.000015690247999 50.000009763376923 9.7633769229332756e-06 1.5690247998634277e-05 1.000000000002454 1969.8656512444609 8030.1343487366448 0.021234375673125843 0 0 0.98136801436536503 4.1800274775287176e-18 1 4.8221767435581444e-05 7.7494855560160397e-05 5.4872704322710516e-13 0.34782635602915424 0.32958447296577287 0.01824188306338137 0.0039908617290733443
18000 0 0 0.44731089897760906 24.521247643336956 0.02749666068984119 0.003993163254513727 0.027496655391078186 0.0039931632544793769 0.02749666068984119 8.9113406347963374e-09 1.4320981867996957e-08 5.1741608655298817e-17 2.2218975299335002e-08 3.5707033957065264e-08 50.000018041863456 50.000028994200861 50.000018041863456 1.8041863455664497e-05 2.8994200860665842e-05 1.0000000000083842 1969.8656512443622 8030.1343487362301 0.021233010397523847 0 0 0.98135847609584581 4.1721115708437808e-18 1 8.9113406348234614e-05 0.00014320981867921388 5.1747275508859711e-13 0.34782761702891651 0.32958584950208536 0.018241767526831154 0.003993163254513727
18500 0 0 0.4472012055160573 24.521349049558143 0.027501343391816545 0.0039952702945136465 0.027501333597598637 0.0039952702943963896 0.027501343391816545 1.6467297733357162e-08 2.646379278845073e-08 5.5924469419130063e-17 4.1056855790016458e-08 6.598047507661175e-08 50.000033339448571 50.000053578205552 50.000033339448571 3.3339448570757213e-05 5.3578205552184954e-05 1.0000000000286253 1969.8656512442576 8030.1343487357599 0.021232304832084662 0 0 0.98135251873402973 4.1640351335365924e-18 1 0.00016467297733328484 0.00026463792788347304 5.5914131602565383e-13 0.34782432522106543 0.32958710651779366 0.018237218703271774 0.0039952702945136465
19000 0 0 0.44703597650914656 24.521433842885195 0.027504127001795338 0.0039972016840674942 0.027504108910666108 0.0039972016836672987 0.027504127001795338 3.0428821839740622e-08 4.8900678301687942e-08 5.7859928882948903e-17 7.5875829004919831e-08 1.219363515354043e-07 50.000061607277956 50.000099006058377 50.000061607277956 6.1607277956454709e-05 9.9006058377426598e-05 1.0000000000977429 1969.8656512441601 8030.1343487353433 0.021232492135518425 0 0 0.98134623344254257 4.1573078933747476e-18 1 0.00030428821839709533 0.00048900678301520882 5.7835892447783038e-13 0.34781965525740166 0.32958923776332627 0.01823041749407539 0.0039972016840674942
19500 0 0 0.4469504147401745 24.521475044201928 0.027504223670762246 0.003998981759830867 0.027504190254678151 0.003998981758465114 0.027504223670762246 5.6226308120919144e-08 9.0358559861846955e-08 6.0346240102781127e-17 1.4022382015803788e-07 2.2534686942196986e-07 50.000113842231833 50.000182950309089 50.000113842231833 0.00011384223183341646 0.00018295030908888066 1.0000000003337806 1969.8656512440496 8030.1343487348977 0.021232921207300099 0 0 0.98134377464959344 4.1503548691570931e-18 1 0.00056226308120817248 0.00090358559861643348 6.0357271264144402e-13 0.3478181979795863 0.32959130037515955 0.018226897604426751 0.003998981759830867
20000 0 0 0.44695522830150597 24.521490976602642 0.027507509116506131 0.0040006194184509089 0.027507447388481491 0.0040006194137896861 0.027507509116506131 1.0389427527924855e-07 1.6696340892061391e-07 6.3634765457230107e-17 2.5913449361339295e-07 4.1644237761330261e-07 50.000210364349577 50.000338066294852 50.000210364349577 0.00021036434957721895 0.00033806629485155781 1.0000000011397856 1969.8656512439488 8030.1343487344411 0.021233210297962282 0 0 0.98134495499719654 4.1433203075910992e-18 1 0.0010389427527907995 0.0016696340892020699 6.3646644342012879e-13 0.34781912584647351 0.3295920437849475 0.018227082061526012 0.0040006194184509089
20500 0 0 0.44696178239218237 24.521490955564058 0.02751386238628049 0.0040021173428312308 0.027513748318379112 0.0040021173269222032 0.02751386238628049 1.919756891209512e-07 3.0851462701507693e-07 6.5974428954665334e-17 4.7885575818047541e-07 7.6954541913445643e-07 50.000388720362054 50.000624693480752 50.000388720362054 0.00038872036205361837 0.00062469348075211428 1.0000000038920314 1969.8656512438495 8030.13434873403 0.021233308945193239 0 0 0.98134450099690607 4.1371001179006234e-18 1 0.001919756891205375 0.0030851462701434245 6.5980973665511048e-13 0.34781881689119065 0.32959146753457397 0.018227349356616684 0.0040021173428312308
21000 0 0 0.44698170551970656 24.521480703283988 0.027521151848640114 0.0040034903819319645 0.027520940933714301 0.0040034903276307612 0.027521151848640114 3.5473555540896173e-07 5.7007722860293175e-07 6.6797430363940279e-17 8.8483857612864032e-07 1.4219786849780589e-06 50.000718289841885 50.001154328028953 50.000718289841885 0.00071828984188471168 0.0011543280289529889 1.0000000132896381 1969.8656512437449 8030.1343487336062 0.021233177455389718 0 0 0.9813445204978839 4.1280275758121873e-18 1 0.0035473555540821333 0.0057007722860164933 6.6805948565279471e-13 0.34781837435059343 0.32959020489670537 0.018228169453888055 0.0040034903819319645
21500 0 0 0.44702773256081718 24.521459719072833 0.02753332668504389 0.0040047579943606896 0.027532936437618921 0.0040047578090126636 0.02753332668504389 6.5548698896234784e-07 1.0533947968091946e-06 7.2709540995456586e-17 1.634987381550718e-06 2.6274939199940197e-06 50.001327272085661 50.002132990436429 50.001327272085661 0.0013272720856605247 0.0021329904364293384 1.0000000453765279 1969.865651243653 8030.134348733136 0.021232740340191965 0 0 0.98134588402698275 4.1275694946000088e-18 1 0.0065548698896083987 0.010533947968068069 7.2692316734168776e-13 0.34781922801319853 0.32958916594992266 0.018230062063275876 0.0040047579943606896
22000 0 0 0.44705740648762704 24.521431177121357 0.027555214573549886 0.0040059242262192995 0.027554491685233218 0.0040059235935720411 0.027555214573549886 1.2112074452820566e-06 1.9464318611578136e-06 7.4053212444291793e-17 3.0209890975647589e-06 4.8547915387969514e-06 50.002452542348941 50.003941336544393 50.002452542348941 0.0024525423489407672 0.0039413365443934367 1.0000001549228872 1969.8656512435443 8030.1343487327331 0.021231893679029359 0 0 0.9813455570404227 4.1388167549039189e-18 1 0.012112074452791253 0.019464318611532555 7.4027395469133606e-13 0.34782015802354893 0.32958886461907855 0.018231293404470383 0.0040059242262192995
22500 0 0 0.44706458557871415 24.52141716883639 0.02759250279385252 0.0040069819272161786 0.027591161036907189 0.0040069797680630462 0.02759250279385252 2.2379580718858085e-06 3.5962568039653354e-06 7.2594093954356417e-17 5.5815572604391354e-06 8.9692620226365795e-06 50.004531732521379 50.007282569540763 50.004531732521379 0.0045317325213787285 0.0072825695407630064 1.0000005288143687 1969.8656512434477 8030.1343487322993 0.021230806384660034 0 0 0.98134297488460942 4.1474341474089411e-18 1 0.022379580718804776 0.035962568039565601 7.2601727070840191e-13 0.34782049050392866 0.32958889391631885 0.018231596587609811 0.0040069819272161786
23000 0 0 0.44705806581464563 24.521426321343196 0.02765513789275981 0.0040079079703420565 0.027652639476912842 0.0040079006048911129 0.02765513789275981 4.1344065806788854e-06 6.6425842288633677e-06 7.3742098639489248e-17 1.0310831755290081e-05 1.6566332209955942e-05 50.008373092897472 50.013454997845173 50.008373092897472 0.008373092897471679 0.013454997845173011 1.0000018037594838 1969.8656512433481 8030.1343487318309 0.021230352443927646 0 0 0.9813382045165906 4.1565323286608101e-18 1 0.041344065806685891 0.06642584228846922 7.3738985023838368e-13 0.34782024928854083 0.3295889253860837 0.018231323902457131 0.0040079079703420565
23500 0 0 0.44703534156324243 24.521444642775197 0.027750341940143232 0.0040086104738948263 0.027745666153893921 0.0040085853897417678 0.027750341940143232 7.6336878657970451e-06 1.2257517954231874e-05 7.6914290152327271e-17 1.9036614444567423e-05 3.0569452800956213e-05 50.0154675826535 50.024850939403393 50.0154675826535 0.01546758265349979 0.024850939403393113 1.0000061375963589 1969.8656512432385 8030.1343487314243 0.021230216166632506 0 0 0.9813318354654188 4.1703293914878995e-18 1 0.076336878657778343 0.1225751795420089 7.6911220578082017e-13 0.34781950100416886 0.32958911743274444 0.018230383571424424 0.0040086104738948263
24000 0 0 0.44701089986843362 24.521467156993694 0.027857629099864528 0.0040087616649284678 0.027848818749105893 0.0040086767158059745 0.027857629099864528 1.4068537094239678e-05 2.2544590409108064e-05 7.8037452110246319e-17 3.5077948554154226e-05 5.6224748587843029e-05 50.028554418500811 50.045848934680649 50.028554418500811 0.028554418500810641 0.045848934680648767 1.0000207120287588 1969.8656512431448 8030.1343487309841 0.021230432978237464 0 0 0.98132761516615774 4.1953798082083008e-18 1 0.14068537094203329 0.22544590409049722 7.8008371247847792e-13 0.34781886771083875 0.32958949762435341 0.018229370086485341 0.0040087616649284678
24500 0 0 0.44689904400382702 24.521512280852871 0.02787524921149042 0.0040072653817083501 0.027880663110535112 0.0040069831223431959 0.02787524921149042 2.5766683841976847e-05 4.100619194422004e-05 7.8034515302379515e-17 6.4210554289651636e-05 0.00010226276727024464 50.052597272417813 50.084277768018588 50.052597272417813 0.052597272417813201 0.084277768018587551 1.0000679623147657 1969.8656512430409 8030.1343487305257 0.021230309760530613 0 0 0.98110103008331051 4.2402363308648869e-18 1 0.25766683841908866 0.41006191944112375 7.8039689604915418e-13 0.34781486714569171 0.3295900921446499 0.018224775001041804 0.0040072653817083501
25000 0 0 0.44664835385054508 24.521636921024097 0.02779948381354972 0.0040008651698426496 0.027859320512308036 0.0039999847427400082 0.02779948381354972 4.6246652714142755e-05 7.1862710954291909e-05 8.2216035833511265e-17 0.00011504747755857383 0.0001791334202048736 50.096183531812365 50.153014667468433 50.096183531812365 0.09618353181236472 0.15301466746843317 1.000203152047878 1969.8656512429393 8030.1343487301428 0.021236160689292998 0 0 0.98085381295148188 4.3348667564271121e-18 1 0.46246652714018249 0.71862710954098574 8.2210473043424644e-13 0.34780530604061316 0.3295908468962645 0.01821445914434866 0.0040008651698426496
25500 0 0 0.44627564086723881 24.521934117817963 0.027757395893384138 0.0039828906142487111 0.027883378140068249 0.0039806273021114717 0.027757395893384138 7.81959206491129e-05 0.00011209544721245788 8.4331436501059933e-17 0.00019365529628091564 0.00027840762539347967 50.172064919738631 50.267167403238318 50.172064919738631 0.17206491973863081 0.267167403238318 1.0004532787402842 1969.8656512428377 8030.1343487296581 0.02126845675305148 0 0 0.98088820863054427 4.4771710533399878e-18 1 0.78195920648898498 1.1209544721215061 8.4334258761866699e-13 0.34779159273362853 0.32959255350927269 0.01819903922435584 0.0039828906142487111
26000 0 0 0.44588375999442353 24.522346277637556 0.027784460595453437 0.0039522979648254162 0.027807931266338515 0.0039486079821303291 0.027784460595453437 0.00011433946155581842 0.00013080778043281479 8.7313618358610776e-17 0.00028068783322616944 0.00031862346491115778 50.291151012789669 50.421467351406328 50.291151012789669 0.29115101278966904 0.42146735140632785 1.0004496150968367 1969.8656512427397 8030.1343487292306 0.021292390237892842 0 0 0.98078801621520351 4.5607080415742892e-18 1 1.1433946155549695 1.3080778043244832 8.7327646088843958e-13 0.34777733838247582 0.32959458560073918 0.018182752781736644 0.0039522979648254162
26500 0 0 0.44574407579860298 24.522541660608777 0.027355340774866062 0.0039268401735049136 0.027214606161900773 0.0039237907428754659 0.027355340774866062 0.00012500493600565104 9.5400245412167992e-05 8.4521784801942038e-17 0.00030003719758949735 0.0002166974357407648 50.441194846439537 50.560561891056956 50.441194846439537 0.44119484643953655 0.56056189105695609 1.0000291247690116 1969.8656512426244 8030.1343487288295 0.021747904257571747 0 0 0.98107684268909545 4.5178327440918114e-18 0.99999999999999978 1.2500493600529392 0.95400245411896467 8.4514705801525412e-13 0.34777259308200198 0.32959568132596595 0.018176911756036029 0.0039268401735049136
27000 0 0 0.44581489758888859 24.522472959408319 0.027558264349227597 0.0039178433204857714 0.027636123265978373 0.0039167694694223001 0.027558264349227597 8.6266996383290196e-05 3.4615860212524299e-05 8.170640233014509e-17 0.00019087102395861874 5.3941103869092652e-05 50.568454447799994 50.628232430987701 50.568454447799994 0.56845444779999355 0.62823243098770121 1.0001532916084548 1969.8656512425266 8030.1343487283257 0.02146063842702221 0 0 0.98087141184661863 4.7490504729215135e-18 0.99999999999999978 0.8626699638303944 0.34615860212423682 8.1712387366667095e-13 0.34777491422788376 0.32959506351189605 0.018179850715987711 0.0039178433204857714
27500 0 0 0.44580950092727556 24.522431820439081 0.027685243705314604 0.0039154297138952864 0.02766396412431359 0.0039153043694056394 0.027685243705314604 2.7294360300666896e-05 -1.6236263635149205e-05 7.808214212389809e-17 3.3897030223489216e-05 -7.6496300740966534e-05 50.624271268326844 50.620243532119055 50.624271268326844 0.62427126832684365 0.62024353211905492 1.0000164798904949 1969.8656512424297 8030.1343487279264 0.021414834742294865 0 0 0.98080642946418894 4.6116320057867223e-18 0.99999999999999978 0.27294360300586129 -0.16236263635101009 7.8073773736292992e-13 0.34777442567085526 0.32959476452665748 0.018179661144197778 0.0039154297138952864
28000 0 0 0.44580795519033495 24.522500042378589 0.02760839147527782 0.0039088049550117165 0.027570731207832457 0.003908548848035035 0.02760839147527782 -1.9069511606712361e-05 -4.1959328545664228e-05 7.8651672500350169e-17 -8.3935061442543153e-05 -0.0001370453913125211 50.609221437347813 50.563460358325273 50.609221437347813 0.60922143734781287 0.56346035832527264 1.0001015408352021 1969.8656512423229 8030.1343487275426 0.021526766645040871 0 0 0.98092928139748226 4.4557291098030507e-18 0.99999999999999978 -0.19069511606655029 -0.41959328545537877 7.868034278239522e-13 0.34777468719183174 0.32959513965712234 0.018179547534709406 0.0039088049550117165
28500 0 0 0.44572272779626965 24.522567410562235 0.026687684092935419 0.0039003521529562832 0.026732018918296973 0.0038999865360192384 0.026687684092935419 -3.9793202073390806e-05 -3.7727359406932973e-05 7.8453391763949502e-17 -0.00013110911431385731 -0.00011797367707889576 50.552193072821808 50.496657646107707 50.552193072821808 0.55219307282180807 0.4966576461077068 1.000031256959981 1969.8656512422169 8030.1343487270433 0.021950108217873177 0 0 0.98132121508060977 4.3353152709021872e-18 0.99999999999999978 -0.39793202073268485 -0.37727359406817157 7.8459620831667051e-13 0.34777170985725175 0.3295956877330638 0.018176022124187952 0.0039003521529562832
29000 0 0 0.44571914057509332 24.522572023696327 0.026561458598182163 0.0038950261650869426 0.026591055031864402 0.0038948708976040015 0.026561458598182163 -3.2798773954400358e-05 -1.4152801038348092e-05 7.7114080421263398e-17 -0.00010518870897349902 -5.017097918142676e-05 50.49043513932601 50.453567441747538 50.49043513932601 0.49043513932601002 0.45356744174753771 1.0000293963881144 1969.8656512421171 8030.1343487266313 0.022001534498404383 0 0 0.98131576531011 4.5179474266365263e-18 0.99999999999999978 -0.32798773954297711 -0.14152801038303642 7.7099915694169895e-13 0.34777160322744233 0.32959573080490884 0.01817587242253349 0.0038950261650869426
29500 0 0 0.44573418635225426 24.522559244153999 0.026937354171258889 0.0038924319542415985 0.026948734179059887 0.0038924058925245537 0.026937354171258889 -9.5269312050413536e-06 1.0979570972734741e-05 8.2255450130288561e-17 -3.8733504798548756e-05 1.8374496153845019e-05 50.453689647651409 50.44636198243542 50.453689647651409 0.45368964765140873 0.44636198243541969 1.0000086781809563 1969.8656512420102 8030.1343487261711 0.021841890703983641 0 0 0.98114118305863274 4.9283931211529214e-18 0.99999999999999978 -0.095269312050110216 0.10979570972700033 8.2278529367390239e-13 0.3477721452521334 0.32959564980912559 0.018176495443007812 0.0038924319542415985
29999 0 0 0.44572597645034534 24.522567083904402 0.026831350523883083 0.0038898248784184834 0.026808724631986757 0.0038897212069023018 0.026831350523883083 1.3377655561770627e-05 2.549117523588147e-05 7.9446072144211079e-17 2.3561554027268497e-05 5.63423873819248e-05 50.450755018235775 50.466572987933482 50.450755018235775 0.45075501823577468 0.4665729879334819 1.0000177163824806 1969.865651241917 8030.1343487257573 0.02189357423730116 0 0 0.98120839869671517 4.8734111362763075e-18 0.99999999999999978 0.13377655561727456 0.25491175235799191 7.9437375821911418e-13 0.3477718549682477 0.32959570012584127 0.018176154842406422 0.0038898248784184834
