# 1:passo  2:raio_area  3:raio_grad  4:raio_linha  5:p_in  6:p_out  7:delta_p  8:sigma  9:|u-v0|max  10:|u-v0|rms  11:Ca  12:massa_R  13:massa_B  14:|q|  15:sd_p_in  16:sd_p_out  17:sigma_2pontos  18:K_perfil  19:r_perfil  20:espessura_10_90  21:residuo_ajuste  22:n_camadas
0 25.04052139 25.08111096 25 0.3333333333 0.3333333333 -2.220446049e-16 -5.560112678e-15 0.00992315281 0.001210083441 0 1969.865651 8030.134349 6.028373188e-16 2.78221524e-08 0 0 1.273345395 25.01411833 3.451105388 0.08159937045 12
500 24.78484292 24.78210194 24.71354465 0.3383352897 0.3328656906 0.005469599006 0.1355631522 0.02552830956 0.006856230908 0.001255420279 1969.865651 8030.134349 2.805031529e-13 0.0009412680383 0.001937493036 0.2685510439 1.294504436 24.75875719 3.394696095 0.08521493903 11
1000 24.60216365 24.59658314 24.54981823 0.3439494586 0.3310157128 0.01293374579 0.3181981305 0.02336819354 0.00812699978 0.0004895941931 1969.865651 8030.134349 3.567267557e-13 0.0004427085561 0.001568698429 0.199857751 1.299838264 24.57331322 3.380766112 0.1108467976 12
1500 24.43709735 24.42283141 24.37254337 0.3512169209 0.3290845266 0.02213239428 0.5408514736 0.02575146183 0.007187301258 0.0003174187751 1969.865651 8030.134349 4.155430869e-13 0.0007183802552 0.001126473107 0.6928637997 1.294979316 24.40064111 3.393451231 0.1286753467 12
2000 24.3796816 24.3650446 24.30396666 0.3521641672 0.3275905574 0.02457360976 0.5990967816 0.02624501123 0.005101955543 0.0002920508787 1969.865651 8030.134349 5.946688587e-13 0.0003984973467 0.0008655434026 0.5590944396 1.297944743 24.34158021 3.385698181 0.1319499432 12
2500 24.37156774 24.3553075 24.28363209 0.3539492532 0.3277412543 0.02620799897 0.6387300222 0.02685452534 0.003838290337 0.0002802908313 1969.865651 8030.134349 1.063929703e-12 0.0007700013041 0.0003890142192 0.6813987942 1.299398205 24.33310796 3.381911054 0.1313106907 12
3000 24.41355205 24.3977873 24.3429859 0.3524601704 0.3283676972 0.02409247313 0.5881828468 0.02734251185 0.004196273779 0.0003099094326 1969.865651 8030.134349 1.810687633e-12 0.0004017510967 0.0007111245229 0.5310951638 1.298591033 24.37595981 3.384013167 0.1318537817 12
3500 24.47654844 24.46251092 24.41111794 0.3507434947 0.329408704 0.02133479066 0.522202037 0.02834377087 0.00449020994 0.0003618493593 1969.865651 8030.134349 3.204445252e-12 0.0009009985901 0.0005487037912 0.5407905132 1.29763828 24.44122022 3.38649778 0.1266795385 12
4000 24.53405487 24.5214949 24.45939915 0.3469028988 0.329936348 0.01696655085 0.4162582895 0.02823352842 0.004419097975 0.0004521796384 1969.865651 8030.134349 5.84835559e-12 0.0005391082563 0.0005262097581 0.3625395832 1.298568159 24.50126495 3.384072775 0.1167612274 12
4500 24.57196376 24.56179689 24.49299543 0.3457801338 0.3301641173 0.01561601657 0.3837161931 0.02642778733 0.004051273897 0.0004591551049 1969.865651 8030.134349 1.06863701e-11 0.0004343552298 0.0002695787807 0.3863541967 1.298994494 24.54110577 3.382962109 0.1096750624 12
5000 24.5780898 24.5690582 24.50535324 0.3455959262 0.3301853052 0.01541062094 0.3787636252 0.02705141395 0.00385389653 0.0004761353723 1969.865651 8030.134349 1.963400576e-11 0.0004445853652 0.000294320549 0.3770149678 1.298840494 24.54765915 3.383363219 0.1094417828 12
5500 24.55837183 24.54844586 24.49077928 0.3462525948 0.3301398706 0.0161127242 0.3957022721 0.02715180421 0.003869914466 0.0004574450056 1969.865651 8030.134349 3.605434978e-11 0.0004366503197 0.000359015047 0.3839013823 1.298103585 24.52702269 3.385283889 0.1134464117 12
6000 24.53916224 24.5288636 24.47520511 0.3471152784 0.3297924351 0.01732284326 0.4250880612 0.02741766531 0.003929612429 0.0004299919289 1969.865651 8030.134349 6.666210098e-11 0.0004012508803 0.0002809827495 0.4274647777 1.297696107 24.50689775 3.386346875 0.1169855212 12
6500 24.52113797 24.51009838 24.45513 0.3477457192 0.329435707 0.01831001224 0.4489823365 0.02746570658 0.003933465219 0.000407821635 1969.865651 8030.134349 1.236393182e-10 0.0003948910683 0.0002339399494 0.4616761875 1.297365105 24.48809141 3.387210845 0.118824006 12
7000 24.50957561 24.49809573 24.43970073 0.3481542143 0.3292837546 0.0188704597 0.4625069588 0.0271982437 0.003897685773 0.0003920408574 1969.865651 8030.134349 2.291884879e-10 0.0003905237728 0.0002061943172 0.4647885274 1.298004842 24.4761304 3.385541419 0.1195904434 12
7500 24.50404513 24.49198373 24.43416395 0.3485670053 0.3293048159 0.0192621894 0.4720015583 0.02709171117 0.003886611833 0.0003826500244 1969.865651 8030.134349 4.241528566e-10 0.0004009083547 0.000106695852 0.4723266434 1.297931693 24.47025652 3.385732221 0.1206974833 12
8000 24.50570562 24.49342943 24.43612654 0.3486008102 0.3294315718 0.01916923841 0.4697557132 0.02744383642 0.003892087397 0.0003894767095 1969.865651 8030.134349 7.837125809e-10 0.0004104705735 0.0001313139926 0.4662111858 1.297825583 24.47190827 3.38600904 0.1208257835 12
8500 24.5120636 24.49982711 24.44121945 0.3481922255 0.3295658898 0.0186263357 0.4565699253 0.02767967023 0.003907247318 0.0004041683972 1969.865651 8030.134349 1.447032062e-09 0.0004036925326 0.0001225348749 0.4500852981 1.297958512 24.47853571 3.385662264 0.119758434 12
9000 24.52024081 24.50841165 24.44817931 0.3477807801 0.329634125 0.01814665505 0.4449603518 0.02753676624 0.003914934093 0.0004125725829 1969.865651 8030.134349 2.671295159e-09 0.0004064289319 0.0001424745261 0.4387738141 1.298168828 24.48713065 3.385113755 0.1181733523 12
9500 24.52614605 24.51481526 24.45425957 0.3476234104 0.3296682443 0.01795516614 0.4403710271 0.02740913588 0.003917838935 0.0004149400421 1969.865651 8030.134349 4.930294865e-09 0.0004024154068 0.0001414243892 0.4374971526 1.298163788 24.49336401 3.385126896 0.1171180804 12
10000 24.52742393 24.51624633 24.45625573 0.347608798 0.3296890508 0.01791974715 0.4395252351 0.02738254496 0.003923603308 0.0004153351962 1969.865651 8030.134349 9.102975189e-09 0.0004005203293 9.218039725e-05 0.4331348282 1.298076908 24.49472489 3.385353462 0.1170154132 12
10500 24.52650438 24.51534721 24.45661189 0.3476845921 0.3296672906 0.01801730159 0.4419014264 0.02740424492 0.003929879173 0.0004134292293 1969.865651 8030.134349 1.681822278e-08 0.0003999393087 9.582338581e-05 0.4358409551 1.297966783 24.49374172 3.385640689 0.1174908698 12
11000 24.5246429 24.51343584 24.45539922 0.3477325032 0.3296136509 0.01811885226 0.4443583814 0.02751444354 0.003937322354 0.0004127965878 1969.865651 8030.134349 3.108872474e-08 0.0003994763059 8.612175584e-05 0.442672452 1.297917988 24.49177986 3.385767973 0.1179201945 12
11500 24.52234044 24.51101079 24.4527634 0.347735043 0.329570169 0.01816487402 0.4454452248 0.02750491811 0.003943221788 0.0004116468435 1969.865651 8030.134349 5.748898491e-08 0.0003994327063 9.387109878e-05 0.4442723599 1.297997691 24.48937935 3.38556007 0.1181700737 12
12000 24.52051783 24.50908145 24.45085443 0.3478053259 0.3295496996 0.01825562622 0.4476374083 0.02741971692 0.003948604041 0.0004083620122 1969.865651 8030.134349 1.063108321e-07 0.0003990909918 9.375323636e-05 0.4472768638 1.298030693 24.48746954 3.385473994 0.1184439554 12
12500 24.51953104 24.50800572 24.44995727 0.3478892612 0.3295517684 0.01833749281 0.4496267241 0.02741991666 0.00395422712 0.0004065582285 1969.865651 8030.134349 1.965554292e-07 0.00039922392 8.485634375e-05 0.4485504879 1.297966529 24.48641774 3.385641353 0.118660027 12
13000 24.51949314 24.50791101 24.44961851 0.3479083361 0.329567081 0.01834125511 0.449718279 0.02747037947 0.003959460447 0.0004072235256 1969.865651 8030.134349 3.633170647e-07 0.0004001437807 8.144546227e-05 0.4468037007 1.297945311 24.48636704 3.3856967 0.1186411052 12
13500 24.52030675 24.50873708 24.45003397 0.3478734988 0.3295791714 0.01829432735 0.4485825184 0.027495956 0.003964291881 0.0004086346789 1969.865651 8030.134349 6.714222352e-07 0.0004006599081 7.937158094e-05 0.4450781594 1.297975046 24.48721739 3.385619136 0.1184382406 12
14000 24.5212613 24.50974942 24.45077417 0.3478321534 0.3295898232 0.0182423302 0.4473249454 0.02749738867 0.003968535613 0.0004098048328 1969.865651 8030.134349 1.240580133e-06 0.0004006664559 8.133914307e-05 0.4441769338 1.298010572 24.48822657 3.385526474 0.1182133957 12
14500 24.52178692 24.51031689 24.45128741 0.3478040125 0.3296013319 0.01820268058 0.4463622545 0.02748185193 0.003972453895 0.0004104566289 1969.865651 8030.134349 2.292070745e-06 0.000400412783 8.139914059e-05 0.4428842838 1.298027506 24.48878832 3.385482306 0.1181035198 12
15000 24.52194581 24.51049837 24.45161724 0.3478027265 0.3296065913 0.01819613517 0.4462046406 0.02746861354 0.00397615302 0.0004104038228 1969.865651 8030.134349 4.234935193e-06 0.0004001977802 7.999666484e-05 0.4425226662 1.298010859 24.48895802 3.385525724 0.1181120653 12
15500 24.52195186 24.51052311 24.45180237 0.347808466 0.329602191 0.01820627493 0.4464533974 0.02748360932 0.003979592419 0.0004103990769 1969.865651 8030.134349 7.825241549e-06 0.0004000282628 7.934078354e-05 0.4432047043 1.297986475 24.48896446 3.385589326 0.1181482661 12
16000 24.52181295 24.51038771 24.45168898 0.3478057691 0.3295940474 0.01821172171 0.4465844332 0.02750086196 0.003982747934 0.0004105362079 1969.865651 8030.134349 1.446066235e-05 0.0003998770724 7.886935682e-05 0.4436079834 1.297988995 24.48882095 3.385582753 0.1181681152 12
16500 24.52160829 24.51017746 24.45151533 0.3478075915 0.3295868643 0.0182207272 0.4468015351 0.02749755176 0.003985637609 0.0004102873364 1969.865651 8030.134349 2.672424389e-05 0.0003997939251 7.897587493e-05 0.4441014642 1.298001252 24.48860688 3.385550782 0.1182042393 12
17000 24.52139772 24.50995416 24.45138666 0.3478188625 0.3295837675 0.01823509494 0.4471500154 0.02749336783 0.00398835028 0.0004099052054 1969.865651 8030.134349 4.938872677e-05 0.0003998111705 7.910125764e-05 0.4447204448 1.29799769 24.48838299 3.385560073 0.1182612234 12
17500 24.52124781 24.50978524 24.45125166 0.347826356 0.329584473 0.01824188306 0.4473137351 0.02749453852 0.003990861729 0.000409772625 1969.865651 8030.134349 9.127316962e-05 0.0003999515447 7.90753153e-05 0.4446724177 1.297990558 24.48822188 3.385578675 0.1183004596 12
18000 24.52124764 24.50977423 24.45119434 0.347827617 0.3295858495 0.01824176753 0.447310899 0.02749666069 0.003993163255 0.0004098068518 1969.865651 8030.134349 0.000168672023 0.0004001016039 7.889775947e-05 0.4445083232 1.297988653 24.48821897 3.385583644 0.1182981703 12
18500 24.52134905 24.50987662 24.45121897 0.3478243252 0.3295871065 0.0182372187 0.4472012055 0.02750134339 0.003995270295 0.0004099771803 1969.865651 8030.134349 0.000311689625 0.0004001747937 7.870467917e-05 0.4443881766 1.297992252 24.48832526 3.385574256 0.1182651163 12
19000 24.52143384 24.50996513 24.45124607 0.3478196553 0.3295892378 0.01823041749 0.4470359765 0.027504127 0.003997201684 0.0004101702241 1969.865651 8030.134349 0.0005759504785 0.0004001771255 7.868056526e-05 0.4441260773 1.29799892 24.4884164 3.385556866 0.118232331 12
19500 24.52147504 24.51001004 24.45128577 0.347818198 0.3295913004 0.0182268976 0.4469504147 0.02750422367 0.00399898176 0.0004102501868 1969.865651 8030.134349 0.001064239967 0.0004001566486 7.871809694e-05 0.4439551248 1.298001374 24.48846168 3.385550464 0.1182186671 12
20000 24.52149098 24.51003017 24.45132902 0.3478191258 0.3295920438 0.01822708206 0.4469552283 0.02750750912 0.004000619418 0.0004102947734 1969.865651 8030.134349 0.001966489267 0.0004001315919 7.874733538e-05 0.4439691545 1.297998804 24.48848027 3.385557168 0.1182138373 12
20500 24.52149096 24.51003352 24.45133742 0.3478188169 0.3295914675 0.01822734936 0.4469617824 0.02751386239 0.004002117343 0.0004103835193 1969.865651 8030.134349 0.003633675003 0.000400097544 7.873014873e-05 0.4439850983 1.297999532 24.48848337 3.385555268 0.118202455 12
21000 24.5214807 24.5100255 24.45132846 0.3478183744 0.3295902049 0.01822816945 0.4469817055 0.02752115185 0.004003490382 0.0004104739487 1969.865651 8030.134349 0.006714352991 0.0004000618864 7.87028243e-05 0.4440431362 1.298005389 24.48847742 3.385539991 0.1181826938 12
21500 24.52145972 24.51000505 24.4513226 0.347819228 0.3295891659 0.01823006206 0.4470277326 0.02753332669 0.004004757994 0.0004106132525 1969.865651 8030.134349 0.01240686822 0.0004000427184 7.870069576e-05 0.4441632732 1.298013932 24.48846286 3.385517709 0.1181523131 12
22000 24.52143118 24.50997426 24.45130951 0.347820158 0.3295888646 0.0182312934 0.4470574065 0.02755521457 0.004005924226 0.000410912397 1969.865651 8030.134349 0.02292514006 0.0004000545354 7.871717726e-05 0.4442091366 1.298026712 24.4884459 3.385484376 0.118093991 12
22500 24.52141717 24.50995754 24.4512987 0.3478204905 0.3295888939 0.01823159659 0.4470645856 0.02759250279 0.004006981927 0.0004114618437 1969.865651 8030.134349 0.04235743067 0.0004000888735 7.872790566e-05 0.4442091045 1.296237318 24.49237531 3.390157878 0.127145113 12
23000 24.52142632 24.50996579 24.45129126 0.3478202493 0.3295889254 0.0182313239 0.4470580658 0.02765513789 0.00400790797 0.0004124018781 1969.865651 8030.134349 0.07824144874 0.0004001304801 7.874075797e-05 0.4442130917 1.296102742 24.49321337 3.390509881 0.128272825 12
23500 24.52144464 24.50998444 24.45125781 0.347819501 0.3295891174 0.01823038357 0.4470353416 0.02775034194 0.004008610474 0.0004138426259 1969.865651 8030.134349 0.1444021942 0.0004001992272 7.875351872e-05 0.4441759847 1.295695109 24.48468661 3.391576556 0.1278267416 12
24000 24.52146716 24.51000845 24.45114286 0.3478188677 0.3295894976 0.01822937009 0.4470108999 0.0278576291 0.004008761665 0.0004154653217 1969.865651 8030.134349 0.2657409063 0.0004003977454 7.876935982e-05 0.4441285858 1.294237691 24.48145956 3.39539575 0.127737857 12
24500 24.52151228 24.51005812 24.45077149 0.3478148671 0.3295900921 0.018224775 0.446899044 0.02787524921 0.004007265382 0.0004158321599 1969.865651 8030.134349 0.4842963735 0.0003992861524 7.875587475e-05 0.44387363 1.293241072 24.47970814 3.398012367 0.1079309747 12
25000 24.52163692 24.51019573 24.44972135 0.347805306 0.3295908469 0.01821445914 0.4466483539 0.02779948381 0.00400086517 0.0004149346807 1969.865651 8030.134349 0.8545760418 0.0003986518035 7.878703865e-05 0.4436013912 1.293393935 24.47591053 3.397610763 0.07898345107 12
25500 24.52193412 24.51052259 24.44799716 0.3477915927 0.3295925535 0.01819903922 0.4462756409 0.02775739589 0.003982890614 0.0004146524905 1969.865651 8030.134349 1.366747646 0.000401200931 7.83141282e-05 0.4431845566 1.297165026 24.47350077 3.387733299 0.093451198 12
26000 24.52234628 24.51097108 24.44930707 0.3477773384 0.3295945856 0.01818275278 0.44588376 0.0277844606 0.003952297965 0.0004154215828 1969.865651 8030.134349 1.737359718 0.000415919456 7.787254567e-05 0.4430021732 1.296272748 24.47486869 3.390065217 0.1195359916 12
26500 24.52254166 24.51118019 24.45676485 0.3477725931 0.3295956813 0.01817691176 0.4457440758 0.02735534077 0.003926840174 0.0004091337348 1969.865651 8030.134349 1.572496132 0.0004242349465 7.732497682e-05 0.4514378155 1.299482313 24.48543896 3.381692164 0.1515342319 12
27000 24.52247296 24.51110508 24.45892159 0.3477749142 0.3295950635 0.01817985072 0.4458148976 0.02755826435 0.00391784332 0.0004121032368 1969.865651 8030.134349 0.9295295823 0.0004218061319 7.752367683e-05 0.4433218638 1.302585362 24.48393385 3.373636217 0.1329982736 12
27500 24.52243182 24.51106062 24.4561736 0.3477744257 0.3295947645 0.01817966114 0.4458095009 0.02768524371 0.003915429714 0.0004140070837 1969.865651 8030.134349 0.3175843764 0.000419526526 7.766643481e-05 0.4444073511 1.299830424 24.47594161 3.380786504 0.1209374517 12
28000 24.52250004 24.51113426 24.45462927 0.3477746872 0.3295951397 0.01817954753 0.4458079552 0.02760839148 0.003908804955 0.0004128592615 1969.865651 8030.134349 0.4608938625 0.0004224984051 7.750785306e-05 0.4445981877 1.303795285 24.48507012 3.370505481 0.1308583427 12
28500 24.52256741 24.51120633 24.45485103 0.3477717099 0.3295956877 0.01817602212 0.4457227278 0.02668768409 0.003900352153 0.0003991672016 1969.865651 8030.134349 0.5483477527 0.0004250563636 7.730600718e-05 0.4515932327 1.296109519 24.49738026 3.390492153 0.1632694016 12
29000 24.52257202 24.51121082 24.45655839 0.3477716032 0.3295957308 0.01817587242 0.4457191406 0.0265614586 0.003895026165 0.0003972824466 1969.865651 8030.134349 0.3572200093 0.0004252752311 7.730527904e-05 0.4516445299 1.297751151 24.49244547 3.386203243 0.1598513053 12
29500 24.52255924 24.51119695 24.45630222 0.3477721453 0.3295956498 0.01817649544 0.4457341864 0.02693735417 0.003892431954 0.000402891155 1969.865651 8030.134349 0.1453662261 0.0004247976655 7.730427346e-05 0.45150592 1.297784296 24.48775909 3.386116761 0.1468762798 12
29999 24.52256708 24.51120543 24.45561349 0.347771855 0.3295957001 0.01817615484 0.4457259765 0.02683135052 0.003889824878 0.0004013130928 1969.865651 8030.134349 0.2878822126 0.0004249984211 7.730475441e-05 0.451527756 1.296793194 24.49246461 3.388704672 0.1467066234 12
