# 1:passo  2:raio_area  3:raio_grad  4:raio_linha  5:p_in  6:p_out  7:delta_p  8:sigma  9:|u-v0|max  10:|u-v0|rms  11:Ca  12:massa_R  13:massa_B  14:|q|  15:sd_p_in  16:sd_p_out  17:sigma_2pontos  18:K_perfil  19:r_perfil  20:espessura_10_90  21:residuo_ajuste  22:n_camadas
0 25.04052139 25.08111096 25 0.3333333333 0.3333333333 -2.220446049e-16 -5.560112678e-15 0.00521265614 0.00105841897 0 1969.865651 8030.134349 6.788400856e-16 2.78221524e-08 0 0 1.273345395 25.01411833 3.451105388 0.08159937045 12
500 24.53031683 24.49993814 24.35696247 0.3469853492 0.3346185466 0.01236680256 0.3033615849 0.0299790372 0.01582190035 0.000658818578 1969.865651 8030.134349 8.852197818e-14 0.000387382328 0.0064049148 0.6638507052 1.285257161 24.5012858 3.419120537 0.05927178619 12
1000 24.06558096 24.027557 23.82681678 0.3614096537 0.3277822303 0.03362742345 0.8092634816 0.03600657027 0.02178480142 0.0002966200839 1969.865651 8030.134349 1.686414539e-13 0.0005488001368 0.005113237229 0.6390958359 1.293465174 24.04136777 3.397423637 0.1169345608 12
1500 23.59312605 23.53961141 23.13162477 0.3888704184 0.320396368 0.06847405041 1.615516902 0.02546441781 0.01722731956 0.0001050826427 1969.865651 8030.134349 1.136416145e-13 0.006125655854 0.005364692207 2.202516813 1.270735544 23.58259433 3.458193307 0.1805898489 12
2000 23.36797587 23.3070992 22.9469694 0.3898275678 0.3174940137 0.07233355411 1.690288747 0.02077328962 0.009290339535 8.193191709e-05 1969.865651 8030.134349 1.775544581e-13 0.001439010706 0.003521808374 1.34062708 1.283734855 23.36149265 3.423175072 0.1722348185 11
2500 23.36841921 23.29130907 23.14417218 0.3961706935 0.3215941202 0.07457657334 1.742736629 0.02688832956 0.01164832986 0.0001028586463 1969.865651 8030.134349 3.407382017e-13 0.003175874308 0.002995136794 1.855473678 1.283981263 23.34998517 3.422518134 0.1206565872 11
3000 23.6945726 23.6353904 23.76751491 0.3831878292 0.3261762768 0.05701155236 1.350864366 0.02631019613 0.01492038145 0.0001298437592 1969.865651 8030.134349 2.158176792e-13 0.004056417205 0.004543489973 1.151629006 1.285376543 23.66652042 3.41880298 0.1507460103 12
3500 24.08019912 24.03228234 24.19444337 0.3576800106 0.3292211102 0.02845890049 0.6852959906 0.02255503584 0.01310300923 0.0002194189192 1969.865651 8030.134349 3.838983193e-13 0.003947655431 0.005924227149 0.4478033664 1.283792089 24.03701503 3.423022461 0.2042083361 12
4000 24.2842961 24.25522235 24.42279695 0.3544174263 0.33039028 0.02402714628 0.5834823345 0.0201188248 0.009751145864 0.0002298707103 1969.865651 8030.134349 3.090013599e-13 0.0004399310526 0.002989341707 0.5933041388 1.27937657 24.23972388 3.434836356 0.1836065068 12
4500 24.26287303 24.2335634 24.35405622 0.3567202752 0.3292788479 0.02744142736 0.6658078678 0.01825580184 0.009392038389 0.0001827934927 1969.865651 8030.134349 3.374998453e-13 0.0003548894973 0.004068708792 0.5567520494 1.270288283 24.22024714 3.459410917 0.1620977947 12
5000 24.08120877 24.04559212 23.97186606 0.3640358714 0.3279047977 0.03613107364 0.8700799275 0.01904006142 0.01015914313 0.000145887451 1969.865651 8030.134349 5.430989166e-13 0.0003894290643 0.006585789441 0.8812050006 1.294912573 24.05199939 3.393626138 0.1350786239 12
5500 23.95997602 23.9187021 23.71928006 0.3622961018 0.3218551339 0.0404409679 0.9689646212 0.01865724897 0.00897752783 0.0001283655327 1969.865651 8030.134349 5.226604167e-13 0.00119189745 0.004154275937 1.265870111 1.294706029 23.93103754 3.394167522 0.1366950669 12
6000 23.81209657 23.76113286 23.4254138 0.3700883933 0.3215124482 0.04857594511 1.156695096 0.01203920357 0.006453261615 6.938851682e-05 1969.865651 8030.134349 5.606484302e-13 0.001748863778 0.005648948811 1.35886645 1.270100271 23.79151972 3.459923012 0.1018115676 11
6500 23.74220246 23.68124558 23.46316377 0.3737655889 0.3231826281 0.05058296076 1.200950895 0.01518300077 0.008379289769 8.428321716e-05 1969.865651 8030.134349 5.666720963e-13 0.0003803834444 0.002113559169 1.148180088 1.285590574 23.71615443 3.418233802 0.1097923916 11
7000 23.81997163 23.75709983 23.67570476 0.3789484829 0.3259635399 0.0529849431 1.262099841 0.01954976299 0.008221093981 0.0001032658027 1969.865651 8030.134349 6.46842162e-13 0.003627593033 0.00253087698 1.205562232 1.269964836 23.79153581 3.460291993 0.1143915978 11
7500 23.9477497 23.89200322 23.84279906 0.3687877622 0.3276738092 0.04111395301 0.984586656 0.01387432849 0.006992418711 9.394350684e-05 1969.865651 8030.134349 5.623354644e-13 0.001356453895 0.00430188484 0.6969049902 1.297288974 23.90795279 3.387409624 0.1909119345 12
8000 24.03540993 23.98822916 23.99718783 0.3620667837 0.328496146 0.0335706377 0.8068840388 0.00914558674 0.004129472067 7.556299956e-05 1969.865651 8030.134349 5.467931062e-13 0.0002370752713 0.00521791372 0.6419796856 1.301033801 23.99877427 3.377659483 0.1756153981 12
8500 24.01279386 23.9725995 24.03324816 0.3666483891 0.3288891536 0.0377592355 0.9067047382 0.01537021939 0.005603398664 0.0001130115736 1969.865651 8030.134349 4.789601501e-13 0.0004676722784 0.003641542385 0.8763704695 1.296945085 23.97662012 3.388307806 0.1715154868 12
9000 23.95267633 23.91326683 23.90029866 0.3662492707 0.3270864358 0.03916283493 0.9380547093 0.01533382327 0.007119576319 0.000108976041 1969.865651 8030.134349 6.060883463e-13 0.0005504713354 0.002079997838 0.8365163946 1.295557017 23.91814663 3.391938059 0.1616701094 12
9500 23.90663663 23.86524815 23.75208083 0.3700968395 0.3242060674 0.0458907721 1.097094013 0.01162581496 0.006564197339 7.064611796e-05 1969.865651 8030.134349 5.385895627e-13 0.0002261423445 0.002763580049 1.242302432 1.293498212 23.87362635 3.39733686 0.1527630697 12
10000 23.91125703 23.87079579 23.7177145 0.3675539582 0.3220180979 0.04553586036 1.088819661 0.006556436749 0.00271309458 4.014400169e-05 1969.865651 8030.134349 4.263340727e-13 0.0001560076229 0.003398520573 1.20365588 1.299024388 23.87888063 3.38288426 0.1565656093 12
10500 23.89463441 23.84651539 23.70471773 0.3686789047 0.3235423699 0.04513653482 1.078520998 0.007836732817 0.003646347334 4.844123159e-05 1969.865651 8030.134349 4.300289729e-13 0.0002636965094 0.00429333582 1.191717467 1.28437729 23.87322885 3.421462828 0.09917104528 11
11000 23.93880153 23.88613031 23.82156378 0.3677801916 0.3252813118 0.04249887976 1.017372248 0.01433999763 0.005413494074 9.396755649e-05 1969.865651 8030.134349 3.717411475e-13 0.000579991175 0.00194751241 1.06832626 1.300379562 23.90027131 3.37935883 0.185978166 12
11500 24.00734958 23.95481365 23.9216532 0.3647186127 0.3269957336 0.03772287907 0.9056263452 0.01210095528 0.005538512608 8.907982371e-05 1969.865651 8030.134349 3.728478081e-13 0.0004655551766 0.0007041523484 0.9252185299 1.295182245 23.96877715 3.392919545 0.183606776 12
12000 24.03460351 23.98459649 23.94975158 0.3631269124 0.3279018239 0.03522508851 0.8466210359 0.006299536293 0.003575514278 4.960532143e-05 1969.865651 8030.134349 4.029320332e-13 0.0005265910022 0.002272837803 0.7569681893 1.297369277 23.99827223 3.387199952 0.1730181482 12
12500 24.01097783 23.96643555 23.93241126 0.3664370153 0.3276585696 0.03877844569 0.9311083998 0.005480258335 0.002966028456 3.923824076e-05 1969.865651 8030.134349 3.800906342e-13 0.0005201824251 0.003397045173 0.7702297868 1.297698542 23.97564628 3.386340518 0.1666561147 12
13000 23.90535057 23.85789978 23.78349166 0.3715347971 0.3271664983 0.0443682988 1.060639737 0.008069264943 0.003950997041 5.071948349e-05 1969.865651 8030.134349 3.98272937e-13 0.0003989761077 0.002242303617 1.001244027 1.27637337 23.88314456 3.442918238 0.111239492 11
13500 23.84740318 23.80100735 23.68056201 0.3710995685 0.3255030054 0.04559656307 1.087359623 0.00954950659 0.004245155379 5.854859415e-05 1969.865651 8030.134349 3.552336881e-13 3.277438427e-05 0.001373999916 0.9561743745 1.281004263 23.82503243 3.43047192 0.1020866789 11
14000 23.83115607 23.78483516 23.64049108 0.372122218 0.3238776236 0.04824459439 1.149724458 0.006432853155 0.003145387954 3.730083968e-05 1969.865651 8030.134349 3.74502888e-13 0.0002876245377 0.001519622107 1.262625893 1.279861528 23.80866055 3.433534847 0.09697590457 11
14500 23.86282479 23.81715825 23.68319893 0.3698546042 0.3238003643 0.04605423993 1.098984258 0.004991920223 0.003219134084 3.028202442e-05 1969.865651 8030.134349 4.294432034e-13 0.0002159195102 0.001526473433 1.132816692 1.283029719 23.84109144 3.425056402 0.1015105341 11
15000 23.9215941 23.87283621 23.79377881 0.3685116526 0.3249335556 0.04357809698 1.042457548 0.006815571955 0.003758216114 4.35865676e-05 1969.865651 8030.134349 4.054682292e-13 9.860705767e-05 0.002024701096 1.08262633 1.280124257 23.89951666 3.432830158 0.1072116098 11
15500 24.01252154 23.96560967 23.94852766 0.3661518008 0.3261961468 0.03995565402 0.9594360028 0.005822688326 0.003477743824 4.04591052e-05 1969.865651 8030.134349 4.10684067e-13 0.0005502807399 0.001470382894 1.016272981 1.297645778 23.97542123 3.386478214 0.177959734 12
16000 24.07159677 24.02593374 24.02193496 0.3612250904 0.3269866092 0.03423848118 0.8241749129 0.005731823357 0.002300120534 4.636413354e-05 1969.865651 8030.134349 4.265358924e-13 0.0007808473597 0.0004193894389 0.7937267744 1.297522745 24.03579406 3.386799324 0.1702060834 12
16500 24.05703597 24.01209039 23.99285447 0.3624844917 0.3273691349 0.03511535679 0.8447714016 0.003526371174 0.002237153885 2.782899742e-05 1969.865651 8030.134349 4.20114667e-13 0.000420059537 0.0008617785232 0.8702500955 1.298140579 24.02213763 3.385187419 0.1650093054 12
17000 23.989524 23.9441178 23.90180892 0.3659663371 0.3268223404 0.03914399663 0.9390458466 0.005925802856 0.003528117378 4.206967372e-05 1969.865651 8030.134349 4.666485583e-13 0.0001677655672 0.0008983879482 0.8987981608 1.296635196 23.95418192 3.389117593 0.1663496449 12
17500 23.89439611 23.84594652 23.74481419 0.3707649988 0.3260097144 0.04475528433 1.069400492 0.005886170414 0.003540129819 3.669451846e-05 1969.865651 8030.134349 4.215411516e-13 0.0004823115995 0.0005730240806 1.034273466 1.276915517 23.87198027 3.441456459 0.1038557269 11
18000 23.84188378 23.79301507 23.64682765 0.3722413109 0.3246142181 0.04762709272 1.135519609 0.004422861881 0.002219409756 2.5966743e-05 1969.865651 8030.134349 4.453453831e-13 0.0003192058855 0.0006896972915 1.108220164 1.279049287 23.81895108 3.43571526 0.09388875249 11
18500 23.82696679 23.77719749 23.62118287 0.3726718134 0.324272727 0.04839908641 1.153203425 0.002487146659 0.0009111225026 1.437818981e-05 1969.865651 8030.134349 4.890509873e-13 0.0002327164656 0.000612968398 1.165442694 1.279618504 23.80372273 3.434186941 0.09477490867 11
19000 23.85443049 23.804113 23.68629307 0.3712025536 0.3250830823 0.04611947133 1.100153723 0.004437329268 0.002626742249 2.688914694e-05 1969.865651 8030.134349 5.782123121e-13 0.0001403842587 0.0003325077517 1.090007595 1.282452076 23.83136124 3.42659912 0.09632431986 11
19500 23.92779016 23.87900376 23.81875614 0.3685750018 0.3260214288 0.04255357292 1.018212964 0.005518522691 0.003290232176 3.613207904e-05 1969.865651 8030.134349 5.654034444e-13 3.392764976e-05 0.000308484688 0.9983031719 1.279634456 23.90549338 3.43414413 0.1090472158 11
20000 24.00451366 23.95861073 23.92903469 0.3655222523 0.3267260462 0.03879620611 0.9312840597 0.004568893226 0.00265774917 3.270676423e-05 1969.865651 8030.134349 5.617289281e-13 4.759114677e-05 0.0001475025124 0.9374191468 1.297285429 23.96862349 3.387418881 0.1708221661 12
20500 24.04913238 24.00603532 23.98674547 0.3627547268 0.3268218958 0.03593283107 0.8641534111 0.002009971878 0.00102083749 1.550628899e-05 1969.865651 8030.134349 6.152694787e-13 0.0004317415794 0.0001345639799 0.8353064072 1.29810654 24.01469649 3.385276185 0.1633831503 12
21000 24.0306712 23.98800662 23.96211827 0.3644878244 0.3266801476 0.03780767673 0.9085438482 0.002987394503 0.001712272286 2.192075087e-05 1969.865651 8030.134349 7.177107955e-13 2.68592808e-05 0.0005650741814 0.9293769772 1.297591884 23.99627439 3.386618867 0.1624460295 12
21500 23.9737498 23.9290453 23.87407677 0.3662375391 0.3260051518 0.04023238732 0.9645211877 0.004384120106 0.002575461046 3.030256644e-05 1969.865651 8030.134349 6.724523549e-13 0.0001476369838 0.0007992311922 0.976560042 1.297651194 23.93879005 3.386464078 0.1653992142 12
22000 23.91280922 23.86519598 23.76509119 0.3685868648 0.3251890374 0.04339782734 1.037763966 0.003871365233 0.002458534628 2.486991493e-05 1969.865651 8030.134349 6.393624661e-13 0.0001110443832 0.0009530143434 1.065090711 1.278881242 23.89100443 3.436166713 0.1057683775 11
22500 23.87716457 23.82790256 23.703167 0.3701737544 0.3245712196 0.04560253478 1.088859228 0.003142062179 0.001649636129 1.923763941e-05 1969.865651 8030.134349 6.368090867e-13 6.640499486e-05 0.0005766344911 1.12481729 1.279707116 23.85461762 3.433949144 0.09777416308 11
23000 23.86936365 23.81871446 23.69664475 0.3708364995 0.3248688029 0.0459676966 1.097219666 0.004001817812 0.001644497926 2.431489904e-05 1969.865651 8030.134349 6.528393701e-13 0.0002169504058 0.0001846725463 1.082716028 1.279804729 23.8462841 3.43368723 0.09559597411 11
23500 23.89061183 23.83937581 23.74380074 0.3706191365 0.3257322259 0.04488691063 1.072375758 0.004435780745 0.002082172191 2.757603519e-05 1969.865651 8030.134349 6.16455523e-13 0.0002751566163 0.0006811372103 1.040017887 1.27959339 23.86753991 3.434254341 0.09947218067 11
24000 23.93836409 23.88916259 23.82564807 0.3683810502 0.3264464314 0.04193461884 1.003846174 0.003488544805 0.001933134122 2.316785775e-05 1969.865651 8030.134349 6.633844978e-13 0.00013626141 0.001240947786 0.9505919827 1.298578152 23.90143236 3.384046736 0.1767831053 12
24500 23.97678777 23.9302336 23.88173743 0.3663628219 0.3268750903 0.03948773165 0.9467889613 0.002269695889 0.001361658606 1.598170928e-05 1969.865651 8030.134349 7.2246763e-13 0.0001240144003 0.001146052765 0.9077637803 1.298263239 23.9411107 3.384867584 0.1700599278 12
25000 23.99225226 23.94836598 23.90377809 0.365477003 0.3266973681 0.03877963491 0.9304107832 0.00366769691 0.001586345404 2.628012613e-05 1969.865651 8030.134349 7.230827382e-13 0.0001759604525 0.0006884106325 0.8978601102 1.298676234 23.95766542 3.383791155 0.1645511336 12
25500 23.97453719 23.93088147 23.87500429 0.3666544629 0.3261937222 0.04046074078 0.9700275347 0.004849124033 0.002065251027 3.332636693e-05 1969.865651 8030.134349 7.714095605e-13 1.987925773e-05 0.0002603722244 0.9740468332 1.297368543 23.94006774 3.387201869 0.1629414995 12
26000 23.94596349 23.90131654 23.8240014 0.3675624676 0.3254613684 0.04210109924 1.008151385 0.003962430624 0.001789311339 2.620261654e-05 1969.865651 8030.134349 7.464993828e-13 9.655813297e-06 0.001023744556 1.026366045 1.29794874 23.91125493 3.385687753 0.1648255182 12
26500 23.92399954 23.87767435 23.78279929 0.3681468284 0.3248570123 0.04328981604 1.035665539 0.001409394998 0.0009289535701 9.072394803e-06 1969.865651 8030.134349 7.629089627e-13 3.526686892e-05 0.001270534074 1.077856592 1.298465982 23.88870772 3.384339071 0.1683043938 12
27000 23.91431159 23.86611117 23.76757578 0.3684918349 0.3248471512 0.04364468369 1.043732565 0.002390064936 0.0009872590964 1.526613883e-05 1969.865651 8030.134349 7.051840987e-13 5.785630413e-05 0.001115079121 1.091311789 1.280428054 23.89243443 3.432015676 0.1050313161 11
27500 23.92102906 23.87138938 23.78572105 0.3682881147 0.3253742621 0.04291385263 1.026543516 0.004570282651 0.001821986307 2.968072033e-05 1969.865651 8030.134349 6.953642086e-13 8.543221434e-05 0.0004398965306 1.033968144 1.280074029 23.89878596 3.432964857 0.1046174129 11
28000 23.93911542 23.88923274 23.82105455 0.3682432293 0.326094211 0.04214901825 1.009010213 0.00465030831 0.00189055059 3.072521468e-05 1969.865651 8030.134349 7.223772628e-13 9.359822842e-05 0.0003189080574 0.9937631733 1.298200859 23.90197929 3.385030233 0.1774725873 12
28500 23.95921664 23.91069423 23.85199557 0.3673932534 0.3265331248 0.04086012859 0.9789766727 0.002626803021 0.001135229652 1.788808726e-05 1969.865651 8030.134349 7.134982843e-13 5.898632222e-05 0.001036635317 0.9280447676 1.297910425 23.92265339 3.385787701 0.1742742121 12
29000 23.96211365 23.91502467 23.85354121 0.3672476932 0.3266639047 0.04058378849 0.9724733521 0.001154333845 0.0003695315283 7.913388016e-06 1969.865651 8030.134349 7.300340019e-13 1.124109672e-05 0.001174786397 0.9226730155 1.297845297 23.92637628 3.385957607 0.169764593 12
29500 23.94866234 23.90279296 23.83367641 0.3677180202 0.3263895505 0.04132846964 0.9897615644 0.003181214247 0.001294088389 2.142747884e-05 1969.865651 8030.134349 7.08957387e-13 2.524417469e-05 0.0008990201152 0.9517499326 1.298331716 23.91349192 3.384689059 0.1671531026 12
29999 23.92489777 23.87905726 23.7951546 0.3685529682 0.3258426997 0.04271026857 1.021838809 0.003996114097 0.001681280499 2.607139248e-05 1969.865651 8030.134349 7.735564418e-13 4.018167781e-05 0.0002629861609 1.007145851 1.298128565 23.88980756 3.385218747 0.1667491519 12
