# step v0 Mach sigma R umax_ref urms_ref umax_mean urms_mean umax_lab mean_x mean_y mean_z drop_ux drop_uy x0 y0 x_unwrapped center_dx center_dy axis_ratio mass_R mass_B min_f negative_total negative_color min_rho min_phi max_phi qx qy qz p_in p_out delta_p urms_lab
0 0 0 -5.560112678108922e-15 25.040521385269312 0.0099231528097521171 0.0012100834406629057 0.0099231528097521171 0.0012100834406629057 0.0099231528097521171 3.286578426232548e-20 -2.1144930163458645e-20 2.0498137546615653e-23 2.9968969097918947e-20 -8.1038899003150702e-20 50.000000000000007 50.000000000000007 50.000000000000007 7.1054273576010019e-15 7.1054273576010019e-15 1.0000000000000007 1969.8656512480632 8030.1343487520398 0.0255815130251866 0 0 0.99999999999999956 5.1710809399147485e-26 0.99999999999998512 2.7631774065723205e-16 9.9806556093312631e-17 -4.042510936486838e-17 0.33333333333333387 0.33333333333333409 -2.2204460492503131e-16 0.0012100834406629057
500 0 0 0.34473492273036366 24.601722121076723 0.0030217314564505494 0.0017403146725300778 0.0030217314564505299 0.0017403146725300783 0.0030217314564505494 2.8048049993679234e-17 -3.0427743658024274e-17 -5.0647161321476884e-21 3.6493815710518839e-17 -3.538665016574738e-17 50.000000000000021 49.999999999999986 50.000000000000021 2.1316282072803006e-14 -1.4210854715202004e-14 1.000000000000002 1969.8656512480125 8030.1343487518088 0.026893983313361344 0 0 0.97867669889142883 3.8871734789665334e-18 0.99999999999999978 2.8053606529812591e-13 -3.1903383472357827e-13 -6.3635054062722052e-17 0.34483440314553315 0.33082176935372948 0.014012633791803675 0.0017403146725300778
1000 0 0 0.43829237684810657 24.528321565669469 0.0025444588944035537 0.00088618044921488933 0.0025444588944035064 0.00088618044921488944 0.0025444588944035537 3.4562630535363044e-17 -3.7309044742529614e-17 1.6806537123597929e-20 4.1592281244757296e-17 -5.4507859350362574e-17 50.000000000000036 49.999999999999964 50.000000000000036 3.5527136788005009e-14 -3.5527136788005009e-14 1.0000000000000013 1969.8656512480047 8030.1343487517306 0.026934531906751519 0 0 0.98116546699774077 4.5663317022016078e-18 0.99999999999999978 3.4552222194506044e-13 -3.7177293849780663e-13 1.9403392935201319e-16 0.34759308843354009 0.32972425971345543 0.017868828720084662 0.00088618044921488933
1500 0 0 0.45230325260304965 24.517647462055589 0.0023466634678438328 0.00034391522246851207 0.0023466634678438103 0.00034391522246851228 0.0023466634678438328 5.4683861605566705e-17 -5.8288096571603866e-17 -1.478496053783824e-20 6.9045651411580569e-17 -8.1322754356912595e-17 50.000000000000071 49.999999999999929 50.000000000000071 7.1054273576010019e-14 -7.1054273576010019e-14 1.0000000000000007 1969.8656512479695 8030.1343487515896 0.02685768996986965 0 0 0.98158502641649992 4.634592004625707e-18 0.99999999999999978 5.4656801952218323e-13 -5.8671177386392624e-13 -1.2692401892049228e-16 0.34798415466143034 0.32953608564081771 0.018448069020612634 0.00034391522246851207
2000 0 0 0.4511428914807884 24.518573723961826 0.0024300784531677828 0.00021833395961417574 0.0024300784531677069 0.0002183339596141755 0.0024300784531677828 9.0740349262268444e-17 -9.8379290824906499e-17 -1.4525911919519684e-21 1.2503467020767493e-16 -1.4089028720690768e-16 50.000000000000121 49.999999999999879 50.000000000000121 1.2079226507921703e-13 -1.2079226507921703e-13 1.0000000000000007 1969.865651247944 8030.1343487514296 0.026823869175161774 0 0 0.98154065225088294 4.6750274768589686e-18 0.99999999999999978 9.0724650141861172e-13 -9.8407177902382179e-13 -6.082729270098952e-17 0.34794978025298468 0.32954973396318399 0.018400046289800687 0.00021833395961417574
2500 0 0 0.44925779354475082 24.520016443875079 0.0024522603150306421 0.00021154237139913492 0.0024522603150305359 0.00021154237139913511 0.0024522603150306421 1.5723556354500528e-16 -1.7102649591678292e-16 -9.4934171933048598e-21 2.1504631261240044e-16 -2.4189463011515553e-16 50.000000000000199 49.999999999999787 50.000000000000199 1.9895196601282805e-13 -2.1316282072803006e-13 1.0000000000000022 1969.8656512479176 8030.1343487513932 0.026814474482916479 0 0 0.98147605315524689 4.6952308282154011e-18 0.99999999999999978 1.5722261817105454e-12 -1.7100086775042884e-12 -5.3274593701491414e-17 0.34789731100171034 0.32957522730437366 0.018322083697336677 0.00021154237139913492
3000 0 0 0.4484159105050371 24.52065645261127 0.0024543796578898529 0.00021158315459223043 0.0024543796578896581 0.00021158315459223034 0.0024543796578898529 2.732795787623617e-16 -2.9036809848922736e-16 1.0797336504873142e-21 3.8788955898000182e-16 -4.0552459945194568e-16 50.000000000000355 49.999999999999638 50.000000000000355 3.5527136788005009e-13 -3.6237679523765109e-13 1.0000000000000047 1969.8656512478847 8030.1343487512349 0.026813068752910178 0 0 0.98144754322949168 4.7006701922147556e-18 0.99999999999999978 2.7326007532050764e-12 -2.9037246884039674e-12 -2.060399662531345e-17 0.34787413794710298 0.32958686609646359 0.018287271850639386 0.00021158315459223043
3500 0 0 0.4481716774311621 24.520841273145653 0.0024532319913117598 0.00021154001396899729 0.0024532319913114367 0.00021154001396899759 0.0024532319913117598 4.6973187058795006e-16 -5.010007382913907e-16 5.9239643754553137e-22 6.8609677059646141e-16 -7.2173323134799665e-16 50.000000000000611 49.999999999999353 50.000000000000611 6.1106675275368616e-13 -6.4659388954169117e-13 1.0000000000000038 1969.8656512478644 8030.1343487510967 0.026813277088122062 0 0 0.98143936725170988 4.701767570805395e-18 0.99999999999999978 4.6975838203888405e-12 -5.0098849527977353e-12 2.2785261978768112e-17 0.34786746492626186 0.32959029113606308 0.018277173790198775 0.00021154001396899729
4000 0 0 0.448129644953079 24.520872821474811 0.0024524426285508359 0.00021152543289979094 0.0024524426285503012 0.00021152543289979059 0.0024524426285508359 8.0834903115794574e-16 -8.5838102034326047e-16 -7.0809504869849191e-21 1.1638269053639802e-15 -1.22373087420784e-15 50.000000000001059 49.999999999998877 50.000000000001059 1.0587086762825493e-12 -1.1226575225009583e-12 1.0000000000000022 1969.8656512478346 8030.1343487509439 0.026813520357289122 0 0 0.9814379980462058 4.7019319061954521e-18 0.99999999999999978 8.0833162698196605e-12 -8.5837591849431509e-12 -8.2855475120517244e-17 0.34786633072990858 0.32959089460592944 0.018275436123979139 0.00021152543289979094
4500 0 0 0.44813212025121973 24.520870820324486 0.0024521536604818865 0.0002115237657116306 0.0024521536604809329 0.00021152376571163047 0.0024521536604818865 1.3905077339128061e-15 -1.4791651193823133e-15 1.5270116671752216e-20 1.9981308954161358e-15 -2.1116947914143133e-15 50.000000000001826 49.999999999998074 50.000000000001826 1.8260948309034575e-12 -1.9255708139098715e-12 1.0000000000000011 1969.8656512477887 8030.1343487508084 0.026813623612454145 0 0 0.98143810112019558 4.7019207057398448e-18 0.99999999999999978 1.390586929461637e-11 -1.4792114093938741e-11 1.862948415005142e-16 0.34786640521351175 0.32959086665148896 0.018275538562022797 0.0002115237657116306
5000 0 0 0.44813748275912302 24.520866722956658 0.0024520838572253088 0.00021152372296970892 0.0024520838572236656 0.00021152372296970946 0.0024520838572253088 2.3886444363265584e-15 -2.549818478104357e-15 -2.3227212287789863e-21 3.4185839177130423e-15 -3.6437639102158268e-15 50.000000000003141 49.999999999996668 50.000000000003141 3.1405988920596428e-12 -3.3324454307148699e-12 1.0000000000000024 1969.8656512477742 8030.134348750822 0.026813652320399489 0 0 0.98143828731091576 4.701913939395065e-18 0.99999999999999978 2.3886640332836314e-11 -2.5497903481411e-11 -4.839204162142368e-17 0.34786655378427306 0.32959079347684589 0.018275760307427169 0.00021152372296970892
5500 0 0 0.44813996647672888 24.520864835956694 0.0024520766017897865 0.00021152375111586607 0.0024520766017868513 0.00021152375111586539 0.0024520766017897865 4.120477071525089e-15 -4.3978234546893855e-15 -7.614172406035754e-21 5.8836138079868738e-15 -6.2876095343985327e-15 50.000000000005414 49.999999999994245 50.000000000005414 5.4143356464919634e-12 -5.7553961596568115e-12 1.0000000000000024 1969.8656512477448 8030.1343487506247 0.026813656823001492 0 0 0.98143837187977634 4.7019172780289229e-18 0.99999999999999978 4.1205198216081431e-11 -4.3978504780888899e-11 -7.3047374515913512e-17 0.3478666220179254 0.32959075901412183 0.018275863003803572 0.00021152375111586607
6000 0 0 0.4481407050022061 24.520864277129899 0.0024520797333917005 0.00021152376259837122 0.0024520797333869061 0.00021152376259837147 0.0024520797333917005 7.1069003221476946e-15 -7.5814942567206138e-15 -7.0961097157044295e-21 1.0158858269899212e-14 -1.0845797958040536e-14 50.000000000009322 49.999999999990074 50.000000000009322 9.3223206931725144e-12 -9.9262820185685996e-12 1.0000000000000016 1969.8656512477323 8030.1343487505001 0.026813656306690345 0 0 0.9814383966737481 4.7019219818204567e-18 0.99999999999999978 7.1069154088197056e-11 -7.5814893710345766e-11 -1.3355755599621067e-16 0.34786664218499136 0.32959074864643539 0.018275893538555965 0.00021152376259837122
6500 0 0 0.44814083772772478 24.520864177443457 0.0024520820340171454 0.00021152376575614342 0.002452082034008987 0.00021152376575614358 0.0024520820340171454 1.2249083138854657e-14 -1.3065172329979622e-14 3.3486328621536292e-22 1.7503104101864291e-14 -1.8675319788327814e-14 50.000000000016072 49.999999999982876 50.000000000016072 1.6072476682893466e-11 -1.7124079931818414e-11 1.0000000000000033 1969.8656512476969 8030.1343487504109 0.026813655604338026 0 0 0.98143840101368518 4.7019246953847169e-18 0.99999999999999978 1.2249091736574265e-10 -1.306518289112339e-10 -1.4234796422512877e-17 0.34786664576932208 0.3295907467437092 0.018275899025612885 0.00021152376575614342
7000 0 0 0.44814083303698016 24.52086418137096 0.002452082897446506 0.00021152376625530273 0.0024520828974324191 0.00021152376625530281 0.002452082897446506 2.1122183017402474e-14 -2.252668830822668e-14 -3.7537173540679706e-21 3.0193837832994447e-14 -3.2197118625158402e-14 50.000000000027697 49.99999999997047 50.000000000027697 2.7696955839928705e-11 -2.9530156098189764e-11 1.0000000000000049 1969.8656512476714 8030.1343487503364 0.026813655297778044 0 0 0.98143840079718481 4.7019258827303437e-18 0.99999999999999978 2.1122169248029993e-10 -2.2526720543924474e-10 -4.2663529189156233e-17 0.34786664562088859 0.32959074678949901 0.018275898831389581 0.00021152376625530273
7500 0 0 0.44814081768564745 24.520864193106579 0.0024520831115684202 0.0002115237661954249 0.0024520831115441609 0.00021152376619542441 0.0024520831115684202 3.6419494096935481e-14 -3.883250869030477e-14 1.3936052810649606e-20 5.2063242404695708e-14 -5.5512873750600099e-14 50.000000000047748 49.999999999949083 50.000000000047748 4.7748471843078732e-11 -5.0917492444568779e-11 1.0000000000000031 1969.8656512476418 8030.134348750249 0.026813655210562105 0 0 0.98143840026304496 4.7019263443998609e-18 0.99999999999999978 3.6419510528005591e-10 -3.883251141943692e-10 1.4895022118323347e-16 0.34786664519525601 0.32959074699866509 0.018275898196590923 0.0002115237661954249
8000 0 0 0.44814081034111491 24.520864198687747 0.0024520831360907974 0.00021152376611522692 0.0024520831360491007 0.00021152376611522698 0.0024520831360907974 6.2780097884633769e-14 -6.6947294574892825e-14 -9.4417995720328247e-21 8.975764380634984e-14 -9.5714874771743074e-14 50.000000000082316 49.99999999991222 50.000000000082316 8.2316375937807607e-11 -8.7780449575802777e-11 1.0000000000000042 1969.8656512476193 8030.1343487501263 0.026813655196154501 0 0 0.98143840001255667 4.7019265049820901e-18 0.99999999999999978 6.2780092669606491e-10 -6.6947348464806678e-10 -1.1858422045111773e-16 0.34786664499341413 0.32959074710050473 0.018275897892909398 0.00021152376611522692
8500 0 0 0.44814080810786527 24.520864200378053 0.0024520831277122131 0.00021152376608025032 0.0024520831276402528 0.00021152376608024967 0.0024520831277122131 1.0823072617166678e-13 -1.1541979409173597e-13 -4.3325845314805829e-21 1.5473720588592914e-13 -1.6503091098170908e-13 50.000000000141917 49.999999999848676 50.000000000141917 1.4191670061336481e-10 -1.5132428643482854e-10 1.0000000000000018 1969.8656512475939 8030.1343487499962 0.026813655197304255 0 0 0.9814383999371773 4.7019265612827123e-18 0.99999999999999978 1.0823072067474195e-09 -1.1541981724247467e-09 -2.4654610361929272e-17 0.34786664493240266 0.32959074713182857 0.018275897800574092 0.00021152376608025032
9000 0 0 0.44814080769026005 24.5208642006919 0.0024520831211899182 0.00021152376607031078 0.0024520831210658794 0.0002115237660703103 0.0024520831211899182 1.8660217080296199e-13 -1.989934581074696e-13 1.4868995381473663e-20 2.6681299811854454e-13 -2.8452792337374657e-13 50.000000000244668 49.999999999739082 50.000000000244668 2.446682856316329e-10 -2.6091839799846639e-10 1.0000000000000033 1969.8656512475652 8030.1343487498307 0.026813655199213648 0 0 0.98143839992291848 4.7019265788536561e-18 0.99999999999999978 1.8660215783043316e-09 -1.9899347123676859e-09 1.1953746192222144e-16 0.34786664492110819 0.32959074713779862 0.018275897783309569 0.00021152376607031078
9500 0 0 0.44814080769620074 24.520864200686265 0.0024520831189212117 0.00021152376606867643 0.0024520831187073407 0.00021152376606867692 0.0024520831189212117 3.2171197520756814e-13 -3.4307807896957735e-13 1.9173057674958104e-20 4.6002575886829814e-13 -4.9057113019832391e-13 50.000000000421814 49.999999999550184 50.000000000421814 4.2181369508398348e-10 -4.4981618430028902e-10 1.0000000000000038 1969.865651247535 8030.1343487497143 0.026813655199929409 0 0 0.98143839992232129 4.7019265837667103e-18 0.99999999999999978 3.2171194541903125e-09 -3.4307809228416503e-09 2.2564089163462619e-16 0.34786664492132563 0.32959074713776959 0.018275897783556039 0.00021152376606867643
10000 0 0 0.44814080774001169 24.520864200652749 0.0024520831187980663 0.00021152376606882236 0.0024520831184295972 0.00021152376606882234 0.0024520831187980663 5.5467611959693015e-13 -5.9151632999583394e-13 -1.9013613653883131e-21 7.9319709599164596e-13 -8.4590358347227505e-13 50.000000000727248 49.999999999224471 50.000000000727248 7.2724759547782014e-10 -7.7552897437271895e-10 1.0000000000000049 1969.8656512475018 8030.134348749626 0.026813655199861473 0 0 0.98143839992218673 4.7019265838494221e-18 0.99999999999999978 5.5467610796328528e-09 -5.9151631056202103e-09 9.4594547191573965e-19 0.34786664492253677 0.32959074713716907 0.018275897785367701 0.00021152376606882236
10500 0 0 0.44814080776171666 24.520864200636264 0.0024520831196345712 0.00021152376606905837 0.0024520831189987916 0.00021152376606905829 0.0024520831196345712 9.5636102240115378e-13 -1.0198669281246441e-12 -1.9139282694915887e-20 1.3675931564753862e-12 -1.458413684560812e-12 50.000000001253909 49.999999998662837 50.000000001253909 1.253908976650564e-09 -1.3371632689995749e-09 1.0000000000000031 1969.8656512474756 8030.1343487494969 0.026813655199334301 0 0 0.98143839992007142 4.7019265797375747e-18 0.99999999999999978 9.5636103308567968e-09 -1.0198669465554373e-08 -1.8794661981151591e-16 0.3478666449231283 0.32959074713686315 0.018275897786265149 0.00021152376606905837
11000 0 0 0.44814080776844256 24.520864200631141 0.0024520831212392373 0.00021152376606916608 0.0024520831201431752 0.0002115237660691663 0.0024520831212392373 1.6488201632155794e-12 -1.758324399420036e-12 -3.5539564906021605e-21 2.3576345045799041e-12 -2.5142396152815145e-12 50.000000002161876 49.999999997694566 50.000000002161876 2.161876011541608e-09 -2.3054340658745787e-09 1.0000000000000064 1969.8656512474504 8030.1343487493168 0.026813655198344478 0 0 0.98143839991538639 4.7019265727184668e-18 0.99999999999999978 1.6488201682132225e-08 -1.7583244175696899e-08 -2.3152614712174954e-17 0.3478666449233076 0.32959074713676434 0.01827589778654326 0.00021152376606916608
11500 0 0 0.44814080776974602 24.520864200630143 0.0024520831239860531 0.00021152376606920189 0.0024520831220961803 0.0002115237660692017 0.0024520831239860531 2.8426284743903064e-12 -3.0314087336510325e-12 -5.8020694240553387e-21 4.0644806225850559e-12 -4.3343932490241716e-12 50.000000003727202 49.999999996025288 50.000000003727202 3.7272016584211087e-09 -3.974712114995782e-09 1.0000000000000049 1969.8656512474154 8030.1343487492259 0.026813655196637122 0 0 0.98143839990697268 4.7019265608212256e-18 0.99999999999999978 2.8426284585979488e-08 -3.0314087636952994e-08 -6.1922813388418174e-17 0.34786664492333874 0.32959074713674158 0.018275897786597162 0.00021152376606920189
12000 0 0 0.44814080776976267 24.520864200630161 0.0024520831286956707 0.0002115237660692126 0.0024520831254373101 0.00021152376606921189 0.0024520831286956707 4.9006973882384457e-12 -5.2261720375511641e-12 -1.8494751575682437e-20 7.0069665090965856e-12 -7.4723162990404888e-12 50.000000006425786 49.999999993147448 50.000000006425786 6.4257861254191084e-09 -6.8525523033713398e-09 1.0000000000000062 1969.8656512473842 8030.1343487491495 0.026813655193701342 0 0 0.98143839989240389 4.7019265380705295e-18 0.99999999999999978 4.9006973601775852e-08 -5.2261720242295858e-08 -1.975749782070203e-16 0.34786664492333325 0.32959074713673542 0.018275897786597828 0.0002115237660692126
12500 0 0 0.44814080776962822 24.520864200630253 0.0024520831368034799 0.00021152376606921696 0.0024520831311858728 0.00021152376606921601 0.0024520831368034799 8.4487650413916672e-12 -9.0098815390995585e-12 2.820926745894186e-21 1.2079847516081832e-11 -1.2882119973286088e-11 50.0000000110781 49.999999988186147 50.0000000110781 1.1078100214945152e-08 -1.1813853006970021e-08 1.0000000000000022 1969.8656512473551 8030.1343487490749 0.026813655188644214 0 0 0.9814383998672932 4.7019264992642722e-18 0.99999999999999978 8.4487650610506312e-08 -9.0098815674207583e-08 9.642746088368737e-17 0.34786664492332509 0.32959074713673281 0.018275897786592277 0.00021152376606921696
13000 0 0 0.44814080776958826 24.520864200630299 0.0024520831507780783 0.00021152376606922138 0.00245208314109316 0.00021152376606922019 0.0024520831507780783 1.4565536163459626e-11 -1.5532870821920486e-11 -2.9629323837189641e-21 2.0825337432805761e-11 -2.2208374731119965e-11 50.0000000190986 49.999999979632996 50.0000000190986 1.9098600034794799e-08 -2.0367004083254869e-08 1.0000000000000022 1969.8656512473303 8030.1343487489376 0.026813655179927398 0 0 0.98143839982402004 4.7019264399174166e-18 0.99999999999999978 1.4565536109574723e-07 -1.553287088174431e-07 -1.8983763151011295e-17 0.34786664492331909 0.32959074713672848 0.018275897786590611 0.00021152376606922138
13500 0 0 0.44814080776957088 24.520864200630317 0.0024520831748692786 0.00021152376606922786 0.0024520831581727009 0.00021152376606922528 0.0024520831748692786 2.5110704632512806e-11 -2.6778406958741008e-11 -1.2140536013650112e-20 3.5902325645981088e-11 -3.8286734792173327e-11 50.000000032925747 49.999999964887543 50.000000032925747 3.2925747461831634e-08 -3.5112456941988057e-08 1.0000000000000047 1969.8656512473076 8030.1343487488139 0.026813655164900339 0 0 0.98143839974943181 4.7019263205295809e-18 0.99999999999999978 2.5110704619129594e-07 -2.6778406917253968e-07 -1.3581018603722868e-16 0.34786664492331348 0.32959074713672359 0.01827589778658989 0.00021152376606922786
14000 0 0 0.44814080776958592 24.520864200630321 0.0024520832164020021 0.00021152376606924032 0.0024520831876172528 0.00021152376606923097 0.0024520832164020021 4.3290362708064118e-11 -4.6165418871284686e-11 7.3082249348484736e-21 6.1894795885050751e-11 -6.6005440434560864e-11 50.000000056763483 49.999999939466662 50.000000056763483 5.6763482803035004e-08 -6.0533338341883791e-08 1.0000000000000022 1969.8656512472701 8030.1343487487056 0.026813655138994273 0 0 0.98143839962085333 4.7019261305370526e-18 0.99999999999999978 4.3290362690038241e-07 -4.6165418886283139e-07 1.0351669452279652e-16 0.34786664492330854 0.32959074713671804 0.0182758977865905 0.00021152376606924032
14500 0 0 0.44814080776958293 24.520864200630307 0.002452083288003476 0.00021152376606926827 0.0024520832383791414 0.00021152376606924008 0.002452083288003476 7.4631648924336672e-11 -7.9588201633771085e-11 -8.8780135941400137e-21 1.0670519278301749e-10 -1.1379185171519249e-10 50.0000000978592 49.999999895641636 50.0000000978592 9.7859199854610779e-08 -1.0435836372835183e-07 1.0000000000000033 1969.8656512472478 8030.1343487485992 0.026813655094333151 0 0 0.98143839939919808 4.7019258011351107e-18 0.99999999999999978 7.4631648921041796e-07 -7.9588201616503533e-07 -9.2472665564932004e-17 0.34786664492330394 0.32959074713671355 0.018275897786590389 0.00021152376606926827
15000 0 0 0.44814080776962933 24.520864200630314 0.0024520834114428345 0.00021152376606934322 0.0024520833258915254 0.00021152376606926046 0.0024520834114428345 1.2866336275628931e-10 -1.3720835481993317e-10 5.5926457473319681e-21 1.8395735328739648e-10 -1.9617462986543367e-10 50.000000168707295 49.999999820088263 50.000000168707295 1.6870729524498529e-07 -1.7991173706377594e-07 1.0000000000000031 1969.8656512472214 8030.1343487484546 0.026813655017338709 0 0 0.98143839901708052 4.7019252367160792e-18 0.99999999999999978 1.2866336271579856e-06 -1.3720835478867483e-06 7.9510272933572113e-17 0.347866644923299 0.32959074713670672 0.018275897786592277 0.00021152376606934322
15500 0 0 0.44814080776964255 24.520864200630292 0.0024520836242490985 0.0002115237660695584 0.0024520834767606595 0.00021152376606931234 0.0024520836242490985 2.218128285040801e-10 -2.3654420367336614e-10 -1.631340810891367e-20 3.1713836208764984e-10 -3.3820066482607871e-10 50.000000290847872 49.999999689835889 50.000000290847872 2.9084787200872597e-07 -3.1016411128348409e-07 1.0000000000000038 1969.8656512471885 8030.1343487483327 0.026813654884602467 0 0 0.9814383983583288 4.7019242039017225e-18 0.99999999999999978 2.2181282851790407e-06 -2.3654420366065796e-06 -1.2859009433541049e-16 0.34786664492329417 0.32959074713670133 0.018275897786592832 0.0002115237660695584
16000 0 0 0.4481408077697227 24.520864200630282 0.0024520839911210649 0.00021152376607018819 0.0024520837368550972 0.00021152376606945679 0.0024520839911210649 3.824004606933757e-10 -4.0779702548409407e-10 6.7297591858316422e-21 5.4673955247605668e-10 -5.8305045548048888e-10 50.000000501415535 49.999999465283658 50.000000501415535 5.0141553487037527e-07 -5.3471634231527787e-07 1.0000000000000033 1969.8656512471671 8030.1343487482254 0.026813654655769292 0 0 0.98143839722266968 4.7019224089360813e-18 0.99999999999999978 3.8240046070216692e-06 -4.0779702550084864e-06 1.0025963217913458e-16 0.34786664492328939 0.32959074713669329 0.018275897786596107 0.00021152376607018819
16500 0 0 0.44814080776983789 24.520864200630328 0.0024520846235968194 0.00021152376607205234 0.0024520841852507342 0.000211523766069878 0.0024520846235968194 6.5925002412592671e-10 -7.0303316508538245e-10 1.7217828102478271e-22 9.4256694012376607e-10 -1.0051661738237905e-09 50.00000086442958 49.999999078160556 50.00000086442958 8.6442958036059281e-07 -9.2183944389034878e-07 1.0000000000000047 1969.8656512471382 8030.1343487481527 0.026813654261268447 0 0 0.98143839526483889 4.701919123146286e-18 0.99999999999999978 6.5925002412664134e-06 -7.0303316505675388e-06 6.0568913934141326e-17 0.3478666449232844 0.32959074713668363 0.01827589778660077 0.00021152376607205234
17000 0 0 0.44814080776999582 24.520864200630331 0.0024520857139608545 0.00021152376607758117 0.0024520849582700135 0.00021152376607111841 0.0024520857139608545 1.1365326100115078e-09 -1.2120137914401977e-09 -3.3736611663482556e-21 1.6249646847018616e-09 -1.7328843763014362e-09 50.00000149025783 49.999998410768825 50.00000149025783 1.4902578300279856e-06 -1.589231175103123e-06 1.0000000000000056 1969.8656512471114 8030.1343487480135 0.026813653581164866 0 0 0.98143839188962101 4.7019140701900158e-18 0.99999999999999978 1.1365326099462157e-05 -1.2120137914478346e-05 -3.6266890662298287e-17 0.3478666449232794 0.32959074713667219 0.018275897786607209 0.00021152376607758117
17500 0 0 0.4481408077702938 24.520864200630399 0.0024520875936930096 0.00021152376609400713 0.0024520862909237933 0.0002115237660747974 0.0024520875936930096 1.9593573428216341e-09 -2.0894852521499116e-09 -3.6041990928745696e-21 2.8014034706452011e-09 -2.9874546537266194e-09 50.000002569172011 49.999997260200097 50.000002569172011 2.5691720111353789e-06 -2.7397999033951237e-06 1.0000000000000142 1969.865651247082 8030.1343487479116 0.026813652408701861 0 0 0.98143838607091527 4.7019053631564544e-18 0.99999999999999978 1.9593573428180279e-05 -2.0894852522084384e-05 -6.255302430136567e-19 0.34786664492327218 0.32959074713665287 0.018275897786619311 0.00021152376609400713
18000 0 0 0.44814080777071991 24.520864200630552 0.0024520908342183217 0.00021152376614281816 0.0024520885883474934 0.0002115237660857263 0.0024520908342183217 3.3778891290859041e-09 -3.6022268070856176e-09 1.1169089821816032e-20 4.8295581724710204e-09 -5.1503063481766952e-09 50.00000442919643 49.99999527664481 50.00000442919643 4.4291964300668951e-06 -4.723355189639733e-06 1.0000000000000422 1969.8656512470495 8030.1343487477943 0.026813650387462362 0 0 0.98143837603986261 4.7018911803374765e-18 0.99999999999999978 3.377889129076831e-05 -3.6022268070939268e-05 1.0427965216804317e-16 0.34786664492326175 0.32959074713662517 0.018275897786636575 0.00021152376614281816
18500 0 0 0.44814080777125365 24.520864200631081 0.0024520964205389834 0.00021152376628787831 0.0024520925489294296 0.00021152376611819625 0.0024520964205389834 5.8234068509579307e-09 -6.2101601050026523e-09 -1.7673212660241485e-21 8.3260523744456543e-09 -8.8790152625864335e-09 50.000007635837768 49.999991857038971 50.000007635837768 7.6358377683050094e-06 -8.1429610290228993e-06 1.0000000000001112 1969.8656512470227 8030.1343487476597 0.026813646903070545 0 0 0.98143835874732033 4.7018664681083109e-18 0.99999999999999978 5.8234068509795627e-05 -6.2101601050255974e-05 -4.781932748498024e-18 0.34786664492324032 0.32959074713658237 0.018275897786657946 0.00021152376628787831
19000 0 0 0.44814080777159981 24.520864200632669 0.0024521060504198579 0.00021152376671900385 0.0024520993765110512 0.00021152376621469133 0.0024521060504198579 1.0039425852611246e-08 -1.0706179984546646e-08 1.4073272948221663e-21 1.4353931826585165e-08 -1.5307227724025657e-08 50.000013164017183 49.999985961713428 50.000013164017183 1.3164017182987209e-05 -1.4038286572315428e-05 1.0000000000003382 1969.8656512470004 8030.1343487475569 0.026813640896592224 0 0 0.98143832893763772 4.7018178247435763e-18 0.99999999999999978 0.00010039425852637009 -0.00010706179984553889 1.1048777179956241e-17 0.34786664492318492 0.32959074713651404 0.01827589778667088 0.00021152376671900385
19500 0 0 0.4481408077703824 24.520864200637259 0.0024521226497043473 0.00021152376800034323 0.0024521111459982164 0.0002115237665014769 0.0024521226497043473 1.73077502283486e-08 -1.8457219757614473e-08 -1.2048273368984246e-20 2.4745863936464904e-08 -2.6389325175418565e-08 50.000022694477359 49.999975798301328 50.000022694477359 2.2694477358697895e-05 -2.4201698671788563e-05 1.0000000000009952 1969.865651246972 8030.1343487474205 0.026813630543149961 0 0 0.98143827755315438 4.7017354963405742e-18 0.99999999999999978 0.00017307750228361712 -0.00018457219757532831 -1.2128216374772569e-16 0.34786664492303021 0.3295907471364124 0.018275897786617812 0.00021152376800034323
20000 0 0 0.44814080776291432 24.520864200651001 0.0024521512593188282 0.00021152377180860393 0.0024521314330249629 0.00021152376735382241 0.0024521512593188282 2.9838182156848013e-08 -3.1819842421236015e-08 -9.4193399690097819e-21 4.2661327095121895e-08 -4.5494618210112877e-08 50.000039124781878 49.9999582768016 50.000039124781878 3.912478187828583e-05 -4.1723198400234196e-05 1.0000000000029594 1969.865651246944 8030.1343487473277 0.026813612698781547 0 0 0.98143818898749091 4.7015988367363619e-18 0.99999999999999978 0.00029838182156829664 -0.00031819842421254942 -7.2942853031990994e-17 0.34786664492257829 0.32959074713627529 0.018275897786303008 0.00021152377180860393
20500 0 0 0.44814080773431042 24.520864200691815 0.0024522005603017632 0.00021152378312713023 0.0024521663975738688 0.00021152376988707233 0.0024522005603017632 5.1440371889363808e-08 -5.4856710676799011e-08 -9.8359649550461108e-21 7.3547192401626639e-08 -7.8431724033815145e-08 50.000067450266691 49.999928070120163 50.000067450266691 6.7450266691082561e-05 -7.1929879837284716e-05 1.0000000000087974 1969.8656512469186 8030.134348747174 0.026813581949565627 0 0 0.98143803636182558 4.7013728570346699e-18 0.99999999999999978 0.00051440371889353181 -0.00054856710676716794 -1.1337390767907699e-16 0.34786664492124697 0.32959074713614089 0.018275897785106077 0.00021152378312713023
21000 0 0 0.44814080763789377 24.520864200813062 0.0024522854906156707 0.00021152381676691072 0.0024522266464409464 0.00021152377741613554 0.0024522854906156707 8.8682071703346373e-08 -9.4571764453018498e-08 1.294005740407182e-20 1.2679374382069547e-07 -1.3521456852706369e-07 50.00011628278088 49.999875994464446 50.00011628278088 0.00011628278087982835 -0.00012400553555380611 1.0000000000261358 1969.865651246896 8030.1343487470504 0.026813528980448652 0 0 0.98143777341561678 4.700980183753246e-18 0.99999999999999978 0.00088682071703262508 -0.00094571764452959929 1.1801125146869782e-16 0.34786664491729746 0.32959074713621378 0.018275897781083683 0.00021152381676691072
21500 0 0 0.44814080733199491 24.520864201173513 0.002452431719883616 0.00021152391674765273 0.0024523304272326949 0.00021152379979325213 0.002452431719883616 1.5288593571982277e-07 -1.6303963448508386e-07 -8.4113074512811215e-21 2.1858961286996557e-07 -2.3310692574734928e-07 50.000200468959747 49.999786217181708 50.000200468959747 0.00020046895974701329 -0.00021378281829242951 1.0000000000776827 1969.8656512468699 8030.1343487469612 0.02681343778724584 0 0 0.98143732062835343 4.7003236063783149e-18 0.99999999999999978 0.0015288593571969394 -0.001630396344849488 -8.8698333281626258e-17 0.34786664490557045 0.32959074713723047 0.018275897768339988 0.00021152391674765273
22000 0 0 0.4481408063892327 24.520864202244763 0.0024526832549961143 0.00021152421389994866 0.002452509084643585 0.00021152386630020787 0.0024526832549961143 2.635719363146504e-07 -2.8107667773531083e-07 1.2817691631481387e-21 3.768435818759362e-07 -4.0187108862654494e-07 50.000345604057991 49.999631443148445 50.000345604057991 0.00034560405799055616 -0.00036855685155501305 1.0000000002308764 1969.8656512468376 8030.1343487468503 0.0268132809418219 0 0 0.98143654159662441 4.6991637229588127e-18 0.99999999999999978 0.0026357193631441991 -0.0028107667773514598 5.409596551809474e-18 0.34786664487072544 0.32959074714163122 0.018275897729094215 0.00021152421389994866
22500 0 0 0.44814080352958169 24.520864205428499 0.0024531152287943642 0.00021152509706194171 0.0024528163180079355 0.00021152406396489549 0.0024531152287943642 4.5439189759415548e-07 -4.8456962260944149e-07 -5.8337758604753699e-21 6.4966945412927369e-07 -6.9281621141398163e-07 50.00059581363486 49.999364616287146 50.00059581363486 0.00059581363485960992 -0.00063538371285432049 1.0000000006861827 1969.8656512468096 8030.1343487467439 0.02681301164214369 0 0 0.98143520320795863 4.6971599378795474e-18 0.99999999999999978 0.0045439189759381125 -0.0048456962260918345 -4.4222551490294246e-17 0.34786664476717188 0.32959074715707171 0.018275897610100178 0.00021152509706194171
23000 0 0 0.44814079493077691 24.520864214890832 0.0024538549867621569 0.00021152772186857884 0.002453343698205226 0.00021152465143839611 0.0024538549867621569 7.8335990109305886e-07 -8.3538530118132161e-07 -1.6209452659160107e-20 1.1200127011580999e-06 -1.1943961708307022e-06 50.001027168679727 49.998904613553712 50.001027168679727 0.0010271686797267421 -0.001095386446287705 1.0000000020393791 1969.8656512467869 8030.1343487466174 0.026812550638553416 0 0 0.9814329096493386 4.6925597088305203e-18 0.99999999999999978 0.0078335990109253111 -0.0083538530118074193 -1.1198582865354231e-16 0.34786664445941184 0.32959074720703713 0.018275897252374718 0.00021152772186857884
23500 0 0 0.44814076920320012 24.520864243013207 0.0024551155843094028 0.00021153552270845337 0.0024542461010046744 0.0002115263974173983 0.0024551155843094028 1.3504862078950962e-06 -1.4401751326530844e-06 5.8171384759700992e-21 1.9308609359056043e-06 -2.059093361263832e-06 50.00177081130839 49.998111583684128 50.00177081130839 0.0017708113083898525 -0.001888416315871666 1.0000000060610816 1969.8656512467589 8030.134348746481 0.026811765569673046 0 0 0.98142899654447269 4.689072120440041e-18 0.99999999999999978 0.013504862078941393 -0.014401751326520442 4.1974358338120609e-17 0.3478666435447465 0.32959074736254362 0.018275896182202878 0.00021153552270845337
24000 0 0 0.44814069244719712 24.520864326590477 0.0024572450469171883 0.00021155870450466742 0.0024557816328840388 0.00021153158618965901 0.0024572450469171883 2.328162008050461e-06 -2.4827749096698439e-06 -5.6516385096165148e-21 3.3286777976965828e-06 -3.5497320786075346e-06 50.003052814316433 49.996744441979835 50.003052814316433 0.0030528143164332278 -0.0032555580201645284 1.0000000180127173 1969.865651246731 8030.1343487464164 0.026810440893565858 0 0 0.98142237181745606 4.6779496552083839e-18 0.99999999999999978 0.023281620080488716 -0.024827749096681128 -6.8054588832554149e-17 0.34786664082645302 0.32959074783677433 0.018275892989678688 0.00021155870450466742
24500 0 0 0.44814046385374356 24.520864574942173 0.0024607860678369535 0.00021162757590808957 0.0024583687868429478 0.00021154700374393593 0.0024607860678369535 4.0134613974967453e-06 -4.2799653643390375e-06 3.0792403254156037e-21 5.7381364371212859e-06 -6.1191491956414634e-06 50.005262853909421 49.994387644737962 50.005262853909421 0.0052628539094214943 -0.0056123552620377382 1.0000000535231237 1969.8656512467014 8030.1343487463082 0.026808242473688789 0 0 0.98141131013828287 4.6545969191491487e-18 0.99999999999999978 0.040134613974939885 -0.042799653643360386 2.3843802772603146e-17 0.34786663274894852 0.32959074926677728 0.01827588348217124 0.00021162757590808957
25000 0 0 0.44813978395568399 24.520865312643952 0.0024665040348839083 0.00021183202854525 0.0024626501915983004 0.00021159279097294066 0.0024665040348839083 6.9178957573238021e-06 -7.3771107919478383e-06 2.8851120772413165e-21 9.8902129290103766e-06 -1.0546660930236737e-05 50.009072373252792 49.990325218815322 50.009072373252792 0.0090723732527919765 -0.0096747811846782383 1.0000001589658518 1969.8656512466773 8030.13434874618 0.026804704849542751 0 0 0.98139329949731402 4.626551721028023e-18 0.99999999999999978 0.069178957573189009 -0.07377110791942533 -1.0591381322237333e-17 0.34786660875529679 0.32959075355027656 0.018275855205020231 0.00021183202854525
25500 0 0 0.44813783109140043 24.520867501423147 0.0024752137877356055 0.00021243757156610193 0.0024694989549722277 0.00021172856416113765 0.0024752137877356055 1.1920035290372258e-05 -1.2710524686727236e-05 1.096911293816554e-20 1.7039203715705123e-05 -1.816880904789027e-05 50.015637133356904 49.983324967306437 50.015637133356904 0.015637133356904087 -0.016675032693562741 1.000000471490329 1969.8656512466532 8030.1343487460335 0.026799350057272322 0 0 0.98136535485574661 4.6072870915414266e-18 0.99999999999999978 0.1192003529036359 -0.12710524686718094 1.123616381612249e-16 0.34786653756275504 0.32959076362998568 0.018275773932769357 0.00021243757156610193
26000 0 0 0.44813186021730794 24.520873973778745 0.002487017860508799 0.00021421892095210493 0.0024797232735218476 0.00021212936588564313 0.002487017860508799 2.0517851805151415e-05 -2.1874574500190161e-05 -6.351034838406096e-21 2.9317427757704817e-05 -3.125413512940297e-05 50.026940479271104 49.971273471353193 50.026940479271104 0.026940479271104323 -0.028726528646807026 1.0000013927746023 1969.8656512466237 8030.1343487459135 0.026792293237555262 0 0 0.98132273742771359 4.521702424360119e-18 0.99999999999999978 0.20517851805136172 -0.21874574500173791 -6.9839233741032754e-17 0.34786632701748316 0.32959080141034064 0.018275525607142518 0.00021421892095210493
26500 0 0 0.44811395833557127 24.52089292368186 0.0024983697818458145 0.00021935734012877117 0.0024929408078668974 0.00021329693443996245 0.0024983697818458145 3.5209357486101473e-05 -3.7517545324369157e-05 -6.6744871784208969e-21 5.0248744708145273e-05 -5.3533258433145446e-05 50.046355041918353 49.95058248625066 50.046355041918353 0.046355041918353379 -0.049417513749340003 1.000004065185591 1969.8656512465975 8030.134348745798 0.026786283701744434 0 0 0.98126440318271868 4.3658257717129462e-18 0.99999999999999978 0.35209357486074899 -0.37517545324340812 -4.7546323580783567e-17 0.3478656907718235 0.32959090935459417 0.018274781417229324 0.00021935734012877117
27000 0 0 0.44806414269531875 24.52094681822787 0.0025786740607603165 0.00023339892209194905 0.0025154856379474614 0.00021656948418500202 0.0025786740607603165 5.9882025215053515e-05 -6.3708052871359072e-05 -1.0104868990317451e-21 8.5155157202867891e-05 -9.0547258984439945e-05 50.079461254692461 49.915342885704888 50.079461254692461 0.079461254692461125 -0.084657114295112024 1.0000114555615036 1969.8656512465791 8030.1343487456843 0.026792634193875391 0 0 0.9811798988856848 4.5204834831052113e-18 0.99999999999999978 0.59882025215006984 -0.63708052871310139 -7.0115767141782969e-18 0.34786393347304123 0.32959122377643824 0.018272709696602996 0.00023339892209194905
27500 0 0 0.44793242633977387 24.521088013290086 0.002781901775097156 0.0002669509637023361 0.0026753407918995455 0.00022480388121235898 0.002781901775097156 9.9283388163668517e-05 -0.00010515771526014168 5.285577900579603e-21 0.00013972967650409954 -0.00014775667455306537 50.134751887391936 49.856698124464302 50.134751887391936 0.13475188739193555 -0.14330187553569829 1.0000292003287299 1969.8656512465434 8030.1343487455315 0.026757865624047104 0 0 0.98092873729675911 4.320262337677569e-18 0.99999999999999978 0.99283388163590858 -1.0515771526005897 4.4069042890229171e-17 0.34785927601910582 0.32959204309302192 0.018267232926083898 0.0002669509637023361
28000 0 0 0.44765335788813199 24.521386620038239 0.0029002472413154428 0.00032726482483935916 0.0027484127176683058 0.00024048775008164781 0.0029002472413154428 0.00015393701907783356 -0.00016116407272537508 -1.3916363145861677e-20 0.00021050211890321496 -0.00021932118692469469 50.22200362071937 49.765052242360994 50.22200362071937 0.22200362071937008 -0.23494775763900577 1.0000569692847778 1969.8656512465236 8030.1343487454369 0.026738899986525452 0 0 0.98067165204672724 4.6561829647149833e-18 0.99999999999999978 1.539370190777104 -1.6116407272524531 -1.4559697678275405e-16 0.34784939785506563 0.32959376799103823 0.018255629864027401 0.00032726482483935916
28500 0 0 0.4472859713184435 24.521778803471427 0.0030401283606997938 0.00038961156654615308 0.0028174560220987814 0.00025603903159854318 0.0030401283606997938 0.00020595932862139734 -0.000210551146599041 -3.1206975149657866e-21 0.00026203018401936112 -0.00026449730164569891 50.342282631405062 49.641561703506426 50.342282631405062 0.34228263140506243 -0.35843829649357417 1.000059576134263 1969.865651246485 8030.1343487453569 0.026801891080635024 0 0 0.98047911310503033 4.6119085535424947e-18 0.99999999999999978 2.0595932862123081 -2.1055114659886964 -3.9324761879523115e-17 0.34783638139411205 0.32959602554948941 0.018240355844622635 0.00038961156654615308
29000 0 0 0.44709503646374771 24.521980851593149 0.0029498118543157914 0.00040055926647902834 0.0027222266792746026 0.00025804258455795715 0.0029498118543157914 0.00021791503597645888 -0.00021573509467672351 7.0236913716076745e-21 0.00023812036150012579 -0.00022970943022255057 50.471195117163688 49.514210707420929 50.471195117163688 0.47119511716368834 -0.48578929257907077 1.0000132317780215 1969.8656512464574 8030.1343487452341 0.026765250424025978 0 0 0.98086708540883261 4.6019302738292181e-18 0.99999999999999978 2.1791503597627888 -2.1573509467654426 3.4787500864478561e-17 0.34782960128130674 0.32959718200125088 0.018232419280055867 0.00040055926647902834
29500 0 0 0.44713929221285548 24.521934527287947 0.0029006737163252629 0.00035758238779786484 0.0027626915977770616 0.00025722141735221065 0.0029006737163252629 0.00017876394680334495 -0.00017173181247177012 2.7938102977200927e-21 0.00014840831445268158 -0.0001360007618921155 50.569385299853558 49.421613506824727 50.569385299853558 0.56938529985355757 -0.57838649317527313 1.000015902956884 1969.8656512464383 8030.1343487451086 0.02676881164101922 0 0 0.98066082609273242 4.3614875113852768e-18 0.99999999999999978 1.7876394680319467 -1.7173181247162435 4.6244613015059169e-17 0.34783117552962156 0.32959691706541761 0.018234258464203956 0.00035758238779786484
29999 0 0 0.4472174832527106 24.521851329466589 0.002878498427860175 0.00030533887396404366 0.0028141327819033368 0.00026097285182598312 0.002878498427860175 0.00011538193822031097 -0.00010724393709957097 1.0722035966399003e-20 5.3216923454849291e-05 -4.285024416320403e-05 50.619018002040832 49.377796177667584 50.619018002040832 0.61901800204083202 -0.62220382233241622 1.0000108090619642 1969.8656512464088 8030.1343487449931 0.026783620628813481 0 0 0.98053612799237178 4.6083744613238286e-18 0.99999999999999978 1.1538193822021126 -1.0724393709947833 9.5755000981116134e-17 0.347833950521998 0.32959644156543266 0.01823750895656534 0.00030533887396404366
