# 1:passo  2:raio_area  3:raio_grad  4:raio_linha  5:p_in  6:p_out  7:delta_p  8:sigma  9:|u-v0|max  10:|u-v0|rms  11:Ca  12:massa_R  13:massa_B  14:|q|  15:sd_p_in  16:sd_p_out  17:sigma_2pontos  18:K_perfil  19:r_perfil  20:espessura_10_90  21:residuo_ajuste  22:n_camadas
0 25.04052139 25.08111096 25 0.3333333333 0.3333333333 -2.220446049e-16 -5.560112678e-15 2.501853777e-17 7.4391933e-18 0 1969.865651 8030.134349 1.656485727e-16 2.78221524e-08 0 0 1.273345395 25.01411833 3.451105388 0.08159937045 12
500 24.99390628 25.023424 24.94763485 0.3343122674 0.3332912655 0.001021001857 0.02551882471 0.00224240888 0.001403929628 0.002929091112 1969.865651 8030.134349 4.935850504e-14 5.645329175e-05 0.0003397281451 0.03266643957 1.295454742 24.96974658 3.392205852 0.07297078812 12
1000 24.94766849 24.97618655 24.90712289 0.3358174703 0.332739991 0.003077479296 0.07677593327 0.003100990434 0.00192875243 0.001346337887 1969.865651 8030.134349 1.746181092e-14 6.416767266e-05 0.0003083376475 0.07095835295 1.295646875 24.9218934 3.391702816 0.07603326732 12
1500 24.90312671 24.92999384 24.8604549 0.3375746064 0.3321167942 0.005457812224 0.1359165894 0.002762476448 0.001677621871 0.0006774930763 1969.865651 8030.134349 8.821425901e-14 5.63215792e-05 0.0003194134267 0.1579713724 1.294936862 24.87521211 3.393562485 0.07839899867 12
2000 24.87823355 24.90385684 24.83278416 0.3382876316 0.3317295145 0.006558117108 0.1631543691 0.001573225652 0.0008694157981 0.0003214186378 1969.865651 8030.134349 6.57764129e-14 4.005721559e-05 0.0002420625125 0.1777953366 1.296002188 24.84940592 3.390772945 0.07972123252 12
2500 24.87655321 24.9013361 24.82966246 0.3385474679 0.3318383594 0.006709108523 0.1668994951 0.001413175097 0.0006623563381 0.0002822407374 1969.865651 8030.134349 5.39444169e-14 0.0001127139197 8.672254613e-05 0.1755783465 1.296179526 24.84790305 3.390309033 0.07958915183 12
3000 24.89641672 24.92122236 24.84837222 0.3379773297 0.3322654456 0.005711884116 0.1422054472 0.001618079115 0.001168919351 0.0003792820285 1969.865651 8030.134349 5.313846247e-14 0.000119298647 0.0001893203646 0.1375323845 1.296164478 24.86778312 3.390348394 0.07956188545 12
3500 24.92716979 24.95288487 24.876968 0.3367917448 0.3327394292 0.004052315614 0.1010127593 0.001645339112 0.001238519068 0.0005429476178 1969.865651 8030.134349 2.926271965e-14 3.454224333e-05 0.0004071571642 0.0837993598 1.295918082 24.89964224 3.390993007 0.07775914183 12
4000 24.95275835 24.97983529 24.90158713 0.3358116025 0.3330773361 0.002734266373 0.06822748806 0.001317141478 0.0008157153722 0.0006435047982 1969.865651 8030.134349 1.834033678e-14 3.078702586e-05 0.000477078987 0.04876627276 1.295924356 24.92689227 3.390976591 0.07529536113 12
4500 24.96255966 24.99076473 24.91374242 0.335414099 0.3331543568 0.002259742223 0.05640895005 0.001138559138 0.000441829757 0.0006728005259 1969.865651 8030.134349 5.386851254e-14 5.974744511e-05 0.0003910055783 0.03741810709 1.295862066 24.93681272 3.391139589 0.07515869116 12
5000 24.95500785 24.98363712 24.90970048 0.335701189 0.3329722261 0.002728962902 0.06810129065 0.001528139694 0.0007776575379 0.0007479739269 1969.865651 8030.134349 5.123138538e-14 3.827171975e-05 0.0001442323627 0.05915143197 1.2956818 24.92914841 3.391611393 0.07554305808 12
5500 24.93789627 24.966299 24.89548195 0.3362385809 0.3325990951 0.003639485824 0.09076111996 0.00157220606 0.0009666908511 0.000577415403 1969.865651 8030.134349 7.300835328e-14 2.621882774e-05 0.0001364005588 0.09364984451 1.295667485 24.91144346 3.391648864 0.07665704773 12
6000 24.92017985 24.94788116 24.87902739 0.3368256605 0.3322444768 0.004581183667 0.1141639209 0.001244427949 0.0007478496737 0.000363345366 1969.865651 8030.134349 8.446992174e-14 5.062501122e-06 0.0003462812435 0.1293472987 1.295793324 24.8929819 3.391319489 0.07791244917 12
6500 24.90971507 24.93655923 24.86866948 0.3371922796 0.3320766968 0.005115582816 0.1274277104 0.000900682208 0.0002842534525 0.000235606056 1969.865651 8030.134349 8.364478661e-14 1.136484517e-05 0.0004102925652 0.1457619013 1.296001922 24.88192748 3.39077364 0.07891857313 12
7000 24.91024061 24.93642299 24.86800217 0.3372292836 0.3321489049 0.00508037874 0.1265534568 0.001055551789 0.0003921345407 0.0002780252751 1969.865651 8030.134349 7.351720493e-14 2.537309001e-05 0.0003211432977 0.1407153893 1.29603394 24.88223165 3.390689873 0.07923724716 12
7500 24.92037879 24.94638464 24.87578529 0.3369078267 0.3323828893 0.004524937393 0.1127631539 0.001318365587 0.000696495377 0.0003897152399 1969.865651 8030.134349 1.383996047e-13 1.723463594e-05 0.0001202518506 0.1178639677 1.295963946 24.89259614 3.390873 0.07872777883 12
8000 24.93391154 24.96022676 24.88676061 0.3364383269 0.332656088 0.003782238908 0.09430601037 0.001286824095 0.0006868846406 0.0004548399017 1969.865651 8030.134349 1.219376568e-13 5.558772168e-06 0.0001003759257 0.08980122911 1.295862297 24.90664184 3.391138984 0.07769855866 12
8500 24.94358763 24.97046342 24.89509654 0.3361106884 0.3328524803 0.003258208103 0.08127139933 0.001006533677 0.0003966496178 0.0004128281638 1969.865651 8030.134349 1.209376016e-13 1.921615923e-05 0.0002499024317 0.0701123528 1.295779639 24.91682058 3.391355307 0.07674949049 12
9000 24.94515053 24.97252917 24.89698028 0.3360735915 0.3328964033 0.003177188195 0.07925543779 0.0008749177635 0.0001599494646 0.0003679738106 1969.865651 8030.134349 1.902859558e-13 1.695495839e-05 0.0002798987341 0.06630518481 1.295693471 24.91862905 3.391580843 0.07631316754 12
9500 24.93897475 24.96659718 24.89212321 0.3362911685 0.3327807082 0.003510460254 0.08754727964 0.001033141336 0.0004290310496 0.0003933651015 1969.865651 8030.134349 1.757590128e-13 6.045469116e-06 0.000196009447 0.07833739275 1.295649934 24.91237873 3.391694808 0.0764629015 12
10000 24.92895452 24.95651708 24.88363115 0.3366185961 0.3325723627 0.004046233429 0.1008683691 0.001134436408 0.0005446386233 0.0003748900398 1969.865651 8030.134349 2.499414561e-13 4.709180312e-06 5.189125676e-05 0.09867526145 1.295702758 24.90205807 3.391556533 0.07702564244 12
10500 24.9200134 24.9472819 24.87591447 0.3369097468 0.3323817841 0.004527962714 0.1128368915 0.001062180312 0.0004233279095 0.0003137804481 1969.865651 8030.134349 1.824337424e-13 1.412056835e-05 8.712322501e-05 0.117356143 1.295825058 24.89275292 3.391236439 0.07772229433 12
11000 24.91610424 24.94300281 24.87262141 0.337039764 0.3322953839 0.004744380126 0.1182114697 0.0009300766246 0.0001892913711 0.000262263503 1969.865651 8030.134349 2.15083062e-13 1.911549355e-05 0.0001634248857 0.1259588913 1.295936187 24.88858101 3.390945633 0.07825637888 12
11500 24.9186465 24.9452852 24.87494766 0.3369535746 0.3323357635 0.004617811134 0.1150696032 0.0009232911015 0.0002492973432 0.0002674587309 1969.865651 8030.134349 2.590677045e-13 1.598507728e-05 0.0001577804643 0.1221005545 1.295973129 24.89107422 3.390848973 0.07839360213 12
12000 24.92597009 24.95257727 24.88135102 0.3366953742 0.3324649459 0.004230428255 0.1054475281 0.0009994529541 0.0003983543457 0.000315940061 1969.865651 8030.134349 2.455190211e-13 3.250075481e-06 8.607050459e-05 0.1089130822 1.295946734 24.89857151 3.390918037 0.07809787403 12
12500 24.93422589 24.96101511 24.88853773 0.3364039668 0.3326151432 0.003788823598 0.09447138346 0.0009935854453 0.0003840434927 0.0003505772186 1969.865651 8030.134349 2.689814582e-13 1.155923909e-05 9.375396502e-06 0.09349296307 1.295887506 24.90711878 3.391073016 0.07756362212 12
13000 24.93949633 24.96656031 24.89318929 0.3362254581 0.3327192646 0.003506193431 0.08744269821 0.0009113842232 0.00023461942 0.0003474215084 1969.865651 8030.134349 2.915871144e-13 1.893047939e-05 8.09506298e-05 0.08307916475 1.295815838 24.91264307 3.391260567 0.07708553826 12
13500 24.9397311 24.96701748 24.89344561 0.3362275749 0.33273626 0.003491314881 0.08707245434 0.0008732471157 0.0001577434655 0.0003342990319 1969.865651 8030.134349 2.664016489e-13 1.659085204e-05 0.0001021847343 0.08170853489 1.295750072 24.91297857 3.391432691 0.07687435814 12
14000 24.93544036 24.96280315 24.88961631 0.3363824287 0.3326670931 0.003715335612 0.09264352955 0.0009073350842 0.0002763696182 0.0003264610378 1969.865651 8030.134349 2.855588213e-13 8.217537059e-06 7.215987993e-05 0.08888332435 1.295721675 24.90861136 3.39150702 0.07697600572 12
14500 24.92904284 24.95632031 24.88381453 0.3366040133 0.3325531406 0.00405087275 0.1009843803 0.0009332870799 0.0003229073181 0.0003080631799 1969.865651 8030.134349 2.676947107e-13 1.830113915e-06 1.366038576e-05 0.1003360802 1.295748223 24.90201762 3.391437531 0.07729979375 12
15000 24.92354531 24.95062877 24.87879421 0.3367938671 0.3324531216 0.00434074553 0.1081867679 0.000914108625 0.0002520019572 0.0002816452335 1969.865651 8030.134349 2.650206782e-13 1.030015415e-05 4.223547609e-05 0.1103883633 1.295811119 24.89630264 3.391272917 0.0776820849 12
15500 24.92124037 24.94811812 24.87666515 0.3368751923 0.3324111915 0.004464000785 0.1112484366 0.0008904227874 0.0001502918908 0.000266797094 1969.865651 8030.134349 2.965549694e-13 1.438238918e-05 6.888451476e-05 0.1146890662 1.295870296 24.89385575 3.391118051 0.07794988422 12
16000 24.92280052 24.94955834 24.87802449 0.3368214212 0.3324379252 0.004383496017 0.1092489968 0.0009044332674 0.0001883828127 0.0002759547132 1969.865651 8030.134349 3.215524361e-13 1.208834041e-05 5.815788113e-05 0.1120374402 1.295897614 24.89540616 3.391046567 0.07798943726 12
16500 24.9271 24.95387315 24.88186185 0.3366689037 0.3325118464 0.004157057326 0.1036233837 0.0009295524673 0.0002546763294 0.0002990163142 1969.865651 8030.134349 3.427922585e-13 4.369581718e-06 1.990530507e-05 0.104463885 1.295891141 24.89982068 3.391063506 0.07780308808 12
17000 24.93188702 24.95878963 24.88619826 0.3364987569 0.3325944097 0.003904347219 0.09734274375 0.000924382551 0.0002413948558 0.0003165387631 1969.865651 8030.134349 3.00641936e-13 4.387851172e-06 2.416591446e-05 0.09597944939 1.29586207 24.90478159 3.391139578 0.07750515298 12
17500 24.93496187 24.96203513 24.88907867 0.3363909172 0.332648207 0.00374271018 0.09332433561 0.0009002900151 0.0001714030162 0.0003215631483 1969.865651 8030.134349 3.244825042e-13 9.574178947e-06 5.222134216e-05 0.09051497904 1.295823402 24.90800246 3.391240772 0.07725004475 12
18000 24.93519199 24.96239551 24.88942972 0.3363838728 0.332652326 0.003731546787 0.09304683555 0.0008923862369 0.0001492200124 0.000319690699 1969.865651 8030.134349 3.396172959e-13 9.651164073e-06 5.268873751e-05 0.09014888733 1.295805467 24.90878371 3.39128771 0.07652637468 12
18500 24.93286762 24.96010925 24.88742984 0.3364648951 0.3326102644 0.003854630624 0.09610699507 0.0009018644938 0.0001974045963 0.0003127987695 1969.865651 8030.134349 3.251264124e-13 5.836238435e-06 2.827069587e-05 0.0944164791 1.29577787 24.90591813 3.391359937 0.07722011193 12
19000 24.92935443 24.95653651 24.88427269 0.3365864005 0.3325465247 0.004039875782 0.1007114952 0.0009044236043 0.0002148416889 0.0002993447114 1969.865651 8030.134349 3.241398333e-13 4.548306351e-07 7.170955892e-06 0.1008312915 1.295792095 24.90229041 3.391322705 0.07741362379 12
19500 24.9263511 24.95341233 24.88150669 0.3366911 0.3324930026 0.004198097324 0.1046432479 0.0008935315791 0.0001809052733 0.0002846278817 1969.865651 8030.134349 3.139563984e-13 4.567197372e-06 3.608294649e-05 0.1062439389 1.295822546 24.89916238 3.391243013 0.07762988493 12
20000 24.92512201 24.95206062 24.88030437 0.3367354133 0.3324727204 0.004262692977 0.1062481426 0.0008862493919 0.0001451996482 0.0002780438856 1969.865651 8030.134349 3.50816961e-13 6.965829786e-06 4.587943899e-05 0.1083473907 1.295850815 24.89785408 3.391169034 0.07777086931 12
20500 24.92599499 24.95286423 24.88098926 0.3367064141 0.3324903729 0.004216041126 0.10508902 0.0008932204708 0.0001614321648 0.0002833218513 1969.865651 8030.134349 3.595632712e-13 5.915689678e-06 3.393920399e-05 0.1066070922 1.295863712 24.89872337 3.391135281 0.07778021787 12
21000 24.9283119 24.95519017 24.88300088 0.3366259636 0.3325331509 0.004092812646 0.1020269102 0.0009022522093 0.0001861140515 0.0002947758938 1969.865651 8030.134349 4.158858998e-13 2.191432589e-06 7.82661996e-06 0.1022756887 1.295858971 24.90110506 3.391147688 0.07766768947 12
21500 24.9308378 24.95778961 24.88526006 0.3365377369 0.3325789776 0.003958759245 0.09869518463 0.0009004405688 0.0001780143093 0.0003041149955 1969.865651 8030.134349 4.423445393e-13 2.058929538e-06 1.928423199e-05 0.09761873491 1.295841823 24.90372641 3.391192564 0.07749967861 12
22000 24.93240128 24.95944968 24.8867185 0.3364833463 0.332607146 0.003876200296 0.09664298125 0.0008931977221 0.0001513394579 0.0003080746995 1969.865651 8030.134349 3.970839713e-13 4.580491848e-06 3.508627527e-05 0.09477004629 1.295820578 24.90536874 3.391248163 0.07736008849 12
22500 24.93242435 24.95954655 24.88682401 0.3364825783 0.3326070797 0.00387549865 0.09662557691 0.000891801654 0.00014660864 0.0003076485828 1969.865651 8030.134349 4.175581153e-13 4.591237376e-06 3.382046595e-05 0.09478591994 1.295804503 24.90542086 3.391290234 0.07730761956 12
23000 24.93110034 24.95824437 24.88570534 0.3365280883 0.3325820495 0.003946038805 0.09837908939 0.0008955297723 0.0001637398515 0.0003034282244 1969.865651 8030.134349 4.241066179e-13 2.583420045e-06 1.79790784e-05 0.09730601379 1.295800871 24.90407002 3.391299738 0.07735355316 12
23500 24.92919787 24.95630903 24.88402689 0.3365933985 0.3325463616 0.004047036898 0.1008893836 0.000896174326 0.0001687837614 0.0002960913871 1969.865651 8030.134349 4.725830414e-13 4.138345758e-07 3.767199816e-06 0.1008895685 1.295810736 24.90210424 3.391273921 0.07746500965 12
24000 24.92764428 24.95468922 24.88262086 0.3366470012 0.3325175142 0.004129487014 0.1029383833 0.0008922084203 0.0001551286975 0.0002889134229 1969.865651 8030.134349 4.766059554e-13 2.71616512e-06 2.114473356e-05 0.1037950352 1.295827858 24.90048356 3.391229111 0.07758506828 12
24500 24.92709763 24.95407657 24.88209122 0.3366661931 0.3325076521 0.004158541037 0.1036603584 0.0008896793741 0.0001442335798 0.0002860879471 1969.865651 8030.134349 4.908136701e-13 3.652325456e-06 2.703421323e-05 0.1048011798 1.2958429 24.89989644 3.391189747 0.07765932221 12
25000 24.92768483 24.95462771 24.88256976 0.3366461018 0.3325187412 0.004127360595 0.1028855441 0.0008916865583 0.0001505023201 0.0002888927258 1969.865651 8030.134349 4.803620513e-13 2.794164042e-06 2.024119896e-05 0.1036904347 1.295849209 24.90048485 3.391173235 0.07765945773 12
25500 24.92900342 24.95595274 24.88371552 0.3366004115 0.3325431555 0.004057255924 0.1011433468 0.0008941152355 0.0001585599091 0.0002946693196 1969.865651 8030.134349 4.866000985e-13 7.380688239e-07 5.338841106e-06 0.1012221572 1.295860893 24.90233582 3.391142659 0.0769733691 12
26000 24.93036569 24.9573555 24.88492754 0.3365531951 0.3325683637 0.003984831334 0.09934330237 0.0008931027347 0.0001547874315 0.0002996688297 1969.865651 8030.134349 4.982298723e-13 1.524487443e-06 1.00587709e-05 0.09867263526 1.295834758 24.9032551 3.391211054 0.07750109443 12
26500 24.93114841 24.95818993 24.88564836 0.3365262666 0.3325830254 0.003943241277 0.09830953352 0.0008905826537 0.0001459466834 0.0003019655103 1969.865651 8030.134349 4.430897265e-13 2.707459048e-06 1.906675074e-05 0.09719762748 1.295822318 24.90407904 3.39124361 0.07742618352 12
27000 24.93106931 24.958149 24.88561037 0.3365292416 0.3325818271 0.003947414501 0.09841326452 0.0008900524004 0.0001452409967 0.0003014676273 1969.865651 8030.134349 3.734392503e-13 2.52097049e-06 1.852777802e-05 0.09732730371 1.295813682 24.90401307 3.391266211 0.07740057273 12
27500 24.93027011 24.95735914 24.88492136 0.3365569708 0.3325672038 0.003989766982 0.09946596853 0.0008911990638 0.0001508750424 0.0002986612999 1969.865651 8030.134349 3.895082901e-13 1.260123934e-06 9.93530822e-06 0.09880558069 1.295812467 24.90319662 3.391269391 0.0774291746 12
28000 24.92919748 24.95626649 24.88397009 0.3365940198 0.3325473916 0.004046628197 0.1008791935 0.0008915071305 0.0001520319312 0.0002945791231 1969.865651 8030.134349 4.069613544e-13 5.318094534e-07 1.84754239e-06 0.1008020504 1.295818582 24.90208794 3.391253386 0.07749239303 12
28500 24.92836566 24.95539785 24.88321681 0.336622763 0.3325319826 0.004090780396 0.1019764695 0.0008905919061 0.0001472444738 0.000291110263 1969.865651 8030.134349 4.018797382e-13 1.770333763e-06 1.111615358e-05 0.102355834 1.295828331 24.90121968 3.391227873 0.07755786859 12
29000 24.92811956 24.9551168 24.88297721 0.336631283 0.332527361 0.004103921915 0.1023030562 0.0008902387257 0.0001441668745 0.0002900658622 1969.865651 8030.134349 3.927423138e-13 2.159196016e-06 1.408259971e-05 0.1028235839 1.295836697 24.90095318 3.391205979 0.07759599686 12
29500 24.92850034 24.95548012 24.88329774 0.3366180389 0.3325342308 0.004083808054 0.1018032105 0.0008911289211 0.0001464180676 0.0002917815385 1969.865651 8030.134349 3.937533524e-13 1.552606326e-06 1.022570528e-05 0.1021290648 1.295840111 24.9013369 3.391197045 0.07759278678 12
30000 24.92926167 24.95624731 24.88396732 0.3365915366 0.332548068 0.004043468622 0.1008006873 0.0008918741043 0.0001488202468 0.0002949299017 1969.865651 8030.134349 4.206509826e-13 4.062932883e-07 2.162679686e-06 0.1007274295 1.295837826 24.90212041 3.391203024 0.07755464897 12
30500 24.93001485 24.95702415 24.88464347 0.3365653555 0.3325618184 0.004003537088 0.09980823904 0.0008914070722 0.0001473205041 0.0002977065757 1969.865651 8030.134349 4.610328543e-13 9.792289228e-07 5.939140425e-06 0.09933555276 1.295831617 24.90290267 3.391219274 0.07750319245 12
31000 24.93042232 24.95746016 24.88502218 0.3365512663 0.3325693336 0.003981932713 0.09927126416 0.0008904553619 0.0001445977678 0.0002989973548 1969.865651 8030.134349 4.752768489e-13 1.601455633e-06 1.040971524e-05 0.09857763029 1.295824627 24.90333213 3.391237567 0.07746335765 12
31500 24.93034396 24.95740176 24.8849698 0.3365540653 0.3325679931 0.003986072213 0.09937415132 0.0008901101548 0.0001446233766 0.0002985719938 1969.865651 8030.134349 5.108955579e-13 1.458016466e-06 9.696427774e-06 0.09871602757 1.295820006 24.90325964 3.391249659 0.07745156352 12
32000 24.929875 24.95693627 24.8845623 0.3365703692 0.3325594731 0.004010896144 0.0999911395 0.0008902775795 0.0001463994682 0.0002967854899 1969.865651 8030.134349 5.328480766e-13 7.31225577e-07 4.776364521e-06 0.0995780664 1.295819593 24.90277982 3.391250742 0.07746952535 12
32500 24.92927344 24.95632215 24.8840256 0.3365912372 0.332548493 0.004042744251 0.1007826769 0.0008902628282 0.0001465862494 0.0002944496864 1969.865651 8030.134349 5.976381645e-13 4.096682493e-07 1.611754793e-06 0.1006872418 1.295823115 24.90215759 3.391241524 0.07750551577 12
33000 24.92882471 24.95585237 24.88361584 0.3366068183 0.332540307 0.004066511303 0.1013733475 0.0008900317727 0.0001450108247 0.0002926580457 1969.865651 8030.134349 5.963078919e-13 1.051226053e-06 6.378848292e-06 0.1015147768 1.295828468 24.90168883 3.391227515 0.07754124317 12
33500 24.92871104 24.95571963 24.88350083 0.3366107899 0.3325382508 0.004072539154 0.1015231518 0.000890100012 0.0001441761841 0.0002922486141 1969.865651 8030.134349 5.983534362e-13 1.234765186e-06 7.583884776e-06 0.1017236452 1.295832956 24.90156465 3.39121577 0.07756069971 12
34000 24.92894234 24.9559422 24.88369559 0.3366027678 0.3325424813 0.004060286511 0.1012186483 0.0008905448155 0.0001449538645 0.0002932742896 1969.865651 8030.134349 6.123994882e-13 8.811932378e-07 5.112333427e-06 0.1012962712 1.295834679 24.90179854 3.391211261 0.07755706153 12
34500 24.92937232 24.95637649 24.88407447 0.3365878195 0.3325503187 0.004037500726 0.1006523588 0.000890852758 0.0001456372658 0.0002950262893 1969.865651 8030.134349 6.413221106e-13 3.204842309e-07 5.442498231e-07 0.1005030519 1.295833262 24.90224147 3.391214969 0.07753476208 12
35000 24.92978326 24.95680123 24.88444487 0.3365735338 0.332557805 0.004015728839 0.1001112496 0.0008907092273 0.000145088901 0.0002965731394 1969.865651 8030.134349 6.525767038e-13 6.034860141e-07 3.850627921e-06 0.09974545164 1.295829745 24.90266861 3.391224172 0.07750616358 12
35500 24.929993 24.95702689 24.88464181 0.3365662524 0.3325616244 0.004004627916 0.09983534589 0.0008903797612 0.0001442776076 0.000297282742 1969.865651 8030.134349 6.485028144e-13 9.129209789e-07 6.060196518e-06 0.09935946447 1.295825936 24.90289012 3.391234142 0.07748493457 12
36000 24.92993256 24.9569771 24.88459862 0.3365683525 0.3325605077 0.004007844839 0.09991530154 0.0008902147472 0.000144359098 0.0002969897949 1969.865651 8030.134349 6.334453435e-13 8.210610973e-07 5.373773968e-06 0.09947269739 1.295823564 24.90283228 3.391240348 0.07747968341 12
36500 24.92966281 24.95670862 24.8843646 0.3365777042 0.3325555586 0.004022145569 0.1002707328 0.0008901955812 0.0001449051823 0.000295930679 1969.865651 8030.134349 6.440503861e-13 4.457246185e-07 2.451151394e-06 0.09997273423 1.295823542 24.90255596 3.391240406 0.07749076486 12
37000 24.9293308 24.95636908 24.88406857 0.3365892136 0.3325494748 0.004039738851 0.1007079862 0.0008901418939 0.0001449053391 0.0002946280389 1969.865651 8030.134349 6.465115503e-13 3.475758248e-07 1.137108406e-06 0.100587238 1.295825608 24.90221228 3.391235 0.0775112 12
37500 24.92909322 24.95611962 24.88385117 0.3365974604 0.332545134 0.004052326397 0.1010208225 0.0008900751708 0.0001444013086 0.0002936936329 1969.865651 8030.134349 6.034141483e-13 6.410851173e-07 3.673889104e-06 0.1010260265 1.295828561 24.90196379 3.39122727 0.07753069254 12
37999 24.92904683 24.95606242 24.88380145 0.3365990842 0.3325443024 0.004054781811 0.1010818456 0.0008901528123 0.000144187086 0.0002935419335 1969.865651 8030.134349 6.32063867e-13 7.115550015e-07 4.148503606e-06 0.1011105327 1.295831041 24.90191192 3.391220782 0.07754086213 12
