# step v0 Mach sigma R umax_ref urms_ref umax_mean urms_mean umax_lab mean_x mean_y mean_z drop_ux drop_uy x0 y0 x_unwrapped center_dx center_dy axis_ratio mass_R mass_B min_f negative_total negative_color min_rho min_phi max_phi qx qy qz p_in p_out delta_p urms_lab
0 0.25 0.43301270189221935 -5.560112678108922e-15 25.040521385269312 0.00052126561395496318 0.00010584189702384436 0.00052126561395491862 0.00010584189702384432 0.25052126561395477 0.24999999999999992 9.8152512716768461e-19 6.2082344827924455e-19 0.24999999999999853 4.824584446153843e-19 50.000000000000007 50.000000000000007 50.000000000000007 7.1054273576010019e-15 7.1054273576010019e-15 1.0000000000000007 1969.8656512480632 8030.1343487520389 0.01210513393748598 0 7202 0.99999999999999944 5.1710809399147416e-26 0.99999999999998512 2499.9999999999977 9.2022761192352215e-15 5.2131747226132392e-15 0.33333333333333387 0.33333333333333409 -2.2204460492503131e-16 0.2500000224050134
500 0.25 0.43301270189221935 0.041044456538469914 24.978956930887492 0.0016424219656918908 0.0010303520800784725 0.0016424219656933341 0.0010303520800784738 0.25164242196564907 0.24999999999999856 4.9716287130967926e-18 3.9063045476250629e-20 0.25000850111713352 -2.7228524052557024e-08 74.959134059662645 49.999984567073298 174.95913405966263 -0.0408659403373548 -1.5432926701919314e-05 1.0011148652745261 1969.8656512479986 8030.1343487517115 0.012057531612662967 0 143483 0.99630006622428735 -0.0019502896400588625 1.0021798470817349 2499.9999999999272 5.4624114161984347e-14 -7.7795599848960666e-17 0.33480107321897218 0.33315791187112115 0.0016431613478510299 0.25000208618169906
1000 0.25 0.43301270189221935 0.08836841596014304 24.940059782704488 0.0017297150675401713 0.0011657853205718168 0.0017297150675388341 0.0011657853205718149 0.25170961295429356 0.25000000000000155 8.9009511973454314e-18 -4.7890012734651314e-20 0.25002399904352562 1.880442131820302e-07 99.924187885100267 50.000048397499192 299.92418788510025 -0.075812114899747485 4.8397499192276427e-05 1.0011867204860918 1969.8656512479442 8030.1343487515151 0.012045265897018266 0 143812 0.99724526949438741 -0.0019650297642603964 1.0022385631614938 2499.9999999998367 7.6724307095672181e-14 -1.427000806558092e-16 0.3361977518294168 0.33265451990735762 0.0035432319220591868 0.25000263224398284
1500 0.25 0.43301270189221935 0.1182375784323022 24.916668211894528 0.0011885340776161342 0.00078349799412374879 0.0011885340776168489 0.00078349799412374944 0.25115703558397795 0.24999999999999914 4.1251046632373938e-18 -2.0865662774648709e-21 0.2500505593139537 1.9703757031983895e-07 24.892998046983966 50.000110367256639 424.89299804698396 -0.10700195301603799 0.00011036725663871039 1.0010574533485406 1969.8656512478901 8030.1343487512777 0.012062014084890346 0 143953 0.9961437289694266 -0.0019627506761442761 1.0022601961908748 2499.9999999997876 3.4628662967381139e-14 1.0319087863316966e-16 0.33705381509309629 0.33230849451384409 0.0047453205792521991 0.25000107278298567
2000 0.25 0.43301270189221935 0.12678795829876777 24.909805654772338 0.00040922812844698702 0.00026402904757951893 0.00040922812844790225 0.00026402904757951871 0.25040921587120785 0.24999999999999908 5.8478870075372937e-18 2.9464714938377931e-20 0.25007461700797062 -1.4481855513243941e-09 49.864086246993111 50.000163624364284 549.86408624699311 -0.13591375300688924 0.00016362436428352112 1.0012559623444024 1969.8656512478296 8030.1343487510303 0.012091825724594959 0 143981 0.99577253742321836 -0.0019455757887002719 1.0022573191035666 2499.9999999997326 5.649704461583285e-14 1.1334549362778572e-17 0.33729935468530964 0.33220947321228911 0.00508988147302053 0.24999992974959839
2500 0.25 0.43301270189221935 0.12082852724231435 24.914365150896352 0.00038350571628445105 0.00018848389579228982 0.00038350571628300776 0.00018848389579229126 0.25038350480647803 0.25000000000000144 1.2082117770185567e-17 -3.9972014968111726e-20 0.2500848814933973 -1.9449090096051625e-07 74.836450316349058 50.000076870758534 674.8364503163491 -0.16354968365089917 7.6870758533686967e-05 1.0013304014200968 1969.8656512477824 8030.1343487507966 0.012104757808380908 0 144022 0.99631611517250152 -0.0019299317143659782 1.002246869153584 2499.9999999996694 1.2102731865437401e-13 6.4059122508429777e-17 0.33714626660013219 0.33229651319439601 0.0048497534057361791 0.24999984477386994
3000 0.25 0.43301270189221935 0.10906729407527062 24.923394020657984 0.00053146012498014763 0.00034071865237016434 0.00053146012498028641 0.00034071865237016413 0.25053145993717346 0.24999999999999986 1.0479819594589183e-17 -4.0755166171867164e-20 0.25007792268693213 -1.3618171355101437e-07 99.810175801944496 50.000122626254523 799.81017580194452 -0.18982419805547579 0.00012262625452308384 1.001184949792929 1969.865651247723 8030.1343487505792 0.012100051569102195 0 143982 0.99718809016944721 -0.0019676147592826787 1.0022878132412019 2499.9999999995794 1.0203196658941418e-13 -2.1173664186034388e-16 0.33682799784380624 0.33245189666012037 0.0043761011836858654 0.25000003109472274
3500 0.25 0.43301270189221935 0.098882919487519455 24.93120951182593 0.0004787461861268939 0.00030074214527874975 0.00047874618612550618 0.00030074214527875105 0.25047874616760391 0.25000000000000139 7.3032769746088978e-18 5.0897363060888801e-20 0.25006059020573951 -1.0084309933728393e-07 24.784658121284927 49.99995639602826 924.78465812128491 -0.21534187871509403 -4.3603971739969438e-05 1.0010080813329323 1969.8656512476794 8030.1343487503773 0.012104361772330988 0 143921 0.99750771283811923 -0.001921766381792687 1.0023245874497018 2499.999999999493 7.9434314034761593e-14 1.0509564305729471e-16 0.33654972479400902 0.33258349445766633 0.003966230336342691 0.25000002780549702
4000 0.25 0.43301270189221935 0.093827512614462982 24.935105979648203 0.00031077467111669888 0.00016247802748889115 0.00031077467111614377 0.00016247802748889126 0.25031077435120375 0.25000000000000056 -4.6957609241987224e-19 -2.731951692839343e-20 0.25004332249598138 1.829140285760041e-07 49.759208662893563 49.999958226725489 1049.7592086628936 -0.24079133710642964 -4.1773274510603642e-05 1.0009449365595016 1969.8656512476134 8030.1343487501481 0.012111637902180511 0 144125 0.99731273727862113 -0.0018757108865028803 1.0023410687408192 2499.9999999994689 -1.8345568967225671e-16 2.9726907245086098e-16 0.33641063930889414 0.33264777129898698 0.003762868009907161 0.24999994512603041
4500 0.25 0.43301270189221935 0.093777244612395574 24.935178038727699 0.00023898437221808754 6.8515775181184451e-05 0.00023898437221777893 6.8515775181183326e-05 0.25014859684579827 0.24999999999999906 -3.3470594578671981e-18 6.3812243653110834e-20 0.25003541805908863 -7.0729762661219458e-08 74.733442390651874 49.999898583784187 1174.7334423906518 -0.26655760934818318 -0.00010141621581283289 1.0009764475150278 1969.8656512475659 8030.1343487499735 0.01211992575726923 0 144212 0.99731209846386271 -0.0019329639777162485 1.0023411071529014 2499.9999999993747 -3.3445331162576092e-14 9.1157474276333979e-16 0.33640674877625071 0.33264590758767981 0.0037608411885708959 0.24999992281033451
5000 0.25 0.43301270189221935 0.096614496826662316 24.933037036583642 0.00029445455557686488 0.00011319323470848347 0.00029445455557722044 0.00011319323470848305 0.25025656481629954 0.24999999999999958 -4.6548182314406814e-18 -3.160427138259956e-21 0.25003873571872315 -5.8433534486194559e-08 99.708601849175068 49.999994477657133 1299.708601849175 -0.29139815082498899 -5.5223428674366914e-06 1.0010021108540337 1969.8656512475106 8030.1343487497234 0.012116675727453678 0 144243 0.99744539920178477 -0.0020099061496245672 1.0024057295759294 2499.9999999993224 -4.7272864568495677e-14 2.876956695867881e-17 0.33648064160652036 0.33260568258388296 0.0038749590226374031 0.24999993228627765
5500 0.25 0.43301270189221935 0.099948000745465254 24.930503050247083 0.00031530247264762156 0.00012665601854289763 0.00031530247264660214 0.00012665601854289872 0.25028287877270511 0.25000000000000117 -1.9548064372998955e-18 -2.4832060315462496e-20 0.25004870992925909 -1.7778442733335115e-07 24.684442732163365 49.999919095040227 1424.6844427321635 -0.31555726783653881 -8.090495977342016e-05 1.0010356130534195 1969.8656512474611 8030.1343487495051 0.012116211896664612 0 144178 0.99759555065763272 -0.002033279611528487 1.0024823897445996 2499.9999999992237 -1.9630505785346717e-14 4.5120943688511013e-16 0.3365682997060721 0.33255923496542 0.0040090647406521018 0.2499999158139658
6000 0.25 0.43301270189221935 0.10219166906908368 24.928792200616158 0.00028575416398066345 9.9150165907078871e-05 0.00028575416397956169 9.9150165907080552e-05 0.25024585969237012 0.25000000000000133 -1.7386269002598719e-18 -1.6845411465950024e-21 0.25005994427856348 -1.5905540894123052e-07 49.660489265759459 49.999797224330365 1549.6604892657595 -0.33951073424054812 -0.00020277566963500249 1.0010629747553372 1969.8656512473974 8030.134348749265 0.012118476226142321 0 144126 0.99750329720494257 -0.0020840031280492384 1.002483549239171 2499.9999999991637 -1.7439151459864213e-14 -4.9783106321938741e-17 0.33662761201773361 0.33252826904729649 0.0040993429704371254 0.24999987748530425
6500 0.25 0.43301270189221935 0.10286936462925475 24.928275375908235 0.00025261718625416157 7.0797055674632852e-05 0.00025261718625374426 7.0797055674630426e-05 0.25018820892166754 0.24999999999999895 -5.7449819912163283e-18 -2.6622250730482447e-21 0.25006661340548481 -4.3025417893582444e-08 74.636817094451786 49.999756228717509 1674.6368170944518 -0.36318290554822852 -0.00024377128249142288 1.0011182199106483 1969.8656512473488 8030.1343487490258 0.012120718686242668 0 144174 0.99745472124770551 -0.0021028312889551271 1.0024666642417142 2499.9999999991251 -5.8255873908334685e-14 -3.6660533960685914e-16 0.33664583246749913 0.33251921868944884 0.0041266137780502921 0.24999985275741041
7000 0.25 0.43301270189221935 0.10232692597345795 24.928682696370991 0.00024451892618700431 6.9452906605016088e-05 0.00024451892618718407 6.9452906605018446e-05 0.25015901483378977 0.25000000000000105 -6.7117002280501115e-18 4.10456982821976e-20 0.25006727109469318 -7.16715328595654e-08 99.612619883509382 49.999730421802234 1799.6126198835093 -0.38738011649070359 -0.0002695781977664069 1.0010985174394202 1969.865651247294 8030.1343487488011 0.012119662094447568 0 144489 0.99750443684171897 -0.0021316821969759761 1.0024402155729333 2499.9999999990087 -6.7083733426962552e-14 8.2728723003303935e-16 0.33663170886655081 0.33252692213474511 0.0041047867318056985 0.24999985140391917
7500 0.25 0.43301270189221935 0.10128979843977519 24.929470852403981 0.00024402381170976099 7.5568678932012314e-05 0.00024402381170976297 7.556867893201207e-05 0.25017894338948199 0.24999999999999981 -9.9533971305540374e-18 2.6702119083449312e-20 0.2500634419726257 -1.810893303948572e-08 24.588240770796187 49.99977330649854 1924.5882407707961 -0.41175922920388075 -0.00022669350146031775 1.0010652275560061 1969.8656512472426 8030.1343487486211 0.012118532490295606 0 144322 0.99759207131694894 -0.0021672824755808516 1.0024054359024575 2499.9999999989404 -9.9213139550807054e-14 6.9067110606513334e-16 0.33660450093704664 0.33254144644866757 0.0040630544883790698 0.24999986264062285
8000 0.25 0.43301270189221935 0.10037592164316171 24.930164441762876 0.00024274550827258607 7.3986920849674893e-05 0.00024274550827245263 7.3986920849671492e-05 0.25017491083354321 0.24999999999999817 -1.0194700617722088e-17 -1.4099710884427448e-20 0.2500579709928033 -5.1892943825602853e-08 49.564553522141402 49.999762189671706 2049.5645535221411 -0.43544647785870438 -0.00023781032829361948 1.0010656764168782 1969.8656512471871 8030.1343487483937 0.012118748636010349 0 144235 0.99763013521912369 -0.0021731712691285725 1.002359399502011 2499.9999999988845 -1.0159352983887066e-13 -2.38531502569532e-16 0.33658044441779655 0.33255416044050307 0.0040262839772934877 0.24999987531825041
8500 0.25 0.43301270189221935 0.099919158193485763 24.930511859301479 0.00023652173008052759 6.8638328785859868e-05 0.00023652173008078026 6.8638328785861955e-05 0.25015666937714076 0.25000000000000105 -8.998888534842488e-18 -4.6042269297919525e-20 0.25005357348253998 9.7468267922765804e-08 74.540788387635956 49.999795962215671 2174.540788387636 -0.45921161236401531 -0.00020403778432864783 1.0010366011708764 1969.865651247135 8030.1343487481618 0.012119558967575734 0 144239 0.99760368789355369 -0.0021839116740124715 1.002317676236147 2499.9999999988249 -9.0261264879580501e-14 -1.3439767961162055e-16 0.3365684478157609 0.33256054140945074 0.0040079064063101577 0.24999988427412523
9000 0.25 0.43301270189221935 0.099918414478205417 24.930511433519712 0.00023880036158578825 6.6087010392429761e-05 0.00023880036158619128 6.6087010392431916e-05 0.25014990414784044 0.25000000000000122 -8.0929582315676972e-18 2.2674342139686765e-20 0.25005196968097215 7.9680433603977682e-08 99.516443797177345 49.999830251885768 2299.5164437971775 -0.48355620282245582 -0.00016974811423153824 1.0010372875915887 1969.8656512470782 8030.1343487478953 0.012120342163330021 0 144400 0.99760279257324791 -0.0021886084676606644 1.0022600604730436 2499.9999999987517 -8.1189791979782661e-14 4.5134653978759475e-17 0.33656838449088672 0.33256050784765578 0.0040078766432309343 0.24999988741081322
9500 0.25 0.43301270189221935 0.10019679501937508 24.930296883431389 0.00023943985832017463 6.6156777914696142e-05 0.00023943985832074253 6.6156777914698974e-05 0.25016103205326551 0.2500000000000015 -2.4380602483460251e-18 -4.1605193640242221e-20 0.25005290416475501 -4.6572751870830642e-08 24.491288939391705 49.99981542357083 2424.4912889393918 -0.50871106060822058 -0.00018457642917013573 1.001083092256112 1969.8656512470263 8030.1343487477088 0.012121023717789411 0 144336 0.99761772095748102 -0.0021999388284823433 1.0021689444715314 2499.9999999986853 -2.3959299224193272e-14 -3.1531854728588553e-16 0.33657567643892006 0.33255659894907413 0.0040190774898459236 0.24999988523435174
10000 0.25 0.43301270189221935 0.10053852886266623 24.930040815807967 0.00024121430898969265 6.6636276447404455e-05 0.00024121430898958445 6.6636276447403913e-05 0.25016812095985946 0.24999999999999969 -1.647258027987124e-18 3.7634566525782256e-20 0.25005572317771257 2.4196207442333567e-07 49.466570322420878 49.999905349932114 2549.4665703224209 -0.533429677579079 -9.4650067886448142e-05 1.0011163303759554 1969.8656512469734 8030.1343487474796 0.012121269960381521 0 144281 0.99763498888048963 -0.00239239145714672 1.0022361204726009 2499.9999999986126 -1.6621940451570148e-14 -3.4654706267416745e-17 0.33658471718251209 0.33255189069797159 0.0040328264845405082 0.24999987873078441
10500 0.25 0.43301270189221935 0.10077318923159599 24.929864081245455 0.0002450053881190083 6.679707503914355e-05 0.00024500538811937314 6.6797075039146057e-05 0.25016677659839509 0.25000000000000111 -7.9268811804022801e-19 -1.3755729732996402e-20 0.25005823284511425 2.777937512737349e-07 74.442715424891034 49.999959857710991 2674.442715424891 -0.55728457510895169 -4.014228900928174e-05 1.0010662189322914 1969.8656512469229 8030.1343487472859 0.012120946470775589 0 144327 0.99763551573222564 -0.0023897539712055414 1.0021860941736329 2499.9999999985098 -8.0723488758895461e-15 4.0021526380270065e-17 0.33659096829067625 0.33254870039450241 0.0040422678961738456 0.24999987288850289
11000 0.25 0.43301270189221935 0.10084226292336482 24.929810223577359 0.00024484681967643849 6.6223630074941568e-05 0.0002448468196766459 6.6223630074943086e-05 0.25015993881951182 0.25000000000000072 1.7834787347735052e-18 -2.1755084629922954e-20 0.25005928389833465 3.5987600412899833e-07 99.418905870345313 50.000122787867447 2799.4189058703455 -0.58109412965450247 0.0001227878674470162 1.0010271902049153 1969.8656512468569 8030.1343487470058 0.012120741916842826 0 144162 0.99763120564763252 -0.0023945920745903869 1.002268598544197 2499.9999999985025 1.8663159762103714e-14 2.6820098683421704e-16 0.33659275897440361 0.33254771161868835 0.0040450473557152589 0.2499998702970109
11500 0.25 0.43301270189221935 0.10078473138484802 24.929854687561299 0.00024591515488481361 6.644295421177646e-05 0.00024591515488440498 6.6442954211772814e-05 0.25015352002608543 0.24999999999999842 -1.276912078272152e-18 2.1452285078606811e-20 0.25005916864953215 2.3232426657893219e-07 24.395351784257343 50.000251912416616 2924.3953517842574 -0.60464821574259986 0.00025191241661559616 1.0010535187124159 1969.8656512468024 8030.1343487468021 0.012120481344152143 0 144115 0.99763689657516097 -0.0023600452702685517 1.0021515855314163 2499.9999999983906 -1.3297084280261553e-14 1.8443232421284638e-16 0.33659120831017691 0.33254847590567821 0.0040427324044987056 0.24999987065194371
12000 0.25 0.43301270189221935 0.10067103834448311 24.929941124942861 0.00024555556153746074 6.6507049983413721e-05 0.00024555556153722346 6.6507049983411675e-05 0.25015058701569443 0.24999999999999906 -2.9700077812441277e-18 8.4072351535387664e-21 0.25005794545747823 3.3684021874134053e-07 49.371424941666284 50.000386794258539 3049.3714249416662 -0.62857505833380856 0.00038679425853871408 1.001050242864987 1969.865651246756 8030.1343487466174 0.012120218953486559 0 144084 0.99764487400654911 -0.0023259117849510898 1.0020140481746769 2499.999999998352 -3.0958405618245846e-14 1.8008617171083379e-16 0.33658819634775933 0.33255003846202891 0.0040381578857304201 0.24999987355845724
12500 0.25 0.43301270189221935 0.1005734023300007 24.930013285525501 0.00024444887960770636 6.6128458032341657e-05 0.00024444887960773889 6.6128458032341697e-05 0.25015006120614797 0.25000000000000011 -6.8748502933415299e-18 -2.1870772473428843e-20 0.25005696489479068 3.1747520377362391e-07 74.347093745414895 50.000464385196274 3174.3470937454149 -0.65290625458510476 0.00046438519627400865 1.0010398436193957 1969.865651246698 8030.1343487463819 0.012120278311392067 0 144141 0.99764434633098387 -0.0023151001173061826 1.0019921893682191 2499.999999998272 -6.8343034680438384e-14 -1.4511217854226115e-16 0.33658565121584622 0.33255142142310101 0.0040342297927452031 0.24999987577200128
13000 0.25 0.43301270189221935 0.10052645929986059 24.930051257198006 0.00024689524750479147 6.6593442816927675e-05 0.00024689524750502652 6.6593442816929207e-05 0.25015205708616539 0.25000000000000083 -1.1729847503571905e-17 1.6632392772737754e-20 0.25005663645053428 2.0331372955339125e-07 99.32347576094881 50.00056483772827 3299.3234757609489 -0.67652423905110481 0.00056483772826965151 1.0010626519316437 1969.8656512466421 8030.134348746119 0.012120635502461201 0 144120 0.99764005197758687 -0.0023017749495837197 1.0020104902485736 2499.9999999981947 -1.1696026412859068e-13 7.2375636477917497e-17 0.33658442566610347 0.33255208500772493 0.0040323406583785415 0.24999987666838816
13500 0.25 0.43301270189221935 0.10052899333616186 24.930050125627414 0.00024578481518608761 6.6801655635966728e-05 0.00024578481518599317 6.6801655635966226e-05 0.25015523608297663 0.24999999999999972 -1.3948925615790175e-17 2.232225431043749e-20 0.25005657188260688 2.8774895473740042e-08 24.299871154345286 50.000729000960035 3424.2998711543455 -0.70012884565448985 0.00072900096003536419 1.0010593319534731 1969.8656512465884 8030.1343487459171 0.012120638899368262 0 144074 0.99763926194714447 -0.002257269079091117 1.0020138183939207 2499.9999999981137 -1.3868838792891896e-13 -3.2354814072671086e-17 0.33658445524021036 0.33255201275294793 0.004032442487262422 0.24999987687180614
14000 0.25 0.43301270189221935 0.10055706356526967 24.930028486208023 0.00024219635931677652 6.6263327007604208e-05 0.00024219635931625613 6.6263327007601172e-05 0.25015467435660599 0.24999999999999836 -2.3746809318353013e-17 1.2937362190548872e-20 0.25005636329192366 1.1881606842615773e-07 49.275815662135749 50.000786203130851 3549.2758156621358 -0.7241843378642443 0.00078620313085053795 1.0010424519094243 1969.8656512465388 8030.1343487457107 0.012120525242218292 0 144213 0.99764098192858264 -0.0022172455275417668 1.0020058458867707 2499.9999999980573 -2.3661739390691932e-13 2.4147800513231011e-16 0.33658522281900988 0.33255165087099142 0.0040335719480184551 0.24999987722976066
14500 0.25 0.43301270189221935 0.10059159057509172 24.929999254223148 0.00023650204352138068 6.5428607126690526e-05 0.00023650204352105813 6.5428607126688371e-05 0.25015213421712362 0.24999999999999895 -2.0008129937145376e-17 -5.6928626426922597e-21 0.25005663613054113 1.224319289924135e-07 74.250819963316076 50.000745804452386 3674.2508199633162 -0.74918003668381061 0.00074580445238581206 1.0010804526399044 1969.8656512464822 8030.1343487454578 0.012120326887339373 0 144238 0.99764293946465177 -0.0022152316617464521 1.0019903942619852 2499.9999999980132 -1.9998300677626988e-13 1.7469075332072383e-16 0.33658610400463318 0.33255114236868161 0.0040349616359515728 0.24999987636696255
15000 0.25 0.43301270189221935 0.10061685337342026 24.929980150903361 0.0002347326930626343 6.5084517420484892e-05 0.00023473269306283802 6.5084517420486423e-05 0.25015233211329924 0.25000000000000067 -2.4816538704739204e-17 1.4278284666308175e-20 0.25005730088545014 4.0728394400135657e-08 99.225724338524628 50.000730597455643 3799.2257243385247 -0.77427566147525795 0.00073059745564307832 1.001132310888972 1969.8656512464286 8030.1343487452459 0.012120482379866663 0 144172 0.99764296952809206 -0.0022144940060138236 1.0019689039871578 2499.9999999979 -2.4862529828324201e-13 -4.4901913078812706e-17 0.33658673682722728 0.33255075874925139 0.0040359780779758991 0.24999987471267257
15500 0.25 0.43301270189221935 0.10062776371472502 24.92997455034946 0.0002374420963948322 6.5934800385343461e-05 0.00023744209639473286 6.5934800385343176e-05 0.25015520332320462 0.24999999999999978 -2.9043231121015015e-17 -6.2201994399659147e-21 0.25005794297764788 6.9900290600879856e-08 24.201616769466874 50.000677548028449 3924.2016167694669 -0.79838323053309068 0.00067754802844888218 1.0010817530855141 1969.8656512463704 8030.1343487450004 0.01212049175260271 0 144214 0.99764484353725846 -0.0021780908662113853 1.0019896876184946 2499.9999999978663 -2.9045167215961323e-13 7.3975661275313993e-17 0.3365870770118552 0.33255066038770287 0.004036416624152328 0.24999987342815252
16000 0.25 0.43301270189221935 0.10061996549072229 24.929979545852824 0.00023809529015061967 6.6213590045403092e-05 0.00023809529015047284 6.621359004540232e-05 0.25015684018067114 0.24999999999999958 -2.9662575640466342e-17 -2.5301064161876564e-20 0.2500577739585117 4.2483556370462938e-08 49.177881047536772 50.000710092029408 4049.1778810475366 -0.82211895246337008 0.00071009202940786054 1.0010282089833311 1969.8656512463242 8030.1343487448048 0.012120344509786541 0 144138 0.99764528839216082 -0.0021451358668183882 1.0020161230077633 2499.9999999978022 -2.9527681459048585e-13 -7.6192818893018941e-16 0.33658685508201847 0.33255075207175905 0.0040361030102594175 0.24999987389698131
16500 0.25 0.43301270189221935 0.10060495818088695 24.92999205679957 0.0002414783934130884 6.644747942793604e-05 0.00024147839341307568 6.6447479427935986e-05 0.25015426198745838 0.24999999999999986 -2.5204655935085363e-17 3.5616949720968032e-20 0.25005781984388586 -2.6188296326583632e-08 74.154332664428523 50.000738608593998 4174.1543326644287 -0.84566733557130647 0.00073860859399843548 1.0010299157993654 1969.8656512462717 8030.1343487446029 0.012120597452262117 0 144049 0.99764508762333814 -0.002136309264275217 1.0020380615061832 2499.9999999977117 -2.513585990982195e-13 -4.9069302435248304e-17 0.33658644728027942 0.33255094827363424 0.0040354990066451824 0.24999987385422195
17000 0.25 0.43301270189221935 0.10059652950570326 24.929997769694239 0.00024471383720475732 6.6687049708947903e-05 0.00024471383720506246 6.6687049708950234e-05 0.2501562081778273 0.25000000000000122 -3.2273087074667848e-17 2.0285133897269303e-21 0.2500572345817037 -9.8411316851649616e-09 99.130757138766029 50.000734807417913 4299.1307571387661 -0.86924286123394268 0.00073480741791343007 1.0010529362335088 1969.8656512462076 8030.1343487443537 0.012120609477761408 0 143997 0.99764363347267959 -0.0021056543698882652 1.0020711257639596 2499.999999997643 -3.2161125488902172e-13 1.0456775682317885e-16 0.33658624629806411 0.33255108630988345 0.0040351599881806588 0.24999987528552778
17500 0.25 0.43301270189221935 0.10059271991490035 24.93000150411088 0.00024103036546394588 6.6141592623699058e-05 0.00024103036546402375 6.6141592623699424e-05 0.25015599036878566 0.25000000000000017 -3.221067338842259e-17 3.1857058527939897e-20 0.25005702669323171 -7.7178947122161592e-08 24.106691285279236 50.000764463070922 4424.1066912852793 -0.89330871472066065 0.00076446307092226107 1.0010374104607256 1969.8656512461596 8030.1343487441463 0.012120384387299923 0 144085 0.9976434941922373 -0.0020793290682984329 1.0021221580677822 2499.9999999975594 -3.2178619410412378e-13 2.7668179634070432e-16 0.33658611872343108 0.3325511121511967 0.0040350065722343786 0.2499998756325775
18000 0.25 0.43301270189221935 0.10059198400245178 24.930002333594079 0.00024334864391815133 6.6355581919913742e-05 0.00024334864391799393 6.6355581919912794e-05 0.2501547749544486 0.24999999999999956 -3.2075491842832526e-17 3.6788217558728754e-20 0.2500571882696177 -2.5551989827732351e-08 49.08269962390176 50.000743988829093 4549.082699623902 -0.91730037609795545 0.00074398882909321173 1.0010579307297465 1969.8656512461062 8030.1343487439035 0.012120493168854675 0 143985 0.99764376645098662 -0.0021346985945274394 1.0021520518957288 2499.999999997498 -3.2122914431573009e-13 8.7857594254120047e-17 0.33658610545998419 0.33255112854115332 0.0040349769188308682 0.2499998753164753
18500 0.25 0.43301270189221935 0.1005945739782092 24.929999186086476 0.00024364372229302082 6.6875917075564725e-05 0.00024364372229297045 6.6875917075564603e-05 0.25015679964142162 0.24999999999999992 -2.675727706828582e-17 -1.0763833456651695e-20 0.25005743598536045 -6.6339196570991427e-08 74.059194667295174 50.000619901826731 4674.0591946672948 -0.94080533270516753 0.00061990182673099525 1.0010771931458362 1969.8656512460389 8030.1343487436725 0.012120536769399238 0 143904 0.99764336550548172 -0.0020919915514198235 1.0021645579873453 2499.9999999974352 -2.6706887635745968e-13 -3.4714951449331072e-16 0.33658619556869285 0.33255111425050526 0.0040350813181875833 0.24999987486378922
19000 0.25 0.43301270189221935 0.10059953940416046 24.929994762312106 0.00024067966759589078 6.6568309599531386e-05 0.00024067966759581819 6.6568309599530735e-05 0.25015622890578015 0.24999999999999969 -2.604136316955219e-17 8.8249252769858312e-21 0.25005743234843675 -8.415909523905024e-08 99.035438496154143 50.000533419273523 4799.0354384961538 -0.96456150384619832 0.00053341927352335006 1.0010315670693386 1969.8656512460027 8030.1343487434851 0.012120422052518152 0 144013 0.99764367124767828 -0.0020500478960282639 1.0021598170542769 2499.9999999973684 -2.6085789200906224e-13 7.3717645427763152e-16 0.33658633975569124 0.33255105854671796 0.0040352812089732848 0.2499998747993373
19500 0.25 0.43301270189221935 0.10059728529834355 24.929995078199163 0.00023637901877207249 6.5764238740332194e-05 0.00023637901877218299 6.5764238740332763e-05 0.25015425277415387 0.25000000000000028 -2.6668784359914087e-17 1.9066096881981967e-20 0.25005714608551072 -1.653842142563771e-07 24.010914718776103 50.000426869336593 4924.0109147187759 -0.98908528122410644 0.0004268693365929721 1.0010666468857712 1969.8656512459486 8030.1343487432296 0.012120170784071892 0 144109 0.99764465704795435 -0.0020289836334673613 1.002142948131491 2499.9999999972842 -2.6592959619514248e-13 -1.01409745762041e-17 0.33658623868391752 0.33255104794349438 0.0040351907404231335 0.24999987526578485
20000 0.25 0.43301270189221935 0.10059840775732129 24.929994638750898 0.00023546415905832855 6.5149046959048801e-05 0.00023546415905796293 6.5149046959046226e-05 0.2501523496034056 0.24999999999999872 -2.6261894211305524e-17 5.8392628489168789e-21 0.25005700129895841 -1.0929250033593705e-07 48.985586005893047 50.000344717364655 5048.9855860058933 -1.0144139941066896 0.00034471736465491176 1.0011260989024238 1969.8656512458815 8030.1343487430304 0.012120166271643317 0 144277 0.99764442753490767 -0.0020843672891167632 1.002152825488752 2499.9999999972401 -2.6328161484503743e-13 1.4268259305656006e-16 0.33658622221419954 0.33255098637820973 0.0040352358359898033 0.24999987544194394
20500 0.25 0.43301270189221935 0.10059668027530379 24.929996241806471 0.00024032549801533055 6.5691653412763354e-05 0.00024032549801486061 6.5691653412760251e-05 0.25015630579459686 0.2499999999999985 -2.6166124473476329e-17 -3.6171016648197081e-22 0.25005751681159982 -7.0969228413149237e-09 73.961033515156572 50.000414245623524 5173.9610335151565 -1.0389664848435132 0.00041424562352432304 1.001109562590601 1969.8656512458372 8030.1343487427894 0.012120757799406445 0 144157 0.9976440425328813 -0.0020384030080630383 1.0021743177996811 2499.9999999971483 -2.6066796405130451e-13 -3.378847707959258e-16 0.33658621052027138 0.33255104423706883 0.0040351662832025514 0.24999987436760332
21000 0.25 0.43301270189221935 0.10059604515166863 24.929999304856825 0.00023894262245828505 6.62287278144149e-05 0.00023894262245835937 6.6228727814415293e-05 0.25015778738393146 0.25000000000000017 -2.9250337241133114e-17 5.1289991636756588e-20 0.2500574739536508 -8.945473236023129e-08 98.937257915521229 50.000370728069136 5298.9372579155215 -1.0627420844784865 0.00037072806913585055 1.001045415811175 1969.8656512457708 8030.1343487425793 0.012120758313112599 0 144073 0.99764411668840514 -0.0019976259382849591 1.0022057660141761 2499.9999999970837 -2.9230590019216081e-13 5.5930015539725093e-16 0.33658618146519181 0.33255104115405387 0.0040351403111379414 0.24999987461163065
21500 0.25 0.43301270189221935 0.10059600756058519 24.929999601274357 0.00024225499308329476 6.613576820195481e-05 0.00024225499308328405 6.6135768201954417e-05 0.25015635874529807 0.24999999999999986 -3.034647885123218e-17 -7.3276364816699048e-21 0.25005724281318792 -1.4225461840890827e-07 23.913361333978401 50.000310569543998 5423.9133613339782 -1.0866386660218268 0.00031056954399844017 1.0010096655826708 1969.8656512457258 8030.1343487423574 0.012120721174969058 0 143973 0.99764435138598184 -0.001997817855578865 1.0022383226146327 2499.9999999970064 -3.0313047135747141e-13 -2.3796142966489525e-16 0.33658619514178373 0.33255105638648896 0.0040351387552947648 0.2499998751312906
22000 0.25 0.43301270189221935 0.10059359235905836 24.930000182075375 0.00024309483718187497 6.6504211027538365e-05 0.00024309483718183499 6.650421102753827e-05 0.25015582497568856 0.24999999999999994 -2.7005250431698946e-17 1.8199363374516513e-20 0.2500570799286399 7.8438155809551379e-08 48.889798497521639 50.00032088373046 5548.889798497522 -1.1102015024780485 0.00032088373045979779 1.0010448495812558 1969.8656512456603 8030.1343487421227 0.012120823440194035 0 144077 0.99764413186643175 -0.0019418497531975296 1.0022454894888408 2499.9999999969632 -2.7050115514303703e-13 4.7660229973698053e-16 0.33658614188907648 0.33255110010711192 0.0040350417819645656 0.24999987561058948
22500 0.25 0.43301270189221935 0.10059700971158274 24.929997314748828 0.00024219376292482534 6.6316698718724745e-05 0.00024219376292469131 6.6316698718723986e-05 0.25015648449648814 0.24999999999999958 -2.6342868655242707e-17 -5.614126652285394e-20 0.25005702723139522 6.4386906080382615e-08 73.865913624521113 50.000346134266792 5673.8659136245215 -1.134086375478546 0.00034613426679186432 1.0010557443083119 1969.8656512456139 8030.1343487419035 0.012120708847298382 0 144028 0.99764424045697087 -0.0019298365495094443 1.0022541744192022 2499.9999999968577 -2.6417504693530771e-13 -1.3086261535587306e-17 0.33658623317106956 0.33255105384708028 0.0040351793239892797 0.24999987568048718
23000 0.25 0.43301270189221935 0.10060103648995294 24.929994015577904 0.00024077242906810385 6.6197842523286248e-05 0.00024077242906824422 6.6197842523287414e-05 0.2501552884845622 0.25000000000000056 -1.7903668829347415e-17 3.9942143191918856e-20 0.25005701914657247 -1.2039650640689366e-07 98.841570579326941 50.000319340153382 5798.8415705793268 -1.1584294206732011 0.0003193401533820861 1.001039922474648 1969.8656512455555 8030.1343487416952 0.012120343479330347 0 143998 0.99764359383252688 -0.0019850480977529018 1.0022611191044528 2499.9999999968081 -1.8013719487058323e-13 1.7354906090997171e-16 0.33658635234218981 0.33255101096075623 0.004035341381433577 0.2499998756640025
23500 0.25 0.43301270189221935 0.10060509514889701 24.929990913922552 0.00024107674941913315 6.6690249063505009e-05 0.00024107674941898415 6.6690249063503925e-05 0.25015464773142115 0.24999999999999956 -1.8755259406782521e-17 1.6881788565100641e-20 0.25005752586604474 -7.866713463439931e-08 23.817945882048669 50.000270801284152 5923.8179458820487 -1.1820541179513384 0.00027080128415235549 1.0010730096293761 1969.8656512455125 8030.1343487414515 0.012120422275007928 0 143925 0.99764381302651006 -0.0019498388495949102 1.0022646794431709 2499.999999996739 -1.8772985888608584e-13 1.6850116563886437e-16 0.33658649634530952 0.3325509916595572 0.0040355046857523114 0.24999987459939019
24000 0.25 0.43301270189221935 0.10060709781481778 24.929990444290357 0.0002408716446071664 6.6780476449741958e-05 0.00024087164460709167 6.6780476449741294e-05 0.25015664816343797 0.24999999999999972 -1.2602604290871122e-17 -1.4701010059220012e-20 0.2500575882867242 -5.8606076016163281e-08 48.794278539162974 50.000236168240853 6048.7942785391633 -1.2057214608366849 0.00023616824085337385 1.0010562761743458 1969.8656512454547 8030.1343487412651 0.012120365614983584 0 143919 0.9976430050220384 -0.0019250348087925145 1.0023215866550224 2499.9999999966531 -1.2559081121486762e-13 3.1678282359149248e-16 0.33658661945882995 0.33255103436546063 0.0040355850933693205 0.24999987447469479
24500 0.25 0.43301270189221935 0.10059854033768381 24.929996578701392 0.00024092660228053212 6.5858096823607812e-05 0.00024092660228027969 6.5858096823606172e-05 0.25015413819056953 0.24999999999999922 -1.1613092418602167e-17 -1.1267675873609329e-20 0.25005679954611115 5.4932156279041103e-08 73.769981938586696 50.000320634681017 6173.7699819385871 -1.2300180614129204 0.00032063468101739545 1.001053620075971 1969.865651245392 8030.134348741034 0.012120239735401408 0 144096 0.99764435063089951 -0.0018828745840093611 1.0023451473819773 2499.9999999965817 -1.1590044024757834e-13 -1.3311190931050486e-17 0.33658630243457721 0.33255106159448705 0.0040352408400901596 0.24999987609628707
25000 0.25 0.43301270189221935 0.10059651747303813 24.92999560208969 0.00023712753242768694 6.5296358366800637e-05 0.00023712753242763994 6.5296358366800393e-05 0.25015120497524151 0.24999999999999992 -2.1780053511992819e-17 -5.4463910249837833e-21 0.250056974851247 1.179170309251058e-07 98.744915729764983 50.000324803251907 6298.7449157297651 -1.2550842702348746 0.00032480325190675785 1.0010942793147823 1969.8656512453476 8030.1343487407785 0.0121205009347614 0 144234 0.99764402369476679 -0.0018617242812890259 1.0023387482117061 2499.9999999965303 -2.1852379281320395e-13 1.9333780275815114e-16 0.33658622785085235 0.33255106799448214 0.0040351598563702074 0.24999987554380293
25500 0.25 0.43301270189221935 0.10060155298019577 24.929992285381552 0.00023733435266430167 6.5362374440384245e-05 0.00023733435266456787 6.5362374440386183e-05 0.25015314918443443 0.25000000000000094 -1.412279327367392e-17 2.8160568820096915e-20 0.25005732352690452 1.8111484622938657e-07 23.720077215783313 50.000418720960319 6423.720077215783 -1.2799227842169785 0.00041872096031880801 1.0011286515637661 1969.8656512452933 8030.1343487405784 0.012120824914886029 0 144182 0.99764325693875877 -0.0019615452621906506 1.0023764984159005 2499.9999999964439 -1.4117863672099098e-13 -4.3536362182057473e-17 0.33658639547106717 0.33255103309194656 0.0040353623791206106 0.24999987472585902
26000 0.25 0.43301270189221935 0.10060408671726215 24.929992478170373 0.0002405293719903417 6.6089281396609299e-05 0.00024052937198990452 6.6089281396606019e-05 0.25015480308353022 0.24999999999999828 -1.0950654970905587e-17 1.6435741910603498e-20 0.2500574223995673 4.07409628712766e-08 48.696206799289726 50.000466364474192 6548.6962067992899 -1.3037932007100608 0.00046636447419245997 1.0010730022829506 1969.8656512452392 8030.1343487403637 0.012120859382636653 0 144233 0.99764388588326491 -0.0020169939383316957 1.0024252560177693 2499.9999999964043 -1.095863325561459e-13 -2.5058689146398134e-16 0.3365864818021187 0.3325510178201157 0.0040354639820029958 0.24999987468205431
26500 0.25 0.43301270189221935 0.10060016779004184 24.929994174584081 0.00024469691310192624 6.5982060499063502e-05 0.00024469691310197075 6.59820604990638e-05 0.25015588300234676 0.25000000000000011 -1.6075742167723457e-17 -2.0136678019222129e-20 0.25005707600151639 -8.7715548633922003e-08 73.672274548792899 50.000468001875859 6673.6722745487932 -1.3277254512067884 0.00046800187585915864 1.0010130351347166 1969.8656512451803 8030.1343487401236 0.012120791203535894 0 144231 0.99764462495709683 -0.0020688980573071031 1.0024806136060835 2499.9999999963211 -1.605263267037031e-13 -4.6093221084840006e-16 0.33658632571601615 0.33255101920589258 0.0040353065101235708 0.249999875474781
27000 0.25 0.43301270189221935 0.10060236065703636 24.929992775934345 0.00024635341404320396 6.6355986924679293e-05 0.00024635341404302387 6.6355986924678182e-05 0.25015401987486591 0.24999999999999936 -1.8614073498742053e-17 -1.128175424862664e-20 0.25005730445272489 -7.4530275760757107e-08 98.648747133755492 50.000470994403869 6798.6487471337559 -1.3512528662440673 0.00047099440386944025 1.0010389629572092 1969.8656512451316 8030.1343487398608 0.012120754948520579 0 144245 0.99764388310995467 -0.0020933975432175355 1.0024762538350394 2499.9999999962556 -1.8654045890746816e-13 1.6934521728830814e-16 0.33658640447824856 0.33255100978073582 0.0040353946975127397 0.24999987503563983
27500 0.25 0.43301270189221935 0.10060053569854409 24.929995881199972 0.00024633029408984163 6.6555027282194667e-05 0.00024633029409017854 6.6555027282196808e-05 0.25015606460113016 0.25000000000000111 -1.9013939838395079e-17 -4.4991017471729488e-21 0.25005742819600096 -1.0523429193796928e-07 23.624949640965436 50.000435358378496 6923.6249496409655 -1.3750503590345033 0.00043535837849617565 1.0010626298868954 1969.8656512450736 8030.1343487396516 0.012120548793755608 0 144287 0.99764384735811351 -0.0021187992207933864 1.0024583188692116 2499.9999999962029 -1.9020117741988337e-13 -1.2291367852048239e-16 0.33658636118683061 0.33255104019528531 0.0040353209915452992 0.2499998747927426
28000 0.25 0.43301270189221935 0.10059793367890284 24.929994815678263 0.00024540452480183178 6.6054999673162949e-05 0.00024540452480206933 6.6054999673164575e-05 0.25015465151503441 0.25000000000000083 -2.7508142955746227e-17 2.4961511863276537e-20 0.25005698896868034 -4.4496574826770332e-08 48.60063366862628 50.00040326011662 7048.600633668626 -1.3993663313740399 0.00040326011662017436 1.001041575774593 1969.8656512450216 8030.1343487394279 0.012120590231253191 0 144360 0.99764358519730745 -0.002153008515763135 1.0024281492859324 2499.9999999960787 -2.7603054009912214e-13 -1.7844411924953428e-16 0.33658625148745475 0.33255103469648944 0.0040352167909653014 0.2499998756931022
28500 0.25 0.43301270189221935 0.10060517184127661 24.929992255480531 0.00024477263729867334 6.6409825506327054e-05 0.00024477263729874951 6.6409825506327664e-05 0.25015351240664085 0.25000000000000039 -2.7490809167635064e-17 -1.1183075567630879e-20 0.25005731468948439 3.4010849115692936e-08 73.576685004766603 50.000424199840225 7173.5766850047667 -1.4233149952333406 0.00042419984022501467 1.0010562090843045 1969.8656512449604 8030.1343487392187 0.012120437329703962 0 144332 0.99764363263563582 -0.0021687005111730487 1.0023866815827398 2499.9999999960478 -2.7475789142619493e-13 -2.9921555212064125e-16 0.33658652889558394 0.33255102135068448 0.0040355075448994526 0.24999987502352297
29000 0.25 0.43301270189221935 0.10060007246644224 24.929995625363976 0.00024303894665885471 6.687406949951706e-05 0.00024303894665925974 6.6874069499519933e-05 0.2501552947203477 0.25000000000000139 -2.4279266553347281e-17 -5.2843507373397585e-20 0.25005742136058196 4.836441940230837e-08 98.553104250294155 50.000559294286546 7298.5531042502944 -1.4468957497056181 0.00055929428654621915 1.0010713139837351 1969.8656512449102 8030.1343487389722 0.012120533267146171 0 144275 0.9976431802325465 -0.0021814163697774238 1.0023385950858115 2499.999999995965 -2.4310961329098534e-13 -8.2728868938769595e-16 0.33658635052201302 0.33255104807037156 0.0040353024516414648 0.24999987489962017
29500 0.25 0.43301270189221935 0.10059486948804283 24.930000924747169 0.00024124514707207919 6.6278097449048239e-05 0.0002412451470729542 6.6278097449053633e-05 0.25015475436501161 0.25000000000000272 -2.4495213198679466e-17 6.0688548727871681e-20 0.25005716333585615 -3.7820193722465201e-08 23.529042657027986 50.000489957014345 7423.5290426570282 -1.4709573429718148 0.000489957014345066 1.001044702650594 1969.8656512448567 8030.1343487387785 0.01212038189816249 0 144341 0.99764408932539717 -0.0021846660723908833 1.00229260369438 2499.9999999959173 -2.4509656789235676e-13 6.1956543474356317e-16 0.33658617982013356 0.33255108692977647 0.0040350928903570837 0.24999987536456061
29999 0.25 0.43301270189221935 0.10059738275799118 24.929995358949192 0.00023681625697252325 6.5341151207632254e-05 0.00023681625697227426 6.5341151207630642e-05 0.25015093226796919 0.24999999999999922 -3.0212901395475193e-17 8.3403070605854029e-21 0.25005631379295107 2.0367604485420944e-07 48.254086411590521 50.000547616392637 7548.2540864115908 -1.4959135884091666 0.0005476163926374511 1.001068688510047 1969.8656512447888 8030.1343487385448 0.012120326686982607 0 144157 0.99764416249930055 -0.0021993061702504689 1.0019924453313807 2499.9999999958391 -3.0272380340190014e-13 -1.0215916725889636e-16 0.3365862601109727 0.33255106550665925 0.0040351946043134523 0.24999987710505872
