# 1:passo  2:R0  3:|a2|/R0  4:|a4|/R0  5:|a8|/R0  6:rmin  7:rmax
0 24.99530979 7.439154633e-17 9.52226216e-05 8.27724819e-05 24.98429581 25.00965244
500 24.86939422 7.983718748e-17 0.002161359292 0.0003255536567 24.80729969 24.95151711
1000 24.73678484 2.049900499e-16 0.005037208232 0.0001632609165 24.58621338 24.8745968
1500 24.57881536 1.787244166e-16 0.0007398982308 0.0005843697089 24.5221814 24.60041708
2000 24.48368027 2.65286011e-16 0.003144767186 0.0004985612663 24.37358505 24.5600087
2500 24.45193451 1.678517009e-16 0.003970180541 0.000451233699 24.32176923 24.55006204
3000 24.5006283 2.285904213e-16 0.001719468803 0.0003209988658 24.42810985 24.54795219
3500 24.62099088 1.059612853e-16 0.002497608459 4.380783701e-05 24.53653445 24.69511885
4000 24.7430423 2.201820207e-16 0.001963427623 0.0001862865447 24.67976093 24.81279965
4500 24.82515028 2.207630546e-16 0.001220673579 0.0005391517147 24.7918303 24.88724438
5000 24.80369742 2.070687522e-16 0.002594346368 0.0006476838957 24.73859155 24.90334245
5500 24.75341369 2.326581224e-16 0.003636163345 0.0005855880675 24.65736651 24.87643858
6000 24.68315621 6.023570339e-17 0.003384973181 0.0003790713492 24.58671337 24.79137949
6500 24.61883249 3.354659371e-16 0.003894266154 0.0001047943839 24.50467675 24.72956402
7000 24.56285724 1.677784117e-16 0.004413147663 0.0001253628782 24.4297645 24.67951642
7500 24.58165746 3.561885283e-16 0.004095155916 0.0002471267682 24.45323889 24.68911362
8000 24.6419954 2.824917607e-16 0.00272765906 0.0003878187922 24.5430621 24.71368667
8500 24.70355915 1.346642688e-16 0.001484155984 0.0003714235606 24.63736512 24.74541728
9000 24.7413395 3.319650733e-16 0.001559777414 0.0001705937795 24.68018584 24.79029049
9500 24.71516994 3.122384754e-16 0.002201643061 2.224800466e-05 24.64241102 24.78462485
10000 24.68669552 1.644537763e-16 0.002741902813 0.0002156736311 24.60348085 24.77458418
10500 24.65312431 2.622967608e-16 0.003035392666 0.0003287103622 24.56459982 24.75027248
11000 24.62245279 6.259265464e-17 0.00336608116 0.000396659685 24.52832174 24.7279728
11500 24.59504759 2.578572351e-16 0.004021202372 0.0003799009194 24.48356987 24.71576407
12000 24.61931336 4.250901336e-16 0.00452118421 0.000301631235 24.49341891 24.75260812
12500 24.67320845 1.546807277e-16 0.003682545278 5.973985305e-05 24.56180383 24.78132057
13000 24.72604191 3.480710536e-16 0.002613632216 0.0001356639238 24.63777745 24.80314346
13500 24.75706014 1.657310759e-16 0.002441728071 0.0001459836989 24.67418444 24.82995523
14000 24.73660495 2.29877583e-16 0.002571963122 0.0001977990987 24.64886414 24.81085225
14500 24.69928988 2.85058776e-16 0.002374053427 0.0001963689977 24.61498822 24.76771654
15000 24.65280758 4.188888289e-16 0.002406213611 0.0001479578457 24.56816134 24.72179249
15500 24.60717674 4.243962864e-16 0.002770721494 2.887390805e-05 24.51714671 24.68671603
16000 24.57022833 3.293925012e-16 0.003324558326 0.0001023442421 24.46943767 24.66607468
16500 24.58296666 5.201900603e-16 0.003822990954 0.0001910751435 24.47181795 24.69463774
17000 24.63492797 1.479371685e-16 0.003439977155 0.0001982352155 24.53288524 24.73902739
17500 24.69803287 3.122709818e-16 0.002835792543 0.0001424573206 24.6104726 24.78700894
18000 24.74793867 2.135606779e-16 0.002692078484 0.0001702251349 24.66611716 24.8353469
18500 24.75682102 2.856034626e-16 0.002954097143 8.171636218e-05 24.66658063 24.84908735
19000 24.73721524 5.444837089e-16 0.002909172078 2.548538545e-05 24.64453774 24.82490583
19500 24.69863363 1.735210765e-16 0.002834655574 0.0001073172426 24.60491955 24.78073142
20000 24.64974145 3.865552981e-16 0.002901000021 0.0001362581771 24.55376163 24.73091262
20500 24.59955919 1.519624651e-16 0.003124772261 0.0001182284775 24.49815202 24.68549223
21000 24.58301814 8.945501757e-17 0.003382730818 8.926613198e-05 24.47577701 24.67640039
21500 24.60451388 2.894946441e-16 0.003115852397 4.840315349e-05 24.50451156 24.6932297
22000 24.64874378 1.097509346e-16 0.002720950822 2.854763811e-05 24.5593814 24.72880506
22500 24.69684081 4.78917162e-16 0.002551371709 7.89337824e-05 24.61531233 24.77642355
23000 24.72483546 1.44790661e-16 0.002721610762 0.0001287309566 24.64093062 24.81099733
23500 24.72921353 1.285851751e-16 0.002817003812 0.0001421366741 24.6430303 24.81852296
24000 24.71380044 2.425087164e-16 0.00292736625 0.0001163163529 24.62360351 24.80460956
24500 24.68229399 4.269292656e-17 0.003082462059 6.796429399e-05 24.58693707 24.7743896
25000 24.64171864 7.380360266e-16 0.00332260814 1.391485185e-05 24.53880187 24.73699396
25500 24.61762812 1.25316103e-16 0.003571484203 4.126176026e-05 24.50696153 24.71743157
26000 24.62112834 2.854681851e-16 0.00335799018 8.482572897e-05 24.51439486 24.71510833
26500 24.64553783 3.374649733e-16 0.002887317191 0.0001364314883 24.54929803 24.72695418
27000 24.67718335 2.350732605e-16 0.002540538084 0.0001041766516 24.59092943 24.75131331
27500 24.6991671 4.105623187e-16 0.002515459347 5.812947075e-05 24.61525625 24.77435742
28000 24.70420975 3.268364252e-16 0.00256638153 3.415788717e-06 24.62041749 24.78233189
28500 24.69519423 5.965393489e-16 0.002696851877 4.77311666e-05 24.60903283 24.77763832
29000 24.67521686 2.002071996e-16 0.002901386772 8.864714979e-05 24.58479806 24.76309494
29500 24.64870493 2.893151992e-16 0.003160324285 0.0001103657554 24.55220181 24.74268528
29999 24.63061795 5.047097031e-16 0.003471688886 0.0001040834285 24.52600468 24.73193363
