# 1:passo  2:raio_area  3:raio_grad  4:raio_linha  5:p_in  6:p_out  7:delta_p  8:sigma  9:|u-v0|max  10:|u-v0|rms  11:Ca  12:massa_R  13:massa_B  14:|q|  15:sd_p_in  16:sd_p_out  17:sigma_2pontos  18:K_perfil  19:r_perfil  20:espessura_10_90  21:residuo_ajuste  22:n_camadas
0 25.04052139 25.08111096 25 0.3333333333 0.3333333333 -2.220446049e-16 -5.560112678e-15 2.501853777e-17 7.537089035e-18 0 1969.865651 8030.134349 1.180016833e-16 2.78221524e-08 0 1.387778781e-15 1.273345395 25.01411833 3.451105388 0.08159937045 12
500 24.99744902 25.02672977 24.94791852 0.3341483877 0.3333123174 0.000836070295 0.02089962457 0.003915337284 0.001649502462 0.001248933849 1969.865651 8030.134349 6.664110248e-14 0.0001968823783 0.0004961807 0.05401849817 1.295329709 24.97342956 3.392533287 0.07595395099 12
1000 24.95089138 24.97952366 24.90861959 0.3356515351 0.3327990179 0.00285251722 0.07117284731 0.004093673905 0.00232031296 0.0003834490314 1969.865651 8030.134349 1.095573533e-13 5.937259963e-05 0.0004690807255 0.04782200177 1.296297777 24.92521907 3.38999976 0.07689032353 12
1500 24.89653591 24.92276274 24.85180405 0.3377895695 0.3320821455 0.005707424002 0.1420950866 0.0040954551 0.002196024087 0.0001921462216 1969.865651 8030.134349 7.37812896e-14 3.438706936e-05 0.0004697747251 0.1894709048 1.294362932 24.86819937 3.395067214 0.07950498122 12
2000 24.86188117 24.88648029 24.81044741 0.3383219471 0.3315463078 0.006775639303 0.1684551392 0.003934883658 0.001398444485 0.0001557242946 1969.865651 8030.134349 1.052856899e-13 0.0003208404946 0.0003234666557 0.1609087906 1.296398607 24.83250019 3.389736098 0.08096593446 12
2500 24.85597445 24.87974975 24.80252954 0.3392359834 0.3316258423 0.007610141117 0.1891574732 0.003959051726 0.001181764872 0.0001395328333 1969.865651 8030.134349 1.305633338e-13 0.0001271270037 0.0002071231025 0.2035788071 1.29628867 24.82609059 3.390023579 0.08148917361 12
3000 24.87641177 24.90008122 24.82272925 0.3390795103 0.3321990159 0.006880494447 0.1711620131 0.004812805394 0.001736297343 0.0001874561342 1969.865651 8030.134349 8.538375852e-14 0.0002271893172 0.000485938146 0.1501684151 1.295884569 24.84748514 3.391080702 0.08315869064 12
3500 24.91946542 24.94441979 24.86290547 0.3372661998 0.3328552021 0.0044109977 0.1099197047 0.005126169763 0.001948805478 0.000310903902 1969.865651 8030.134349 8.602670349e-14 0.0001137934793 0.0008432927365 0.0673684216 1.295606916 24.89158147 3.391807423 0.07838944847 12
4000 24.96254363 24.9899044 24.90278181 0.3356699717 0.3333464278 0.002323543929 0.05800156671 0.004841561346 0.001547694658 0.0005564862723 1969.865651 8030.134349 1.527240514e-13 7.128911662e-05 0.0008751106549 0.03459685046 1.296128755 24.93665753 3.390441836 0.07519376252 12
4500 24.98500797 25.0145371 24.93231526 0.3344541197 0.3334199505 0.001034169164 0.02583872479 0.004644400138 0.00124603458 0.001198304786 1969.865651 8030.134349 1.977669371e-13 0.0001236111942 0.000734016348 -0.009023376078 1.296558685 24.96039011 3.389317588 0.07410941238 12
5000 24.97493758 25.00515352 24.93000216 0.3351956455 0.3333041091 0.001891536419 0.04724100399 0.005063193147 0.001647570949 0.0007145195514 1969.865651 8030.134349 2.058916272e-13 1.317643789e-05 0.0001390210949 0.04632615008 1.295825768 24.95011531 3.39123458 0.0749438255 12
5500 24.95009797 24.9798195 24.91301757 0.3356288911 0.3326349171 0.002993973941 0.07469994314 0.005008403892 0.001870195865 0.0004469797148 1969.865651 8030.134349 1.813059562e-13 0.0001160180218 0.0005518629004 0.07210918795 1.295825781 24.92423245 3.391234547 0.07737747446 12
6000 24.92168644 24.95027242 24.88534571 0.3366785647 0.3319282961 0.004750268565 0.1183847037 0.004614662405 0.001517111355 0.0002598681678 1969.865651 8030.134349 1.742491853e-13 4.435594062e-05 0.0009990617761 0.1681586449 1.295446841 24.8945528 3.39222654 0.07918858781 12
6500 24.90163106 24.92863337 24.86475447 0.3369779271 0.3315359239 0.005442003138 0.1355147544 0.004375439052 0.0008557823353 0.0002152503158 1969.865651 8030.134349 1.945243463e-13 0.0001168516667 0.001065328575 0.1803646452 1.29689055 24.87346865 3.388450286 0.08124747978 12
7000 24.89470942 24.91973711 24.856463 0.3375883123 0.3317408918 0.005847420499 0.1455698342 0.003966291779 0.00123756096 0.0001816444 1969.865651 8030.134349 1.403357739e-13 4.984480855e-05 0.0008687282423 0.1796801834 1.296338489 24.8656708 3.389893297 0.08240695631 12
7500 24.91032851 24.93478312 24.86818522 0.3374607173 0.3322489864 0.00521173091 0.1298259291 0.004700070131 0.001802476147 0.0002413524101 1969.865651 8030.134349 1.772856293e-13 0.0001258474276 0.0002925356239 0.1441432281 1.296013906 24.88148041 3.390742285 0.08181997175 12
8000 24.93624368 24.96099234 24.88350799 0.3363831939 0.3328123053 0.003570888643 0.08904454935 0.005018058396 0.001830395972 0.0003756964675 1969.865651 8030.134349 2.13088283e-13 2.428585845e-05 0.0003840709998 0.06695629571 1.295298856 24.90840115 3.392614094 0.0789204968 12
8500 24.95758999 24.9838678 24.89754483 0.3357320428 0.333245159 0.002486883808 0.06206662642 0.004187553279 0.001169035487 0.0004497911916 1969.865651 8030.134349 2.326377788e-13 1.917751559e-05 0.0008721903909 0.02967673613 1.295787071 24.93112083 3.391335856 0.07611519831 12
9000 24.95985637 24.9875193 24.90264406 0.335758506 0.3333981089 0.002360397076 0.058915172 0.004114227366 0.0007344777678 0.000465553804 1969.865651 8030.134349 2.693411393e-13 3.0718731e-05 0.001096073052 0.01412507207 1.295665772 24.93400474 3.391653348 0.07524155825 12
9500 24.94077444 24.96881845 24.88829978 0.3365519307 0.3332641128 0.003287817968 0.08200072632 0.004710668106 0.001294487102 0.0003829777546 1969.865651 8030.134349 2.641477558e-13 5.933171242e-05 0.0007775898423 0.04482062022 1.295337885 24.91461566 3.392511874 0.07588114053 12
10000 24.91896205 24.94724695 24.87247394 0.3369799171 0.3326375416 0.004342375547 0.1082074914 0.004990816195 0.001714891837 0.0003074843296 1969.865651 8030.134349 2.843203098e-13 1.151082129e-05 0.0003814034569 0.09012792111 1.295616026 24.89217902 3.391783574 0.07739791817 12
10500 24.90035775 24.92842497 24.85643847 0.3375438481 0.3320054001 0.005538447975 0.137909336 0.00500466464 0.001493236328 0.0002419301833 1969.865651 8030.134349 3.119465931e-13 3.090300397e-05 0.0003125367691 0.1619091512 1.295884642 24.87291108 3.39108051 0.07866659917 12
11000 24.89294089 24.92023378 24.85258694 0.3375644122 0.3317040024 0.005860409777 0.1458828342 0.004633217907 0.001011071167 0.0002117323779 1969.865651 8030.134349 3.143928116e-13 3.229183757e-05 0.0006007020158 0.1696974307 1.296883956 24.86493074 3.388467513 0.08040728304 12
11500 24.90183553 24.9281779 24.86477301 0.3376208103 0.331878211 0.005742599358 0.1430012647 0.004211651405 0.00106900166 0.0001963456483 1969.865651 8030.134349 3.282267967e-13 7.358144251e-05 0.0007906671558 0.1739049488 1.296411806 24.87346701 3.389701586 0.08145908397 12
12000 24.92840706 24.95451389 24.8899394 0.3366614191 0.3322731402 0.004388278882 0.1093928022 0.004800641584 0.00144652012 0.0002925629161 1969.865651 8030.134349 3.449456786e-13 4.872933484e-05 0.0006203491416 0.1294105689 1.296198376 24.90051643 3.390259729 0.0808141294 12
12500 24.95866735 24.98512144 24.9129649 0.3352792606 0.3327447605 0.002534500066 0.06325774405 0.00482828643 0.001448375996 0.0005088479946 1969.865651 8030.134349 3.87272777e-13 0.000135021611 0.0002879753327 0.07007660141 1.295994978 24.93179569 3.390791809 0.07848810358 12
13000 24.97713892 25.00451949 24.92739829 0.3346645803 0.3331211455 0.001543434835 0.0385505863 0.004110003007 0.001038117606 0.0007107549502 1969.865651 8030.134349 3.700702557e-13 0.0001404112719 0.0001682042494 0.0364566616 1.296266204 24.95122964 3.390082332 0.07664062234 12
13500 24.97230831 25.00014016 24.92348097 0.3350738754 0.3332793422 0.001794533182 0.04481363588 0.003827771239 0.0009666695931 0.0005694354949 1969.865651 8030.134349 4.016925928e-13 8.174954844e-05 0.0003473593472 0.02767653384 1.295598694 24.94650513 3.391828947 0.0762232165 12
14000 24.94828048 24.97595505 24.8995841 0.3361250332 0.3331083199 0.003016713268 0.07526180873 0.004003582109 0.001331425652 0.0003546360079 1969.865651 8030.134349 3.771000418e-13 2.115510072e-05 0.0003657387942 0.0534258845 1.295092738 24.92189459 3.39315404 0.0767546952 12
14500 24.91964783 24.94705942 24.87071487 0.3370329728 0.3325457882 0.004487184555 0.1118190588 0.004199822043 0.001507823402 0.0002503939303 1969.865651 8030.134349 3.906682635e-13 4.646813225e-05 0.0002973886594 0.1001242041 1.295152842 24.89247204 3.392996572 0.07769293335 12
15000 24.89371667 24.92058968 24.84410861 0.337924143 0.332051615 0.005872528092 0.1461890505 0.004391330827 0.001137472932 0.0002002580819 1969.865651 8030.134349 3.770788512e-13 9.23583864e-05 0.000211089821 0.1545577891 1.295730967 24.86577311 3.391482698 0.07875957282 12
15500 24.8799516 24.90592642 24.83277817 0.3383153243 0.3318827525 0.006432571744 0.1600420736 0.004299409734 0.0007178842277 0.0001790949774 1969.865651 8030.134349 4.121318147e-13 6.530036613e-05 5.903935632e-05 0.1630102689 1.296551469 24.8513575 3.389336452 0.08030686175 12
16000 24.88676432 24.91219378 24.84246092 0.3383455138 0.3320653819 0.006280131848 0.1562921612 0.004310988285 0.0009912368013 0.0001838858819 1969.865651 8030.134349 3.926053696e-13 0.0001431949914 9.595031397e-05 0.1638621829 1.296271875 24.85800079 3.3900675 0.08100642387 12
16500 24.91391531 24.93970365 24.86830311 0.3372326133 0.3323925479 0.00484006538 0.120584979 0.004766619521 0.001421244646 0.000263527545 1969.865651 8030.134349 4.118072461e-13 6.239523179e-05 4.126266186e-05 0.1210842492 1.296150018 24.88589395 3.390386216 0.07995912344 12
17000 24.94707832 24.973867 24.89731632 0.335800535 0.3327688259 0.003031709151 0.07563228563 0.004574502652 0.001367130135 0.0004032230957 1969.865651 8030.134349 4.405786752e-13 8.770850127e-05 0.0001182380926 0.07142089076 1.296161175 24.92029919 3.390357033 0.07775332943 12
17500 24.97061036 24.99870575 24.92160138 0.3350247896 0.3330630782 0.001961711453 0.04898513233 0.00422164803 0.0009275163931 0.0005745482121 1969.865651 8030.134349 4.959570278e-13 8.904402673e-05 0.0001485812349 0.04322808514 1.296372017 24.94487765 3.389805625 0.07634517039 12
18000 24.97306693 25.00171968 24.9279558 0.33506593 0.3331732548 0.001892675234 0.04726590531 0.004291330646 0.0007443649173 0.000605275003 1969.865651 8030.134349 5.123295384e-13 6.52391667e-05 0.0001232348875 0.03815681161 1.295846081 24.94751882 3.39118142 0.07625755156 12
18500 24.95821281 24.98675693 24.91517145 0.3355683506 0.3329600201 0.00260833055 0.06509926895 0.00437076314 0.001114193531 0.000447599818 1969.865651 8030.134349 5.380798091e-13 5.030609039e-05 0.0002052346534 0.06040243832 1.295529076 24.93220666 3.392011216 0.07697346973 12
19000 24.9356091 24.9637192 24.89261142 0.3362156383 0.3324555814 0.003760056846 0.09375930773 0.004284059774 0.001325113798 0.0003046140078 1969.865651 8030.134349 5.67573018e-13 5.245234521e-05 0.000259743867 0.1063053191 1.295520399 24.90885365 3.392033934 0.07797102738 12
19500 24.91124269 24.93843739 24.86697966 0.3370487698 0.3320574614 0.00499130841 0.1243396951 0.004133240105 0.001092545106 0.0002216101142 1969.865651 8030.134349 6.122782032e-13 1.913809368e-05 0.0003952393158 0.1467659383 1.295926101 24.8836195 3.390972024 0.07917636443 12
20000 24.89495621 24.92090694 24.85098546 0.3377361474 0.3319538941 0.00578225328 0.1439489422 0.003897406279 0.0008223573855 0.0001804994752 1969.865651 8030.134349 6.609076957e-13 3.255910231e-05 0.0003173837184 0.1566484508 1.296235612 24.86650989 3.39016234 0.08058558751 12
20500 24.89561251 24.9207734 24.85079563 0.3380323551 0.3321312289 0.005901126185 0.1469121509 0.004176185864 0.0009509427562 0.0001895094377 1969.865651 8030.134349 6.687300766e-13 0.0001428115699 0.0001527845139 0.1541789033 1.295899271 24.86687084 3.391042231 0.08095449575 12
21000 24.91279775 24.93803241 24.86343495 0.3373074609 0.3324383713 0.004869089592 0.1213026442 0.00467327369 0.001221420245 0.0002568382424 1969.865651 8030.134349 6.739045632e-13 6.816441915e-05 0.0001848007955 0.1138980073 1.295845249 24.8846001 3.391183598 0.07972894998 12
21500 24.93565481 24.96173672 24.88160806 0.3363420575 0.3327923418 0.003549715675 0.08851448472 0.004469743591 0.001121659132 0.0003366487497 1969.865651 8030.134349 6.303336331e-13 2.96172806e-05 0.0004352163756 0.07306302392 1.296017555 24.90847416 3.390732739 0.07777891675 12
22000 24.95189207 24.9791714 24.89892112 0.3358349581 0.3330662421 0.002768715988 0.06908470249 0.004235373912 0.0008115721676 0.0004087131458 1969.865651 8030.134349 6.813821838e-13 2.914554419e-05 0.0005518096638 0.04908594132 1.296146036 24.92558184 3.390396632 0.07660115772 12
22500 24.95378312 24.98180247 24.90467911 0.3358543668 0.3331446385 0.002709728317 0.06761797274 0.004401495866 0.0007981069019 0.0004339571949 1969.865651 8030.134349 6.707491889e-13 1.562632281e-05 0.0004350445801 0.04588207089 1.295751806 24.92773254 3.391428153 0.07642242285 12
23000 24.94503961 24.97341622 24.89903036 0.336100586 0.3328982667 0.003202319344 0.07988198288 0.004579418305 0.001116099863 0.0003821819923 1969.865651 8030.134349 6.654422113e-13 1.478539188e-05 0.0001767860871 0.06766707727 1.295593395 24.91880757 3.391842819 0.07688262401 12
23500 24.93119894 24.95957558 24.88712907 0.3364394898 0.3324332197 0.004006270131 0.09988111763 0.004589581132 0.00120322563 0.0003063362553 1969.865651 8030.134349 6.557837036e-13 2.285048848e-05 0.0001676619391 0.1090664199 1.295717698 24.90452555 3.391517429 0.07771118259 12
24000 24.91618013 24.94393678 24.87358853 0.3368834517 0.3320896224 0.004793829228 0.1194439125 0.004438123802 0.000923249557 0.0002477103386 1969.865651 8030.134349 6.393226197e-13 1.937359892e-05 0.0004525460436 0.1408695497 1.29617511 24.88887209 3.390320583 0.0789760231 12
24500 24.90768519 24.93440226 24.86726506 0.3372467216 0.3320100644 0.00523665721 0.1304330093 0.004143352037 0.0006660283683 0.0002117742056 1969.865651 8030.134349 6.378929537e-13 1.134701095e-05 0.0005512698855 0.1510550785 1.296334016 24.87971404 3.389904995 0.08037994007 12
25000 24.91208057 24.93804164 24.87116214 0.3372493537 0.3321650955 0.005084258194 0.1266594498 0.004300038247 0.0008729565556 0.0002263306978 1969.865651 8030.134349 6.327122332e-13 5.762346311e-05 0.0004524542115 0.1452274026 1.296034898 24.88388376 3.390687366 0.08072981148 12
25500 24.92737266 24.95320028 24.88167994 0.3365817317 0.3324405374 0.004141194305 0.1032290937 0.004552268963 0.001147877218 0.0002939913416 1969.865651 8030.134349 6.661891258e-13 2.417877004e-05 0.000168616188 0.109086378 1.295934403 24.89959406 3.390950301 0.07964441843 12
26000 24.94411989 24.97043392 24.89345103 0.3359568867 0.3327601084 0.003196778315 0.07974082153 0.004276586101 0.001064207836 0.0003575405101 1969.865651 8030.134349 6.713617376e-13 6.092474334e-05 0.0001649639519 0.07481023421 1.295983657 24.91707719 3.390821429 0.07802935378 12
26500 24.95241569 24.97943303 24.90099626 0.3358219312 0.333009664 0.002812267161 0.07017285923 0.004046953747 0.0007842286678 0.0003844747377 1969.865651 8030.134349 6.644325149e-13 2.48436992e-05 0.0003911875668 0.05440792805 1.295882344 24.92591253 3.391086526 0.07704545513 12
27000 24.94795476 24.97536795 24.89765743 0.3361041202 0.3330718325 0.003032287738 0.07564937729 0.004160877101 0.00072502211 0.0003666808857 1969.865651 8030.134349 7.104900811e-13 1.683160826e-05 0.000448561886 0.05279605317 1.295515683 24.92151746 3.392046282 0.07682924281 12
27500 24.93544407 24.96307507 24.88632039 0.3365027613 0.3328427065 0.003660054771 0.09126509103 0.004359751867 0.0009864679642 0.0003184680157 1969.865651 8030.134349 7.416253762e-13 2.441047297e-05 0.0003423207815 0.07430386008 1.295455177 24.90877185 3.39220471 0.0771388521 12
28000 24.92019062 24.94783066 24.87229947 0.3369195144 0.3324529089 0.004466605542 0.1113086615 0.004474795116 0.001062538511 0.0002680111955 1969.865651 8030.134349 7.034964892e-13 1.990250043e-05 0.0001621471217 0.1105736956 1.295696425 24.89312052 3.39157311 0.07781860945 12
28500 24.90695332 24.93418345 24.86105106 0.3373171021 0.3321716313 0.005145470817 0.1281580014 0.004431443829 0.0008695329836 0.0002305198156 1969.865651 8030.134349 7.27719087e-13 2.161197162e-05 0.0001329730017 0.136709605 1.296156306 24.87938184 3.390369769 0.07891700601 12
29000 24.90284233 24.92945714 24.85974543 0.3375329702 0.3321056325 0.005427337666 0.1351561341 0.004264061444 0.0007120772341 0.0002103276812 1969.865651 8030.134349 7.363564019e-13 4.56166153e-05 0.0002638976046 0.1462275684 1.296265541 24.87484655 3.390084066 0.08000826382 12
29500 24.91201235 24.93830328 24.86935621 0.3372766762 0.3322288027 0.005047873503 0.125752687 0.004395410757 0.0008680366507 0.0002330187853 1969.865651 8030.134349 7.376391044e-13 6.230556617e-05 0.0002919150373 0.1378463868 1.296084785 24.88403455 3.390556858 0.08014298549 12
29999 24.93137068 24.95782803 24.88571556 0.336433692 0.3324764296 0.003957262377 0.0986599752 0.004517030316 0.001040751007 0.0003052254512 1969.865651 8030.134349 7.075285656e-13 2.957805248e-05 0.000167354267 0.1041196153 1.296085621 24.9039582 3.390554669 0.07909179539 12
