# 1:passo  2:R0  3:|a2|/R0  4:|a4|/R0  5:|a8|/R0  6:rmin  7:rmax
0 24.99530979 1.096091932e-16 9.52226216e-05 8.27724819e-05 24.98429581 25.00965244
500 24.9298773 1.368289096e-16 0.0001247448845 9.619611265e-05 24.92009746 24.9452898
1000 24.89259646 1.518589389e-16 0.0003456387236 9.931148245e-05 24.87810679 24.91089648
1500 24.87261051 7.318513058e-17 0.00039062597 0.0001001581266 24.85743057 24.89121276
2000 24.8681856 9.414711925e-17 0.0003949296444 0.0001001072853 24.85299 24.88675215
2500 24.87295645 7.297857474e-17 0.0003720372604 9.999714738e-05 24.85820936 24.89131113
3000 24.88026208 2.110590884e-16 0.000339645158 9.985358552e-05 24.86614681 24.89830566
3500 24.8857581 1.585187616e-16 0.000315425893 9.971480533e-05 24.87211984 24.90355238
4000 24.88803428 2.83999945e-16 0.0003060848985 9.965760226e-05 24.87457916 24.90573016
4500 24.88772986 1.149985202e-16 0.0003087026364 9.968475526e-05 24.87421884 24.90545722
5000 24.88624606 1.77921731e-16 0.0003166652802 9.974286057e-05 24.87257214 24.90406277
5500 24.88478673 1.529033621e-16 0.0003242475062 9.978775772e-05 24.87095809 24.90268726
6000 24.8839555 2.153118539e-17 0.0003285482135 9.980646044e-05 24.87003885 24.90190331
6500 24.88379822 2.331169309e-16 0.0003293647293 9.980496285e-05 24.86986449 24.90175519
7000 24.88405541 1.521522493e-16 0.0003280244464 9.979407591e-05 24.87014872 24.90199789
7500 24.88441904 1.835930296e-16 0.000326117994 9.978275942e-05 24.87055119 24.90234064
8000 24.88468519 1.411071286e-16 0.0003247104789 9.977590919e-05 24.87084619 24.90259124
8500 24.88478926 1.293682415e-16 0.0003241470544 9.977432089e-05 24.87096195 24.90268899
9000 24.88476576 6.147351209e-17 0.0003242548116 9.977617966e-05 24.8709364 24.90266659
9500 24.884686 6.230761565e-17 0.0003246646567 9.977904814e-05 24.87084834 24.9025913
10000 24.88461046 2.98693877e-16 0.0003250597079 9.978123036e-05 24.87076473 24.9025201
10500 24.88456871 1.91424828e-17 0.0003252821189 9.978214406e-05 24.8707184 24.90248082
11000 24.88456192 1.455535424e-16 0.0003253222347 9.978202141e-05 24.87071075 24.9024745
11500 24.88457608 6.447523716e-17 0.0003252512131 9.978141383e-05 24.87072634 24.9024879
12000 24.88459518 4.928107171e-17 0.0003251523527 9.978080842e-05 24.87074745 24.90250591
12500 24.88460885 7.023221571e-17 0.0003250804212 9.978045703e-05 24.87076259 24.90251878
13000 24.88461399 7.236195128e-17 0.0003250525135 9.978038431e-05 24.8707683 24.90252361
13500 24.88461256 4.117087823e-17 0.0003250590717 9.978048647e-05 24.87076675 24.90252225
14000 24.88460833 2.318596172e-16 0.000325080735 9.978063649e-05 24.87076208 24.90251826
14500 24.88460441 1.924164099e-16 0.0003251011619 9.978074856e-05 24.87075775 24.90251457
15000 24.8846023 8.405770459e-17 0.0003251124067 9.978079411e-05 24.87075541 24.90251258
15500 24.884602 1.101607352e-17 0.000325114194 9.978078618e-05 24.87075507 24.9025123
16000 24.88460277 1.193489571e-16 0.0003251103358 9.978075387e-05 24.87075592 24.90251303
16500 24.88460377 5.69225869e-17 0.0003251051671 9.978072244e-05 24.87075702 24.90251397
17000 24.88460447 1.614953607e-16 0.0003251014809 9.978070461e-05 24.8707578 24.90251463
17500 24.88460472 1.749559801e-16 0.000325100104 9.978070128e-05 24.87075808 24.90251487
18000 24.88460464 1.919515662e-16 0.0003251004988 9.978070685e-05 24.87075798 24.90251479
18500 24.88460441 1.434096483e-16 0.0003251016461 9.97807147e-05 24.87075774 24.90251457
19000 24.88460421 4.779798423e-17 0.0003251027034 9.978072045e-05 24.87075751 24.90251438
19500 24.88460411 9.580426978e-17 0.000325103272 9.978072271e-05 24.8707574 24.90251428
20000 24.88460409 8.453601598e-17 0.0003251033497 9.978072221e-05 24.87075738 24.90251427
20500 24.88460413 1.595493285e-16 0.0003251031407 9.97807205e-05 24.87075743 24.90251431
21000 24.88460419 1.377351216e-16 0.0003251028706 9.978071887e-05 24.87075748 24.90251436
21500 24.88460422 1.151537061e-16 0.0003251026818 9.978071797e-05 24.87075752 24.90251439
22000 24.88460424 1.805350231e-17 0.000325102614 9.978071782e-05 24.87075754 24.90251441
22500 24.88460423 8.19102067e-17 0.0003251026373 9.978071812e-05 24.87075753 24.9025144
23000 24.88460422 8.194070001e-17 0.000325102698 9.978071853e-05 24.87075752 24.90251439
23500 24.88460421 2.577251538e-17 0.0003251027527 9.978071882e-05 24.87075751 24.90251438
24000 24.8846042 1.833587947e-16 0.0003251027814 9.978071894e-05 24.8707575 24.90251438
24500 24.8846042 1.608356631e-16 0.0003251027846 9.978071891e-05 24.8707575 24.90251437
25000 24.8846042 1.025130971e-16 0.0003251027733 9.978071882e-05 24.8707575 24.90251438
25500 24.88460421 7.074917207e-17 0.0003251027592 9.978071873e-05 24.87075751 24.90251438
26000 24.88460421 1.386420967e-16 0.0003251027496 9.978071869e-05 24.87075751 24.90251438
26500 24.88460421 1.981055545e-16 0.0003251027463 9.978071868e-05 24.87075751 24.90251438
27000 24.88460421 6.298602344e-17 0.0003251027476 9.97807187e-05 24.87075751 24.90251438
27500 24.88460421 1.842585356e-16 0.0003251027508 9.978071872e-05 24.87075751 24.90251438
28000 24.88460421 1.308287223e-16 0.0003251027536 9.978071873e-05 24.87075751 24.90251438
28500 24.88460421 1.89040944e-16 0.0003251027551 9.978071874e-05 24.87075751 24.90251438
29000 24.88460421 1.036544162e-16 0.0003251027552 9.978071874e-05 24.87075751 24.90251438
29500 24.88460421 2.20890167e-16 0.0003251027546 9.978071873e-05 24.87075751 24.90251438
29999 24.88460421 9.523174744e-17 0.0003251027538 9.978071873e-05 24.87075751 24.90251438
