# 1:passo  2:raio_area  3:raio_grad  4:raio_linha  5:p_in  6:p_out  7:delta_p  8:sigma  9:|u-v0|max  10:|u-v0|rms  11:Ca  12:massa_R  13:massa_B  14:|q|  15:sd_p_in  16:sd_p_out  17:sigma_2pontos  18:K_perfil  19:r_perfil  20:espessura_10_90  21:residuo_ajuste  22:n_camadas
0 25.04052139 25.08111096 25 0.3333333333 0.3333333333 -2.220446049e-16 -5.560112678e-15 2.501853777e-17 7.563076051e-18 0 1969.865651 8030.134349 1.125744338e-16 2.731879552e-08 0 0 1.273345395 25.01411833 3.451105388 0.08159937045 12
500 25.03400976 25.06903806 24.99014678 0.3334889951 0.3333113346 0.0001776604595 0.004447553677 0.0001475041311 0.0001016296519 0.005527537975 1969.865651 8030.134349 4.018756877e-14 9.297452448e-06 8.395656584e-06 0.004331652718 1.296364458 25.01090014 3.389825389 0.07188528639 12
1000 25.03023489 25.06516511 24.98486404 0.3336253111 0.3332619591 0.0003633520186 0.009094786374 0.0001489013147 0.0001075913585 0.002728693645 1969.865651 8030.134349 3.580691986e-14 2.163135712e-06 8.379662652e-06 0.009191007161 1.296114628 25.00704546 3.390478789 0.07466343853 12
1500 25.02820532 25.06305283 24.9830316 0.3336989238 0.3332322221 0.0004667017009 0.01168070599 0.0001409738631 6.894708231e-05 0.002011491759 1969.865651 8030.134349 5.013063337e-14 1.999463435e-06 1.388205429e-05 0.01234328727 1.296336432 25.00493149 3.389898676 0.07197526988 12
2000 25.02777007 25.06256768 24.98279668 0.3337147075 0.3332263346 0.0004883728866 0.01222288431 0.0001473130011 2.990181266e-05 0.002008704838 1969.865651 8030.134349 5.305875847e-14 2.866313572e-06 1.40082546e-05 0.01294148406 1.296347879 25.00446043 3.389868743 0.07206452358 12
2500 25.028272 25.06305519 24.98330081 0.3336975208 0.3332354705 0.0004620503595 0.01156432207 0.0001579215036 2.840919613e-05 0.002275987338 1969.865651 8030.134349 5.438742632e-14 2.090913182e-06 8.844973913e-06 0.01202205152 1.296354273 25.0049679 3.389852023 0.07206384152 12
3000 25.02902059 25.06381423 24.98398837 0.3336714246 0.3332484507 0.0004229739232 0.01058662303 0.0001623026875 3.424667968e-05 0.002555153595 1969.865651 8030.134349 4.184110814e-14 8.147430278e-07 2.218308341e-06 0.01070006009 1.296356719 25.00573972 3.389845627 0.07202404294 12
3500 25.02957247 25.06438559 24.98449899 0.3336521102 0.3332579149 0.0003941953381 0.009866540782 0.0001600023556 3.057491762e-05 0.002702776976 1969.865651 8030.134349 1.807159157e-14 1.493673346e-07 2.509608996e-06 0.009733680304 1.296342593 25.0058187 3.389882564 0.07260891403 12
4000 25.02979003 25.06461955 24.98471001 0.3336444308 0.3332615266 0.0003829042255 0.009584012367 0.0001559605329 2.531856814e-05 0.002712164921 1969.865651 8030.134349 3.197851811e-14 5.411979078e-07 4.134945731e-06 0.009363183353 1.296341577 25.00604829 3.389885221 0.07258757693 12
4500 25.02974589 25.06458354 24.9846809 0.3336458577 0.3332605568 0.0003853009528 0.009643984941 0.0001532620672 2.403644348e-05 0.002648664222 1969.865651 8030.134349 3.809620317e-14 4.934699839e-07 3.342718031e-06 0.009459088998 1.296340577 25.00600612 3.389887836 0.07258428898 12
5000 25.02958795 25.06442616 24.98454296 0.3336512555 0.3332576186 0.0003936368545 0.009852568271 0.000152196953 2.458798002e-05 0.002574573262 1969.865651 8030.134349 3.4565152e-14 2.49489043e-07 1.548441551e-06 0.009755654445 1.296355862 25.00634257 3.389847867 0.07196521799 12
5500 25.02943987 25.06427451 24.9844092 0.333656341 0.333254908 0.0004014329778 0.01004764258 0.0001521775172 2.457490612e-05 0.0025242657 1969.865651 8030.134349 6.648671657e-14 1.783875198e-08 6.108056561e-08 0.01002976381 1.296135564 25.00618472 3.390424025 0.07482450151 12
6000 25.02936054 25.06419101 24.98433533 0.3336590726 0.3332534692 0.0004056034773 0.01015199567 0.0001526886388 2.419428875e-05 0.002506709744 1969.865651 8030.134349 7.998059543e-14 1.145625585e-07 8.76934469e-07 0.01017545848 1.296340268 25.00560776 3.389888644 0.07260803955 12
6500 25.02935072 25.06417846 24.98432408 0.3336594167 0.3332533014 0.0004061153089 0.0101648025 0.0001532991364 2.401691752e-05 0.002513561486 1969.865651 8030.134349 6.263876337e-14 1.316101836e-07 9.595503675e-07 0.01019258465 1.296354647 25.00609143 3.389851044 0.07198653704 12
7000 25.02938102 25.06420794 24.98434997 0.3336583802 0.3332538634 0.0004045167689 0.01012480434 0.0001536986605 2.403003081e-05 0.002530067996 1969.865651 8030.134349 7.809008497e-14 8.489113131e-08 6.182044062e-07 0.0101358406 1.296340694 25.00562737 3.38988753 0.07260957322 12
7500 25.02941911 25.06424653 24.98438395 0.333657074 0.3332545642 0.0004025098401 0.01007458748 0.0001537995684 2.404733127e-05 0.002544348484 1969.865651 8030.134349 7.111010072e-14 2.322459474e-08 2.02700531e-07 0.01006502265 1.296354846 25.00616149 3.389850525 0.07198345944 12
8000 25.02944495 25.06427335 24.98440758 0.3336561873 0.3332550383 0.0004011490197 0.0100405373 0.0001536967811 2.402968009e-05 0.002551270855 1969.865651 8030.134349 1.172853134e-13 2.797353866e-08 8.280975716e-08 0.01001709029 1.296340688 25.00569357 3.389887546 0.07260542367 12
8500 25.0294534 25.0642826 24.98441573 0.333655897 0.3332551932 0.0004007037506 0.01002939585 0.0001535348555 2.401351249e-05 0.002551414158 1969.865651 8030.134349 1.07139634e-13 3.958025264e-08 1.741845289e-07 0.01000143068 1.296340621 25.00570257 3.389887722 0.07260443481 12
9000 25.02944924 25.06427882 24.98441238 0.3336560396 0.3332551168 0.0004009227919 0.01003487667 0.0001534126744 2.401116359e-05 0.002547991362 1969.865651 8030.134349 1.332570039e-13 3.090640756e-08 1.289608002e-07 0.01000915413 1.29634057 25.00569845 3.389887856 0.07260436427 12
9500 25.02944032 25.06426989 24.9844045 0.3336563458 0.3332549532 0.000401392566 0.01004663128 0.0001533623916 2.401277197e-05 0.002544176043 1969.865651 8030.134349 1.342715015e-13 2.325521307e-08 2.835734876e-08 0.0100256947 1.296340549 25.00568929 3.389887911 0.07260479911 12
10000 25.02943274 25.0642621 24.98439764 0.3336566061 0.3332548141 0.0004017919728 0.01005662516 0.0001533701533 2.401243976e-05 0.002541776373 1969.865651 8030.134349 1.666277678e-13 2.219607787e-08 6.196423453e-08 0.01003975339 1.296340553 25.00568142 3.3898879 0.07260531028 12
10500 25.02942908 25.06425822 24.98439423 0.3336567318 0.3332547471 0.0004019847055 0.01006144768 0.0001534047031 2.401133862e-05 0.002541130395 1969.865651 8030.134349 1.60782213e-13 2.443913576e-08 9.597191666e-08 0.01004653699 1.296340568 25.00567758 3.389887861 0.07260564316 12
11000 25.02942901 25.06425802 24.98439405 0.3336567341 0.3332547458 0.0004019882579 0.01006153656 0.000153438534 2.401094209e-05 0.002541668346 1969.865651 8030.134349 1.524081978e-13 1.918076704e-08 9.799640115e-08 0.01004666323 1.296340582 25.00567746 3.389887823 0.07260574189 12
11500 25.02943083 25.06425982 24.98439564 0.3336566715 0.3332547792 0.000401892314 0.01005913588 0.0001534575636 2.401101476e-05 0.00254259023 1969.865651 8030.134349 1.773568625e-13 9.410560207e-09 7.595333392e-08 0.01004328848 1.29634059 25.00567932 3.389887802 0.07260567731 12
12000 25.02943286 25.06426187 24.98439745 0.333656602 0.3332548163 0.0004017857197 0.0100564687 0.000153460768 2.40110478e-05 0.002543317683 1969.865651 8030.134349 1.986914923e-13 0 6.193117573e-08 0.01003953877 1.296340592 25.00568141 3.389887799 0.07260555569 12
12500 25.02943413 25.06426319 24.98439862 0.3336565585 0.3332548395 0.0004017190254 0.01005479988 0.0001534543989 2.401098716e-05 0.002543634229 1969.865651 8030.134349 2.145177713e-13 0 2.475124329e-08 0.01003719255 1.296340589 25.00568273 3.389887806 0.07260545635 12
13000 25.02943446 25.06426357 24.98439895 0.333656547 0.3332548456 0.0004017014085 0.01005435908 0.0001534457931 2.401094287e-05 0.002543603093 1969.865651 8030.134349 1.582098884e-13 2.051814148e-08 4.794692982e-08 0.0100365727 1.296340585 25.00568309 3.389887816 0.07260541088 12
13500 25.02943417 25.06426329 24.9843987 0.333656557 0.3332548402 0.000401716728 0.0100547424 0.0001534396978 2.401093792e-05 0.002543405086 1969.865651 8030.134349 1.614430937e-13 1.027872603e-08 4.083404051e-08 0.01003711089 1.296340582 25.0056828 3.389887823 0.07260541268 12
14000 25.02943368 25.0642628 24.98439827 0.3336565738 0.3332548313 0.0004017425412 0.01005538829 0.0001534374966 2.40109417e-05 0.002543205231 1969.865651 8030.134349 1.692001617e-13 0 5.220709031e-08 0.0100380194 1.296340582 25.00568229 3.389887825 0.07260543818 12
14500 25.02943329 25.0642624 24.98439792 0.333656587 0.3332548242 0.0004017628169 0.01005589563 0.0001534382481 2.401094037e-05 0.002543089378 1969.865651 8030.134349 1.526075922e-13 1.768299562e-08 4.758334964e-08 0.01003873258 1.296340582 25.00568189 3.389887824 0.0726054651 12
15000 25.02943313 25.06426223 24.98439776 0.3336565928 0.3332548212 0.0004017715781 0.01005611485 0.0001534402086 2.4010938e-05 0.002543066432 1969.865651 8030.134349 1.376481678e-13 1.578479851e-08 6.181831708e-08 0.01003904075 1.296340583 25.00568172 3.389887822 0.07260548128 12
15500 25.02943315 25.06426224 24.98439777 0.3336565921 0.3332548215 0.0004017706442 0.01005609148 0.0001534419602 2.401093771e-05 0.002543101371 1969.865651 8030.134349 1.396918023e-13 2.49899768e-08 6.19338736e-08 0.0100390079 1.296340584 25.00568173 3.38988782 0.072605485 12
16000 25.02943325 25.06426234 24.98439786 0.3336565885 0.3332548234 0.000401765088 0.01005595245 0.0001534428572 2.401093822e-05 0.002543151398 1969.865651 8030.134349 1.210192327e-13 2.468195783e-08 6.034464494e-08 0.01003881247 1.296340584 25.00568184 3.389887819 0.07260548069 12
16500 25.02943336 25.06426245 24.98439796 0.3336565849 0.3332548254 0.0004017595213 0.01005581316 0.0001534429294 2.401093824e-05 0.002543187822 1969.865651 8030.134349 1.199175598e-13 1.348599987e-08 5.896366375e-08 0.01003861612 1.296340584 25.00568195 3.389887819 0.07260547406 12
17000 25.02943342 25.06426252 24.98439802 0.3336565828 0.3332548265 0.0004017562882 0.01005573227 0.0001534425438 2.40109379e-05 0.002543201889 1969.865651 8030.134349 1.086371721e-13 2.38197185e-08 5.796526801e-08 0.01003850295 1.296340584 25.00568202 3.389887819 0.07260546905 12
17500 25.02943343 25.06426253 24.98439803 0.3336565824 0.3332548267 0.0004017556662 0.0100557167 0.0001534420854 2.401093763e-05 0.002543198228 1969.865651 8030.134349 9.390621882e-14 1.81786728e-08 4.966104097e-08 0.01003848107 1.296340584 25.00568203 3.38988782 0.07260546701 12
18000 25.02943341 25.06426251 24.98439801 0.333656583 0.3332548264 0.0004017566531 0.0100557414 0.0001534417846 2.401093754e-05 0.002543186997 1969.865651 8030.134349 7.640509481e-14 1.742805026e-08 5.837484017e-08 0.01003851579 1.296340583 25.00568201 3.38988782 0.07260546738 12
18500 25.02943338 25.06426248 24.98439799 0.3336565839 0.3332548259 0.0004017580526 0.01005577641 0.0001534416936 2.401093753e-05 0.002543176633 1969.865651 8030.134349 9.823131067e-14 1.363316414e-08 5.575229996e-08 0.01003856501 1.296340583 25.00568198 3.38988782 0.07260546884 12
19000 25.02943337 25.06426246 24.98439797 0.3336565846 0.3332548255 0.0004017590695 0.01005580186 0.00015344175 2.401093755e-05 0.002543171132 1969.865651 8030.134349 7.271353938e-14 8.220275991e-09 5.531393707e-08 0.01003860078 1.296340583 25.00568196 3.38988782 0.07260547024 12
19500 25.02943336 25.06426246 24.98439796 0.3336565849 0.3332548254 0.000401759455 0.01005581151 0.0001534418587 2.401093758e-05 0.002543170494 1969.865651 8030.134349 6.162678825e-14 1.650919827e-08 5.62674431e-08 0.01003861434 1.296340583 25.00568195 3.38988782 0.07260547102 12
20000 25.02943336 25.06426246 24.98439797 0.3336565848 0.3332548254 0.0004017593493 0.01005580886 0.0001534419481 2.401093761e-05 0.002543172645 1969.865651 8030.134349 5.95147868e-14 0 4.21924191e-08 0.01003861062 1.296340583 25.00568196 3.38988782 0.07260547114 12
20500 25.02943337 25.06426246 24.98439797 0.3336565846 0.3332548255 0.0004017590343 0.01005580098 0.0001534419895 2.401093762e-05 0.002543175325 1969.865651 8030.134349 4.233287e-14 1.848533948e-08 5.768989346e-08 0.01003859954 1.296340584 25.00568196 3.38988782 0.07260547087 12
21000 25.02943337 25.06426247 24.98439798 0.3336565844 0.3332548256 0.0004017587452 0.01005579374 0.0001534419884 2.401093762e-05 0.002543177136 1969.865651 8030.134349 9.357168995e-15 2.274046004e-08 5.41244401e-08 0.01003858937 1.296340584 25.00568197 3.38988782 0.07260547051 12
21500 25.02943337 25.06426247 24.98439798 0.3336565843 0.3332548257 0.0004017585926 0.01005578993 0.0001534419657 2.401093761e-05 0.002543177725 1969.865651 8030.134349 5.62822873e-14 1.473697516e-08 4.283177764e-08 0.01003858401 1.296340583 25.00568197 3.38988782 0.07260547026 12
22000 25.02943337 25.06426247 24.98439798 0.3336565843 0.3332548257 0.0004017585757 0.0100557895 0.0001534419415 2.40109376e-05 0.002543177432 1969.865651 8030.134349 5.376514417e-14 0 4.733070457e-08 0.01003858341 1.296340583 25.00568197 3.38988782 0.07260547017 12
22500 25.02943337 25.06426247 24.98439798 0.3336565843 0.3332548257 0.0004017586363 0.01005579102 0.0001534419269 2.40109376e-05 0.002543176805 1969.865651 8030.134349 3.745969641e-14 3.522162942e-09 4.669552724e-08 0.01003858554 1.296340583 25.00568197 3.38988782 0.07260547021 12
23000 25.02943337 25.06426247 24.98439798 0.3336565844 0.3332548256 0.0004017587269 0.01005579329 0.0001534419234 2.40109376e-05 0.002543176175 1969.865651 8030.134349 4.509282476e-14 2.209699236e-08 5.495242726e-08 0.01003858818 1.296340583 25.00568197 3.38988782 0.07260547029 12
23500 25.02943337 25.06426247 24.98439798 0.3336565844 0.3332548256 0.0004017587772 0.01005579455 0.0001534419272 2.40109376e-05 0.002543175919 1969.865651 8030.134349 3.38061963e-14 1.61945565e-08 5.439796916e-08 0.01003858995 1.296340583 25.00568197 3.38988782 0.07260547036 12
24000 25.02943337 25.06426247 24.98439797 0.3336565844 0.3332548256 0.0004017587935 0.01005579495 0.0001534419332 2.40109376e-05 0.002543175915 1969.865651 8030.134349 2.349601211e-14 1.752645865e-08 5.453087772e-08 0.01003859052 1.296340583 25.00568197 3.38988782 0.0726054704 12
24500 25.02943337 25.06426247 24.98439798 0.3336565844 0.3332548256 0.0004017587851 0.01005579474 0.0001534419377 2.40109376e-05 0.002543176043 1969.865651 8030.134349 3.143955984e-14 2.455315061e-08 4.863941756e-08 0.01003859023 1.296340583 25.00568197 3.38988782 0.0726054704 12
25000 25.02943337 25.06426247 24.98439798 0.3336565844 0.3332548256 0.0004017587675 0.0100557943 0.0001534419395 2.40109376e-05 0.002543176184 1969.865651 8030.134349 4.936822588e-14 1.848485594e-08 4.820150847e-08 0.01003858961 1.296340583 25.00568197 3.38988782 0.07260547038 12
25500 25.02943337 25.06426247 24.98439798 0.3336565844 0.3332548256 0.0004017587371 0.01005579354 0.0001534419392 2.40109376e-05 0.002543176372 1969.865651 8030.134349 5.961163813e-14 1.90822496e-08 6.180403279e-08 0.01003858909 1.296340583 25.00568197 3.38988782 0.07260547036 12
26000 25.02943337 25.06426247 24.98439798 0.3336565844 0.3332548256 0.0004017587456 0.01005579376 0.0001534419379 2.40109376e-05 0.002543176296 1969.865651 8030.134349 1.264915668e-14 9.924795004e-09 5.198792578e-08 0.01003858884 1.296340583 25.00568197 3.38988782 0.07260547035 12
26500 25.02943337 25.06426247 24.98439798 0.3336565844 0.3332548256 0.0004017587456 0.01005579375 0.0001534419367 2.40109376e-05 0.002543176276 1969.865651 8030.134349 2.323578519e-14 1.759955359e-08 5.562082194e-08 0.01003858884 1.296354697 25.0061768 3.389850914 0.07198155649 12
27000 25.02943337 25.06426247 24.98439798 0.3336565844 0.3332548256 0.0004017587335 0.01005579345 0.000153441936 2.40109376e-05 0.002543176341 1969.865651 8030.134349 7.091477991e-14 1.881091226e-08 5.600076056e-08 0.01003858896 1.296340583 25.00568197 3.38988782 0.07260547035 12
27500 25.02943337 25.06426247 24.98439798 0.3336565844 0.3332548256 0.0004017587531 0.01005579394 0.0001534419358 2.40109376e-05 0.002543176215 1969.865651 8030.134349 4.005284817e-14 2.199933659e-08 5.964001431e-08 0.0100385891 1.296340583 25.00568197 3.38988782 0.07260547035 12
28000 25.02943337 25.06426247 24.98439798 0.3336565844 0.3332548256 0.0004017587556 0.010055794 0.0001534419361 2.40109376e-05 0.002543176203 1969.865651 8030.134349 3.486273034e-14 1.698883492e-08 5.349056032e-08 0.01003858919 1.296340583 25.00568197 3.38988782 0.07260547036 12
28500 25.02943337 25.06426247 24.98439798 0.3336565844 0.3332548256 0.0004017587406 0.01005579363 0.0001534419364 2.40109376e-05 0.002543176303 1969.865651 8030.134349 1.405642253e-14 2.825558719e-08 5.590286562e-08 0.01003858921 1.296340583 25.00568197 3.38988782 0.07260547036 12
29000 25.02943337 25.06426247 24.98439798 0.3336565844 0.3332548256 0.00040175874 0.01005579361 0.0001534419366 2.40109376e-05 0.002543176311 1969.865651 8030.134349 8.714013162e-15 2.024038816e-08 5.960942567e-08 0.01003858919 1.296340583 25.00568197 3.38988782 0.07260547036 12
29500 25.02943337 25.06426247 24.98439798 0.3336565844 0.3332548256 0.000401758739 0.01005579359 0.0001534419367 2.40109376e-05 0.002543176318 1969.865651 8030.134349 1.993409395e-14 2.188913727e-08 4.210397578e-08 0.01003858916 1.296340583 25.00568197 3.38988782 0.07260547036 12
29999 25.02943337 25.06426247 24.98439798 0.3336565844 0.3332548256 0.0004017587383 0.01005579357 0.0001534419367 2.40109376e-05 0.002543176322 1969.865651 8030.134349 3.360854487e-14 1.58216456e-08 5.42883047e-08 0.01003858913 1.296340583 25.00568197 3.38988782 0.07260547036 12
