# 1:passo  2:raio_area  3:raio_grad  4:raio_linha  5:p_in  6:p_out  7:delta_p  8:sigma  9:|u-v0|max  10:|u-v0|rms  11:Ca  12:massa_R  13:massa_B  14:|q|  15:sd_p_in  16:sd_p_out  17:sigma_2pontos  18:K_perfil  19:r_perfil  20:espessura_10_90  21:residuo_ajuste  22:n_camadas
0 25.04052139 25.08111096 25 0.3333333333 0.3333333333 -2.220446049e-16 -5.560112678e-15 1.563796842e-05 3.175256911e-06 0 1969.865651 8030.134349 1.292988617e-16 2.731879552e-08 0 -1.387778781e-15 1.273345395 25.01411833 3.451105388 0.08159937045 12
500 25.03884955 25.07433679 25.0032474 0.3333709885 0.3333293246 4.166393808e-05 0.001043217077 5.404461324e-05 3.454447233e-05 0.005180572137 1969.865651 8030.134349 4.085958707e-14 3.040641705e-06 4.734627241e-06 0.001057047701 1.296257164 25.01562885 3.390105974 0.07614443565 12
1000 25.03757502 25.07303118 25.00293766 0.3334158834 0.3333131823 0.0001027010843 0.002571386101 6.196004684e-05 4.213155497e-05 0.002409597174 1969.865651 8030.134349 6.248974831e-14 1.034238769e-06 4.393039986e-06 0.0025775557 1.296474938 25.01428728 3.389536525 0.07353457738 12
1500 25.03667033 25.07209336 25.00243033 0.3334492286 0.3333001567 0.0001490718982 0.003732263971 4.675941657e-05 3.035168679e-05 0.001252843232 1969.865651 8030.134349 1.557617414e-13 9.986955815e-07 6.011505806e-06 0.004031041768 1.296472669 25.01333657 3.389542457 0.07365480829 12
2000 25.03633482 25.07173388 25.00221955 0.3334608625 0.3332953875 0.0001654749912 0.004142887284 1.801359549e-05 1.096245143e-05 0.0004348077621 1969.865651 8030.134349 1.385236115e-13 1.512017581e-06 5.925152169e-06 0.004474291612 1.296259913 25.01297705 3.390098783 0.07653924788 12
2500 25.03648424 25.07187321 25.0023655 0.3334562102 0.3332986186 0.000157591573 0.003945538935 1.635334257e-05 9.118096723e-06 0.0004144767759 1969.865651 8030.134349 1.604036697e-13 1.40730842e-06 3.649283373e-06 0.004168057093 1.296466625 25.01263422 3.389558257 0.07433331772 12
3000 25.03688596 25.07227915 25.00272062 0.3334423244 0.3333056236 0.0001367007834 0.003422561924 2.113459143e-05 1.615930751e-05 0.0006175079339 1969.865651 8030.134349 1.21311131e-13 7.54546456e-07 3.314847186e-07 0.00345906302 1.296468927 25.01304833 3.38955224 0.07431050176 12
3500 25.0372803 25.07268611 25.0030726 0.3334283798 0.3333121416 0.0001162381224 0.002910286453 1.891276668e-05 1.436875069e-05 0.0006498592829 1969.865651 8030.134349 1.694712679e-13 3.352329178e-08 2.784608474e-06 0.002788323681 1.296484507 25.01395088 3.389511507 0.07366079396 12
4000 25.03750068 25.07291981 25.0032749 0.3334204553 0.3333155568 0.0001048985027 0.002626396333 9.567837928e-06 7.152191659e-06 0.000364295282 1969.865651 8030.134349 1.748860335e-13 4.063791001e-07 3.985952832e-06 0.002433665875 1.296484325 25.01418237 3.389511982 0.07364003193 12
4500 25.03751362 25.07294119 25.00329269 0.3334197914 0.3333154025 0.0001043888912 0.002613638285 5.715916393e-06 2.118321534e-06 0.0002186957708 1969.865651 8030.134349 2.528373711e-13 4.802688172e-07 3.364471349e-06 0.002443592716 1.296265612 25.01419823 3.390083878 0.0764635502 12
5000 25.03738632 25.0728157 25.00318155 0.3334240639 0.3333128898 0.0001111741542 0.002783510247 1.153532327e-05 6.163610687e-06 0.0004144164111 1969.865651 8030.134349 2.746440001e-13 3.014381446e-07 1.627517389e-06 0.002695689466 1.296468071 25.01357625 3.389554477 0.07425873848 12
5500 25.03722297 25.07264903 25.00303379 0.3334296452 0.3333098569 0.0001197882632 0.002999165455 1.219825272e-05 6.83361913e-06 0.0004067215666 1969.865651 8030.134349 3.197570446e-13 4.987286418e-08 2.196788064e-07 0.003001899965 1.296467722 25.01340729 3.38955539 0.07426900591 12
6000 25.03710751 25.07252825 25.0029262 0.3334336256 0.3333077778 0.0001258478648 0.003150866519 8.866653108e-06 4.511918012e-06 0.000281403641 1969.865651 8030.134349 2.936644686e-13 1.362594807e-07 1.391728728e-06 0.003212711413 1.296483668 25.01378177 3.389513701 0.07365609849 12
6500 25.03707461 25.07249095 25.00289224 0.3334347883 0.3333072367 0.0001275516439 0.003193520025 4.330080386e-06 1.637633347e-06 0.0001355895799 1969.865651 8030.134349 2.933205682e-13 1.981105062e-07 1.626797955e-06 0.00326829336 1.296468052 25.01325122 3.389554527 0.07428290523 12
7000 25.03711137 25.07252575 25.0029221 0.3334335586 0.3333079654 0.0001255931948 0.003144490806 5.769235544e-06 2.340816513e-06 0.0001834712168 1969.865651 8030.134349 2.759689762e-13 1.473299733e-07 1.121550084e-06 0.003195341186 1.296468332 25.01328819 3.389553794 0.07428234996 12
7500 25.03717876 25.07259366 25.00298146 0.333431267 0.3333092368 0.0001220301918 0.003055291726 6.740573623e-06 3.200331344e-06 0.0002206196405 1969.865651 8030.134349 2.489360455e-13 4.343333756e-08 3.243310617e-07 0.003067229193 1.296468479 25.01335758 3.389553412 0.07427857089 12
8000 25.03723729 25.0726541 25.00303452 0.333429269 0.333310327 0.0001189419996 0.002977979068 6.125163629e-06 2.709081626e-06 0.0002056818899 1969.865651 8030.134349 2.676012695e-13 4.963258248e-08 3.43962059e-07 0.002957187492 1.296468462 25.01341843 3.389553455 0.07427425826 12
8500 25.03726428 25.07268313 25.00306006 0.3334283454 0.333310826 0.0001175193777 0.002942363717 4.702658745e-06 1.694990588e-06 0.0001598258814 1969.865651 8030.134349 2.841356934e-13 8.706375058e-08 6.457740973e-07 0.002906765103 1.296468339 25.01344694 3.389553777 0.07427145026 12
9000 25.03725822 25.07267829 25.00305585 0.3334285519 0.3333107121 0.0001178398755 0.002950387392 3.87638226e-06 1.464687973e-06 0.000131385535 1969.865651 8030.134349 3.566732745e-13 7.772966624e-08 5.737871492e-07 0.002918253054 1.296468197 25.01344121 3.389554148 0.07427086719 12
9500 25.03723243 25.07265267 25.00303334 0.3334294335 0.3333102344 0.0001191991037 0.002984415665 4.78844836e-06 1.801108459e-06 0.0001604484394 1969.865651 8030.134349 4.100953304e-13 3.511934787e-08 2.857442236e-07 0.002966502158 1.296468105 25.01341481 3.389554388 0.07427203325 12
10000 25.03720449 25.0726241 25.00300823 0.3334303893 0.3333097176 0.0001206716825 0.003021281592 4.800735057e-06 1.805915787e-06 0.000158897306 1969.865651 8030.134349 4.017222741e-13 0 3.948989056e-08 0.003018717525 1.296468089 25.01338588 3.38955443 0.07427387375 12
10500 25.03718719 25.07260592 25.00299226 0.3334309811 0.3333093971 0.0001215840405 0.00304412238 4.203591827e-06 1.552274061e-06 0.0001380887921 1969.865651 8030.134349 4.367415296e-13 3.726080467e-08 2.187513249e-07 0.003051092531 1.296468133 25.01336777 3.389554316 0.07427537435 12
11000 25.03718455 25.07260261 25.00298939 0.3334310707 0.3333093469 0.0001217237795 0.003047620731 3.67348921e-06 1.412079989e-06 0.0001205362981 1969.865651 8030.134349 4.491785669e-13 3.688696727e-08 2.533548705e-07 0.003056140884 1.296468198 25.01336479 3.389554144 0.07427599866 12
11500 25.03719296 25.07261078 25.00299661 0.3334307818 0.3333095005 0.0001212813634 0.003036544897 4.101909393e-06 1.461840759e-06 0.0001350847602 1969.865651 8030.134349 5.1543159e-13 2.209832066e-08 1.619772171e-07 0.003040600383 1.296468251 25.01337333 3.389554006 0.07427576339 12
12000 25.03720521 25.07262318 25.00300756 0.3334303617 0.333309725 0.0001206367158 0.003020406209 4.226788584e-06 1.498201293e-06 0.0001399410639 1969.865651 8030.134349 5.916299741e-13 8.942970433e-09 3.43745574e-08 0.00301788778 1.296468273 25.01338596 3.38955395 0.0742750506 12
12500 25.03721476 25.0726331 25.00301629 0.3334300341 0.3333099006 0.0001201334962 0.003007808144 4.094132452e-06 1.458546393e-06 0.0001361168085 1969.865651 8030.134349 5.848769393e-13 2.258529773e-08 6.448717434e-08 0.00300013538 1.296468263 25.01339591 3.389553974 0.07427432363 12
13000 25.03721839 25.07263705 25.00301977 0.33342991 0.3333099674 0.0001199425643 0.003003028176 3.845761767e-06 1.416337405e-06 0.0001280627933 1969.865651 8030.134349 5.70685981e-13 2.186729741e-08 1.150318013e-07 0.002993379148 1.296468237 25.01339976 3.389554042 0.07427390074 12
13500 25.03721645 25.07263529 25.0030182 0.3334299767 0.3333099322 0.0001200445171 0.003005580558 3.626853402e-06 1.414965369e-06 0.0001206706435 1969.865651 8030.134349 6.092185293e-13 8.726535687e-09 9.695675617e-08 0.002996944977 1.296468211 25.01339784 3.389554111 0.07427386515 12
14000 25.03721159 25.07263043 25.0030139 0.3334301434 0.3333098434 0.000120300016 0.003011976954 3.647954319e-06 1.426201823e-06 0.0001211149479 1969.865651 8030.134349 6.181028966e-13 1.456236329e-08 5.194065769e-08 0.003005928239 1.296468196 25.01339285 3.389554151 0.0742741059 12
14500 25.03720686 25.07262557 25.00300962 0.3334303058 0.3333097568 0.0001205489361 0.00301820865 3.625860406e-06 1.423720059e-06 0.0001201328611 1969.865651 8030.134349 6.704593659e-13 0 2.406187612e-08 0.003014688506 1.296468195 25.01338795 3.389554154 0.07427442903 12
15000 25.03720425 25.07262281 25.00300718 0.3334303952 0.3333097091 0.0001206861714 0.003021644323 3.6320782e-06 1.414526192e-06 0.0001202020427 1969.865651 8030.134349 6.819694715e-13 0 4.707039245e-08 0.003019521481 1.296468203 25.01338521 3.389554131 0.07427466833 12
15500 25.0372042 25.07262265 25.00300705 0.3334303971 0.333309708 0.0001206890116 0.003021715427 3.734744548e-06 1.411404391e-06 0.0001235968322 1969.865651 8030.134349 6.779972547e-13 8.688395015e-09 4.257118349e-08 0.003019624533 1.296468215 25.01338512 3.389554101 0.07427474794 12
16000 25.03720589 25.07262431 25.00300852 0.333430339 0.333309739 0.0001206000724 0.003019488844 3.800135625e-06 1.413333914e-06 0.0001258536071 1969.865651 8030.134349 7.097756137e-13 2.11465735e-08 0 0.003016496191 1.296468224 25.01338684 3.389554078 0.07427468561 12
16500 25.03720803 25.07262649 25.00301044 0.3334302657 0.3333097781 0.0001204876271 0.003016673785 3.812184309e-06 1.414019471e-06 0.0001263704524 1969.865651 8030.134349 7.039830367e-13 1.455696408e-08 0 0.003012539379 1.296468227 25.01338905 3.389554071 0.07427455451 12
17000 25.03720954 25.07262807 25.00301183 0.3334302136 0.3333098058 0.0001204078103 0.003014675578 3.783084084e-06 1.412534682e-06 0.0001254889286 1969.865651 8030.134349 7.077956645e-13 8.505149188e-09 2.021520892e-08 0.003009730355 1.296468224 25.01339063 3.389554076 0.0742744336 12
17500 25.03720999 25.07262857 25.00301227 0.3334301984 0.333309814 0.0001203843802 0.003014089007 3.738805183e-06 1.411433178e-06 0.0001240442858 1969.865651 8030.134349 7.614258175e-13 1.625590982e-08 2.100375598e-08 0.003008905824 1.29646822 25.01339111 3.389554089 0.07427437168 12
18000 25.03720952 25.07262813 25.00301188 0.3334302144 0.3333098054 0.0001204090379 0.003014706311 3.703396138e-06 1.41155846e-06 0.0001228443422 1969.865651 8030.134349 8.384012049e-13 0 2.64799242e-08 0.00300977392 1.296468215 25.01339064 3.3895541 0.0742743762 12
18500 25.03720864 25.07262724 25.0030111 0.3334302447 0.3333097893 0.0001204554626 0.003015868548 3.689237176e-06 1.411859166e-06 0.0001223275192 1969.865651 8030.134349 8.64944661e-13 0 0 0.003011408203 1.296468213 25.01338973 3.389554106 0.07427442356 12
19000 25.03720786 25.07262643 25.00301039 0.3334302715 0.333309775 0.0001204965372 0.003016896847 3.695506337e-06 1.411709141e-06 0.0001224936259 1969.865651 8030.134349 9.117583256e-13 3.804793089e-09 1.681424694e-08 0.003012854104 1.296468213 25.01338892 3.389554106 0.07427447935 12
19500 25.03720748 25.07262603 25.00301003 0.3334302844 0.3333097681 0.0001205162986 0.003017391573 3.712839903e-06 1.411438711e-06 0.0001230479974 1969.865651 8030.134349 9.37477189e-13 0 0 0.003013549666 1.296468215 25.01338852 3.389554101 0.07427451677 12
20000 25.03720754 25.07262607 25.00301007 0.3334302824 0.3333097692 0.0001205131806 0.003017313513 3.730156348e-06 1.411381955e-06 0.0001236250834 1969.865651 8030.134349 1.004508402e-12 1.638668651e-08 3.009642957e-08 0.003013439765 1.296468217 25.01338858 3.389554096 0.07427452568 12
20500 25.03720787 25.0726264 25.00301036 0.3334302711 0.3333097752 0.0001204959921 0.003016883201 3.739995239e-06 1.411444774e-06 0.0001239688443 1969.865651 8030.134349 1.01302379e-12 0 3.306176122e-08 0.003012834537 1.296468218 25.01338891 3.389554092 0.07427451154 12
21000 25.03720823 25.07262677 25.00301069 0.3334302586 0.3333097819 0.0001204767346 0.003016401092 3.740553245e-06 1.411450314e-06 0.0001240071572 1969.865651 8030.134349 1.016312161e-12 1.911221485e-08 0 0.003012156511 1.296468219 25.01338929 3.389554092 0.07427448797 12
21500 25.03720847 25.07262702 25.0030109 0.3334302505 0.3333097862 0.0001204643864 0.003016091955 3.734616696e-06 1.411401657e-06 0.0001238230383 1969.865651 8030.134349 1.041364724e-12 0 2.049944697e-08 0.00301172177 1.296468218 25.01338954 3.389554093 0.0742744682 12
22000 25.03720851 25.07262707 25.00301095 0.333430249 0.333309787 0.0001204620175 0.00301603265 3.726863271e-06 1.411375957e-06 0.0001235683994 1969.865651 8030.134349 1.08293211e-12 0 2.023688152e-08 0.003011638391 1.296468217 25.01338959 3.389554095 0.07427445952 12
22500 25.03720841 25.07262697 25.00301086 0.3334302525 0.3333097851 0.0001204673939 0.003016167247 3.721228284e-06 1.411384181e-06 0.0001233760591 1969.865651 8030.134349 1.129709638e-12 0 1.685537124e-08 0.003011827706 1.296468216 25.01338948 3.389554097 0.07427446205 12
23000 25.03720826 25.07262681 25.00301072 0.3334302579 0.3333097822 0.0001204756707 0.003016374456 3.7194501e-06 1.411391516e-06 0.0001233086327 1969.865651 8030.134349 1.136646307e-12 1.524441813e-08 0 0.003012119133 1.296468216 25.01338932 3.389554098 0.07427447105 12
23500 25.03720813 25.07262668 25.00301061 0.3334302622 0.3333097799 0.0001204823331 0.00301654125 3.721037242e-06 1.411384961e-06 0.0001233544293 1969.865651 8030.134349 1.149640586e-12 0 0 0.003012353713 1.296468216 25.01338919 3.389554098 0.07427448052 12
24000 25.03720808 25.07262663 25.00301056 0.333430264 0.333309779 0.0001204850352 0.003016608896 3.724207636e-06 1.411377157e-06 0.0001234567611 1969.865651 8030.134349 1.195644806e-12 1.908152261e-08 0 0.003012448849 1.296468217 25.01338913 3.389554097 0.07427448623 12
24500 25.0372081 25.07262665 25.00301057 0.3334302633 0.3333097794 0.0001204839038 0.003016580571 3.72707793e-06 1.411376239e-06 0.0001235530709 1969.865651 8030.134349 1.224374979e-12 0 3.396887351e-08 0.003012409011 1.296468217 25.01338915 3.389554096 0.07427448694 12
25000 25.03720816 25.07262671 25.00301063 0.3334302612 0.3333097805 0.0001204806772 0.003016499794 3.728508525e-06 1.411377954e-06 0.000123603805 1969.865651 8030.134349 1.25331246e-12 1.550572252e-08 0 0.003012295406 1.296468217 25.01338922 3.389554095 0.07427448398 12
25500 25.03720822 25.07262677 25.00301068 0.333430259 0.3333097816 0.0001204774301 0.003016418504 3.728352289e-06 1.411377672e-06 0.0001236019565 1969.865651 8030.134349 1.290068458e-12 0 0 0.003012181079 1.296468217 25.01338928 3.389554095 0.07427447982 12
26000 25.03720826 25.07262681 25.00301072 0.3334302578 0.3333097823 0.0001204755692 0.003016371917 3.727194241e-06 1.41137627e-06 0.0001235654735 1969.865651 8030.134349 1.263032062e-12 1.870115098e-08 0 0.003012115558 1.296468217 25.01338932 3.389554095 0.07427447664 12
26500 25.03720826 25.07262681 25.00301072 0.3334302577 0.3333097823 0.0001204754447 0.003016368798 3.725860485e-06 1.411375852e-06 0.000123521384 1969.865651 8030.134349 1.332562592e-12 0 4.019579418e-08 0.003012111172 1.296468217 25.01338932 3.389554096 0.0742744755 12
27000 25.03720824 25.07262679 25.0030107 0.3334302585 0.3333097819 0.0001204765437 0.003016396313 3.724983392e-06 1.411376275e-06 0.0001234911797 1969.865651 8030.134349 1.394456442e-12 0 3.250969517e-08 0.003012149868 1.296468217 25.0133893 3.389554096 0.07427447622 12
27500 25.03720821 25.07262676 25.00301068 0.3334302594 0.3333097814 0.0001204779934 0.003016432606 3.724792151e-06 1.411376448e-06 0.000123483354 1969.865651 8030.134349 1.444250977e-12 1.275763598e-08 2.257117239e-08 0.00301220091 1.296468217 25.01338927 3.389554096 0.07427447789 12
28000 25.03720819 25.07262674 25.00301066 0.3334302601 0.333309781 0.0001204790543 0.003016459164 3.725145478e-06 1.411376174e-06 0.00012349398 1969.865651 8030.134349 1.511816579e-12 1.054944668e-08 1.128241608e-08 0.003012238262 1.296468217 25.01338925 3.389554096 0.07427447947 12
28500 25.03720818 25.07262674 25.00301065 0.3334302603 0.3333097809 0.0001204793958 0.003016467714 3.725713387e-06 1.41137591e-06 0.000123512457 1969.865651 8030.134349 1.58768453e-12 0 1.762603177e-08 0.003012250285 1.296468217 25.01338924 3.389554096 0.07427448032 12
29000 25.03720819 25.07262674 25.00301066 0.3334302601 0.333309781 0.0001204791053 0.003016460443 3.726181021e-06 1.411375861e-06 0.0001235282574 1969.865651 8030.134349 1.652782126e-12 1.709552566e-08 0 0.003012240059 1.296468217 25.01338925 3.389554096 0.0742744803 12
29500 25.0372082 25.07262675 25.00301067 0.3334302597 0.3333097812 0.0001204785143 0.003016445647 3.726379466e-06 1.411375884e-06 0.0001235354421 1969.865651 8030.134349 1.735647369e-12 2.310433187e-09 1.81989393e-08 0.003012219251 1.296468217 25.01338926 3.389554096 0.07427447971 12
29999 25.03720821 25.07262676 25.00301068 0.3334302594 0.3333097814 0.0001204779519 0.003016431566 3.726306329e-06 1.411375867e-06 0.0001235335942 1969.865651 8030.134349 1.788518327e-12 9.321267551e-09 0 0.003012199447 1.296468217 25.01338927 3.389554096 0.07427447896 12
