# 1:passo  2:R0  3:|a2|/R0  4:|a4|/R0  5:|a8|/R0  6:rmin  7:rmax
0 29.99612757 1.216230956e-17 8.069068207e-05 6.027722818e-05 29.98418985 30.00871216
500 29.82938932 6.230897161e-17 4.524334669e-05 6.756738876e-05 29.82048324 29.84012168
1000 29.90141839 1.319582934e-16 5.5329136e-05 7.123483778e-05 29.89354692 29.91214369
1500 29.8920924 1.033677689e-16 4.002748558e-05 7.13531511e-05 29.88447528 29.90281615
2000 29.86302526 6.039481622e-17 6.845452263e-06 7.117127295e-05 29.85554054 29.87419874
2500 29.90593593 1.575117602e-16 9.876169496e-05 7.092971449e-05 29.89690667 29.91646882
3000 29.8681229 5.362441937e-17 2.96867959e-06 7.137547366e-05 29.86045011 29.87939919
3500 29.89122664 5.024520869e-17 7.003901252e-05 7.165433474e-05 29.88266421 29.90174734
4000 29.88403029 8.369690013e-17 4.200291543e-05 7.168481467e-05 29.87614242 29.89461259
4500 29.87934817 2.614093429e-16 3.025589085e-05 7.16810147e-05 29.87169807 29.88991022
5000 29.88991005 1.346722245e-16 6.618343726e-05 7.166021556e-05 29.88143578 29.90043939
5500 29.87893902 1.968288435e-16 2.524354291e-05 7.166221344e-05 29.87143222 29.88952657
6000 29.88680702 7.136861948e-17 5.648201433e-05 7.170110957e-05 29.87854654 29.89734401
6500 29.88327411 1.006711935e-16 4.142555255e-05 7.16986731e-05 29.87538317 29.89384399
7000 29.88301881 5.990597066e-17 4.137043721e-05 7.170637935e-05 29.87512176 29.89358243
7500 29.88557215 9.881808455e-17 5.125412725e-05 7.1701594e-05 29.87744021 29.89612165
8000 29.88235687 7.797935064e-17 3.810803551e-05 7.169822749e-05 29.87454291 29.89292924
8500 29.88500363 1.474318986e-16 4.925418173e-05 7.170550639e-05 29.87691755 29.89555489
9000 29.88352525 1.551482086e-16 4.283174554e-05 7.170278791e-05 29.87559732 29.89409024
9500 29.88381398 1.646921679e-16 4.426233911e-05 7.170578829e-05 29.87584939 29.89437475
10000 29.88436466 6.210999277e-17 4.646067519e-05 7.170442405e-05 29.87634757 29.89492223
10500 29.88345284 6.464092562e-17 4.263365769e-05 7.170412499e-05 29.87552881 29.89401736
11000 29.88431311 1.938684382e-16 4.631433068e-05 7.17052604e-05 29.87629899 29.89487044
11500 29.88374929 3.005036452e-17 4.385946174e-05 7.170418588e-05 29.8757956 29.89431176
12000 29.88395267 5.452261075e-17 4.478103982e-05 7.170518732e-05 29.87597597 29.89451294
12500 29.88403966 2.065372134e-16 4.511608361e-05 7.17046773e-05 29.87605511 29.89459958
13000 29.88379573 9.362193805e-17 4.408795743e-05 7.170472124e-05 29.87583617 29.89435751
13500 29.88406405 1.912950615e-16 4.523891318e-05 7.170496518e-05 29.87607633 29.89462359
14000 29.88386267 8.939780314e-17 4.436396617e-05 7.170462523e-05 29.87589646 29.89442401
14500 29.88395986 3.230356175e-16 4.4795085e-05 7.170494811e-05 29.87598297 29.89452024
15000 29.88395844 1.095393371e-16 4.477760588e-05 7.170475274e-05 29.87598209 29.89451896
15500 29.88389882 1.195110334e-16 4.452785329e-05 7.170481061e-05 29.87592852 29.89445977
16000 29.88397876 6.23911855e-17 4.487003717e-05 7.170485552e-05 29.87600009 29.89453905
16500 29.88391052 1.125744355e-16 4.457448073e-05 7.17047593e-05 29.87593911 29.8944714
17000 29.8839504 2.022603622e-16 4.474969756e-05 7.170486052e-05 29.87597466 29.89451091
17500 29.88394071 5.750595293e-17 4.470449659e-05 7.170478918e-05 29.87596612 29.89450134
18000 29.88392831 7.195646445e-17 4.465351764e-05 7.170482035e-05 29.87595494 29.89448902
18500 29.88395088 3.214033838e-16 4.47497136e-05 7.170482407e-05 29.87597517 29.89451141
19000 29.88392881 1.643235953e-16 4.465445017e-05 7.170479932e-05 29.87595543 29.89448953
19500 29.88394379 1.14801719e-16 4.471985649e-05 7.170482991e-05 29.8759688 29.89450437
20000 29.8839379 1.067549213e-16 4.469344098e-05 7.170480521e-05 29.87596357 29.89449854
20500 29.88393623 5.013274304e-17 4.468706384e-05 7.170481869e-05 29.87596204 29.89449687
21000 29.88394217 2.704309274e-16 4.471223734e-05 7.170481646e-05 29.87596737 29.89450277
21500 29.88393535 1.181178741e-16 4.468290034e-05 7.170481087e-05 29.87596127 29.89449601
22000 29.88394063 1.403403193e-16 4.470586041e-05 7.170481969e-05 29.87596599 29.89450124
22500 29.88393795 2.328279437e-16 4.469398939e-05 7.170481155e-05 29.8759636 29.89449858
23000 29.88393816 1.308330312e-16 4.469519547e-05 7.170481678e-05 29.87596378 29.89449879
23500 29.88393957 2.325050736e-16 4.470110986e-05 7.170481501e-05 29.87596505 29.8945002
24000 29.88393757 9.067498993e-18 4.469250564e-05 7.170481404e-05 29.87596325 29.8944982
24500 29.88393934 1.589548787e-16 4.470016923e-05 7.170481644e-05 29.87596483 29.89449996
25000 29.88393826 1.815266256e-16 4.469545507e-05 7.170481387e-05 29.87596387 29.89449889
25500 29.88393857 1.165627403e-16 4.469685442e-05 7.170481576e-05 29.87596414 29.89449919
26000 29.88393884 3.221998722e-17 4.469798289e-05 7.170481488e-05 29.87596439 29.89449947
26500 29.88393828 7.849386922e-17 4.469560118e-05 7.170481485e-05 29.87596389 29.89449891
27000 29.88393885 1.790581333e-16 4.469804447e-05 7.170481545e-05 29.8759644 29.89449948
27500 29.88393845 4.443272862e-17 4.469631273e-05 7.170481468e-05 29.87596404 29.89449908
28000 29.88393862 3.035049645e-16 4.469706217e-05 7.170481532e-05 29.87596419 29.89449925
28500 29.88393865 2.304880096e-16 4.469716464e-05 7.170481496e-05 29.87596422 29.89449928
29000 29.8839385 2.495261544e-16 4.469655447e-05 7.170481503e-05 29.87596409 29.89449913
29500 29.88393868 1.696948576e-16 4.469729854e-05 7.170481516e-05 29.87596424 29.89449931
29999 29.88393854 9.977586529e-17 4.469670318e-05 7.170481494e-05 29.87596412 29.89449917
