# 1:passo  2:raio_area  3:raio_grad  4:raio_linha  5:p_in  6:p_out  7:delta_p  8:sigma  9:|u-v0|max  10:|u-v0|rms  11:Ca  12:massa_R  13:massa_B  14:|q|  15:sd_p_in  16:sd_p_out  17:sigma_2pontos  18:K_perfil  19:r_perfil  20:espessura_10_90  21:residuo_ajuste  22:n_camadas
0 30.03377616 30.06759267 30 0.3333333333 0.3333333333 2.597921878e-14 7.802540415e-13 0.000471860668 8.374554448e-05 100792101.7 2833.803628 11566.19637 3.370621288e-16 0 4.584445293e-08 3.330669074e-15 1.266429559 30.02679951 3.469951504 0.06858221562 12
500 29.86602112 29.8863889 29.82524271 0.3377905395 0.3321055128 0.005685026707 0.1697891277 0.00129131789 0.000824839201 0.001267570257 2833.803628 11566.19637 5.951334913e-14 0.0001049599549 9.500174329e-05 0.1808049303 1.289583331 29.85626538 3.407650401 0.09429581228 12
1000 29.93963033 29.96392091 29.90317565 0.3354936585 0.3329112089 0.002582449582 0.07731758582 0.001597097946 0.001035792474 0.003442722482 2833.803628 11566.19637 6.964273392e-14 2.797703055e-05 5.137161081e-05 0.07204581594 1.289236362 29.93345305 3.408567494 0.08992740474 12
1500 29.92892204 29.9505167 29.89028767 0.3358054669 0.3327687256 0.003036741247 0.09088639202 0.001269735936 0.0008541894795 0.002328430597 2833.803628 11566.19637 4.003080762e-14 1.307972794e-05 1.846821239e-05 0.08896486944 1.289298988 29.92135954 3.408401926 0.09212918462 12
2000 29.90071676 29.9234884 29.86398816 0.3366673983 0.3324293259 0.004238072355 0.1267214011 0.0006999909688 0.000487376245 0.0009206429259 2833.803628 11566.19637 5.340569171e-14 3.566242705e-05 6.472092795e-05 0.1321251822 1.289278889 29.89280632 3.40845506 0.09213648856 12
2500 29.9433235 29.96615392 29.90410319 0.3353714985 0.3329618807 0.00240961778 0.07215196468 0.0001650195076 0.0001160421168 0.0003811850638 2833.803628 11566.19637 8.448864284e-14 3.678782352e-05 9.681340183e-05 0.06511221772 1.289225876 29.93669504 3.408595218 0.09060596601 12
3000 29.90540573 29.92749766 29.86840122 0.3365132508 0.3324667057 0.004046545124 0.1210135737 0.0002151490479 0.0001505906472 0.0002963153102 2833.803628 11566.19637 7.906643836e-14 2.496312065e-05 8.861290727e-05 0.1268306484 1.289366725 29.89735231 3.408222865 0.09257780365 12
3500 29.92882877 29.95183297 29.89056772 0.335817646 0.3327873628 0.003030283198 0.09069282695 0.0003883385826 0.0002701713656 0.0007136517769 2833.803628 11566.19637 6.681697293e-14 1.068835098e-05 5.096627402e-05 0.08730154053 1.289203561 29.92184031 3.408654218 0.09098452366 12
4000 29.92128363 29.94354317 29.8831943 0.3360375717 0.3326776645 0.003359907275 0.1005327386 0.0003749549114 0.000262924297 0.0006216132788 2833.803628 11566.19637 1.047005565e-13 2.215007177e-07 5.71794675e-06 0.1006697452 1.289313878 29.91377176 3.408362564 0.09185626217 12
4500 29.91686396 29.93954321 29.87945068 0.3361694988 0.3326187333 0.003550765571 0.1062277705 0.0002533728719 0.0001780334042 0.0003975308129 2833.803628 11566.19637 1.386691667e-13 6.65775445e-06 2.859202657e-05 0.1079571593 1.289261815 29.90938267 3.4085002 0.09171428229 12
5000 29.92729587 29.94988033 29.88878203 0.3358624261 0.3327664257 0.003096000406 0.09265492018 9.894273446e-05 7.000515891e-05 0.0001779771189 2833.803628 11566.19637 1.340248711e-13 8.581792049e-06 4.317124608e-05 0.08983896769 1.289067002 29.91727931 3.409015316 0.0924891277 12
5500 29.91633441 29.9387865 29.87888253 0.3361833862 0.332607771 0.003575615192 0.1069692998 2.939830657e-05 1.996636682e-05 4.580489702e-05 2833.803628 11566.19637 1.902165304e-13 7.03924488e-06 3.928081506e-05 0.1092497105 1.289111314 29.90593201 3.408898136 0.0930438241 12
6000 29.92427027 29.94695443 29.88611318 0.335952299 0.3327247571 0.003227541881 0.09658183555 0.0001004167272 7.044558177e-05 0.0001732843563 2833.803628 11566.19637 2.267309764e-13 3.951219479e-06 2.426962607e-05 0.09498390094 1.289545212 29.91524419 3.40775113 0.09184306594 12
6500 29.92064178 29.94310208 29.88273826 0.3360573418 0.3326702387 0.003387103093 0.1013442983 0.0001143925796 8.084791509e-05 0.0001881253336 2833.803628 11566.19637 2.697307498e-13 9.271102814e-07 6.737031678e-06 0.1016123575 1.289100508 29.91037397 3.408926711 0.09285908302 12
7000 29.92046982 29.9430809 29.88268735 0.336062671 0.3326683341 0.003394336867 0.1015601538 8.905990515e-05 6.26428468e-05 0.0001461529643 2833.803628 11566.19637 3.192973847e-13 1.239232367e-06 6.834982946e-06 0.101854282 1.28907534 29.91025539 3.408993266 0.09275156105 12
7500 29.92297292 29.94552484 29.88485962 0.3359898578 0.3327053768 0.00328448095 0.09828143452 4.493914027e-05 3.190502027e-05 7.620825589e-05 2833.803628 11566.19637 3.824613979e-13 2.210368758e-06 1.350566214e-05 0.09733858934 1.289079823 29.91281251 3.408981412 0.09268831426 12
8000 29.91977183 29.94230755 29.88202372 0.3360826811 0.332657449 0.003425232146 0.1024821643 1.137216281e-05 3.174904749e-06 1.849453983e-05 2833.803628 11566.19637 4.06391735e-13 2.131865111e-06 1.360752193e-05 0.1031720396 1.289090137 29.90950655 3.408954137 0.092839853 12
8500 29.92243142 29.94502569 29.88440885 0.3360057357 0.3326975575 0.003308178165 0.09898873425 2.597970761e-05 1.679046442e-05 4.374185912e-05 2833.803628 11566.19637 4.583003342e-13 1.432620247e-06 9.446309072e-06 0.09829650772 1.289073605 29.91227082 3.408997856 0.09267931848 12
9000 29.92092714 29.94345406 29.8830366 0.33604918 0.3326747368 0.0033744432 0.1009664691 3.349700291e-05 2.384883654e-05 5.529393933e-05 2833.803628 11566.19637 5.013245929e-13 5.658371239e-07 3.857624398e-06 0.1010682626 1.289088954 29.91069403 3.408957264 0.09279626681 12
9500 29.92124207 29.94382129 29.88335138 0.3360401254 0.3326795943 0.003360531084 0.100551264 3.112968804e-05 2.104880404e-05 5.159837015e-05 2833.803628 11566.19637 5.643620437e-13 1.573175336e-07 9.101304904e-07 0.1004795187 1.289078981 29.91103893 3.408983639 0.09274291797 12
10000 29.92177438 29.9443268 29.88379931 0.3360247098 0.3326875993 0.00333711047 0.09985226657 2.009848302e-05 1.286092948e-05 3.354703187e-05 2833.803628 11566.19637 6.230312474e-13 5.599076619e-07 3.663729391e-06 0.09950580636 1.289082429 29.91157732 3.408974519 0.09273960941 12
10500 29.92087036 29.9434253 29.88300756 0.3360508357 0.3326739086 0.003376927089 0.1010405976 1.173942028e-05 4.031003186e-06 1.936419709e-05 2833.803628 11566.19637 6.544378137e-13 6.446758387e-07 4.288921272e-06 0.1011693005 1.289084195 29.91064633 3.40896985 0.0927777189 12
11000 29.9217319 29.94430042 29.88377365 0.3360259605 0.3326869935 0.00333896701 0.0999076757 1.166708903e-05 3.700285244e-06 1.946311757e-05 2833.803628 11566.19637 6.987312072e-13 4.983922668e-07 3.35958049e-06 0.09958022012 1.289079672 29.91153976 3.40898181 0.09272931587 12
11500 29.92116148 29.9437104 29.88325866 0.3360424212 0.3326783134 0.003364107746 0.1006580111 1.496690811e-05 6.839900628e-06 2.478177999e-05 2833.803628 11566.19637 7.111024486e-13 2.56197924e-07 1.737967e-06 0.1006340884 1.289084552 29.91094412 3.408968905 0.09276936731 12
12000 29.92137281 29.94393912 29.88345704 0.3360363277 0.3326815385 0.003354789266 0.1003799003 1.338466111e-05 6.937040045e-06 2.222334197e-05 2833.803628 11566.19637 7.648927482e-13 1.573232132e-08 1.688278096e-07 0.1002426946 1.289080937 29.91116871 3.408978465 0.09274691672 12
12500 29.92145343 29.94400908 29.88351964 0.3360339961 0.3326827568 0.003351239317 0.1002739511 1.365733322e-05 5.015267817e-06 2.270003503e-05 2833.803628 11566.19637 8.377484424e-13 1.302662724e-07 8.730993281e-07 0.1000945819 1.289082634 29.91124771 3.408973978 0.09275133085 12
13000 29.92121291 29.9437717 29.88331124 0.3360409389 0.3326791 0.003361838907 0.1005902977 1.143910448e-05 2.65399153e-06 1.895329329e-05 2833.803628 11566.19637 8.797238439e-13 1.874062046e-07 1.269857269e-06 0.1005386558 1.289082674 29.91100096 3.408973872 0.09275968377 12
13500 29.92148074 29.94404211 29.88354789 0.3360332108 0.3326831769 0.003350033872 0.100237974 1.148624198e-05 1.777035063e-06 1.909828768e-05 2833.803628 11566.19637 9.543470937e-13 1.664173406e-07 1.125886553e-06 0.1000436735 1.289081547 29.91127807 3.408976852 0.09274581809 12
14000 29.92127786 29.94383382 29.88336601 0.3360390637 0.3326800866 0.003358977127 0.1005048879 1.210431284e-05 2.43910282e-06 2.007251105e-05 2833.803628 11566.19637 1.04605733e-12 1.054312035e-07 6.922159283e-07 0.1004188303 1.289083016 29.91106682 3.408972967 0.09275891349 12
14500 29.92137735 29.94393885 29.8834574 0.3360361941 0.3326816031 0.003354590974 0.1003739824 1.144356912e-05 2.696243541e-06 1.900155274e-05 2833.803628 11566.19637 1.051232787e-12 2.087450665e-08 2.016813338e-07 0.1002347523 1.289081781 29.91117153 3.408976233 0.09275032966 12
15000 29.92137383 29.94393141 29.88345132 0.336036295 0.3326815485 0.003354746445 0.1003786225 1.207615014e-05 2.390469062e-06 2.005099931e-05 2833.803628 11566.19637 1.069038376e-12 1.448381553e-08 1.631955859e-07 0.1002413514 1.289082488 29.91116639 3.408974364 0.09275342145 12
15500 29.92131554 29.94387481 29.88340156 0.3360379769 0.332680661 0.003357315868 0.1004553074 1.140900929e-05 1.954351148e-06 1.89288311e-05 2833.803628 11566.19637 1.121261014e-12 5.78448685e-08 3.524102285e-07 0.1003491073 1.289082333 29.91110695 3.408974775 0.09275475496 12
16000 29.92139504 29.94395455 29.88347138 0.3360356833 0.3326818722 0.003353811148 0.1003507082 1.158864829e-05 1.748925143e-06 1.924691331e-05 2833.803628 11566.19637 1.146366593e-12 5.296803855e-08 3.603358276e-07 0.100202075 1.289082091 29.911189 3.408975413 0.09275103038 12
16500 29.92132653 29.94388466 29.88341031 0.3360376596 0.3326808283 0.003356831394 0.1004408482 1.165960831e-05 1.78819645e-06 1.93473879e-05 2833.803628 11566.19637 1.190864955e-12 4.43952739e-08 2.570991946e-07 0.1003288009 1.28908251 29.91111784 3.408974306 0.09275512413 12
17000 29.92136704 29.94392686 29.88344709 0.3360364911 0.3326814457 0.003355045401 0.1003875449 1.143756766e-05 1.845861797e-06 1.898902179e-05 2833.803628 11566.19637 1.238903897e-12 1.946170456e-08 1.044253024e-07 0.1002538543 1.289082108 29.91116026 3.40897537 0.09275205439 12
17500 29.92135669 29.94391515 29.88343698 0.3360367896 0.3326812879 0.003355501705 0.1004011634 1.170197708e-05 1.826498651e-06 1.942536766e-05 2833.803628 11566.19637 1.333257654e-12 3.987797221e-09 0 0.1002730077 1.289082376 29.91114906 3.408974661 0.0927535331 12
18000 29.92134477 29.94390396 29.8834271 0.3360371334 0.3326811063 0.003356027084 0.1004168435 1.148517296e-05 1.779619125e-06 1.906249417e-05 2833.803628 11566.19637 1.358998715e-12 2.596013113e-08 8.315423335e-08 0.1002950498 1.289082275 29.91113706 3.408974928 0.09275351556 12
18500 29.92136712 29.9439262 29.88344659 0.3360364887 0.3326814469 0.003355041779 0.1003874368 1.158591913e-05 1.748489545e-06 1.923534044e-05 2833.803628 11566.19637 1.432648629e-12 2.235113149e-08 1.086671807e-07 0.1002537055 1.289082239 29.91116006 3.408975022 0.09275260293 12
19000 29.92134504 29.9439038 29.883427 0.3360371258 0.3326811103 0.003356015524 0.1004164985 1.157649737e-05 1.746809533e-06 1.921413571e-05 2833.803628 11566.19637 1.459975355e-12 0 9.629928185e-08 0.1002945664 1.28908235 29.91113716 3.408974728 0.09275382392 12
19500 29.92136017 29.94391942 29.88344064 0.3360366892 0.332681341 0.003355348195 0.1003965818 1.152245555e-05 1.753441331e-06 1.912823349e-05 2833.803628 11566.19637 1.542544296e-12 1.895560367e-08 4.554669819e-08 0.100266563 1.289082225 29.91115296 3.408975058 0.09275278284 12
20000 29.92135409 29.94391289 29.88343496 0.3360368648 0.3326812482 0.003355616614 0.1004045929 1.160144281e-05 1.753447921e-06 1.925782224e-05 2833.803628 11566.19637 1.557088437e-12 1.299751691e-08 2.88844845e-08 0.1002778268 1.289082321 29.91114651 3.408974807 0.09275339026 12
20500 29.92135258 29.94391166 29.88343386 0.3360369083 0.3326812252 0.003355683115 0.1004065776 1.153110162e-05 1.75022336e-06 1.914068098e-05 2833.803628 11566.19637 1.599284371e-12 2.108855852e-08 9.796676547e-09 0.1002806175 1.289082274 29.91114506 3.408974931 0.09275324389 12
21000 29.92135843 29.94391742 29.88343891 0.3360367395 0.3326813144 0.003355425068 0.1003988761 1.157287833e-05 1.746169726e-06 1.921150046e-05 2833.803628 11566.19637 1.760708592e-12 2.125472051e-08 4.007776733e-08 0.1002697888 1.289082276 29.91115106 3.408974925 0.0927530535 12
21500 29.92135162 29.94391056 29.88343291 0.3360369358 0.3326812107 0.003355725081 0.1004078301 1.156057209e-05 1.745482309e-06 1.918936016e-05 2833.803628 11566.19637 1.823537512e-12 1.685014791e-08 3.682222656e-08 0.1002823785 1.289082303 29.91114402 3.408974854 0.09275339854 12
22000 29.92135694 29.94391601 29.88343767 0.3360367824 0.3326812917 0.003355490663 0.1004008338 1.15499225e-05 1.746022679e-06 1.917301889e-05 2833.803628 11566.19637 1.918273053e-12 0 2.721953967e-08 0.1002725415 1.289082266 29.91114956 3.408974952 0.09275306161 12
22500 29.9213542 29.94391313 29.88343516 0.3360368615 0.3326812499 0.003355611559 0.100404442 1.15718933e-05 1.746096722e-06 1.920880038e-05 2833.803628 11566.19637 2.047164334e-12 1.566332384e-08 0 0.1002776146 1.289082298 29.91114667 3.408974867 0.09275328991 12
23000 29.92135447 29.9439135 29.88343547 0.3360368537 0.332681254 0.003355599648 0.1004040865 1.154958344e-05 1.74609116e-06 1.917183493e-05 2833.803628 11566.19637 2.109189253e-12 2.046207969e-08 3.370760328e-08 0.100277115 1.289082279 29.91114699 3.408974918 0.09275320049 12
23500 29.92135585 29.94391483 29.88343664 0.336036814 0.332681275 0.003355538923 0.1004022742 1.156516407e-05 1.745542133e-06 1.919804467e-05 2833.803628 11566.19637 2.197867629e-12 1.446472001e-08 2.091742364e-08 0.1002745666 1.289082284 29.91114839 3.408974905 0.09275317454 12
24000 29.92135385 29.94391283 29.88343489 0.3360368716 0.3326812446 0.003355626966 0.1004049019 1.155848757e-05 1.745481187e-06 1.918645961e-05 2833.803628 11566.19637 2.297413384e-12 1.501167363e-08 0 0.1002782613 1.289082289 29.91114633 3.40897489 0.09275326554 12
24500 29.92135563 29.94391464 29.88343647 0.3360368203 0.3326812717 0.003355548677 0.1004025653 1.155740331e-05 1.745491243e-06 1.918510627e-05 2833.803628 11566.19637 2.369312796e-12 1.573062244e-08 9.224030401e-09 0.100274976 1.289082279 29.91114818 3.408974918 0.09275316133 12
25000 29.92135454 29.94391351 29.88343549 0.3360368518 0.332681255 0.003355596744 0.1004039999 1.156306009e-05 1.745480927e-06 1.919422218e-05 2833.803628 11566.19637 2.488125219e-12 0 0 0.100276993 1.289082289 29.91114704 3.40897489 0.09275324189 12
25500 29.92135486 29.94391387 29.8834358 0.3360368425 0.3326812599 0.00335558257 0.1004035768 1.155625707e-05 1.745545079e-06 1.918301027e-05 2833.803628 11566.19637 2.552572909e-12 0 0 0.1002763983 1.289082282 29.91114738 3.408974909 0.09275320104 12
26000 29.92135512 29.94391411 29.88343601 0.3360368349 0.332681264 0.003355570939 0.1004032297 1.156169282e-05 1.745449748e-06 1.919209979e-05 2833.803628 11566.19637 2.631776786e-12 0 0 0.1002759101 1.289082285 29.91114765 3.408974902 0.09275320421 12
26500 29.92135457 29.94391356 29.88343553 0.3360368509 0.3326812555 0.00335559533 0.1004039576 1.155878e-05 1.745467148e-06 1.918712547e-05 2833.803628 11566.19637 2.738395444e-12 1.063995268e-08 1.702372193e-08 0.1002769337 1.289082285 29.91114708 3.4089749 0.09275322586 12
27000 29.92135513 29.94391413 29.88343603 0.3360368345 0.3326812642 0.003355570356 0.1004032123 1.155919231e-05 1.745453888e-06 1.918795233e-05 2833.803628 11566.19637 2.801446655e-12 1.695666311e-08 0 0.1002758857 1.289082283 29.91114766 3.408974907 0.09275319515 12
27500 29.92135473 29.94391372 29.88343567 0.3360368461 0.3326812581 0.003355588028 0.1004037397 1.156048704e-05 1.745448039e-06 1.919000075e-05 2833.803628 11566.19637 2.847066718e-12 8.625728003e-09 0 0.1002766272 1.289082286 29.91114725 3.408974899 0.09275322216 12
28000 29.92135491 29.94391391 29.88343583 0.3360368411 0.3326812607 0.003355580406 0.1004035122 1.155851045e-05 1.745468853e-06 1.918676314e-05 2833.803628 11566.19637 2.928312256e-12 0 0 0.1002763074 1.289082283 29.91114743 3.408974905 0.09275320579 12
28500 29.92135493 29.94391392 29.88343585 0.3360368404 0.3326812611 0.003355579326 0.10040348 1.156031166e-05 1.745446237e-06 1.918975926e-05 2833.803628 11566.19637 2.990118422e-12 0 1.931613066e-08 0.1002762621 1.289082285 29.91114745 3.408974902 0.0927532104 12
29000 29.92135479 29.94391378 29.88343572 0.3360368445 0.3326812589 0.003355585581 0.1004036667 1.155917384e-05 1.745458011e-06 1.918783483e-05 2833.803628 11566.19637 3.001362177e-12 1.891719783e-08 2.710538712e-08 0.1002765246 1.289082285 29.91114731 3.408974902 0.09275321465 12
29500 29.92135496 29.94391396 29.88343588 0.3360368395 0.3326812615 0.003355577971 0.1004034396 1.155954132e-05 1.745451328e-06 1.918848825e-05 2833.803628 11566.19637 3.047731671e-12 0 0 0.1002762053 1.289082284 29.91114748 3.408974904 0.0927532061 12
29999 29.92135482 29.94391382 29.88343575 0.3360368435 0.3326812594 0.003355584051 0.100403621 1.15597845e-05 1.745450481e-06 1.918885724e-05 2833.803628 11566.19637 3.122461567e-12 9.672261815e-09 0 0.1002764604 1.289082285 29.91114734 3.408974901 0.09275321472 12
