# 1:passo  2:raio_area  3:raio_grad  4:raio_linha  5:p_in  6:p_out  7:delta_p  8:sigma  9:|u-v0|max  10:|u-v0|rms  11:Ca  12:massa_R  13:massa_B  14:|q|  15:sd_p_in  16:sd_p_out  17:sigma_2pontos  18:K_perfil  19:r_perfil  20:espessura_10_90  21:residuo_ajuste  22:n_camadas
0 25.04052139 25.08111096 25 0.3333333333 0.3333333333 -2.220446049e-16 -5.560112678e-15 2.501853777e-17 7.472763095e-18 0 1969.865651 8030.134349 1.528917884e-16 2.731879552e-08 0 -1.387778781e-15 1.273345395 25.01411833 3.451105388 0.08159937045 12
500 24.71436556 24.71736763 24.62339347 0.3416219865 0.3324528526 0.009169133908 0.2266093273 0.007321200098 0.00484894046 0.005384597496 1969.865651 8030.134349 5.122044564e-14 0.0003923017108 0.0004717359621 0.2313897042 1.291276234 24.69021031 3.403182865 0.06592095492 12
1000 24.53910081 24.53769888 24.45354044 0.3480217843 0.3301362301 0.01788555423 0.4388954185 0.007342942676 0.005220381896 0.002788417759 1969.865651 8030.134349 1.352205e-14 0.000116630366 0.000299524581 0.4344104706 1.288922483 24.50985996 3.40939755 0.08242259301 12
1500 24.44235301 24.4375552 24.3620667 0.3516419663 0.3286507574 0.02299120893 0.5619592449 0.007404741896 0.003612522797 0.002196108812 1969.865651 8030.134349 7.156086436e-14 7.016779362e-05 0.0004985230752 0.5866352313 1.289550833 24.40926744 3.407736277 0.09201116841 12
2000 24.41311145 24.40607604 24.33704714 0.3527554116 0.3282258452 0.02452956642 0.5988430389 0.007509328007 0.001774329474 0.00208995444 1969.865651 8030.134349 5.267074145e-14 0.000129562344 0.0005920923448 0.6292306129 1.290312954 24.37853146 3.405723503 0.09773342277 12
2500 24.42663456 24.41864671 24.35027941 0.3522932388 0.328493078 0.02380016082 0.5813578308 0.007847517427 0.001237646565 0.002249766842 1969.865651 8030.134349 9.868602318e-14 0.000116984974 0.0004621308276 0.6039910703 1.290516435 24.39245907 3.405186508 0.09913826863 12
3000 24.45635656 24.44849453 24.37640164 0.3511879577 0.3290000997 0.02218785801 0.5426341669 0.008093291358 0.001534269118 0.002485803466 1969.865651 8030.134349 1.194653089e-13 6.265197906e-05 0.0002181941822 0.5524339332 1.290586333 24.42289681 3.405002086 0.09647826669 12
3500 24.48281692 24.47561416 24.39891607 0.3501943937 0.3294446401 0.02074975356 0.5080124175 0.008082970059 0.001532280675 0.002651828243 1969.865651 8030.134349 9.361746831e-14 1.070316566e-05 4.880368338e-06 0.5065687437 1.290587903 24.45022649 3.404997944 0.09315378972 12
4000 24.49758619 24.49107933 24.41127949 0.3496440628 0.32969429 0.01994977281 0.4887212788 0.007947006002 0.00134140739 0.002710135732 1969.865651 8030.134349 1.232694485e-13 1.757425794e-05 0.000126745774 0.4809439582 1.290645025 24.46512061 3.404847241 0.08993734484 12
4500 24.50094426 24.49490096 24.41402346 0.3495205378 0.3297494133 0.0197711245 0.4844112194 0.007828935225 0.001217141573 0.002693625757 1969.865651 8030.134349 1.653962112e-13 2.354684193e-05 0.0001480282907 0.4753743472 1.290486561 24.4692428 3.405265337 0.08982852285 12
5000 24.49732883 24.49146468 24.4109627 0.3496527567 0.3296821596 0.01997059711 0.4892262844 0.007770269608 0.001204162155 0.002647128693 1969.865651 8030.134349 1.601804786e-13 1.739908236e-05 0.000105185259 0.4822057917 1.290427506 24.46561534 3.405421177 0.08992449554 12
5500 24.49156168 24.48566712 24.40615665 0.3498625655 0.3295766059 0.02028595958 0.4968348302 0.007755346353 0.001215951965 0.002601584363 1969.865651 8030.134349 1.694261098e-13 7.905040716e-06 4.349090924e-05 0.4928462676 1.290490653 24.45920402 3.40525454 0.08966832876 12
6000 24.48687379 24.48085243 24.40229311 0.3500329901 0.3294911352 0.0205418549 0.5030058084 0.007763441316 0.001213010508 0.002572349791 1969.865651 8030.134349 1.645303883e-13 1.349429517e-06 5.864840845e-06 0.501448413 1.290486015 24.45435501 3.405266779 0.09030842517 12
6500 24.48450379 24.4783527 24.4003733 0.3501193154 0.3294482463 0.02067106911 0.5061208698 0.0077806613 0.001204771262 0.002562188127 1969.865651 8030.134349 1.686417407e-13 4.177864958e-06 2.990902589e-05 0.5057701064 1.290496325 24.4518764 3.405239573 0.09072997128 12
7000 24.4842161 24.47798198 24.40017226 0.350129918 0.3294433832 0.02068653477 0.5064935878 0.007797153594 0.001201523023 0.002565729617 1969.865651 8030.134349 1.755541108e-13 4.695172505e-06 3.225466688e-05 0.5062649289 1.290509711 24.45154772 3.405204252 0.09088077336 12
7500 24.48510665 24.47884456 24.40092679 0.3500975543 0.3294598906 0.02063766367 0.505315396 0.007807046243 0.001202076112 0.002574974727 1969.865651 8030.134349 1.9813472e-13 3.328096811e-06 2.23474328e-05 0.504603556 1.290519536 24.4524474 3.405178328 0.09083495571 12
8000 24.48626695 24.48001567 24.40188625 0.3500553267 0.3294811967 0.02057413002 0.5037836401 0.007809424293 0.001202662472 0.002583590677 1969.865651 8030.134349 2.161800083e-13 1.739305439e-06 9.823432286e-06 0.5024563613 1.290523961 24.45363917 3.40516665 0.09070496304 12
8500 24.48712849 24.48090385 24.40258889 0.3500239862 0.3294969795 0.02052700673 0.5026474512 0.007806888483 0.001202341705 0.00258858983 1969.865651 8030.134349 2.104505987e-13 1.364000915e-06 1.561471472e-06 0.5008660764 1.290523998 24.4545318 3.405166555 0.09058058445 12
9000 24.4875118 24.48131194 24.4028946 0.3500100664 0.3295039934 0.02050607305 0.5021427058 0.007802819972 0.001201813601 0.002589841454 1969.865651 8030.134349 2.438020178e-13 1.63377916e-06 3.940886608e-06 0.5001602313 1.29052174 24.45493432 3.405172511 0.09050589379 12
9500 24.48750482 24.48131946 24.40288099 0.3500103452 0.3295038561 0.02050648903 0.5021527491 0.007799534908 0.001201535702 0.002588699329 1969.865651 8030.134349 2.439069272e-13 1.62887922e-06 3.841785505e-06 0.5001749802 1.290519132 24.45493321 3.405179392 0.09048482921 12
10000 24.48729964 24.48111805 24.40270817 0.3500178209 0.3295000874 0.02051773352 0.5024238886 0.007797884056 0.001201462986 0.002586754675 1969.865651 8030.134349 2.672176519e-13 1.461473773e-06 2.001155206e-06 0.5005551337 1.290517325 24.45472484 3.405184161 0.09049926007 12
10500 24.4870696 24.48088485 24.40251844 0.3500261891 0.3294958653 0.02053032379 0.5027274675 0.007797680541 0.001201456369 0.002585125157 1969.865651 8030.134349 2.966269963e-13 1.352373074e-06 1.93499937e-06 0.500980524 1.290516614 24.45448814 3.405186036 0.09052653645 12
11000 24.48691324 24.48072296 24.40239137 0.350031871 0.3294929967 0.02053887429 0.5029336329 0.007798294624 0.001201466908 0.002584268949 1969.865651 8030.134349 3.647854982e-13 1.335632217e-06 3.254387289e-06 0.5012693385 1.290516736 24.45432585 3.405185715 0.09055018031 12
11500 24.4868536 24.48065864 24.40234434 0.350034034 0.329491903 0.02054213097 0.5030121538 0.007799100864 0.001201490271 0.002584132678 1969.865651 8030.134349 3.644972319e-13 1.342086229e-06 3.830169211e-06 0.5013793075 1.290517239 24.45426287 3.405184388 0.09056307118 12
12000 24.48686617 24.48066873 24.4023562 0.3500335718 0.3294921339 0.02054143791 0.5029954411 0.007799704178 0.00120151635 0.002584418446 1969.865651 8030.134349 4.141891118e-13 1.339521199e-06 3.702783237e-06 0.5013558801 1.290517749 24.4542747 3.405183044 0.09056558142 12
12500 24.4869112 24.48071334 24.40239393 0.3500319317 0.3294929599 0.02053897179 0.5029359782 0.007799975788 0.00120153201 0.002584814014 1969.865651 8030.134349 4.22578412e-13 1.334306423e-06 3.264263151e-06 0.5012725842 1.29051807 24.4543206 3.405182196 0.09056180374 12
13000 24.48695601 24.48075895 24.40243079 0.3500303016 0.3294937818 0.02053651974 0.5028768555 0.007799973967 0.001201533957 0.002585117304 1969.865651 8030.134349 4.890042196e-13 1.333810461e-06 2.845488877e-06 0.5011897713 1.290518174 24.45436678 3.405181922 0.09055620881 12
13500 24.48698387 24.48078794 24.40245335 0.3500292893 0.3294942928 0.02053499655 0.5028401291 0.007799831964 0.001201527664 0.002585259049 1969.865651 8030.134349 4.636665911e-13 1.335392263e-06 2.596812836e-06 0.5011383291 1.290518126 24.45439576 3.405182046 0.09055178121 12
14000 24.48699253 24.48079747 24.40246007 0.3500289757 0.3294944517 0.02053452399 0.5028287355 0.007799671251 0.001201519861 0.002585264359 1969.865651 8030.134349 4.592265375e-13 1.336439717e-06 2.52258023e-06 0.501122369 1.290518019 24.45440498 3.405182329 0.09054961853 12
14500 24.48698805 24.4807934 24.4024561 0.3500291395 0.3294943696 0.02053476991 0.5028346653 0.00779956134 0.001201514344 0.002585197441 1969.865651 8030.134349 4.787534803e-13 1.336176266e-06 2.562003432e-06 0.5011306729 1.290196674 24.45489816 3.406030448 0.09192887924 12
15000 24.48697849 24.48078387 24.40244813 0.3500294875 0.3294941943 0.02053529327 0.5028472847 0.007799518864 0.001201511971 0.002585118485 1969.865651 8030.134349 4.772823214e-13 1.335310626e-06 2.645588684e-06 0.5011483472 1.290517865 24.4543908 3.405182736 0.09055033827 12
15500 24.48696991 24.4807751 24.40244109 0.3500297997 0.3294940369 0.02053576279 0.5028586055 0.00779952705 0.001201512023 0.002585063 1969.865651 8030.134349 4.897346109e-13 1.334708281e-06 2.721936655e-06 0.5011642032 1.290517852 24.45438194 3.405182772 0.09055146233 12
16000 24.48696506 24.48077002 24.40243718 0.350029976 0.3294939478 0.02053602813 0.5028650033 0.007799558239 0.001201513296 0.002585040447 1969.865651 8030.134349 4.9815633e-13 1.334355682e-06 2.765408601e-06 0.5011731643 1.290517865 24.45437688 3.405182736 0.0905522774 12
16500 24.48696394 24.48076875 24.40243634 0.3500300161 0.3294939275 0.02053608865 0.5028664624 0.007799589553 0.001201514736 0.002585043325 1969.865651 8030.134349 5.090919605e-13 1.334442395e-06 2.775143576e-06 0.5011752083 1.290517887 24.45437568 3.405182678 0.09055262708 12
17000 24.48696518 24.48076991 24.40243741 0.3500299711 0.3294939501 0.02053602098 0.5028648307 0.007799609164 0.001201515722 0.002585058213 1969.865651 8030.134349 5.47032582e-13 1.334196983e-06 2.763910142e-06 0.5011729232 1.290517906 24.45437691 3.405182629 0.09055260577 12
17500 24.48696716 24.4807719 24.40243905 0.3500298991 0.3294939863 0.02053591275 0.502862221 0.007799615379 0.0012015161 0.002585073688 1969.865651 8030.134349 5.672874743e-13 1.334471802e-06 2.746095582e-06 0.5011692683 1.290517915 24.45437894 3.405182604 0.09055240149 12
18000 24.48696877 24.48077356 24.40244037 0.3500298403 0.329494016 0.02053582431 0.5028600887 0.007799612362 0.001201516019 0.00258508365 1969.865651 8030.134349 5.496625021e-13 1.334564422e-06 2.731675361e-06 0.5011662817 1.290517917 24.45438061 3.4051826 0.09055217977 12
18500 24.4869696 24.48077443 24.40244103 0.3500298104 0.3294940311 0.0205357793 0.5028590034 0.007799605726 0.001201515733 0.00258508703 1969.865651 8030.134349 5.535129233e-13 1.33470125e-06 2.724265273e-06 0.5011647616 1.290517913 24.45438147 3.405182609 0.09055203241 12
19000 24.4869697 24.48077456 24.40244111 0.3500298066 0.329494033 0.02053577356 0.502858865 0.007799599721 0.001201515449 0.002585085751 1969.865651 8030.134349 5.627346327e-13 1.334535124e-06 2.723556499e-06 0.5011645677 1.290517909 24.45438159 3.405182621 0.09055197871 12
19500 24.4869694 24.48077427 24.40244085 0.3500298177 0.3294940275 0.02053579019 0.502859266 0.007799596297 0.001201515273 0.002585082555 1969.865651 8030.134349 5.451049647e-13 1.334602233e-06 2.726307026e-06 0.5011651294 1.290517905 24.45438129 3.40518263 0.0905519934 12
20000 24.486969 24.48077386 24.40244052 0.3500298322 0.3294940201 0.02053581209 0.5028597941 0.007799595489 0.001201515219 0.002585079572 1969.865651 8030.134349 5.486318973e-13 1.334568028e-06 2.729692807e-06 0.5011658689 1.290517904 24.45438087 3.405182634 0.09055203778 12
20500 24.4869687 24.48077355 24.40244027 0.3500298431 0.3294940147 0.02053582848 0.5028601891 0.007799596331 0.001201515247 0.002585077821 1969.865651 8030.134349 5.53069534e-13 1.334474712e-06 2.732500674e-06 0.5011664221 1.290517904 24.45438056 3.405182634 0.09055208077 12
21000 24.48696856 24.48077341 24.40244016 0.350029848 0.3294940122 0.02053583586 0.5028603671 0.007799597706 0.001201515308 0.002585077361 1969.865651 8030.134349 5.460619423e-13 1.334534165e-06 2.733630141e-06 0.5011666715 1.290517905 24.45438042 3.405182632 0.09055210688 12
21500 24.48696856 24.48077341 24.40244017 0.350029848 0.3294940122 0.02053583584 0.5028603666 0.007799598839 0.001201515362 0.00258507774 1969.865651 8030.134349 5.160184339e-13 1.334354742e-06 2.73367413e-06 0.5011666708 1.290517905 24.45438042 3.40518263 0.0905521145 12
22000 24.48696863 24.48077347 24.40244023 0.3500298455 0.3294940135 0.02053583201 0.5028602743 0.007799599421 0.001201515392 0.002585078407 1969.865651 8030.134349 5.394268169e-13 1.334575302e-06 2.733040671e-06 0.5011665415 1.290517906 24.45438049 3.405182628 0.09055210972 12
22500 24.48696871 24.48077356 24.40244029 0.3500298426 0.3294940149 0.02053582766 0.5028601695 0.007799599501 0.001201515399 0.002585078973 1969.865651 8030.134349 6.263881648e-13 1.334738489e-06 2.732265361e-06 0.5011663947 1.290517906 24.45438057 3.405182627 0.09055210037 12
23000 24.48696877 24.48077361 24.40244034 0.3500298406 0.3294940159 0.02053582468 0.5028600976 0.007799599293 0.001201515392 0.002585079273 1969.865651 8030.134349 6.166044806e-13 1.334531085e-06 2.731659649e-06 0.501166294 1.290517906 24.45438063 3.405182627 0.09055209217 12
23500 24.48696879 24.48077363 24.40244035 0.3500298398 0.3294940163 0.02053582352 0.5028600697 0.007799599014 0.001201515379 0.002585079324 1969.865651 8030.134349 6.246710455e-13 1.334674648e-06 2.731555113e-06 0.5011662549 1.290517906 24.45438065 3.405182628 0.09055208765 12
24000 24.48696878 24.48077363 24.40244035 0.35002984 0.3294940162 0.02053582374 0.5028600749 0.007799598804 0.001201515369 0.002585079228 1969.865651 8030.134349 6.717770321e-13 1.334363084e-06 2.731586281e-06 0.5011662622 1.290517906 24.45438065 3.405182628 0.09055208672 12
24500 24.48696877 24.48077362 24.40244034 0.3500298405 0.3294940159 0.02053582458 0.5028600952 0.007799598708 0.001201515364 0.002585079091 1969.865651 8030.134349 6.968306858e-13 1.334416678e-06 2.731764245e-06 0.5011662907 1.290517906 24.45438063 3.405182629 0.09055208799 12
25000 24.48696875 24.4807736 24.40244032 0.3500298411 0.3294940157 0.02053582543 0.5028601156 0.007799598707 0.001201515363 0.002585078986 1969.865651 8030.134349 7.164692446e-13 1.334502386e-06 2.731838292e-06 0.5011663193 1.290517906 24.45438062 3.405182629 0.09055208991 12
25500 24.48696874 24.48077359 24.40244032 0.3500298414 0.3294940155 0.02053582596 0.5028601285 0.007799598755 0.001201515365 0.002585078936 1969.865651 8030.134349 7.767577259e-13 1.334641291e-06 2.732117763e-06 0.5011663373 1.290517906 24.45438061 3.405182629 0.09055209145 12
26000 24.48696874 24.48077359 24.40244031 0.3500298416 0.3294940154 0.02053582613 0.5028601326 0.007799598811 0.001201515368 0.002585078933 1969.865651 8030.134349 8.000275316e-13 1.334408534e-06 2.732071377e-06 0.501166343 1.290517906 24.4543806 3.405182629 0.09055209221 12
26500 24.48696874 24.48077359 24.40244031 0.3500298415 0.3294940155 0.02053582605 0.5028601306 0.007799598849 0.001201515369 0.002585078956 1969.865651 8030.134349 8.265354194e-13 1.334444233e-06 2.732129998e-06 0.5011663403 1.290517906 24.4543806 3.405182628 0.09055209229 12
27000 24.48696875 24.48077359 24.40244032 0.3500298414 0.3294940155 0.02053582587 0.5028601263 0.007799598864 0.00120151537 0.002585078983 1969.865651 8030.134349 8.51785536e-13 1.334537179e-06 2.732034652e-06 0.5011663342 1.290517906 24.45438061 3.405182628 0.09055209198 12
27500 24.48696875 24.48077359 24.40244032 0.3500298413 0.3294940156 0.02053582571 0.5028601224 0.007799598862 0.00120151537 0.002585079003 1969.865651 8030.134349 8.524150857e-13 1.334364095e-06 2.731966284e-06 0.5011663287 1.290517906 24.45438061 3.405182628 0.09055209159 12
28000 24.48696875 24.4807736 24.40244032 0.3500298412 0.3294940156 0.02053582562 0.5028601201 0.007799598851 0.00120151537 0.002585079011 1969.865651 8030.134349 8.712430999e-13 1.334585372e-06 2.732081489e-06 0.5011663256 1.290517906 24.45438061 3.405182628 0.09055209131 12
28500 24.48696875 24.4807736 24.40244032 0.3500298412 0.3294940156 0.02053582559 0.5028601196 0.00779959884 0.001201515369 0.00258507901 1969.865651 8030.134349 8.547161898e-13 1.334575292e-06 2.731772446e-06 0.5011663248 1.290517906 24.45438061 3.405182628 0.09055209119 12
29000 24.48696875 24.4807736 24.40244032 0.3500298412 0.3294940156 0.02053582562 0.5028601201 0.007799598833 0.001201515369 0.002585079005 1969.865651 8030.134349 8.775242519e-13 1.33465258e-06 2.731898168e-06 0.5011663256 1.290517906 24.45438061 3.405182628 0.09055209119 12
29500 24.48696875 24.4807736 24.40244032 0.3500298412 0.3294940156 0.02053582565 0.502860121 0.007799598831 0.001201515369 0.002585078999 1969.865651 8030.134349 8.977029175e-13 1.334477411e-06 2.732052302e-06 0.5011663269 1.290517906 24.45438061 3.405182628 0.09055209126 12
29999 24.48696875 24.48077359 24.40244032 0.3500298413 0.3294940156 0.02053582569 0.5028601218 0.007799598832 0.001201515369 0.002585078996 1969.865651 8030.134349 9.231654196e-13 1.334496714e-06 2.73194655e-06 0.5011663279 1.290517906 24.45438061 3.405182628 0.09055209134 12
