# 1:passo  2:raio_area  3:raio_grad  4:raio_linha  5:p_in  6:p_out  7:delta_p  8:sigma  9:|u-v0|max  10:|u-v0|rms  11:Ca  12:massa_R  13:massa_B  14:|q|  15:sd_p_in  16:sd_p_out  17:sigma_2pontos  18:K_perfil  19:r_perfil  20:espessura_10_90  21:residuo_ajuste  22:n_camadas
0 25.04052139 25.08111096 25 0.3333333333 0.3333333333 -2.220446049e-16 -5.560112678e-15 3.25029273e-17 7.483238304e-18 0 1969.865651 8030.134349 2.598161066e-17 2.731879552e-08 0 -2.775557562e-15 1.273345395 25.01411833 3.451105388 0.08159937045 12
500 24.43165608 24.39871397 24.28185368 0.3495564208 0.3325664235 0.01698999725 0.4150937696 0.01868255867 0.01091296112 0.004500804405 1969.865651 8030.134349 6.738723389e-14 0.0006942768394 0.002086012432 0.5170663616 1.283577533 24.3999379 3.423594635 0.07224747636 12
1000 24.05840992 24.01621034 23.82141315 0.3627636472 0.3276757287 0.03508791847 0.8441595261 0.01898215051 0.01220779347 0.002248644945 1969.865651 8030.134349 1.907358122e-14 0.0003232436049 0.001274956052 0.7984518441 1.286086551 24.0337151 3.416915564 0.1048337984 12
1500 23.82752763 23.77854915 23.54605721 0.3723128242 0.323985036 0.04832778823 1.151531709 0.01367555043 0.008601350403 0.001187596514 1969.865651 8030.134349 3.960748244e-14 0.0002706177966 0.0008419290461 1.198199178 1.271189331 23.8068951 3.456958809 0.08387694944 11
2000 23.74177131 23.68829152 23.50042552 0.3756391435 0.3228068007 0.05283234274 1.254333399 0.005782725761 0.003573973974 0.0004610198345 1969.865651 8030.134349 4.618359502e-14 0.0003711512759 0.0008018053941 1.29831238 1.275405367 23.71756002 3.445531333 0.09121360164 11
2500 23.76237157 23.70633258 23.5893794 0.3751382819 0.3234765088 0.0516617731 1.227606248 0.004133460168 0.001426420631 0.0003367089548 1969.865651 8030.134349 4.822650461e-14 0.000406848761 0.0005099805353 1.253125858 1.277036199 23.73679922 3.441131236 0.09835534237 11
3000 23.84044511 23.78499711 23.71984529 0.37200081 0.3247003231 0.04730048693 1.127664662 0.004412762856 0.002766237534 0.0003913187141 1969.865651 8030.134349 6.751180215e-14 0.0002706150146 0.0001223106071 1.134225022 1.276094183 23.81579783 3.443671488 0.09714530318 11
3500 23.92029431 23.86708482 23.82200725 0.3685355078 0.3257831946 0.04275231324 1.022647915 0.003766334297 0.002742533002 0.0003682923752 1969.865651 8030.134349 3.710619386e-14 5.137192604e-05 0.0002653741619 1.010953349 1.294196019 23.88365525 3.395505078 0.1686022501 12
4000 23.96855683 23.91752631 23.87026887 0.3664994883 0.3264396431 0.04005984523 0.960176677 0.003229691463 0.001735102423 0.0003363642901 1969.865651 8030.134349 6.010186916e-14 6.801882934e-05 0.0004290354611 0.9386223813 1.29341087 23.9336609 3.397566278 0.1599715546 12
4500 23.98107769 23.93135903 23.87140426 0.36601487 0.3266044513 0.03941041868 0.9451043124 0.002443773177 0.0006474282523 0.0002585717941 1969.865651 8030.134349 4.230812243e-14 8.592048551e-05 0.0003849012837 0.9221204122 1.293334058 23.94737107 3.397768061 0.1527164898 12
5000 23.97002205 23.92070434 23.84646479 0.3664654805 0.3264025143 0.04006296627 0.960310185 0.002764905278 0.0005734958047 0.0002879179375 1969.865651 8030.134349 9.206089602e-14 6.262030506e-05 0.0002233884118 0.9429225104 1.292869071 23.93682017 3.398990086 0.1508244922 12
5500 23.95059854 23.90106811 23.81701562 0.3672212059 0.3260584552 0.04116275068 0.9858725165 0.002821907211 0.0008145628249 0.0002862344942 1969.865651 8030.134349 9.953882397e-14 3.157603915e-05 4.649954216e-05 0.9767656759 1.293110773 23.91729626 3.398354762 0.1505280382 12
6000 23.93382136 23.88379272 23.79648878 0.3678769998 0.3257710299 0.04210596993 1.007756763 0.002680200921 0.0007195536632 0.0002659571258 1969.865651 8030.134349 1.194554232e-13 4.492604336e-06 8.712032756e-05 1.005240188 1.293476348 23.89965251 3.397394287 0.15134483 12
6500 23.92481734 23.87428963 23.78883907 0.3682398151 0.3256306647 0.04260915041 1.01941614 0.002528389625 0.0004779250573 0.0002480233071 1969.865651 8030.134349 1.322435104e-13 1.376510415e-05 0.0001353141866 1.019732827 1.293665356 23.8902337 3.396897917 0.1535856572 12
7000 23.92363596 23.87279062 23.79130454 0.3682971984 0.3256274876 0.04266971075 1.020814626 0.002453928589 0.0003455879582 0.0002403892466 1969.865651 8030.134349 1.420729711e-13 1.855393715e-05 0.0001165094935 1.020675064 1.293574121 23.88925618 3.3971375 0.1563182869 12
7500 23.92732335 23.87638613 23.79843256 0.3681574363 0.3257025043 0.04245493195 1.015832884 0.002433393388 0.000370616843 0.0002395466248 1969.865651 8030.134349 1.365398517e-13 1.361610166e-05 6.30280559e-05 1.013497394 1.293802471 23.89236373 3.396537921 0.15561877 12
8000 23.93230262 23.88143686 23.80537222 0.367962281 0.3257934329 0.04216884814 1.009197635 0.002431790501 0.0003861358953 0.0002409627625 1969.865651 8030.134349 1.346319219e-13 5.287288303e-06 8.578821588e-06 1.004445284 1.293770902 23.89739132 3.396620799 0.1553569326 12
8500 23.93605451 23.8853245 23.80949073 0.3678141602 0.3258590604 0.04195509983 1.004239557 0.002440490585 0.0003596824997 0.0002430187667 1969.865651 8030.134349 1.97269121e-13 1.717898279e-06 2.700364363e-05 0.9978228978 1.293722687 23.90125421 3.396747387 0.1547568683 12
9000 23.93765418 23.88704459 23.81041482 0.367750564 0.3258851582 0.04186540583 1.002159607 0.002456292354 0.0003322924929 0.000245099916 1969.865651 8030.134349 1.5282965e-13 4.453012576e-06 3.744148399e-05 0.9951394291 1.293476934 23.90344175 3.397392749 0.155408355 12
9500 23.93742521 23.8868824 23.80917933 0.3677586263 0.3258785109 0.04188011537 1.002502129 0.002470401999 0.0003260945199 0.0002464236161 1969.865651 8030.134349 1.59799149e-13 4.279906785e-06 2.957282206e-05 0.9957314191 1.293662089 23.90278905 3.396906496 0.1538720419 12
10000 23.93625664 23.88572549 23.80720721 0.3678035194 0.3258556242 0.04194789516 1.004075584 0.00247596614 0.0003296131884 0.0002465916092 1969.865651 8030.134349 2.06861607e-13 2.528038183e-06 1.394354433e-05 0.9979611269 1.293660582 23.90163315 3.396910453 0.1538049817 12
10500 23.93501036 23.88445535 23.80558766 0.367851761 0.3258322711 0.04201948987 1.005736925 0.002473396126 0.000330651595 0.0002459287378 1969.865651 8030.134349 2.197190543e-13 5.724274643e-07 9.225045723e-07 1.000266995 1.293670911 23.90036764 3.396883332 0.1539098317 12
11000 23.934203 23.883613 23.80479922 0.3678832266 0.3258176524 0.04206557419 1.006805992 0.00246737123 0.0003290084116 0.0002450691841 1969.865651 8030.134349 2.453635005e-13 7.884645165e-07 8.68835798e-06 1.001729612 1.293684042 23.8995302 3.396848854 0.1540726606 12
11500 23.93395787 23.88333987 23.80478975 0.3678929538 0.3258136366 0.04207931726 1.007124606 0.002462046722 0.0003278549511 0.0002444629698 1969.865651 8030.134349 2.307882844e-13 1.253527947e-06 1.029719369e-05 1.002148559 1.293693591 23.8992603 3.396823781 0.1542061825 12
12000 23.93412739 23.88349605 23.8052269 0.3678865346 0.3258172049 0.04206932973 1.006892697 0.002459178515 0.0003277802611 0.0002442344177 1969.865651 8030.134349 2.083676084e-13 1.055885211e-06 7.497853471e-06 1.0018109 1.293697359 23.89941759 3.396813886 0.1542717244 12
12500 23.93446696 23.88383568 23.80574839 0.3678734317 0.3258237267 0.0420497051 1.006437277 0.002458687401 0.00032781442 0.0002442961381 1969.865651 8030.134349 2.419575571e-13 6.028710414e-07 3.218063131e-06 1.001171644 1.293696391 23.89975676 3.396816428 0.1542733554 12
13000 23.9347716 23.88414793 23.8061155 0.3678616279 0.3258294298 0.04203219811 1.006031061 0.00245969276 0.0003275418039 0.0002444947133 1969.865651 8030.134349 2.363992533e-13 3.621227506e-07 3.202773102e-07 1.000606467 1.293693112 23.90006788 3.396825037 0.1542379927 12
13500 23.93493831 23.88432361 23.80625225 0.3678551495 0.3258324757 0.04202267377 1.005810104 0.00246118263 0.0003272226046 0.0002446965505 1969.865651 8030.134349 2.08199338e-13 4.389814223e-07 2.049755723e-06 1.000301079 1.293689778 23.90024251 3.396833791 0.1541951832 12
14000 23.93496195 23.88435354 23.80620463 0.3678542137 0.3258328349 0.0420213788 1.005780103 0.002462386109 0.0003270893768 0.0002448235059 1969.865651 8030.134349 1.640353402e-13 4.517017953e-07 2.128615566e-06 1.00026136 1.293687693 23.90027183 3.396839267 0.1541645926 12
14500 23.93489493 23.88428888 23.80607023 0.3678567964 0.3258315232 0.04202527326 1.0058705 0.002462952212 0.0003271110175 0.0002448577836 1969.865651 8030.134349 2.304767791e-13 3.727857407e-07 1.238042529e-06 1.000388418 1.293687124 23.90020704 3.39684076 0.1541527143 12
15000 23.93480212 23.8841953 23.80593828 0.3678603853 0.3258297627 0.04203062256 1.005994634 0.002462925178 0.0003271721523 0.0002448248822 1969.865651 8030.134349 2.458104701e-13 3.044672428e-07 2.912028926e-07 1.000561692 1.293687643 23.90011364 3.396839398 0.1541560571 12
15500 23.93473045 23.88412137 23.80585871 0.3678631607 0.3258284235 0.04203473722 1.006090105 0.002462567651 0.000327216345 0.0002447661138 1969.865651 8030.134349 2.539474126e-13 3.001526855e-07 7.774504494e-07 1.00069465 1.293688583 23.90004 3.396836929 0.1541667843 12
16000 23.93469851 23.8840872 23.80583978 0.3678643995 0.3258278394 0.04203656008 1.006132392 0.002462161118 0.0003272393913 0.0002447154209 1969.865651 8030.134349 2.675213383e-13 3.175294395e-07 1.091074705e-06 1.000753456 1.293689402 23.90000606 3.396834779 0.1541775919 12
16500 23.93470156 23.8840889 23.80586279 0.3678642828 0.3258279106 0.04203637214 1.006128022 0.002461884216 0.0003272462125 0.0002446889622 1969.865651 8030.134349 2.626487769e-13 3.219767112e-07 1.018507278e-06 1.000747344 1.293689836 23.90000786 3.39683364 0.1541842869 12
17000 23.93472341 23.88411041 23.80590087 0.3678634372 0.325828328 0.04203510922 1.006098713 0.002461787686 0.0003272395102 0.0002446864959 1969.865651 8030.134349 2.627779389e-13 3.180019871e-07 7.532022925e-07 1.000706561 1.293689883 23.90002937 3.396833517 0.1541860619 12
17500 23.93474756 23.88413493 23.80593287 0.3678625019 0.3258287822 0.04203371969 1.00606647 0.002461831029 0.000327225089 0.0002446986459 1969.865651 8030.134349 2.619006828e-13 3.149049637e-07 4.909554824e-07 1.000661699 1.293689691 23.90005383 3.396834022 0.1541843502 12
18000 23.93476371 23.88415171 23.80594907 0.3678618762 0.3258290828 0.04203279339 1.006044978 0.002461937635 0.000327211312 0.0002447144699 1969.865651 8030.134349 2.613416666e-13 3.141891061e-07 3.45545983e-07 1.000631773 1.293689436 23.90007055 3.396834689 0.1541813104 12
18500 23.93476908 23.88415762 23.80595 0.3678616684 0.3258291801 0.04203248828 1.006037901 0.002462039447 0.0003272037084 0.0002447263115 1969.865651 8030.134349 2.654503445e-13 3.118610503e-07 3.11371622e-07 1.00062188 1.293689244 23.9000764 3.396835194 0.1541786837 12
19000 23.93476622 23.88415503 23.80594186 0.3678617792 0.3258291241 0.04203265516 1.006041775 0.002462099313 0.0003272027309 0.0002447313198 1969.865651 8030.134349 3.11628518e-13 3.097044756e-07 3.411964511e-07 1.000627218 1.293689162 23.9000738 3.396835411 0.1541773033 12
19500 23.93475977 23.8841486 23.80593167 0.3678620293 0.3258290022 0.04203302712 1.006050406 0.002462112109 0.0003272057232 0.000244730492 1969.865651 8030.134349 2.732771258e-13 3.093517569e-07 3.998174042e-07 1.000639188 1.293689173 23.90006738 3.39683538 0.1541771647 12
20000 23.93475375 23.88414245 23.80592424 0.3678622625 0.3258288896 0.04203337288 1.006058429 0.002462093065 0.0003272096807 0.0002447266474 1969.865651 8030.134349 2.883872563e-13 3.092645735e-07 4.541906482e-07 1.000650335 1.293689234 23.90006124 3.39683522 0.1541777873 12
20500 23.9347503 23.88413883 23.80592124 0.3678623963 0.3258288257 0.0420335706 1.006063017 0.002462063168 0.0003272126642 0.0002447225599 1969.865651 8030.134349 2.129779571e-13 3.091956527e-07 4.901525461e-07 1.000656723 1.2936893 23.90005764 3.396835048 0.1541786042 12
21000 23.93474964 23.88413805 23.80592193 0.3678624218 0.3258288141 0.04203360774 1.006063878 0.002462038585 0.0003272139786 0.0002447199069 1969.865651 8030.134349 1.727405728e-13 3.104239404e-07 4.905684136e-07 1.000657939 1.293689343 23.90005687 3.396834935 0.1541792176 12
21500 23.93475083 23.88413918 23.80592445 0.3678623757 0.3258288368 0.04203353896 1.006062281 0.002462026492 0.000327213838 0.0002447190932 1969.865651 8030.134349 1.435182535e-13 3.11000099e-07 4.797001656e-07 1.000655738 1.293689356 23.900058 3.396834899 0.1541794788 12
22000 23.93475261 23.88414098 23.80592705 0.3678623065 0.3258288703 0.04203343623 1.006059897 0.002462026178 0.0003272129072 0.0002447196418 1969.865651 8030.134349 1.758319075e-13 3.11142206e-07 4.610657667e-07 1.000652435 1.293689348 23.9000598 3.396834921 0.1541794386 12
22500 23.93475405 23.88414246 23.8059287 0.3678622507 0.3258288971 0.04203335365 1.006057981 0.002462032707 0.0003272118772 0.0002447207569 1969.865651 8030.134349 1.877716921e-13 3.095479769e-07 4.466474053e-07 1.000649774 1.29368933 23.90006127 3.396834968 0.1541792421 12
23000 23.93475474 23.88414319 23.80592917 0.3678622241 0.3258289097 0.04203331435 1.00605707 0.002462040631 0.0003272111886 0.0002447217663 1969.865651 8030.134349 1.185117324e-13 3.110606807e-07 4.417100412e-07 1.000648504 1.293689314 23.900062 3.39683501 0.1541790321 12
23500 23.93475473 23.88414321 23.80592878 0.3678622243 0.3258289095 0.04203331486 1.006057082 0.002462046304 0.0003272109618 0.0002447223272 1969.865651 8030.134349 1.261337857e-13 3.108393261e-07 4.423119091e-07 1.000648515 1.293689305 23.90006202 3.396835034 0.1541788952 12
24000 23.93475433 23.88414282 23.80592806 0.3678622398 0.3258289019 0.04203333789 1.006057616 0.00246204851 0.000327211085 0.0002447224165 1969.865651 8030.134349 1.283283477e-13 3.09663081e-07 4.468061123e-07 1.000649253 1.293689303 23.90006163 3.396835039 0.1541788526 12
24500 23.93475386 23.88414234 23.80592742 0.367862258 0.3258288931 0.04203336489 1.006058243 0.002462047889 0.0003272113595 0.0002447222024 1969.865651 8030.134349 1.328052656e-13 3.098471349e-07 4.493813447e-07 1.000650121 1.293689307 23.90006115 3.39683503 0.1541788803 12
25000 23.93475353 23.884142 23.80592707 0.3678622708 0.325828887 0.04203338378 1.006058681 0.002462045895 0.0003272116144 0.0002447218975 1969.865651 8030.134349 1.511615651e-13 3.103889687e-07 4.53334221e-07 1.00065073 1.293689312 23.90006081 3.396835017 0.1541789373 12
25500 23.93475341 23.88414187 23.80592703 0.3678622755 0.3258288848 0.04203339077 1.006058843 0.002462043883 0.0003272117601 0.0002447216582 1969.865651 8030.134349 1.465968748e-13 3.096705161e-07 4.546929329e-07 1.000650956 1.293689315 23.90006068 3.396835007 0.1541789892 12
26000 23.93475345 23.88414191 23.80592718 0.3678622739 0.3258288856 0.04203338828 1.006058785 0.002462042636 0.0003272117876 0.0002447215483 1969.865651 8030.134349 1.996915136e-13 3.110980684e-07 4.540323019e-07 1.000650877 1.293689317 23.90006072 3.396835002 0.1541790181 12
26500 23.93475357 23.88414203 23.80592737 0.3678622692 0.3258288879 0.04203338135 1.006058625 0.002462042305 0.0003272117371 0.0002447215545 1969.865651 8030.134349 1.817992241e-13 3.099804407e-07 4.529120113e-07 1.000650655 1.293689317 23.90006084 3.396835002 0.1541790229 12
27000 23.93475369 23.88414215 23.80592752 0.3678622646 0.3258288901 0.04203337455 1.006058467 0.002462042623 0.0003272116614 0.0002447216245 1969.865651 8030.134349 1.461785406e-13 3.10182393e-07 4.512222727e-07 1.000650436 1.293689316 23.90006096 3.396835005 0.154179012 12
27500 23.93475376 23.88414222 23.80592759 0.3678622618 0.3258288914 0.04203337044 1.006058371 0.00246204319 0.0003272116005 0.000244721704 1969.865651 8030.134349 1.213354691e-13 3.1026873e-07 4.519185435e-07 1.000650304 1.293689315 23.90006103 3.396835009 0.1541789964 12
28000 23.93475378 23.88414224 23.80592758 0.3678622612 0.3258288917 0.04203336944 1.006058348 0.002462043679 0.0003272115715 0.0002447217583 1969.865651 8030.134349 9.518553306e-14 3.100700022e-07 4.52020685e-07 1.000650271 1.293689314 23.90006105 3.396835011 0.1541789841 12
28500 23.93475376 23.88414222 23.80592753 0.3678622619 0.3258288913 0.04203337061 1.006058375 0.002462043937 0.0003272115718 0.0002447217774 1969.865651 8030.134349 1.373043534e-13 3.112453079e-07 4.518625988e-07 1.000650308 1.293689314 23.90006103 3.396835012 0.1541789784 12
29000 23.93475373 23.88414219 23.80592748 0.3678622633 0.3258288907 0.04203337256 1.006058421 0.002462043964 0.0003272115888 0.000244721769 1969.865651 8030.134349 1.014692185e-13 3.109644878e-07 4.511432077e-07 1.000650371 1.293689314 23.900061 3.396835011 0.1541789787 12
29500 23.9347537 23.88414216 23.80592745 0.3678622644 0.3258288902 0.0420333742 1.006058459 0.002462043848 0.0003272116086 0.0002447217482 1969.865651 8030.134349 5.548156554e-14 3.100838389e-07 4.518946657e-07 1.000650424 1.293689314 23.90006097 3.39683501 0.1541789822 12
29999 23.93475368 23.88414214 23.80592744 0.367862265 0.3258288899 0.04203337508 1.006058479 0.002462043689 0.0003272116232 0.0002447217274 1969.865651 8030.134349 1.029787174e-13 3.107341584e-07 4.514744335e-07 1.000650452 1.293689314 23.90006095 3.39683501 0.1541789865 12
