# 1:passo  2:raio_area  3:raio_grad  4:raio_linha  5:p_in  6:p_out  7:delta_p  8:sigma  9:|u-v0|max  10:|u-v0|rms  11:Ca  12:massa_R  13:massa_B  14:|q|  15:sd_p_in  16:sd_p_out  17:sigma_2pontos  18:K_perfil  19:r_perfil  20:espessura_10_90  21:residuo_ajuste  22:n_camadas
0 25.04052139 25.08111096 25 0.3333333333 0.3333333333 -2.220446049e-16 -5.560112678e-15 2.501853777e-17 7.531017823e-18 0 1969.865651 8030.134349 9.10338889e-17 2.78221524e-08 0 0 1.273345395 25.01411833 3.451105388 0.08159937045 12
500 25.03913163 25.07461369 25.00448071 0.3333614398 0.3333315427 2.98971458e-05 0.000748598569 6.719726738e-05 4.225248027e-05 0.002992136247 1969.865651 8030.134349 8.312906895e-14 1.899539654e-06 9.972584736e-06 0.000893437111 1.296466032 25.0158952 3.389559807 0.07343705262 12
1000 25.03772111 25.07317235 25.00458747 0.3334084454 0.3333149183 9.352705172e-05 0.002341704237 9.320604559e-05 5.797469153e-05 0.001326755163 1969.865651 8030.134349 1.359820314e-13 1.644184408e-06 9.196785892e-06 0.002220061875 1.296474795 25.01439514 3.389536897 0.07376009873 12
1500 25.03636635 25.07176692 25.00290931 0.3334607246 0.33329638 0.0001643445451 0.004114590239 8.240427836e-05 4.98280975e-05 0.0006675778434 1969.865651 8030.134349 9.227463062e-14 1.727503917e-06 9.780036305e-06 0.004762840335 1.296224485 25.01299348 3.390191442 0.07661241012 12
2000 25.03562428 25.07098513 25.00110672 0.3334814356 0.33328502 0.000196415601 0.00491738719 4.565309125e-05 2.55341383e-05 0.0003094671316 1969.865651 8030.134349 7.79088217e-14 1.107938461e-06 7.408847172e-06 0.005359636252 1.296458514 25.01225551 3.389579464 0.07366317277 12
2500 25.03562156 25.07095944 25.0002971 0.3334870077 0.3332883247 0.0001986830441 0.004974153503 4.238110665e-05 2.092577315e-05 0.0002840088377 1969.865651 8030.134349 1.180730845e-13 3.096409937e-06 2.959053927e-06 0.005263245159 1.296456336 25.0122676 3.389585157 0.07354753377 12
3000 25.03625215 25.07159266 25.00068681 0.3334687819 0.3333017368 0.0001670451001 0.004182183247 4.70612429e-05 3.600787794e-05 0.0003750931043 1969.865651 8030.134349 1.385671562e-13 3.138581997e-06 6.228100282e-06 0.004022557325 1.296460877 25.01292195 3.389573286 0.0734857468 12
3500 25.0371763 25.07254491 25.00174132 0.3334350489 0.3333166594 0.0001183894263 0.002964136938 4.872700885e-05 3.673907164e-05 0.000547961738 1969.865651 8030.134349 1.014559428e-13 1.111479543e-06 1.286153575e-05 0.002398761069 1.296462628 25.0138747 3.389568707 0.07345675892 12
4000 25.0379238 25.07333345 25.00271917 0.3334070161 0.3333265991 8.04169894e-05 0.002013474453 3.844779003e-05 2.306086444e-05 0.0006365082005 1969.865651 8030.134349 1.101633254e-13 6.523677496e-07 1.475271434e-05 0.001385633717 1.296469039 25.01464937 3.389551945 0.07344067224 12
4500 25.03818249 25.07362583 25.00316246 0.3333952978 0.3333278423 6.74554787e-05 0.001688962586 3.290363059e-05 1.360979979e-05 0.0006493854248 1969.865651 8030.134349 1.03719449e-13 1.82986969e-06 1.170842424e-05 0.001120656412 1.296253124 25.01491952 3.390116539 0.07627043679 12
5000 25.03791513 25.0733707 25.00297843 0.3334045974 0.333321228 8.336938597e-05 0.00208739561 4.647021146e-05 2.495598878e-05 0.0007420764138 1969.865651 8030.134349 1.48575607e-13 1.299401151e-06 3.77765499e-06 0.00186350445 1.296250051 25.01464822 3.390124575 0.07628175957 12
5500 25.03736494 25.07281131 25.00244248 0.3334224996 0.3333097693 0.0001127303021 0.002822469715 4.78271822e-05 2.930499308e-05 0.0005648384457 1969.865651 8030.134349 1.506249723e-13 6.848214021e-07 4.870522113e-06 0.002961570672 1.29645028 25.0135883 3.389600991 0.07409747519 12
6000 25.03683361 25.07225637 25.00188894 0.3334404785 0.3332995679 0.0001409105486 0.00352795396 3.476837907e-05 2.103294056e-05 0.0003285037112 1969.865651 8030.134349 1.642765511e-13 1.07674462e-07 1.1197012e-05 0.004008267707 1.296463998 25.01353013 3.389565126 0.07350739339 12
6500 25.03656893 25.07196583 25.00159877 0.3334494548 0.3332951842 0.0001542706105 0.003862406775 2.158448739e-05 6.645410919e-06 0.0001862783894 1969.865651 8030.134349 2.359079173e-13 4.657776556e-07 1.26189111e-05 0.004426261374 1.296449323 25.01275411 3.389603493 0.07415558705 12
7000 25.0366514 25.07203068 25.00164706 0.3334476778 0.3332981523 0.0001495254453 0.00374361645 2.770755709e-05 1.382968396e-05 0.0002467093648 1969.865651 8030.134349 2.176986879e-13 6.067515982e-07 9.261943104e-06 0.004165923374 1.296449284 25.01283216 3.389603595 0.07416179064 12
7500 25.03699658 25.07237307 25.00194448 0.3334367754 0.3333060031 0.0001307723063 0.003274145786 3.631042543e-05 2.196854645e-05 0.0003696681801 1969.865651 8030.134349 2.458316964e-13 2.946996449e-07 2.761227573e-06 0.003394626223 1.296245906 25.01367787 3.390135417 0.07635661601 12
8000 25.03740099 25.07278831 25.00229702 0.3334234623 0.3333145176 0.0001089446901 0.002727691892 3.369672574e-05 1.987599881e-05 0.0004117855812 1969.865651 8030.134349 2.392006103e-13 2.13189683e-07 3.876841235e-06 0.002545882476 1.296448529 25.01360572 3.389605569 0.07411463645 12
8500 25.03765562 25.07306019 25.00252042 0.3334149994 0.3333197989 9.520048291e-05 0.002383596906 2.471155401e-05 9.872283961e-06 0.0003455779225 1969.865651 8030.134349 2.623077056e-13 5.538651329e-07 7.983203279e-06 0.002017455711 1.296448073 25.01387468 3.389606762 0.07408678951 12
9000 25.03765033 25.07306944 25.00251994 0.3334152851 0.333319894 9.539110835e-05 0.002388369216 2.291968099e-05 6.302528197e-06 0.0003198790879 1969.865651 8030.134349 2.058652394e-13 5.21238795e-07 8.287046974e-06 0.002008731769 1.296244051 25.01436775 3.390140267 0.07628640411 12
9500 25.03741572 25.07284046 25.00231995 0.333423301 0.3333153954 0.0001079055936 0.002701677205 2.953708325e-05 1.456182977e-05 0.0003644289703 1969.865651 8030.134349 1.814959118e-13 1.532491462e-07 5.228131297e-06 0.002466872739 1.296446842 25.01363696 3.38960998 0.07408307152 12
10000 25.03709038 25.07251088 25.00203928 0.3334341303 0.3333088797 0.0001252506008 0.003135910613 3.190644565e-05 1.637271847e-05 0.0003391513086 1969.865651 8030.134349 1.262260509e-13 2.785750487e-07 6.680145195e-07 0.003115730462 1.296447165 25.01330102 3.389609136 0.07410415793 12
10500 25.03683877 25.07224876 25.00182127 0.3334423761 0.3333036101 0.0001387660048 0.00347426209 2.810243217e-05 1.11681939e-05 0.000269624949 1969.865651 8030.134349 7.83967155e-14 5.824029723e-07 3.304896357e-06 0.00363985614 1.296448304 25.0130381 3.389606159 0.07412675063 12
11000 25.03677315 25.07217231 25.00176632 0.3334443044 0.3333018571 0.000142447303 0.003566420811 2.356728004e-05 4.818772039e-06 0.0002202701372 1969.865651 8030.134349 6.230569139e-14 6.066183143e-07 5.063824382e-06 0.003807926889 1.296449747 25.01296593 3.389602385 0.07414024016 12
11500 25.03690671 25.07229996 25.00188688 0.3334395707 0.3333039829 0.0001355878123 0.003394699406 2.40299009e-05 9.296903436e-06 0.0002359551174 1969.865651 8030.134349 7.193420402e-14 3.612730856e-07 4.292636433e-06 0.003590379996 1.296450721 25.01310028 3.389599839 0.07413943538 12
12000 25.03715865 25.07255317 25.00211223 0.3334308709 0.3333084939 0.0001223769486 0.003063971077 2.601897057e-05 1.267131434e-05 0.0002830637096 1969.865651 8030.134349 1.093418488e-13 5.367816002e-08 1.785759367e-06 0.003132419909 1.296450972 25.0133592 3.389599183 0.07412647151 12
12500 25.03740067 25.07280213 25.00232881 0.3334226063 0.333313014 0.0001095922593 0.002743905306 2.494682975e-05 1.065615178e-05 0.000303057467 1969.865651 8030.134349 1.15383874e-13 4.243677073e-07 1.028932333e-06 0.00267600357 1.296450447 25.0136104 3.389600556 0.07410893661 12
13000 25.03752231 25.0729323 25.00243813 0.3334185541 0.3333154696 0.000103084502 0.002580980518 2.224973206e-05 5.534579849e-06 0.0002873550303 1969.865651 8030.134349 7.365511936e-14 5.870155028e-07 2.790640261e-06 0.002430390296 1.296449417 25.01373882 3.389603248 0.07409567185 12
13500 25.03748056 25.07289634 25.0024006 0.3334201528 0.333314993 0.000105159871 0.002632938225 2.244261059e-05 5.843562468e-06 0.000284126309 1969.865651 8030.134349 9.933348869e-14 4.803799273e-07 2.888582542e-06 0.002482871978 1.296448266 25.01369852 3.389606257 0.07409234081 12
14000 25.03731233 25.07272866 25.00224783 0.3334260725 0.3333121671 0.0001139054221 0.002851885629 2.423056482e-05 9.409128609e-06 0.0002832110397 1969.865651 8030.134349 9.871888441e-14 1.771747448e-07 1.560362318e-06 0.002772604682 1.29624419 25.0140185 3.390139906 0.07631053843 12
14500 25.03710802 25.07251994 25.00206059 0.333433169 0.3333085876 0.0001245814009 0.003119157992 2.456373267e-05 9.499024667e-06 0.0002625038844 1969.865651 8030.134349 1.284617638e-13 1.642646761e-07 3.263945459e-07 0.003136707724 1.296447361 25.01331501 3.389608624 0.07411185558 12
15000 25.03696388 25.07236903 25.00192645 0.3334381441 0.3333060057 0.0001321384189 0.003308344821 2.327097093e-05 6.357789895e-06 0.0002344674068 1969.865651 8030.134349 1.369251993e-13 3.996456871e-07 1.761208344e-06 0.003398616494 1.29646269 25.01365756 3.389568545 0.0735027303 12
15500 25.03693763 25.07233705 25.0018992 0.3334390277 0.3333054924 0.0001335352677 0.003343314168 2.242630377e-05 4.377284064e-06 0.0002235935426 1969.865651 8030.134349 1.362842318e-13 4.365086722e-07 2.109776989e-06 0.003450101248 1.296448685 25.01313521 3.389605163 0.07412937399 12
16000 25.03702673 25.07242404 25.00197813 0.3334359198 0.333307028 0.0001288917353 0.003227065822 2.297175542e-05 6.76680586e-06 0.0002372821699 1969.865651 8030.134349 1.086444138e-13 2.838757238e-07 1.340545151e-06 0.003293602156 1.296449431 25.01322574 3.389603212 0.07412698954 12
16500 25.03717669 25.07257615 25.00211485 0.3334307031 0.3333096486 0.0001210544921 0.003030862709 2.34804227e-05 7.967867827e-06 0.0002582369548 1969.865651 8030.134349 9.443605072e-14 3.207198922e-08 2.488520397e-08 0.003026675252 1.296449823 25.01338039 3.389602188 0.07411859621 12
17000 25.0373121 25.07271651 25.00224087 0.3334259907 0.3333120116 0.0001139790567 0.002853729214 2.289395135e-05 6.542201519e-06 0.0002674156006 1969.865651 8030.134349 8.996854725e-14 2.003982804e-07 1.273257261e-06 0.00278593522 1.29644976 25.01352123 3.38960235 0.07410878966 12
17500 25.03737359 25.07278319 25.00230117 0.3334238368 0.3333130584 0.0001107784303 0.002773600945 2.248503409e-05 4.449920982e-06 0.0002702267383 1969.865651 8030.134349 8.457946113e-14 3.081433525e-07 1.7822275e-06 0.002678940931 1.296449345 25.01358634 3.389603436 0.07410226874 12
18000 25.03734298 25.07275563 25.0022774 0.3334248705 0.333312466 0.0001124044602 0.002814309023 2.293357974e-05 5.116553225e-06 0.0002716306745 1969.865651 8030.134349 1.158109463e-13 2.636810324e-07 1.387484302e-06 0.002738498515 1.296448813 25.01355611 3.389604828 0.07410163831 12
18500 25.03724634 25.07265873 25.0021916 0.3334281922 0.3333107066 0.0001174856034 0.002941515995 2.345902185e-05 6.496525637e-06 0.0002658382264 1969.865651 8030.134349 1.177043976e-13 1.0848495e-07 3.648695858e-07 0.002916640521 1.296448421 25.01345684 3.389605851 0.07410647174 12
19000 25.03713641 25.07254576 25.00209104 0.3334319855 0.3333087338 0.0001232516642 0.00308586873 2.32432358e-05 6.206782828e-06 0.0002510717709 1969.865651 8030.134349 6.76534991e-14 6.913060066e-08 7.416262204e-07 0.003116723665 1.296448323 25.01334284 3.389606109 0.07411388746 12
19500 25.03706515 25.07247037 25.00202344 0.3334344609 0.3333074839 0.0001269769858 0.003179131066 2.25828304e-05 4.778258438e-06 0.0002367820004 1969.865651 8030.134349 5.448865082e-14 1.885527908e-07 1.402974043e-06 0.003243925004 1.296448507 25.0132681 3.389605626 0.07412017193 12
20000 25.03706011 25.07246209 25.00201517 0.3334346644 0.3333074447 0.000127219713 0.003185207602 2.227656652e-05 4.422720225e-06 0.0002331252183 1969.865651 8030.134349 9.131445206e-14 2.039871904e-07 1.355281125e-06 0.003248655869 1.296448836 25.01326167 3.389604767 0.07412257985 12
20500 25.03711488 25.0725159 25.00206196 0.3334328065 0.3333084861 0.0001243203944 0.003112623997 2.241928001e-05 5.376629993e-06 0.0002400898196 1969.865651 8030.134349 1.293076829e-13 1.222197552e-07 6.901523979e-07 0.003143845856 1.29644913 25.01331754 3.389603999 0.07412047788 12
21000 25.03719643 25.07259889 25.00213487 0.3334300177 0.3333099966 0.0001200210757 0.003004991247 2.250325804e-05 5.667034439e-06 0.000249620894 1969.865651 8030.134349 1.433946185e-13 1.448787398e-08 2.238516542e-07 0.002991249032 1.296449256 25.01340182 3.389603668 0.07411538394 12
21500 25.0372636 25.07266896 25.00219674 0.3334277112 0.3333112241 0.0001164870994 0.002916518215 2.239375746e-05 4.927245551e-06 0.0002559416835 1969.865651 8030.134349 1.226116898e-13 1.092879896e-07 9.443437156e-07 0.002867020524 1.29644918 25.01347191 3.389603869 0.07411000694 12
22000 25.03728716 25.07269536 25.00222036 0.3334268936 0.3333116387 0.0001152549044 0.002885670138 2.242996288e-05 4.308042569e-06 0.0002590959443 1969.865651 8030.134349 1.636421478e-13 1.500393462e-07 1.165517647e-06 0.00282485635 1.296448965 25.01349721 3.38960443 0.07410685108 12
22500 25.03726175 25.07267146 25.00219973 0.3334277523 0.3333111492 0.0001166030487 0.002919421051 2.271966119e-05 4.693490256e-06 0.0002594082958 1969.865651 8030.134349 1.500601079e-13 1.1328277e-07 8.437562072e-07 0.002874054123 1.296448735 25.01347172 3.389605031 0.07410708784 12
23000 25.03720533 25.07261469 25.0021501 0.3334296746 0.3333100917 0.000119582896 0.00299402152 2.292342973e-05 5.131084936e-06 0.0002552133708 1969.865651 8030.134349 1.355796285e-13 3.038793727e-08 1.873667211e-07 0.002980696162 1.296448606 25.01341366 3.389605368 0.07411018489 12
23500 25.03714794 25.07255551 25.00209824 0.3334316333 0.3333090225 0.0001226107887 0.003069824457 2.279789931e-05 4.887927424e-06 0.0002475483493 1969.865651 8030.134349 1.446266924e-13 6.12285691e-08 4.677750441e-07 0.003088600151 1.296463459 25.01384716 3.389566536 0.0734933853 12
24000 25.03711634 25.07252168 25.00206859 0.3334327126 0.3333084349 0.0001242777558 0.00311155663 2.251716724e-05 4.384049787e-06 0.0002412208198 1969.865651 8030.134349 2.137464994e-13 1.098596539e-07 8.253535773e-07 0.003147929944 1.29644878 25.0133207 3.389604913 0.07411756951 12
24500 25.03712204 25.07252579 25.00207224 0.3334325175 0.3333085395 0.0001239779773 0.003104051748 2.236403022e-05 4.387718042e-06 0.000240159551 1969.865651 8030.134349 2.013465379e-13 1.001576587e-07 7.638196988e-07 0.0031373589 1.296448969 25.01332591 3.38960442 0.07411844957 12
25000 25.03715786 25.07256131 25.00210345 0.3334312923 0.3333092026 0.0001220896997 0.003056779084 2.235721917e-05 4.719400779e-06 0.0002437993124 1969.865651 8030.134349 1.90937061e-13 4.762429616e-08 3.621890482e-07 0.003070373605 1.296449103 25.01336256 3.389604069 0.07411688793 12
25500 25.03720356 25.07260798 25.0021444 0.33342973 0.3333100501 0.0001196798273 0.002996448199 2.235435041e-05 4.743971525e-06 0.0002486760873 1969.865651 8030.134349 1.94547822e-13 2.564310176e-08 1.534318716e-07 0.0029847709 1.296449125 25.01340986 3.389604013 0.07411390759 12
26000 25.03723679 25.07264282 25.00217491 0.333428596 0.3333106695 0.0001179264505 0.002952552464 2.234093936e-05 4.449747646e-06 0.0002522217599 1969.865651 8030.134349 1.298847695e-13 7.768234767e-08 5.316771049e-07 0.002922259546 1.296449034 25.01344461 3.389604249 0.0741110582 12
26500 25.03724367 25.07265114 25.00218206 0.3334283648 0.333310804 0.0001175607609 0.002943397417 2.240893614e-05 4.307107421e-06 0.0002537763109 1969.865651 8030.134349 1.526242738e-13 8.583789515e-08 6.21874087e-07 0.002908773468 1.296448884 25.01345225 3.389604641 0.0741096362 12
27000 25.03722418 25.07263228 25.00216531 0.3334290359 0.3333104518 0.0001185841465 0.002969017859 2.254301678e-05 4.469317566e-06 0.0002530917388 1969.865651 8030.134349 1.106384936e-13 5.569075451e-08 4.214171669e-07 0.002944476888 1.29644875 25.01343251 3.389604991 0.07411011917 12
27500 25.03719049 25.0725982 25.00213523 0.333430192 0.3333098351 0.0001203569495 0.003013399871 2.261161811e-05 4.582110047e-06 0.0002501229959 1969.865651 8030.134349 6.05151834e-14 0 5.719609108e-08 0.003006865558 1.296448692 25.01339778 3.389605143 0.07411204821 12
28000 25.03715983 25.07256645 25.00210729 0.3334312424 0.3333092707 0.0001219717464 0.003053826109 2.25534044e-05 4.460658328e-06 0.000246176475 1969.865651 8030.134349 8.804871379e-14 4.19993568e-08 2.78401516e-07 0.003063923901 1.296448729 25.01336588 3.389605048 0.07411435553 12
28500 25.03714595 25.07255137 25.0020941 0.333431716 0.3333090119 0.0001227040745 0.003072159823 2.244575835e-05 4.313465876e-06 0.0002435393951 1969.865651 8030.134349 1.278966687e-13 6.780755587e-08 4.376482899e-07 0.003090038376 1.296448832 25.01335115 3.389604776 0.07411593107 12
29000 25.03715322 25.0725579 25.00209998 0.3334314639 0.3333091401 0.0001223238206 0.00306264024 2.238110103e-05 4.350030616e-06 0.000243592666 1969.865651 8030.134349 6.000210433e-14 5.563163676e-08 3.690247528e-07 0.003077001055 1.296448949 25.01335831 3.389604472 0.07411613861 12
29500 25.03717573 25.07258041 25.00211993 0.3334306894 0.3333095484 0.0001211410273 0.003033029188 2.236468535e-05 4.451833987e-06 0.0002457904179 1969.865651 8030.134349 4.531615864e-14 2.16695281e-08 1.290108154e-07 0.003035642294 1.296449024 25.01338141 3.389604275 0.07411505074 12
30000 25.03720128 25.07260662 25.00214309 0.3334298114 0.3333100141 0.0001197972908 0.002999388882 2.236306116e-05 4.43247719e-06 0.0002485290842 1969.865651 8030.134349 2.184885301e-14 2.097841399e-08 1.367844279e-07 0.002988496735 1.296449029 25.01340789 3.389604262 0.07411332837 12
30500 25.03721777 25.07262404 25.00215845 0.3334292455 0.3333103156 0.000118929833 0.002977672129 2.237906176e-05 4.333510387e-06 0.0002505207736 1969.865651 8030.134349 1.052140551e-13 4.458247662e-08 3.147473902e-07 0.002957984835 1.29644897 25.01342518 3.389604416 0.07411184355 12
31000 25.03721873 25.07262574 25.00215991 0.3334292131 0.3333103344 0.0001188787254 0.002976392651 2.242838965e-05 4.309755779e-06 0.0002511809012 1969.865651 8030.134349 1.024623911e-13 4.718343387e-08 3.278615373e-07 0.002956104032 1.296448882 25.01342646 3.389604646 0.07411125135 12
31500 25.03720564 25.07261287 25.00214851 0.3334296635 0.3333100966 0.0001195669444 0.002993622175 2.248482876e-05 4.368660387e-06 0.0002503636893 1969.865651 8030.134349 9.883260862e-14 3.415518403e-08 1.887782524e-07 0.002980189995 1.296448808 25.01341312 3.38960484 0.07411171484 12
32000 25.03718623 25.07259314 25.00213106 0.3334303305 0.3333097434 0.0001205871498 0.003019162927 2.250014798e-05 4.391016034e-06 0.000248414859 1969.865651 8030.134349 1.343696879e-13 1.99452814e-08 3.174063323e-08 0.003015951151 1.29644878 25.01339308 3.389604914 0.07411289084 12
32500 25.03717021 25.07257646 25.0021163 0.3334308814 0.3333094518 0.0001214296444 0.003040254674 2.246472435e-05 4.342529097e-06 0.000246303098 1969.865651 8030.134349 1.54603349e-13 2.593221579e-08 1.849842442e-07 0.003045482623 1.296448804 25.01337637 3.389604849 0.0741141503 12
33000 25.0371645 25.0725701 25.00211068 0.3334310778 0.3333093484 0.0001217293861 0.003047758665 2.241423439e-05 4.304627335e-06 0.0002451444581 1969.865651 8030.134349 2.224318648e-13 4.316281274e-08 2.436057387e-07 0.003055955594 1.296448864 25.01337026 3.389604695 0.07411490303 12
33500 25.03717046 25.07257571 25.00211564 0.3334308736 0.3333094577 0.0001214159373 0.003039911518 2.238213882e-05 4.325597233e-06 0.0002454253322 1969.865651 8030.134349 2.643722959e-13 2.493642794e-08 1.793329171e-07 0.003044898038 1.296448926 25.01337623 3.389604533 0.07411486462 12
34000 25.03718388 25.07258922 25.00212757 0.3334304127 0.3333097032 0.0001207094639 0.003022225043 2.237235445e-05 4.353649488e-06 0.000246753679 1969.865651 8030.134349 2.640205812e-13 0 4.634141136e-08 0.003020055834 1.296448962 25.01339004 3.389604438 0.07411414992 12
34500 25.03719768 25.07260344 25.00214013 0.3334299388 0.333309955 0.0001199837117 0.003004055908 2.23777075e-05 4.339275901e-06 0.000248305493 1969.865651 8030.134349 2.360474621e-13 0 1.145939147e-07 0.002994566531 1.296448959 25.01340437 3.389604444 0.07411317114 12
35000 25.03720546 25.07261174 25.00214747 0.3334296714 0.3333100965 0.0001195749398 0.002993822336 2.239805067e-05 4.309212163e-06 0.0002493807599 1969.865651 8030.134349 2.516632036e-13 2.808929126e-08 1.925398162e-07 0.00298024576 1.296448924 25.01341256 3.389604537 0.07411241134 12
35500 25.03720438 25.07261104 25.00214686 0.3334297078 0.333310076 0.0001196318477 0.002995247021 2.242981815e-05 4.308546346e-06 0.0002496156744 1969.865651 8030.134349 2.399024058e-13 2.98407662e-08 1.818807856e-07 0.002982310041 1.296448877 25.0134116 3.389604661 0.07411219325 12
36000 25.03719606 25.07260278 25.00213958 0.3334299933 0.3333099229 0.0001200703908 0.003006225914 2.245531904e-05 4.327851005e-06 0.0002489868213 1969.865651 8030.134349 1.750943862e-13 1.824364008e-08 9.099329143e-08 0.00299778864 1.296464604 25.01389817 3.389563541 0.07349018912 12
36500 25.03718521 25.07259171 25.00212981 0.3334303653 0.333309724 0.0001206412694 0.003020517807 2.245685822e-05 4.330007153e-06 0.0002478257003 1969.865651 8030.134349 1.972153607e-13 9.866663732e-09 2.341504886e-08 0.003017900864 1.296464595 25.01388694 3.389563565 0.07349088678 12
37000 25.03717715 25.07258326 25.00212236 0.3334306418 0.3333095767 0.0001210651908 0.003031130628 2.243573992e-05 4.312890993e-06 0.0002467257565 1969.865651 8030.134349 2.005313712e-13 2.138742908e-08 1.13531014e-07 0.003032815287 1.296448849 25.01338344 3.389604733 0.07411392214 12
37500 25.03717525 25.07258102 25.00212038 0.3334307073 0.3333095422 0.0001211651107 0.003033632111 2.240891031e-05 4.304388937e-06 0.0002462275087 1969.865651 8030.134349 2.352751397e-13 2.524365915e-08 1.368586673e-07 0.00303630591 1.296448883 25.01338135 3.389604644 0.07411426626 12
37999 25.03717994 25.07258555 25.00212438 0.3334305466 0.3333096285 0.0001209181525 0.003027449543 2.23901872e-05 4.313896459e-06 0.0002465241989 1969.865651 8030.134349 3.017410076e-13 8.300087578e-09 9.218961605e-08 0.003027582111 1.296448916 25.0133861 3.389604557 0.07411414883 12
