# 1:passo  2:R0  3:|a2|/R0  4:|a4|/R0  5:|a8|/R0  6:rmin  7:rmax
0 24.99530979 1.096091932e-16 9.52226216e-05 8.27724819e-05 24.98429581 25.00965244
500 24.99111159 2.982148432e-16 0.0009980464182 4.76549397e-05 24.95947541 25.02385425
1000 24.98629479 5.549884397e-16 0.0005079957867 6.144623768e-05 24.96662157 25.00591095
1500 24.9817072 6.741010081e-16 1.017731291e-05 7.313552229e-05 24.97422405 24.99482337
2000 24.97931425 3.156324218e-16 0.0003173907456 6.886616142e-05 24.96434552 24.99658659
2500 24.97935122 3.567539383e-16 0.0004231591616 6.697447679e-05 24.96179815 24.99803104
3000 24.98143985 7.544694969e-16 0.0002391691489 6.909519573e-05 24.96836335 24.99761522
3500 24.98451747 1.046366072e-15 0.0002241479672 6.743960173e-05 24.97179201 25.00041031
4000 24.98699603 7.500687808e-16 0.0002938612907 6.462050424e-05 24.97255522 25.00374669
4500 24.98782028 7.123444913e-16 0.0002785044495 6.441035243e-05 24.9737515 25.00434426
5000 24.9869 2.097485166e-16 0.0002610631213 6.535786048e-05 24.97326232 25.00321956
5500 24.98506821 4.168200321e-16 0.0002889815901 6.59785037e-05 24.97075875 25.00181018
6000 24.9833143 3.95727929e-16 0.0003040662365 6.682399557e-05 24.96864472 25.00030526
6500 24.98245161 3.102228591e-16 0.0002965206378 6.748852184e-05 24.96797011 24.99936512
7000 24.98274531 6.015893989e-16 0.0002913472442 6.737055279e-05 24.96838801 24.99958131
7500 24.98390862 5.73660845e-16 0.0002872931404 6.669053751e-05 24.96964397 25.00065839
8000 24.98525711 8.242055981e-16 0.000277537651 6.601355701e-05 24.97122391 25.00183968
8500 24.98609481 6.495204027e-16 0.0002702014785 6.56218254e-05 24.97223721 25.00255662
9000 24.98606208 2.013872376e-16 0.0002706968053 6.564207836e-05 24.97219333 25.00253184
9500 24.9852689 9.024024156e-17 0.0002753687302 6.607451419e-05 24.97129044 25.00182348
10000 24.98418078 2.236296747e-16 0.0002808810436 6.667120238e-05 24.97007329 25.00083909
10500 24.98334414 3.557886574e-16 0.0002858430711 6.710901927e-05 24.96911951 25.00009137
11000 24.98313008 2.422890668e-16 0.0002883921899 6.719117997e-05 24.9688438 24.99991682
11500 24.98358073 2.317688091e-16 0.0002873942297 6.6919685e-05 24.96931592 25.00034161
12000 24.98442537 2.691202113e-16 0.0002839829489 6.6444331e-05 24.9702392 25.00111741
12500 24.98523462 1.326709925e-16 0.0002802813839 6.599744053e-05 24.97113482 25.00185487
13000 24.98563971 1.216569334e-16 0.0002780006117 6.578306104e-05 24.97159394 25.00221839
13500 24.98549868 3.823903666e-16 0.0002779068799 6.587866406e-05 24.97145631 25.00208026
14000 24.98493611 6.644899675e-16 0.0002796776039 6.620794819e-05 24.97085361 25.00155713
14500 24.98425371 7.559196653e-16 0.0002821575207 6.659605648e-05 24.97011419 25.0009267
15000 24.98377184 7.407371927e-16 0.0002840384699 6.686375426e-05 24.96958873 25.00048305
15500 24.98368296 8.176137731e-16 0.0002844978344 6.690769975e-05 24.96948883 25.00040259
16000 24.98397934 8.107870593e-16 0.0002834793394 6.673659242e-05 24.96980828 25.00067716
16500 24.9844798 6.429080147e-16 0.000281643751 6.645291058e-05 24.97035086 25.00113933
17000 24.98493261 4.257971926e-16 0.0002799906405 6.619716756e-05 24.97084178 25.00155759
17500 24.98513933 1.532339096e-16 0.0002793202439 6.608065907e-05 24.97106401 25.00174973
18000 24.98503883 1.701182072e-16 0.0002798523852 6.613784311e-05 24.97095122 25.00165922
18500 24.98471743 4.291418708e-16 0.000281207082 6.63191504e-05 24.97059848 25.00136485
19000 24.98435048 5.085476326e-16 0.0002826695222 6.652485557e-05 24.9701977 25.00102753
19500 24.9841112 2.870580754e-16 0.0002835528102 6.665807113e-05 24.96993799 25.00080655
20000 24.98409222 1.936443446e-16 0.0002835018824 6.666835746e-05 24.9699202 25.00078732
20500 24.98427338 1.394117343e-16 0.0002826268363 6.656781351e-05 24.97012168 25.00095178
21000 24.98454523 4.77964843e-16 0.00028141216 6.641727078e-05 24.97042175 25.00119991
21500 24.98477053 4.277570779e-16 0.0002804509281 6.629274042e-05 24.97066943 25.0014062
22000 24.98485113 7.228766173e-16 0.0002801518615 6.624874902e-05 24.97075703 25.00148064
22500 24.98476822 4.253074745e-16 0.0002805713888 6.629555714e-05 24.9706644 25.00140568
23000 24.98458081 1.485317157e-16 0.0002814343924 6.639977664e-05 24.97045693 25.001235
23500 24.98438873 1.045597445e-16 0.0002823011712 6.650557956e-05 24.97024465 25.00105977
24000 24.9842815 1.329477437e-16 0.000282783453 6.656359866e-05 24.97012612 25.00096188
24500 24.98429844 2.312339349e-16 0.0002827117075 6.655281541e-05 24.97014464 25.00097735
25000 24.98441667 6.77016204e-16 0.0002821874843 6.648652457e-05 24.970275 25.0010853
25500 24.98456923 6.694031747e-16 0.0002815065 6.640200964e-05 24.9704434 25.00122456
26000 24.98468145 6.473338675e-16 0.0002809989598 6.634057951e-05 24.97056748 25.00132693
26500 24.98470633 9.765662438e-16 0.0002808725221 6.63280105e-05 24.97059539 25.00134947
27000 24.98464291 9.241937056e-16 0.0002811333 6.636437451e-05 24.97052598 25.00129131
27500 24.984531 9.379534927e-16 0.0002816106083 6.642706183e-05 24.97040301 25.00118888
28000 24.98442792 7.896659749e-16 0.0002820579607 6.648404946e-05 24.97028952 25.0010946
28500 24.98437998 7.764640586e-16 0.0002822742926 6.650985421e-05 24.9702365 25.00105084
29000 24.98440255 5.466050953e-16 0.0002821897052 6.649640546e-05 24.97026097 25.00107163
29500 24.98447674 3.743022155e-16 0.0002818816658 6.645458089e-05 24.97034227 25.00113965
30000 24.98456223 2.032267912e-16 0.0002815213473 6.640694217e-05 24.97043612 25.00121798
30500 24.98461843 2.67463265e-16 0.0002812825084 6.637601394e-05 24.97049789 25.00126946
31000 24.98462317 1.366597985e-16 0.0002812604688 6.637393955e-05 24.97050319 25.00127379
31500 24.98458062 2.445258186e-16 0.0002814381943 6.639812869e-05 24.97045654 25.0012348
32000 24.9845161 1.037223989e-16 0.0002817087148 6.643424662e-05 24.97038576 25.00117568
32500 24.98446192 3.008314325e-16 0.0002819356311 6.646426977e-05 24.9703263 25.00112601
33000 24.98444162 3.4078931e-16 0.0002820192737 6.647522058e-05 24.97030404 25.00110737
33500 24.98446031 3.568185147e-16 0.0002819380853 6.646447214e-05 24.97032459 25.00112445
34000 24.98450457 5.996664678e-16 0.0002817492983 6.643965553e-05 24.97037322 25.00116497
34500 24.98455091 5.996095835e-16 0.0002815530636 6.641390183e-05 24.97042411 25.00120741
35000 24.98457778 6.10928429e-16 0.0002814408563 6.639915019e-05 24.9704536 25.00123205
35500 24.98457527 4.001571282e-16 0.0002814542179 6.640080805e-05 24.9704508 25.0012298
36000 24.98454819 2.671276764e-16 0.0002815718076 6.641606461e-05 24.970421 25.00120504
36500 24.98451204 4.27276152e-16 0.0002817270268 6.643620404e-05 24.97038125 25.00117196
37000 24.98448456 4.48847856e-16 0.0002818441185 6.645135489e-05 24.97035104 25.0011468
37500 24.98447732 3.162764686e-16 0.0002818739836 6.645517203e-05 24.9703431 25.00114015
37999 24.98449219 2.145415058e-16 0.00028180912 6.644671809e-05 24.97035945 25.00115373
