# 1:passo  2:raio_area  3:raio_grad  4:raio_linha  5:p_in  6:p_out  7:delta_p  8:sigma  9:|u-v0|max  10:|u-v0|rms  11:Ca  12:massa_R  13:massa_B  14:|q|  15:sd_p_in  16:sd_p_out  17:sigma_2pontos  18:K_perfil  19:r_perfil  20:espessura_10_90  21:residuo_ajuste  22:n_camadas
0 25.04052139 25.08111096 25 0.3333333333 0.3333333333 -2.220446049e-16 -5.560112678e-15 2.501853777e-17 7.283183918e-18 0 1969.865651 8030.134349 2.914408888e-16 2.78221524e-08 0 0 1.273345395 25.01411833 3.451105388 0.08159937045 12
500 24.81432684 24.8183435 24.6973563 0.3386063901 0.3337178129 0.004888577132 0.1213067507 0.04019452453 0.009240314349 0.005522435793 1969.865651 8030.134349 8.695459591e-14 0.0002433261805 0.002264573384 0.24502857 1.287262724 24.78659441 3.413793527 0.06729052019 12
1000 24.60117394 24.60157147 24.53275581 0.3446971729 0.3311547201 0.01354245276 0.333160236 0.04337415349 0.01185557507 0.002169834452 1969.865651 8030.134349 1.541772733e-13 0.0004460765178 0.002175463637 0.2196698336 1.288246667 24.57179383 3.411186125 0.07893013381 12
1500 24.36849212 24.35942651 24.27517216 0.3553594376 0.3277043279 0.02765510969 0.6739133225 0.04278736829 0.0115803671 0.001058181788 1969.865651 8030.134349 1.381083404e-13 0.0004849536788 0.001651465725 0.8348868323 1.280463084 24.32993868 3.431921787 0.0980308294 12
2000 24.22728263 24.2147774 24.12167756 0.3588869045 0.3251247386 0.03376216593 0.8179655363 0.04062169892 0.008429707302 0.0008276978494 1969.865651 8030.134349 1.384417048e-13 0.000146533437 0.001245966698 0.8458714231 1.280697559 24.19098063 3.431293457 0.1440513308 11
2500 24.16220969 24.14291911 24.05289088 0.3631367678 0.3255908492 0.03754591852 0.9071923562 0.04266732623 0.006897286648 0.0007838713575 1969.865651 8030.134349 1.704364862e-13 0.0008117098317 0.0003822062862 0.9178408689 1.292639254 24.13130702 3.399594389 0.1418518664 12
3000 24.22609274 24.20535346 24.13475476 0.3630549225 0.3274604086 0.03559451395 0.8623159961 0.0407850638 0.008149822078 0.0007882853459 1969.865651 8030.134349 1.542511377e-13 0.001212419489 0.001234425045 0.835402786 1.280152795 24.18734889 3.43275363 0.1600149199 11
3500 24.39269871 24.37607799 24.27687917 0.3542024729 0.3294661808 0.02473629206 0.6033849195 0.03906091994 0.00971011054 0.001078938686 1969.865651 8030.134349 1.73777283e-13 0.0004634485753 0.002063323957 0.5401475887 1.288618491 24.35338553 3.410201844 0.1012633739 12
4000 24.56642019 24.55781852 24.40700457 0.3458509528 0.3313384875 0.01451246527 0.3565193198 0.04016359288 0.00892021426 0.001877579075 1969.865651 8030.134349 2.839172812e-13 0.0007169697923 0.002440101983 0.2915431229 1.29208259 24.53559964 3.401059025 0.06805429373 12
4500 24.6897363 24.69031149 24.54649716 0.3421988519 0.3323127982 0.009886053674 0.2440840583 0.04189187787 0.00749936544 0.002860481628 1969.865651 8030.134349 2.573760571e-13 0.0003317993271 0.002059707661 0.1675276424 1.294745632 24.66464839 3.394063704 0.0641198168 12
5000 24.68839177 24.69011476 24.57312323 0.3438229331 0.332868882 0.0109540511 0.270437905 0.0402775284 0.006914002424 0.002482241311 1969.865651 8030.134349 2.322718743e-13 5.358709532e-05 0.0009290070582 0.2379310125 1.288780249 24.6638431 3.409773822 0.06772852216 12
5500 24.63646554 24.63827093 24.54553804 0.3444415533 0.3316464407 0.01279511262 0.3152263512 0.03987095826 0.007609439356 0.002108059711 1969.865651 8030.134349 2.49086399e-13 0.0002542999143 0.001789278991 0.2313862907 1.287812624 24.6097916 3.412335825 0.07102049137 12
6000 24.55096779 24.55093378 24.46932725 0.3470439629 0.3291333441 0.01791061876 0.4397230243 0.04013659107 0.008196986071 0.001521283052 1969.865651 8030.134349 2.013096873e-13 0.0002407554 0.00181575578 0.5455912645 1.285873498 24.52022642 3.417481704 0.08084278959 12
6500 24.45414727 24.45108005 24.37761434 0.3495781485 0.327247442 0.02233070649 0.5460783851 0.0410175942 0.007373913263 0.001251883591 1969.865651 8030.134349 1.644990594e-13 0.0003950712773 0.002360654026 0.6658578947 1.28813937 24.41950908 3.411470263 0.09219949899 12
7000 24.36399862 24.35387187 24.29066837 0.3535613734 0.3269269213 0.02663445217 0.6489217559 0.04314660621 0.00668304544 0.001108161496 1969.865651 8030.134349 2.235006877e-13 0.0001712967736 0.002273491766 0.7287302445 1.288950223 24.32469954 3.409324175 0.1070344647 12
7500 24.34137072 24.32673057 24.2734161 0.3565266222 0.3274326792 0.02909394306 0.7081864538 0.04361611811 0.006617136553 0.001026474452 1969.865651 8030.134349 2.501150878e-13 0.0005641482855 0.001412151699 0.7597599787 1.286983749 24.29967915 3.414533522 0.1160163545 12
8000 24.38876357 24.37325644 24.29073313 0.3547105636 0.3283928865 0.02631767708 0.641855604 0.04154573535 0.007321428929 0.001078792361 1969.865651 8030.134349 2.581192957e-13 0.0006451407796 0.0004714852025 0.6446447191 1.286817875 24.34868351 3.414973664 0.105550736 12
8500 24.4674676 24.45432995 24.32798195 0.3504614456 0.329654523 0.02080692258 0.5090927041 0.04154512855 0.007379634074 0.001360103579 1969.865651 8030.134349 2.887805082e-13 0.0002128174217 0.001288729915 0.4547713388 1.289620761 24.43147859 3.407551498 0.08545101736 12
9000 24.54195046 24.53356914 24.39269377 0.34785469 0.3308872674 0.01696742261 0.4164136451 0.04240307497 0.006734843958 0.001697153598 1969.865651 8030.134349 2.470224206e-13 0.0001083230659 0.002212903579 0.3413359495 1.291669952 24.50993127 3.402145531 0.07176783078 12
9500 24.57137971 24.56594444 24.43565767 0.3476224027 0.3318185 0.01580390269 0.3883236939 0.04130971001 0.006197212512 0.001772992938 1969.865651 8030.134349 1.737222589e-13 4.111249961e-05 0.002162487037 0.3092318704 1.289729263 24.5412029 3.407264827 0.06899663999 12
10000 24.5659922 24.56253952 24.44446003 0.3475297116 0.3317126868 0.01581702486 0.3885609093 0.04082751059 0.006345708149 0.001751227397 1969.865651 8030.134349 1.417590582e-13 6.738033186e-05 0.001579867175 0.2872782761 1.288272451 24.5361082 3.411117851 0.07142059291 12
10500 24.53904274 24.53711419 24.42901925 0.3482134425 0.3304280743 0.01778536823 0.4364359113 0.04077235461 0.006965970191 0.001557019544 1969.865651 8030.134349 2.222159001e-13 6.340945065e-05 0.0004281856754 0.411211957 1.287395794 24.50846779 3.413440664 0.07544075017 12
11000 24.49509894 24.49328777 24.39833649 0.349270442 0.3288503164 0.02042012562 0.5001929974 0.0408508277 0.006909123625 0.001361168853 1969.865651 8030.134349 3.24881723e-13 0.0001168221016 0.0007378494093 0.5417631447 1.287934175 24.46290603 3.412013781 0.08244172308 12
11500 24.44276457 24.43818759 24.36059192 0.3510315823 0.3279785327 0.02305304956 0.5634802629 0.04135591852 0.006394139171 0.00122322884 1969.865651 8030.134349 3.64418055e-13 8.223355051e-05 0.001559458025 0.6224773909 1.288525063 24.40782346 3.41044911 0.09331303258 12
12000 24.41247832 24.40406254 24.34341844 0.3526375603 0.3277971869 0.02484037344 0.6064150781 0.04185725259 0.00598841392 0.001150401601 1969.865651 8030.134349 2.787964704e-13 7.759466198e-05 0.001842985192 0.6716576797 1.287733268 24.37499717 3.41254611 0.103688007 12
12500 24.42383916 24.41309909 24.34937636 0.3525024552 0.3281329807 0.02436947449 0.5951961255 0.04150845408 0.00619956425 0.001162318668 1969.865651 8030.134349 2.656060984e-13 0.0002105077603 0.001448944238 0.6546006517 1.286980382 24.38580113 3.414542457 0.1043201423 12
13000 24.46519228 24.453958 24.3663256 0.3505073602 0.3288688261 0.02163853414 0.5293908984 0.04164752471 0.006643227952 0.001311177457 1969.865651 8030.134349 3.389771e-13 8.982727159e-05 0.0006377619597 0.5533395401 1.288053172 24.42870974 3.411698561 0.09490744077 12
13500 24.51433119 24.50457626 24.39397206 0.3486165515 0.3298117627 0.01880478881 0.4609868207 0.04243018899 0.006622761207 0.001534034781 1969.865651 8030.134349 2.988460907e-13 0.0001703452003 0.0004143049026 0.4461191783 1.289442945 24.48022493 3.408021403 0.0835356334 12
14000 24.54518406 24.53734904 24.41728768 0.3481114591 0.330710191 0.01740126812 0.4271173288 0.04222462828 0.006259606202 0.00164765922 1969.865651 8030.134349 2.793409048e-13 3.386225058e-05 0.00108567471 0.3842754415 1.289307848 24.51286808 3.408378506 0.07654361677 12
14500 24.54812073 24.54168665 24.42115936 0.3482310269 0.3311302994 0.01710072753 0.4197907241 0.04152351301 0.005987113554 0.001648579901 1969.865651 8030.134349 3.686901565e-13 3.180770274e-05 0.00137568996 0.348627484 1.288455207 24.51652553 3.410634015 0.07467284876 12
15000 24.52934864 24.52412029 24.40680281 0.3488052083 0.330786434 0.01801877421 0.4419887946 0.04115981759 0.006161638977 0.001552068669 1969.865651 8030.134349 4.335364326e-13 3.130111112e-05 0.001157560387 0.380700645 1.287946067 24.49762466 3.411982276 0.07591661018 12
15500 24.49674267 24.49226834 24.38265836 0.3497003055 0.3298563426 0.01984396292 0.4861124532 0.04107485327 0.006417901989 0.001408276796 1969.865651 8030.134349 4.513187234e-13 3.242408594e-05 0.0006622833976 0.4660460941 1.288021615 24.46420374 3.411782151 0.07986170298 12
16000 24.45817358 24.45318361 24.35554931 0.3509179015 0.328954004 0.02196389757 0.5371968192 0.04124001735 0.006359996038 0.001279481929 1969.865651 8030.134349 4.61070146e-13 3.051759379e-05 0.0002232880171 0.5480131808 1.288316131 24.42414165 3.411002198 0.08647310241 12
16500 24.42939594 24.42268439 24.33921273 0.3520569658 0.3284262746 0.02363069121 0.5772835118 0.04144849447 0.006100359769 0.001196653338 1969.865651 8030.134349 5.795363835e-13 7.466642637e-05 0.0006883225057 0.6048646842 1.28828926 24.39367155 3.411073343 0.09416243517 12
17000 24.42661394 24.41822987 24.34291655 0.3523537498 0.3283346313 0.02401911849 0.5867057344 0.04136352611 0.005974939723 0.001175021926 1969.865651 8030.134349 5.527925901e-13 0.0001513976181 0.0009603048108 0.623871031 1.287811323 24.38995668 3.412339275 0.09847287431 12
17500 24.45122058 24.44203699 24.36190274 0.3513187222 0.3286480237 0.02267069856 0.5543262512 0.04120332615 0.006137272831 0.001238841027 1969.865651 8030.134349 5.862486734e-13 8.040843478e-05 0.0008459760887 0.5875041109 1.287941122 24.41499044 3.411995377 0.09627381088 12
18000 24.49083078 24.48193914 24.38925253 0.3495841298 0.3292500947 0.02033403512 0.4979974132 0.04150078485 0.006290119977 0.00138892237 1969.865651 8030.134349 5.395962152e-13 9.97838356e-05 0.0004485599031 0.5130555104 1.288654663 24.45603597 3.410106121 0.08960815651 12
18500 24.52691843 24.51906809 24.41550931 0.3483411315 0.3299535368 0.01838759469 0.450991035 0.04181086652 0.006218838571 0.001545147733 1969.865651 8030.134349 4.4589586e-13 0.0001269443345 0.0001073707194 0.4469371439 1.289040801 24.4937032 3.409084608 0.08283479789 12
19000 24.54468948 24.53789651 24.42889859 0.3479203804 0.3304794926 0.01744088779 0.4280811751 0.04173107821 0.006037823221 0.001624733837 1969.865651 8030.134349 5.06120464e-13 9.725152853e-05 0.0004496348373 0.4029744756 1.288727803 24.5124821 3.409912586 0.0788263412 12
19500 24.54001414 24.53399772 24.42335398 0.348212829 0.3305762052 0.0176366238 0.4328029975 0.0415446536 0.005992621574 0.001599829246 1969.865651 8030.134349 5.602373958e-13 6.331591944e-05 0.0006132849048 0.3966873219 1.288197852 24.50802381 3.411315388 0.07788622882 12
20000 24.51737465 24.51180953 24.40289565 0.3490112188 0.3301805642 0.01883065453 0.461678212 0.04142604388 0.006121488588 0.001495487651 1969.865651 8030.134349 5.660726834e-13 3.81594015e-05 0.0005254597553 0.4344585526 1.28794597 24.48490521 3.411982534 0.07957150445 12
20500 24.48446536 24.47873645 24.37502949 0.350133407 0.329539176 0.02059423102 0.5042387359 0.04140409978 0.006194393509 0.001368534943 1969.865651 8030.134349 6.196214472e-13 3.154170152e-05 0.0002804274385 0.4959211368 1.28800103 24.4509572 3.411836678 0.08349394648 12
21000 24.45262014 24.44598166 24.3502415 0.351281665 0.3289831865 0.02229847853 0.5452562253 0.0414496228 0.006103496278 0.001266976908 1969.865651 8030.134349 5.901076281e-13 6.268817675e-05 0.0001118004761 0.5513679293 1.288185621 24.41779956 3.411347777 0.08879116131 12
21500 24.43504428 24.42718393 24.33891002 0.352007526 0.3287002574 0.02330726867 0.5695141421 0.04145735035 0.005975747487 0.001213237369 1969.865651 8030.134349 6.479994524e-13 0.0001115305881 0.0003272546404 0.5843649274 1.288173527 24.39916889 3.411379803 0.09333990747 12
22000 24.43955884 24.4308688 24.34462038 0.3518741738 0.3287385129 0.02313566095 0.565425347 0.04136090708 0.005981348675 0.001219167933 1969.865651 8030.134349 6.765259043e-13 0.0001210691171 0.0004002642335 0.5828672485 1.288140559 24.40344099 3.411467114 0.09453771178 12
22500 24.46340714 24.45465387 24.36379134 0.3508735617 0.3290525089 0.02182105281 0.5338172992 0.04135247338 0.006091888594 0.001291093209 1969.865651 8030.134349 6.694250866e-13 4.79253873e-05 0.0002863106413 0.5450913199 1.288380979 24.42798139 3.410830514 0.09174599661 12
23000 24.49529063 24.48719621 24.38910372 0.3496055122 0.3295289311 0.02007658114 0.4917816899 0.04148317886 0.006133059214 0.001405880553 1969.865651 8030.134349 6.448210117e-13 5.334839316e-05 7.874498508e-05 0.4925499722 1.288722656 24.46109329 3.409926204 0.08686730857 12
23500 24.52157354 24.51445791 24.41107736 0.3486780687 0.3299920429 0.01868602576 0.4582107548 0.04153809921 0.00605414362 0.001510880411 1969.865651 8030.134349 6.737739603e-13 8.142712476e-05 0.0001578200242 0.4477335809 1.288797863 24.48853529 3.40972722 0.08253238222 12
24000 24.53271415 24.5264416 24.42094944 0.3483422696 0.3302498788 0.0180923908 0.4438554518 0.04147485353 0.00596842061 0.001557370887 1969.865651 8030.134349 7.100601342e-13 8.245959929e-05 0.0002820131113 0.4251502848 1.288537202 24.50032105 3.410416981 0.08026639509 12
24500 24.52667728 24.52090839 24.41591222 0.3485764031 0.3301775188 0.01839888425 0.4512634963 0.04142078021 0.005987272409 0.001529807623 1969.865651 8030.134349 7.228765202e-13 7.130885002e-05 0.0002680944156 0.4328067312 1.28821355 24.49428445 3.411273818 0.08031987834 12
25000 24.50715271 24.50142511 24.39905055 0.3492589634 0.3298182092 0.01944075423 0.4764375327 0.04143186364 0.006062579003 0.00144936327 1969.865651 8030.134349 7.254351133e-13 4.976048508e-05 0.0001301261494 0.4675974089 1.288028523 24.47418541 3.411763853 0.08237646928 12
25500 24.48151034 24.47527224 24.37721359 0.35017922 0.3293666537 0.02081256627 0.5095230564 0.0414872142 0.006072883956 0.001357060414 1969.865651 8030.134349 7.273074024e-13 2.946168764e-05 7.358679992e-05 0.5119539613 1.288027533 24.44758851 3.411766474 0.0858361947 12
26000 24.45945266 24.45228284 24.35901377 0.3510276401 0.3290260599 0.02200158022 0.5381466097 0.04153698101 0.006005737967 0.001286420846 1969.865651 8030.134349 8.127582514e-13 5.423438344e-05 0.0002194378944 0.5476872989 1.288086915 24.42452634 3.411609187 0.08957977094 12
26500 24.44983871 24.44174144 24.35130387 0.3514476834 0.3289069191 0.02254076433 0.5511180522 0.04152357071 0.005955245936 0.001255737331 1969.865651 8030.134349 8.139951614e-13 8.717172807e-05 0.0002739013549 0.5628296512 1.288125623 24.41427848 3.41150667 0.09195198344 12
27000 24.45615164 24.44757376 24.35595491 0.3512183768 0.3290224044 0.02219597248 0.5428280689 0.04147547679 0.005984846177 0.001273438103 1969.865651 8030.134349 7.528998299e-13 7.860983895e-05 0.0002017574887 0.5513152886 1.288239088 24.42061919 3.411206192 0.09169580419 12
27500 24.4746131 24.46618291 24.37005581 0.3504813571 0.3293145104 0.02116684673 0.5180503841 0.04148041981 0.006040132498 0.001334504039 1969.865651 8030.134349 7.329610089e-13 3.642978834e-05 4.343335776e-05 0.5190403545 1.28846442 24.43972659 3.410609628 0.0890407812 12
28000 24.49656393 24.4887823 24.38777434 0.3496466964 0.3296724382 0.01997425827 0.4893006948 0.04151254223 0.006039443841 0.001414009241 1969.865651 8030.134349 7.95059484e-13 3.696828946e-05 0.0001444821879 0.4815816387 1.288644507 24.46260112 3.410132997 0.08552114666 12
28500 24.51287118 24.50590286 24.40201504 0.3490729964 0.3299582522 0.01911474426 0.4685572637 0.04148788653 0.00598913863 0.001475731632 1969.865651 8030.134349 7.31782398e-13 5.189925348e-05 0.0002589594119 0.4539762017 1.288616806 24.47969557 3.410206304 0.08277196421 12
29000 24.51802613 24.51172676 24.40747409 0.3489020169 0.3300507699 0.01885124695 0.4621953652 0.04142442645 0.005960412748 0.001493756016 1969.865651 8030.134349 7.041387952e-13 5.546265228e-05 0.0002680587927 0.4455120747 1.288424901 24.4852286 3.410714238 0.08165779183 12
29500 24.51146324 24.50550562 24.40294509 0.3491222292 0.3299095825 0.01921264671 0.4709300836 0.04139058322 0.005985487402 0.00146485238 1969.865651 8030.134349 7.295435499e-13 5.075400599e-05 0.000167737333 0.4590369499 1.288222895 24.47856069 3.411249073 0.08227582931 12
29999 24.49562331 24.4895686 24.39037192 0.3496646416 0.3295919078 0.02007273379 0.4916941255 0.04141055014 0.006017109379 0.00140366907 1969.865651 8030.134349 7.148523072e-13 3.817976295e-05 1.440553761e-05 0.489652718 1.288113431 24.46217585 3.411538961 0.08442627244 12
