# step v0 Mach sigma R umax_ref urms_ref umax_mean urms_mean umax_lab mean_x mean_y mean_z drop_ux drop_uy x0 y0 x_unwrapped center_dx center_dy axis_ratio mass_R mass_B min_f negative_total negative_color min_rho min_phi max_phi qx qy qz p_in p_out delta_p urms_lab
0 0 0 -5.560112678108922e-15 25.040521385269312 2.5018537765542006e-17 7.6512121962523385e-18 2.5023830151676029e-17 7.6512103555810524e-18 2.5018537765542006e-17 2.7755575615628915e-21 4.5102810375396982e-21 3.4694469519536144e-22 1.7237312424397655e-20 -2.8507311110602221e-21 50.000000000000007 50.000000000000007 50.000000000000007 7.1054273576010019e-15 7.1054273576010019e-15 1.0000000000000007 1969.8656512480638 8030.1343487520408 0.027426132649527684 0 0 0.99999999999999956 5.1710809399147485e-26 0.99999999999998512 -6.8322790088900837e-17 2.4904429509223176e-16 1.0534138197652674e-17 0.33333333333333387 0.33333333333333409 -2.2204460492503131e-16 7.6512121962523385e-18
500 0 0 0.0044468995651566938 25.034007657029967 0.00028504791835150771 0.00010934196490826454 0.00028504791835150625 0.0001093419649082646 0.00028504791835150771 -2.7200464103317134e-19 1.9061141554033715e-18 -6.2450045135166882e-21 -2.2188112281751154e-17 5.345937565999186e-18 50.000000000000007 49.999999999999986 50.000000000000007 7.1054273576010019e-15 -1.4210854715202004e-14 1.0000000000000051 1969.8656512479879 8030.1343487517579 0.027438894777470885 0 0 0.99945025187029035 4.1408864228920941e-18 0.99999999999999978 -2.1814156180737822e-15 1.8710429256288408e-14 -3.6925033389937392e-17 0.33348896317070059 0.33331132882521025 0.00017763434549034063 0.00010934196490826454
1000 0 0 0.0090949322161753502 25.030232467266917 0.00029735246516816676 0.00011543030373622588 0.00029735246516816231 0.00011543030373622585 0.00029735246516816676 -1.1650402864660881e-18 4.6095072203658268e-18 -1.7347234759769031e-21 -1.6514262026073762e-17 2.1854308933409033e-17 50.000000000000007 50.000000000000007 50.000000000000007 7.1054273576010019e-15 7.1054273576010019e-15 1.0000000000000013 1969.8656512479397 8030.1343487514569 0.027443769636214355 0 0 0.99956759554288788 4.810807807616471e-18 0.99999999999999978 -1.151335632192628e-14 4.6657285240198076e-14 -4.8235873325140075e-17 0.33362531150130564 0.33326195362086769 0.00036335788043795336 0.00011543030373622588
1500 0 0 0.01168069452090886 25.028202886502967 0.00030592307475742062 8.0813591100555086e-05 0.00030592307475742436 8.0813591100555154e-05 0.00030592307475742062 1.9872992140792027e-18 5.6354226840587442e-18 -1.0408340855861746e-21 -7.3018892884716808e-18 6.6132269760698138e-18 50.000000000000007 49.999999999999993 50.000000000000007 7.1054273576010019e-15 -7.1054273576010019e-15 1.0000000000000009 1969.8656512478808 8030.1343487512449 0.02744594286349155 0 0 0.99962491185021263 4.840006792830356e-18 0.99999999999999978 1.9621890917642659e-14 5.5859532494331732e-14 -1.4756205324995063e-18 0.33369892009068741 0.33323221880278919 0.00046670128789821907 8.0813591100555086e-05
2000 0 0 0.012222921433707479 25.027767635033101 0.00031573693683492642 5.1644100769826669e-05 0.00031573693683492111 5.164410076982671e-05 0.00031573693683492642 2.548308786210216e-18 4.7035292327640437e-18 -3.4694469519540041e-22 -1.0702501952282293e-17 1.3095492603443787e-17 50.000000000000014 50.000000000000007 50.000000000000014 1.4210854715202004e-14 7.1054273576010019e-15 1.0000000000000002 1969.8656512478119 8030.1343487510712 0.027445986490130473 0 0 0.99960490640647093 4.8515988078925458e-18 0.99999999999999978 2.5334768157870332e-14 4.7167050208404685e-14 5.4177014405014661e-17 0.33371470485940979 0.3332263304421646 0.00048837441724519648 5.1644100769826669e-05
2500 0 0 0.011564340809511249 25.028269556363153 0.00032502068531002734 5.0752653825240644e-05 0.0003250206853100255 5.0752653825240671e-05 0.00032502068531002734 3.5180192092814551e-19 5.7107096829164444e-18 1.0408340855862294e-21 1.4723022375224746e-17 -1.724576311549648e-17 50.000000000000014 50.000000000000007 50.000000000000014 1.4210854715202004e-14 7.1054273576010019e-15 1.0000000000000002 1969.8656512477637 8030.1343487507947 0.027444905444064471 0 0 0.99964101788416748 4.8623037021843603e-18 0.99999999999999978 3.481941958475036e-15 5.7823612163634269e-14 2.5183216994721318e-17 0.33369751825525168 0.33323546710211588 0.0004620511531358007 5.0752653825240644e-05
3000 0 0 0.010586616981236315 25.029018142900856 0.00032860422050057334 5.4226231513242969e-05 0.00032860422050057529 5.4226231513242976e-05 0.00032860422050057334 -2.703740009657908e-18 2.7571694927180028e-18 -2.08166817117252e-21 3.2478955461381722e-17 -6.9342533814208775e-18 50.000000000000014 50.000000000000014 50.000000000000014 1.4210854715202004e-14 1.4210854715202004e-14 1.0000000000000011 1969.8656512477073 8030.1343487505901 0.027443708967532839 0 0 0.99961334492785836 4.8695987204395524e-18 0.99999999999999978 -2.7042061107125019e-14 2.7223422296076953e-14 -5.9251699270266383e-18 0.33367142208419448 0.33324844836142226 0.00042297372277222411 5.4226231513242969e-05
3500 0 0 0.0098665350578600389 25.029570013215725 0.00032700410799646365 5.1985388890621452e-05 0.00032700410799646495 5.1985388890621492e-05 0.00032700410799646365 -6.7359312572192616e-18 -4.2431336222401014e-19 1.3877787807817175e-21 1.5113507702147225e-17 -3.0616532117038211e-17 50.000000000000014 50.000000000000007 50.000000000000014 1.4210854715202004e-14 7.1054273576010019e-15 1.0000000000000049 1969.8656512476509 8030.1343487503545 0.027442964138638448 0 0 0.99959318355214599 4.8732426609230206e-18 0.99999999999999978 -6.7776134097391472e-14 -4.4096535234058876e-15 -4.0664497027525561e-17 0.33365210773935966 0.3332579125912748 0.00039419514808486378 5.1985388890621452e-05
4000 0 0 0.0095840125557140055 25.029787577022365 0.00032386231568675962 4.907904285357483e-05 0.00032386231568674715 4.9079042853574742e-05 0.00032386231568675962 -1.2462947340810557e-17 1.9140938833932364e-18 -2.4286128663680723e-21 -1.6032837270894812e-17 -2.0961121588338681e-17 50.000000000000007 50.000000000000007 50.000000000000007 7.1054273576010019e-15 7.1054273576010019e-15 1.0000000000000022 1969.8656512476025 8030.1343487501617 0.027442770359353681 0 0 0.99958534350126627 4.8724561943865028e-18 0.99999999999999978 -1.2462487888961358e-13 1.9416244870576471e-14 -1.2723966820359951e-17 0.33364442832063829 0.33326152405002785 0.00038290427061044019 4.907904285357483e-05
4500 0 0 0.0096439827145923529 25.029743438555577 0.00032155316517399138 4.8429845804279493e-05 0.00032155316517397891 4.842984580427954e-05 0.00032155316517399138 -1.3409412469304066e-17 -5.8321403262354805e-19 -3.1225022567590321e-21 -3.521056996031261e-17 2.4866731203607512e-18 50.000000000000007 50.000000000000007 50.000000000000007 7.1054273576010019e-15 7.1054273576010019e-15 1.0000000000000042 1969.8656512475422 8030.1343487500008 0.027442944286900469 0 0 0.99958715082640182 4.8709064502675052e-18 0.99999999999999978 -1.3393089810226161e-13 -5.8592877057237462e-15 -9.0553877132246233e-18 0.33364585508343458 0.33326055418179862 0.00038530090163596542 4.8429845804279493e-05
5000 0 0 0.0098525721366441461 25.029585505598295 0.0003205559767465957 4.8705500467501603e-05 0.00032055597674658388 4.8705500467501576e-05 0.0003205559767465957 -1.2784218128562214e-17 -6.2935767708455974e-19 -2.7755575615636592e-21 -3.092241543020574e-17 3.1188397026242736e-17 49.999999999999986 50.000000000000014 49.999999999999986 -1.4210854715202004e-14 1.4210854715202004e-14 1.0000000000000011 1969.8656512474856 8030.1343487497616 0.027443234518373265 0 0 0.99959314235453745 4.8691733116463372e-18 0.99999999999999978 -1.2811312362024914e-13 -6.0806217294153699e-15 -2.3034630799054054e-17 0.33365125273689628 0.33325761568947332 0.00039363704742295669 4.8705500467501603e-05
5500 0 0 0.010047634150250921 25.029437425696379 0.00032053578941223523 4.8698724990353633e-05 0.00032053578941222937 4.8698724990353667e-05 0.00032053578941223523 -1.0692835505924336e-17 -2.3217539002480743e-18 6.9388939039093681e-21 -2.4775908941861131e-17 4.7561655726647221e-18 49.999999999999979 50.000000000000014 49.999999999999979 -2.1316282072803006e-14 1.4210854715202004e-14 1.000000000000004 1969.865651247437 8030.1343487495205 0.027443461351892295 0 0 0.99959872051258769 4.8681336650148418e-18 0.99999999999999978 -1.0691941028540827e-13 -2.3069659702437635e-14 5.8050447897829674e-17 0.33365633815297102 0.33325490547274883 0.00040143268022219125 4.8698724990353633e-05
6000 0 0 0.010151987918066268 25.029358096716422 0.00032101605158456852 4.8507841788220741e-05 0.00032101605158456987 4.8507841788220796e-05 0.00032101605158456852 -7.6855188879702217e-18 -4.1390502136820486e-18 4.1633363423457322e-21 -1.6992533182794908e-17 5.6591737694673114e-18 49.999999999999979 50.000000000000014 49.999999999999979 -2.1316282072803006e-14 1.4210854715202004e-14 1.000000000000002 1969.8656512473672 8030.1343487492713 0.027443558705497771 0 0 0.99960169553268752 4.8679642226653155e-18 0.99999999999999978 -7.6756038591002662e-14 -4.1299375791242158e-14 4.992698921702998e-17 0.33365906981583171 0.33325346660863647 0.00040560320719523757 4.8507841788220741e-05
6500 0 0 0.010164795227720588 25.029348273618186 0.00032156793959190063 4.8419788885973553e-05 0.00032156793959189092 4.8419788885973485e-05 0.00032156793959190063 -7.3503703124115395e-18 -8.4158374713568739e-18 1.7347234759774237e-21 -3.6808211852894437e-17 4.7487336885875249e-19 49.999999999999972 50.000000000000014 49.999999999999972 -2.8421709430404007e-14 1.4210854715202004e-14 1.0000000000000013 1969.8656512473244 8030.1343487490176 0.027443547524013099 0 0 0.99960205296004589 4.8683264879395154e-18 0.99999999999999978 -7.3910387398693252e-14 -8.3831294621787576e-14 3.0530331780696882e-17 0.33365941388916437 0.33325329883108934 0.00040611505807502946 4.8419788885973553e-05
7000 0 0 0.010124795941199805 25.029378573158905 0.0003219190300436756 4.8426437333145853e-05 0.00032191903004368791 4.8426437333145846e-05 0.0003219190300436756 -9.4115687465683575e-18 -9.7994529157969276e-18 7.6327832943010241e-21 -2.94922907836508e-17 -1.1317266657118135e-17 49.999999999999964 50.000000000000007 49.999999999999964 -3.5527136788005009e-14 7.1054273576010019e-15 1.0000000000000013 1969.865651247258 8030.1343487489012 0.027443484905712155 0 0 0.99960090417785874 4.8688002879085815e-18 0.99999999999999978 -9.3911369367717452e-14 -9.7897161026577056e-14 6.0503040657590819e-17 0.33365837742193338 0.3332538609489572 0.00040451647297617965 4.8426437333145853e-05
7500 0 0 0.010074579893694133 25.029416661291162 0.0003220066580912814 4.8435091564111212e-05 0.0003220066580912949 4.8435091564111246e-05 0.0003220066580912814 -1.1312825676239883e-17 -1.0485709522893795e-17 -4.8572257327370918e-21 -2.9498590894814453e-17 -1.8970758892978105e-18 49.999999999999957 50.000000000000007 49.999999999999957 -4.2632564145606011e-14 7.1054273576010019e-15 1.0000000000000011 1969.8656512471941 8030.1343487485901 0.027443422335453237 0 0 0.99959946646041276 4.8691003427905059e-18 0.99999999999999978 -1.1341697895385144e-13 -1.0491226588611543e-13 -3.4150099133969619e-17 0.33365707127153421 0.33325456169530127 0.00040250957623294559 4.8435091564111212e-05
8000 0 0 0.010040529365298329 25.0294424987108 0.00032191746016450916 4.8426329966730677e-05 0.00032191746016450092 4.8426329966730649e-05 0.00032191746016450916 -1.1793344079085838e-17 -9.1839730265203934e-18 2.4286128663685828e-21 -3.5389775684937988e-17 -1.0741051820328195e-17 49.99999999999995 49.999999999999993 49.99999999999995 -4.9737991503207013e-14 -7.1054273576010019e-15 1.000000000000002 1969.8656512471557 8030.13434874841 0.027443386450149702 0 0 0.99959849260107958 4.8692065196177645e-18 0.99999999999999978 -1.1804926088640636e-13 -9.2153593241571519e-14 2.1569245229828417e-17 0.33365618457225832 0.33325503583049887 0.00040114874175944948 4.8426329966730677e-05
8500 0 0 0.010029388650677691 25.029450955252592 0.00032177601170888263 4.841827403435964e-05 0.00032177601170887385 4.8418274034359735e-05 0.00032177601170888263 -9.2273411134202426e-18 -1.2398415627507363e-17 2.7755575615642182e-21 4.2799188382728862e-18 -3.6006084293150234e-17 49.99999999999995 49.999999999999986 49.99999999999995 -4.9737991503207013e-14 -1.4210854715202004e-14 1.000000000000002 1969.8656512470925 8030.1343487481927 0.027443379671706188 0 0 0.99959817434562548 4.8691813182148591e-18 0.99999999999999978 -9.2113762357642388e-14 -1.2417561282614814e-13 1.6652033159357001e-17 0.33365589420160974 0.3332551906996189 0.00040070350199084004 4.841827403435964e-05
9000 0 0 0.010034869267523441 25.029446797862256 0.0003216685355035612 4.841707063579163e-05 0.00032166853550355935 4.8417070635791555e-05 0.0003216685355035612 -9.7418600963954746e-18 -1.1554993073487349e-17 1.3877787807821466e-20 6.4271158283472237e-18 -2.469072172488238e-18 49.999999999999943 49.999999999999986 49.999999999999943 -5.6843418860808015e-14 -1.4210854715202004e-14 1.0000000000000024 1969.86565124703 8030.1343487479917 0.027443390852850733 0 0 0.99959833138828025 4.8690829834643518e-18 0.99999999999999978 -9.7233852932739157e-14 -1.159057218379757e-13 1.6961541800475262e-16 0.33365603683207479 0.33325511429676807 0.00040092253530671362 4.841707063579163e-05
9500 0 0 0.010046623655806403 25.029437878103053 0.00032162414793732711 4.8417844699463378e-05 0.00032162414793734202 4.8417844699463385e-05 0.00032162414793732711 -1.6519771661735811e-17 -1.0065559497013113e-17 -1.2836953722235115e-20 2.500712616308931e-17 -2.065032757565503e-17 49.999999999999936 49.999999999999986 49.999999999999936 -6.3948846218409017e-14 -1.4210854715202004e-14 1.0000000000000002 1969.865651246985 8030.1343487477579 0.027443406569730881 0 0 0.99959866768654626 4.868989377436254e-18 0.99999999999999978 -1.6564630525290233e-13 -1.0056425435164792e-13 -1.0620592363311596e-16 0.33365634299890407 0.33325495069817662 0.00040139230072744336 4.8417844699463378e-05
10000 0 0 0.010056617407961195 25.029430293773142 0.00032163107810111521 4.8417674163088507e-05 0.00032163107810110589 4.8417674163088589e-05 0.00032163107810111521 -1.7995327450403011e-17 -1.5045950596545606e-17 6.5919492087155322e-21 1.3830117917782953e-17 -7.5440075195969376e-18 49.999999999999929 49.999999999999979 49.999999999999929 -7.1054273576010019e-14 -2.1316282072803006e-14 1.0000000000000022 1969.8656512469254 8030.1343487475142 0.027443417938838741 0 0 0.99959895349629324 4.8689465197963234e-18 0.99999999999999978 -1.7979676993356667e-13 -1.500491879657468e-13 7.1976836665383033e-17 0.3336566033532512 0.33325481165084625 0.00040179170240495221 4.8417674163088507e-05
10500 0 0 0.010061439902186827 25.029426633840277 0.00032166165983457044 4.8417133973139427e-05 0.00032166165983456079 4.841713397313942e-05 0.00032166165983457044 -1.7353132819596563e-17 -2.0974541548047869e-17 -1.387778780782259e-21 -3.2180848493264357e-17 -1.7067236986144607e-17 49.999999999999922 49.999999999999964 49.999999999999922 -7.815970093361102e-14 -3.5527136788005009e-14 1.0000000000000011 1969.8656512468656 8030.1343487473387 0.027443422212608596 0 0 0.99959909135676339 4.86893969222321e-18 0.99999999999999978 -1.7341645705509842e-13 -2.0931405715750494e-13 -3.6933604767681863e-17 0.33365672899015203 0.33325474455601467 0.00040198443413735907 4.8417133973139427e-05
11000 0 0 0.010061528834460579 25.029426566421453 0.00032169152447908596 4.8416946752355216e-05 0.00032169152447906205 4.8416946752355216e-05 0.00032169152447908596 -1.8096982246096294e-17 -2.1078971901302246e-17 -3.816391647151305e-21 -5.1734493061742633e-17 -3.8721264860454442e-17 49.999999999999915 49.999999999999957 49.999999999999915 -8.5265128291212022e-14 -4.2632564145606011e-14 1.0000000000000044 1969.8656512468042 8030.1343487471158 0.027443420991431627 0 0 0.99959909385125589 4.8689597484132634e-18 0.99999999999999978 -1.8101774427799173e-13 -2.1098826015256149e-13 -3.4594527522360099e-17 0.33365673129069318 0.33325474330236432 0.00040198798832885574 4.8416946752355216e-05
11500 0 0 0.010059128205272971 25.029428388508844 0.0003217082850484205 4.8416990030629728e-05 0.00032170828504839459 4.8416990030629721e-05 0.0003217082850484205 -2.2784205078189096e-17 -2.5573987372256776e-17 -1.7347234759779123e-21 -3.5725917524254168e-17 -2.673579998858896e-17 49.999999999999908 49.99999999999995 49.999999999999908 -9.2370555648813024e-14 -4.9737991503207013e-14 1.0000000000000009 1969.8656512467505 8030.134348746803 0.027443417445246927 0 0 0.99959902518082411 4.8689835151798551e-18 0.99999999999999978 -2.2746445026516032e-13 -2.5532528834928426e-13 -1.2802634719113884e-17 0.33365666872077587 0.33325477667397663 0.00040189204679924595 4.8416990030629728e-05
12000 0 0 0.010056461067417902 25.029430412873847 0.00032171109162639644 4.8417009444893483e-05 0.00032171109162642641 4.8417009444893409e-05 0.00032171109162639644 -2.3568993978722152e-17 -2.36990982394205e-17 5.2041704279338805e-21 -1.5698633044363659e-17 -1.0063159340626665e-17 49.999999999999901 49.999999999999936 49.999999999999901 -9.9475983006414026e-14 -6.3948846218409017e-14 1.0000000000000029 1969.8656512466989 8030.1343487466493 0.027443414206084031 0 0 0.99959894891531442 4.868999632022471e-18 0.99999999999999978 -2.3585769295579498e-13 -2.3692535090308859e-13 7.0508888456637755e-17 0.33365659920969665 0.33325481375547211 0.00040178545422453471 4.8417009444893483e-05
12500 0 0 0.010054792266898845 25.0294316795047 0.00032170546904548722 4.8416978927975145e-05 0.00032170546904552078 4.8416978927975091e-05 0.00032170546904548722 -2.747108096558786e-17 -2.3435767215767801e-17 7.2858385991076675e-21 3.2079691549021666e-17 1.3747903848559826e-18 49.999999999999886 49.999999999999929 49.999999999999886 -1.1368683772161603e-13 -7.1054273576010019e-14 1.0000000000000011 1969.8656512466425 8030.1343487463928 0.027443412506003875 0 0 0.99959890121022155 4.869004857087883e-18 0.99999999999999978 -2.7490111424118551e-13 -2.3435733673246757e-13 7.124193871247159e-17 0.33365655571896552 0.33325483695860181 0.00040171876036371179 4.8416978927975145e-05
13000 0 0 0.010054351453370433 25.029432014087639 0.0003216978800616527 4.8416954910732957e-05 0.00032169788006168907 4.8416954910732957e-05 0.0003216978800616527 -3.4279176719412267e-17 -2.6722721258051789e-17 0 2.115992932966334e-17 3.0870583450766634e-17 49.999999999999872 49.999999999999915 49.999999999999872 -1.2789769243681803e-13 -8.5265128291212022e-14 1.0000000000000013 1969.8656512465932 8030.1343487461181 0.027443412327216886 0 0 0.99959888861971979 4.8690005483457048e-18 0.99999999999999978 -3.4281675802747895e-13 -2.6748324353853261e-13 -3.9035039636942057e-18 0.33365654423256619 0.33325484308937958 0.00040170114318660577 4.8416954910732957e-05
13500 0 0 0.01005473482659395 25.029431723468782 0.00032169250702601953 4.8416950441100814e-05 0.00032169250702605162 4.8416950441100665e-05 0.00032169250702601953 -3.72382680247365e-17 -2.3995735953814804e-17 3.4694469519562197e-22 -1.6945929093355157e-17 -1.7490966813516804e-17 49.999999999999851 49.999999999999893 49.999999999999851 -1.4921397450962104e-13 -1.0658141036401503e-13 1.000000000000004 1969.8656512465423 8030.1343487459408 0.02744341301233762 0 0 0.99959889957671033 4.8689946577925131e-18 0.99999999999999978 -3.7231394182728179e-13 -2.4031122618888968e-13 -3.3906816110810127e-17 0.33365655421341783 0.33325483774867021 0.00040171646474762568 4.8416950441100814e-05
14000 0 0 0.010055380636646931 25.029431232920565 0.00032169056928553101 4.841695118493988e-05 0.00032169056928550114 4.8416951184939954e-05 0.00032169056928553101 -4.1906061953899365e-17 -3.0334415535039521e-17 2.4286128663694099e-21 -3.9475303824088267e-17 -2.8518935677100466e-17 49.999999999999829 49.999999999999886 49.999999999999829 -1.7053025658242404e-13 -1.1368683772161603e-13 1.0000000000000011 1969.8656512464706 8030.1343487457825 0.02744341385288563 0 0 0.99959891805867207 4.8689897121667025e-18 0.99999999999999978 -4.1913808578554769e-13 -3.0299566904342046e-13 4.146064895803213e-17 0.33365657105851437 0.33325482878386686 0.00040174227464750967 4.841695118493988e-05
14500 0 0 0.010055887967018312 25.029430847844477 0.00032169123522939746 4.841695032930023e-05 0.00032169123522936299 4.8416950329300149e-05 0.00032169123522939746 -4.6557549482388531e-17 -2.9745650387293403e-17 2.4286128663694807e-21 -7.4951181345735185e-17 -6.7818661763353273e-17 49.999999999999815 49.999999999999872 49.999999999999815 -1.8474111129762605e-13 -1.2789769243681803e-13 1.0000000000000004 1969.8656512464167 8030.1343487455188 0.027443414415783525 0 0 0.99959893256268884 4.8689876202559108e-18 0.99999999999999978 -4.6569345609923541e-13 -2.9730999090044424e-13 3.4386952248733044e-17 0.33365658428128275 0.33325482173110138 0.00040176255018137264 4.841695032930023e-05
15000 0 0 0.010056107642002883 25.029430681446794 0.00032169296579698101 4.841694952962871e-05 0.00032169296579694198 4.8416949529628778e-05 0.00032169296579698101 -5.2899698510566121e-17 -3.4303115903384167e-17 -3.4694469519564859e-22 -5.521545143580513e-17 -6.1207897544183788e-17 49.999999999999801 49.999999999999851 49.999999999999801 -1.9895196601282805e-13 -1.4921397450962104e-13 1.0000000000000004 1969.8656512463654 8030.1343487453487 0.027443414595079478 0 0 0.99959893882725792 4.8689876883392993e-18 0.99999999999999978 -5.2884866626126229e-13 -3.4293445158624946e-13 -2.5835513298061691e-17 0.33365658999478204 0.33325481866526246 0.00040177132951957351 4.841694952962871e-05
15500 0 0 0.010056083824864727 25.02943069917767 0.00032169451048943043 4.8416949894020502e-05 0.00032169451048941742 4.841694989402055e-05 0.00032169451048943043 -5.4260415605125332e-17 -3.5530953179682792e-17 6.9388939039132115e-22 -4.7810674756076987e-17 -5.34205416185716e-17 49.999999999999773 49.999999999999837 49.999999999999773 -2.2737367544323206e-13 -1.6342482922482304e-13 1.0000000000000004 1969.8656512463158 8030.134348745084 0.027443414499351768 0 0 0.99959893815627288 4.8689889983889365e-18 0.99999999999999978 -5.4226404178957212e-13 -3.5526584860013089e-13 -5.3923820602144233e-18 0.33365658938564186 0.33325481900797221 0.0004017703776696413 4.8416949894020502e-05
16000 0 0 0.010055944802603977 25.029430804697061 0.00032169530077367722 4.841695050715161e-05 0.00032169530077370801 4.8416950507151569e-05 0.00032169530077367722 -5.8386628865088965e-17 -4.0363892783759473e-17 3.8163916471523733e-21 -2.6564003279438151e-17 -4.3546320032525016e-17 49.999999999999751 49.999999999999829 49.999999999999751 -2.4868995751603507e-13 -1.7053025658242404e-13 1.0000000000000004 1969.865651246243 8030.1343487448294 0.027443414302001728 0 0 0.99959893417989631 4.8689904604495018e-18 0.99999999999999978 -5.8362754733509044e-13 -4.0354713318164161e-13 6.3898157363394805e-17 0.33365658576212459 0.33325482094050041 0.00040176482162418425 4.841695050715161e-05
16500 0 0 0.010055805124428713 25.02943091071575 0.00032169536364920124 4.8416950648754044e-05 0.00032169536364922254 4.8416950648754295e-05 0.00032169536364920124 -6.5124641790486103e-17 -4.4626802253630062e-17 -3.1225022567611295e-21 -1.4955007074595808e-17 -2.9525085296358581e-17 49.999999999999723 49.999999999999801 49.999999999999723 -2.7711166694643907e-13 -1.9895196601282805e-13 1.0000000000000009 1969.8656512461973 8030.1343487446311 0.027443414136115465 0 0 0.99959893018615842 4.8689912458349416e-18 0.99999999999999978 -6.5081674859819421e-13 -4.4632123144577984e-13 -1.7027952920762366e-17 0.33365658212158555 0.33325482288222052 0.00040175923936502933 4.8416950648754044e-05
17000 0 0 0.010055725079863612 25.029430971822187 0.00032169502307159611 4.841695043694094e-05 0.00032169502307161698 4.8416950436940933e-05 0.00032169502307159611 -7.0214667413703359e-17 -4.5926804026529216e-17 5.8980598183266981e-21 -1.3197034241069517e-17 -2.1291671974047481e-17 49.999999999999694 49.999999999999773 49.999999999999694 -3.0553337637684308e-13 -2.2737367544323206e-13 1 1969.865651246135 8030.1343487444174 0.027443414057199883 0 0 0.99959892788501703 4.8689913216252199e-18 0.99999999999999978 -7.0166106002136649e-13 -4.5919715207667679e-13 7.5467232029766919e-17 0.33365658002333015 0.33325482398296374 0.00040175604036640777 4.841695043694094e-05
17500 0 0 0.010055709053545097 25.029430983637468 0.00032169461870421815 4.8416950190156061e-05 0.00032169461870428342 4.8416950190155926e-05 0.00032169461870421815 -7.4821399076514011e-17 -4.3488476708695255e-17 -3.122502256761289e-21 -5.1504368783458261e-17 -3.5500030052981592e-17 49.999999999999659 49.999999999999751 49.999999999999659 -3.4106051316484809e-13 -2.4868995751603507e-13 1.0000000000000024 1969.8656512460825 8030.1343487441891 0.027443414056941239 0 0 0.99959892744073831 4.8689907491973767e-18 0.99999999999999978 -7.4804518049753027e-13 -4.3464797395385322e-13 -4.9384731656650573e-17 0.33365657961766376 0.33325482421778596 0.00040175539987780118 4.8416950190156061e-05
18000 0 0 0.01005573374658285 25.029430964895532 0.00032169435359497391 4.8416950039372277e-05 0.00032169435359503701 4.841695003937221e-05 0.00032169435359497391 -7.5187078785252854e-17 -4.1086578583856839e-17 1.3877787807828426e-21 -5.7664550576051936e-17 -4.5555124832688806e-17 49.999999999999623 49.99999999999973 49.999999999999623 -3.765876499528531e-13 -2.7000623958883807e-13 1.0000000000000007 1969.8656512460286 8030.134348743969 0.02744341409752139 0 0 0.99959892814723172 4.8689904641330385e-18 0.99999999999999978 -7.5163844337914755e-13 -4.1088269600391379e-13 -2.804191723407904e-17 0.33365658026126183 0.3332548238745231 0.00040175638673872749 4.8416950039372277e-05
18500 0 0 0.010055768764626839 25.029430938316359 0.00032169427354418722 4.8416949981611535e-05 0.00032169427354420001 4.8416949981611569e-05 0.00032169427354418722 -7.6856229713840528e-17 -3.964883976696639e-17 -4.5102810375443039e-21 -8.288776812072511e-17 -5.3646607184985975e-17 49.999999999999588 49.999999999999702 49.999999999999588 -4.1211478674085811e-13 -2.9842794901924208e-13 1.0000000000000009 1969.8656512459597 8030.134348743718 0.027443414141957816 0 0 0.99959892914857362 4.8689902297780697e-18 0.99999999999999978 -7.6895775991312179e-13 -3.9640320987499649e-13 -2.6332909958202391e-17 0.3336565811739523 0.33325482338771223 0.00040175778624007563 4.8416949981611535e-05
19000 0 0 0.010055794208800223 25.029430919003445 0.00032169432342224485 4.8416949987413847e-05 0.00032169432342227049 4.8416949987413881e-05 0.00032169432342224485 -7.8903203415498756e-17 -3.7250411089080062e-17 4.8572257327402358e-21 -8.8378253703824175e-17 -6.6909952459207357e-17 49.999999999999552 49.99999999999968 49.999999999999552 -4.4764192352886312e-13 -3.1974423109204508e-13 1.000000000000004 1969.8656512459047 8030.134348743486 0.027443414169457767 0 0 0.99959892987593779 4.8689901364333544e-18 0.99999999999999978 -7.8926638444049465e-13 -3.7277008263059078e-13 4.6707362939595765e-17 0.33365658183710706 0.33325482303398679 0.00040175880312026679 4.8416949987413847e-05
19500 0 0 0.010055803854767306 25.029430911681693 0.00032169441932697541 4.8416950026002757e-05 0.0003216944193269966 4.841695002600273e-05 0.00032169441932697541 -7.7815878740756944e-17 -3.6963140881458763e-17 8.3266726846977192e-21 -7.2296608428826135e-17 -4.4722954213452565e-17 49.999999999999517 49.999999999999659 49.999999999999517 -4.8316906031686813e-13 -3.4106051316484809e-13 1.0000000000000009 1969.865651245864 8030.134348743235 0.027443414176470712 0 0 0.99959893015151624 4.8689901440890469e-18 0.99999999999999978 -7.7826102766000903e-13 -3.6954554339025704e-13 5.8693120108359392e-17 0.33365658208849935 0.33325482289987657 0.00040175918862278559 4.8416950026002757e-05
20000 0 0 0.010055801210458638 25.029430913688536 0.00032169449820298719 4.841695006701389e-05 0.00032169449820292008 4.8416950067013829e-05 0.00032169449820298719 -8.1379000760419337e-17 -3.083401589613167e-17 6.9388939039149503e-22 -8.3632920605763387e-17 -1.405153951219229e-17 49.999999999999481 49.999999999999638 49.999999999999481 -5.1869619710487314e-13 -3.6237679523765109e-13 1.0000000000000011 1969.8656512458113 8030.1343487431213 0.027443414169887083 0 0 0.9995989300757312 4.8689902094424505e-18 0.99999999999999978 -8.1401996689772045e-13 -3.0854975218839819e-13 9.6032351861327457e-18 0.3336565820195645 0.3332548229366219 0.00040175908294259877 4.841695006701389e-05
20500 0 0 0.010055793328836618 25.02943091967084 0.00032169453465464914 4.8416950090980077e-05 0.0003216945346547066 4.8416950090980179e-05 0.00032169453465464914 -8.8386589713986119e-17 -3.1688540680399897e-17 7.2858385991109506e-21 -8.0603478989419551e-17 -3.1749170217900472e-17 49.999999999999439 49.999999999999623 49.999999999999439 -5.6132876125047915e-13 -3.765876499528531e-13 1.0000000000000013 1969.8656512457442 8030.1343487428967 0.027443414159067824 0 0 0.99959892985028576 4.868990271904269e-18 0.99999999999999978 -8.8358422136811304e-13 -3.1716264069388908e-13 8.3912655297360854e-17 0.33365658181412994 0.33325482304617754 0.00040175876795239818 4.8416950090980077e-05
21000 0 0 0.010055786093440306 25.029430925162615 0.00032169453360775697 4.8416950095018554e-05 0.00032169453360767657 4.8416950095018432e-05 0.00032169453360775697 -9.4679472595448843e-17 -2.8888350045475539e-17 -4.1633363423492041e-21 -9.4256889891017653e-17 -1.7400166685624378e-17 49.999999999999396 49.999999999999616 49.999999999999396 -6.0396132539608516e-13 -3.836930773104541e-13 1.0000000000000029 1969.8656512456912 8030.1343487426057 0.027443414150664758 0 0 0.99959892964338892 4.8689903094954116e-18 0.99999999999999978 -9.466815352318916e-13 -2.888135253563782e-13 -8.6670833511596111e-17 0.33365658162554068 0.33325482314675198 0.00040175847878870519 4.8416950095018554e-05
21500 0 0 0.010055782275448599 25.029430928060645 0.00032169451358999657 4.8416950086975604e-05 0.00032169451358999337 4.8416950086975644e-05 0.00032169451358999657 -9.3922439270534439e-17 -2.8578875377361758e-17 4.1633363423493268e-21 -7.2015566778573335e-17 -7.8895920779803819e-19 49.999999999999353 49.999999999999595 49.999999999999353 -6.4659388954169117e-13 -4.0500935938325711e-13 1.0000000000000002 1969.865651245638 8030.1343487424037 0.027443414147092761 0 0 0.99959892953423757 4.8689903163516622e-18 0.99999999999999978 -9.394527257032509e-13 -2.8522504657061375e-13 3.8010274742339355e-17 0.33365658152602218 0.33325482319982008 0.00040175832620209517 4.8416950086975604e-05
22000 0 0 0.010055781853709872 25.029430928380734 0.00032169449227796354 4.8416950076264974e-05 0.00032169449227792548 4.8416950076265035e-05 0.00032169449227796354 -1.013689132635237e-16 -2.8487628922525911e-17 3.4694469519578506e-21 -9.4993809794684474e-17 -4.1612746058691405e-17 49.999999999999304 49.999999999999581 49.999999999999304 -6.9633188104489818e-13 -4.1922021409845911e-13 1.000000000000002 1969.86565124558 8030.1343487421664 0.027443414147543886 0 0 0.9995989295221932 4.8689903040157889e-18 0.99999999999999978 -1.0127199100952883e-12 -2.8509677866990051e-13 1.7070173115368297e-17 0.3336565815150222 0.33325482320567495 0.00040175830934724432 4.8416950076264974e-05
22500 0 0 0.010055783370235825 25.029430927229718 0.0003216944793761233 4.84169500687354e-05 0.00032169447937605147 4.8416950068735379e-05 0.0003216944793761233 -1.0819713180967424e-16 -2.9617627794779216e-17 -5.5511151231326795e-21 -1.0931020475489977e-16 -7.7211119626200981e-17 49.999999999999254 49.999999999999574 49.999999999999254 -7.460698725481052e-13 -4.2632564145606011e-13 1.0000000000000038 1969.865651245515 8030.1343487419035 0.027443414149885687 0 0 0.99959892956555085 4.8689902866602419e-18 0.99999999999999978 -1.0820020552269882e-12 -2.9584100537285943e-13 -3.6928341307203971e-17 0.33365658155454081 0.33325482318458538 0.00040175836995542946 4.84169500687354e-05
23000 0 0 0.010055785244331962 25.029430925807244 0.00032169447632636049 4.8416950066004904e-05 0.00032169447632626497 4.8416950066004931e-05 0.00032169447632636049 -1.1105630304278676e-16 -3.0076982571219528e-17 -5.8980598183286843e-21 -1.2044248143821557e-16 -8.3817586299849762e-17 49.999999999999197 49.999999999999552 49.999999999999197 -8.0291329140891321e-13 -4.4764192352886312e-13 1 1969.8656512454586 8030.1343487417271 0.027443414152208384 0 0 0.99959892961911123 4.8689902775745696e-18 0.99999999999999978 -1.1106770884815518e-12 -3.0094006239334314e-13 -5.164023865423933e-17 0.33365658160337597 0.33325482315852201 0.00040175844485396128 4.8416950066004904e-05
23500 0 0 0.010055786505010291 25.029430924850359 0.00032169447967736621 4.8416950066903423e-05 0.00032169447967726885 4.8416950066903464e-05 0.00032169447967736621 -1.1328299409655706e-16 -3.0789260030457495e-17 -4.8572257327414237e-21 -1.2111844644329098e-16 -5.0578296168840331e-17 49.99999999999914 49.999999999999538 49.99999999999914 -8.5975671026972122e-13 -4.6185277824406512e-13 1.0000000000000007 1969.8656512454133 8030.1343487415061 0.027443414153531236 0 0 0.99959892965512231 4.8689902733714755e-18 0.99999999999999978 -1.1328272304470745e-12 -3.0787981011328544e-13 -4.0390973899885259e-17 0.33365658163622558 0.33325482314098842 0.0004017584952371589 4.8416950066903423e-05
24000 0 0 0.010055786910958974 25.029430924542211 0.00032169448491490887 4.8416950069307377e-05 0.0003216944849148455 4.8416950069307445e-05 0.00032169448491490887 -1.2000921090232035e-16 -2.6987093115806999e-17 -1.3877787807832872e-21 -1.10192588879258e-16 3.8831322025476221e-18 49.999999999999083 49.999999999999524 49.999999999999083 -9.1660012913052924e-13 -4.7606363295926712e-13 1.0000000000000013 1969.8656512453515 8030.1343487412978 0.0274434141537724 0 0 0.9995989296666915 4.8689902745061518e-18 0.99999999999999978 -1.2000654376233524e-12 -2.7009288429052323e-13 1.9096604046562631e-17 0.33365658164679651 0.33325482313533555 0.00040175851146095898 4.8416950069307377e-05
24500 0 0 0.010055786701368858 25.029430924701259 0.00032169448889787452 4.8416950071466451e-05 0.00032169448889785918 4.841695007146639e-05 0.00032169448889787452 -1.2897981294130815e-16 -2.7717758643890397e-17 3.4694469519583426e-21 -1.4315609067656045e-16 -1.1715542883114225e-17 49.999999999999019 49.999999999999503 49.999999999999019 -9.8054897534893826e-13 -4.9737991503207013e-13 1.0000000000000018 1969.8656512453006 8030.134348741055 0.027443414153350408 0 0 0.99959892966066333 4.8689902778922009e-18 0.99999999999999978 -1.2898948402451094e-12 -2.7781715220464282e-13 -2.7155793489452357e-17 0.33365658164132345 0.33325482313823879 0.00040175850308465932 4.8416950071466451e-05
25000 0 0 0.010055786262283045 25.029430925034507 0.00032169449053413813 4.8416950072582569e-05 0.00032169449053412295 4.841695007258261e-05 0.00032169449053413813 -1.2897009848984576e-16 -2.5604865450148378e-17 5.5511151231334807e-21 -1.4882989370806816e-16 -1.8066137846753443e-17 49.999999999998956 49.999999999999503 49.999999999998956 -1.0444978215673473e-12 -4.9737991503207013e-13 1.0000000000000029 1969.8656512452385 8030.134348740884 0.027443414152764474 0 0 0.99959892964807961 4.8689902811624785e-18 0.99999999999999978 -1.2902127825388082e-12 -2.5601972323054737e-13 2.9116442944518239e-18 0.33365658162987155 0.33325482314433502 0.00040175848553652971 4.8416950072582569e-05
25500 0 0 0.010055785891529938 25.0294309253159 0.00032169449025814894 4.8416950072670213e-05 0.00032169449025803461 4.8416950072670179e-05 0.00032169449025814894 -1.2997554421652702e-16 -2.7249036360682254e-17 -4.5102810375460824e-21 -1.2777658378841538e-16 -1.1010421089583487e-17 49.999999999998892 49.999999999999496 49.999999999998892 -1.1084466677857563e-12 -5.0448534238967113e-13 1.000000000000002 1969.8656512451971 8030.1343487406666 0.027443414152342995 0 0 0.99959892963745178 4.8689902829287049e-18 0.99999999999999978 -1.2999940208647209e-12 -2.7245489326797253e-13 -5.7763048698007799e-17 0.33365658162019846 0.33325482314947913 0.00040175847071932669 4.8416950072670213e-05
26000 0 0 0.010055785714111634 25.029430925450651 0.00032169448910945674 4.8416950072194005e-05 0.0003216944891094421 4.8416950072193883e-05 0.00032169448910945674 -1.3616711924699623e-16 -3.0771912795701854e-17 5.2041704279379415e-21 -1.2548192047425925e-16 -1.7856943056579642e-17 49.99999999999882 49.999999999999467 49.99999999999882 -1.1795009413617663e-12 -5.3290705182007514e-13 1.0000000000000002 1969.8656512451319 8030.1343487404502 0.027443414152185902 0 0 0.99959892963235319 4.8689902832083384e-18 0.99999999999999978 -1.361276325957573e-12 -3.0783949134086023e-13 6.5004377278736938e-17 0.33365658161556461 0.33325482315193583 0.00040175846362877632 4.8416950072194005e-05
26500 0 0 0.010055785712357337 25.029430925451972 0.00032169448799828325 4.8416950071637538e-05 0.00032169448799829377 4.8416950071637558e-05 0.00032169448799828325 -1.3941972576446075e-16 -2.9653710043086285e-17 7.2858385991132903e-21 -1.1975196330560686e-16 -2.5083401266999888e-17 49.999999999998749 49.99999999999946 49.999999999998749 -1.2505552149377763e-12 -5.4001247917767614e-13 1.0000000000000007 1969.8656512450827 8030.13434874021 0.027443414152232351 0 0 0.99959892963227825 4.8689902823803433e-18 0.99999999999999978 -1.393626642079299e-12 -2.9646989007667224e-13 8.6541788705674912e-17 0.33365658161550993 0.33325482315195126 0.00040175846355866573 4.8416950071637538e-05
27000 0 0 0.0100557858023277 25.029430925383661 0.00032169448738026053 4.8416950071261177e-05 0.00032169448738023017 4.8416950071261259e-05 0.00032169448738026053 -1.4247769630792211e-16 -3.0691421626418203e-17 -9.7144514654847251e-21 -1.5448586839541368e-16 -3.1827014837686309e-17 49.999999999998678 49.99999999999946 49.999999999998678 -1.3216094885137863e-12 -5.4001247917767614e-13 1.0000000000000007 1969.8656512450223 8030.1343487399927 0.027443414152364069 0 0 0.999598929634825 4.8689902815286994e-18 0.99999999999999978 -1.424345721768852e-12 -3.0683186093026291e-13 -9.503202753486089e-17 0.33365658161784623 0.33325482315069188 0.00040175846715434504 4.8416950071261177e-05
27500 0 0 0.010055785901423699 25.029430925308372 0.00032169448728055101 4.8416950071134766e-05 0.00032169448728045196 4.8416950071134786e-05 0.00032169448728055101 -1.4332424136420379e-16 -3.1133776112793766e-17 1.0408340855876761e-21 -1.3230401915338668e-16 -1.382532109502453e-17 49.999999999998607 49.999999999999446 49.999999999998607 -1.3926637620897964e-12 -5.5422333389287814e-13 1.0000000000000009 1969.8656512449675 8030.1343487397116 0.027443414152483483 0 0 0.99959892963763186 4.8689902809767433e-18 0.99999999999999978 -1.4331360533783941e-12 -3.1136109010972194e-13 1.6654003244523074e-17 0.33365658162042094 0.33325482314930621 0.00040175847111473262 4.8416950071134766e-05
28000 0 0 0.010055785963108714 25.02943092526159 0.00032169448749196002 4.8416950071188231e-05 0.00032169448749185789 4.8416950071188278e-05 0.00032169448749196002 -1.4051260155433969e-16 -3.179644048061869e-17 -3.8163916471549056e-21 -1.3552936748996736e-16 -4.9015793973911868e-17 49.999999999998536 49.999999999999417 49.999999999998536 -1.4637180356658064e-12 -5.8264504332328215e-13 1.0000000000000002 1969.8656512449179 8030.1343487394533 0.027443414152545316 0 0 0.99959892963936625 4.8689902807915074e-18 0.99999999999999978 -1.4049599700527371e-12 -3.181903830258347e-13 -6.2443251501022434e-17 0.33365658162201867 0.33325482314843868 0.00040175847357998284 4.8416950071188231e-05
28500 0 0 0.010055785979032068 25.029430925249464 0.00032169448777425038 4.8416950071328926e-05 0.00032169448777426648 4.8416950071328994e-05 0.00032169448777425038 -1.3700950096695138e-16 -3.8748518282955471e-17 9.7144514654855466e-21 -1.3371205529445452e-16 -4.0322853207028159e-17 49.999999999998479 49.999999999999417 49.999999999998479 -1.5205614545266144e-12 -5.8264504332328215e-13 1.0000000000000004 1969.8656512448615 8030.1343487392896 0.027443414152550687 0 0 0.99959892963979435 4.8689902808774254e-18 0.99999999999999978 -1.3700862818448127e-12 -3.8763884477327542e-13 8.915883182498128e-17 0.33365658162242523 0.33325482314820887 0.00040175847421636268 4.8416950071328926e-05
29000 0 0 0.010055785964575476 25.029430925260453 0.00032169448797305549 4.8416950071454728e-05 0.00032169448797298448 4.8416950071454728e-05 0.00032169448797305549 -1.3879765392599365e-16 -4.373931772334947e-17 6.591949208722455e-21 -1.3404598525449325e-16 -4.3943738589387085e-17 49.999999999998408 49.999999999999403 49.999999999998408 -1.5916157281026244e-12 -5.9685589803848416e-13 1.0000000000000011 1969.8656512448079 8030.1343487390068 0.027443414152524166 0 0 0.99959892963935137 4.86899028108667e-18 0.99999999999999978 -1.3877541694334893e-12 -4.3783172346565282e-13 5.0138134642320509e-17 0.33365658162203826 0.33325482314839966 0.00040175847363860262 4.8416950071454728e-05
29500 0 0 0.010055785940476526 25.029430925278763 0.00032169448804390393 4.8416950071502046e-05 0.00032169448804397424 4.8416950071502046e-05 0.00032169448804390393 -1.3410696164694877e-16 -4.4429737666790654e-17 5.2041704279389331e-21 -1.5458016227903396e-16 -3.5274929428389562e-17 49.999999999998344 49.999999999999382 49.999999999998344 -1.6555645743210334e-12 -6.1817218011128716e-13 1.0000000000000016 1969.8656512447526 8030.1343487388576 0.02744341415249215 0 0 0.99959892963863539 4.8689902812609613e-18 0.99999999999999978 -1.3411090272094398e-12 -4.4471057628281815e-13 4.0496103553859243e-17 0.33365658162140105 0.33325482314872557 0.00040175847267548415 4.8416950071502046e-05
29999 0 0 0.010055785920940398 25.029430925293596 0.0003216944880175847 4.8416950071500711e-05 0.00032169448801758698 4.841695007150063e-05 0.0003216944880175847 -1.334210519845492e-16 -4.2977774117396588e-17 -3.4694469519593616e-22 -1.5186547246242551e-16 -6.4548062604036364e-18 49.999999999998273 49.999999999999368 49.999999999998273 -1.7266188478970435e-12 -6.3238303482648917e-13 1.0000000000000007 1969.8656512446996 8030.134348738582 0.027443414152469689 0 0 0.99959892963804864 4.8689902813488114e-18 0.99999999999999978 -1.3338097444969877e-12 -4.2975767665928094e-13 -1.6784318571915542e-17 0.33365658162088202 0.3332548231489873 0.0004017584718947198 4.8416950071500711e-05
