# 1:passo  2:R0  3:|a2|/R0  4:|a4|/R0  5:|a8|/R0  6:rmin  7:rmax
0 24.99530979 9.196997287e-17 9.52226216e-05 8.27724819e-05 24.98429581 25.00965244
500 24.93155891 7.625021407e-05 7.740943629e-05 4.197840506e-05 24.84559849 25.02235905
1000 24.89418633 0.0001159991554 4.905645315e-06 8.014068868e-06 24.80869583 24.98359335
1500 24.87274947 2.895879175e-05 9.97882802e-07 3.893562514e-05 24.78679229 24.95880621
2000 24.86686846 7.130832214e-05 5.849416767e-05 0.0001021921873 24.77886255 24.95401232
2500 24.87278228 9.166861743e-06 3.893668477e-06 2.564074954e-05 24.78897432 24.96348603
3000 24.88068144 3.751598137e-05 2.740732926e-05 2.183179396e-05 24.79368231 24.9665672
3500 24.88576389 3.537185967e-05 0.0001429326125 0.0001027078149 24.79622208 24.97229826
4000 24.88943887 5.145875673e-05 7.667292126e-05 2.753942961e-05 24.80488993 24.9796973
4500 24.88917414 6.093045867e-05 6.515932811e-05 2.460132921e-05 24.80180306 24.97446481
5000 24.88644509 3.274146207e-05 0.0001412881268 0.0001029666734 24.79694123 24.97406678
5500 24.88587973 4.22766164e-05 4.669195099e-05 1.971270983e-05 24.80052155 24.97623364
6000 24.88461335 2.254455974e-05 5.324214669e-05 3.346598903e-05 24.79615602 24.97026067
6500 24.88352029 4.843351774e-05 0.0001222122567 9.936416305e-05 24.79297102 24.97161132
7000 24.88505787 4.519741011e-05 3.341956518e-05 1.208945613e-05 24.79719473 24.97426597
7500 24.88498919 7.113820297e-06 7.422726033e-05 4.889070416e-05 24.79572482 24.97195694
8000 24.88477335 2.955595208e-05 0.0001157820268 9.048006233e-05 24.79429521 24.9723522
8500 24.8860279 5.829385655e-05 3.162734731e-05 7.130363479e-06 24.79726167 24.97466768
9000 24.88524683 6.967534437e-06 9.815743413e-05 6.624008501e-05 24.79564388 24.97258334
9500 24.88501837 1.120277268e-05 9.728269678e-05 7.323722235e-05 24.79546456 24.97221412
10000 24.8857729 5.584296012e-05 2.764409909e-05 5.560757373e-06 24.79713902 24.97461166
10500 24.88476308 2.837305034e-05 0.0001168240277 8.461909163e-05 24.79582708 24.97137721
11000 24.88510879 7.567418467e-06 7.775588155e-05 5.246526624e-05 24.79725105 24.97498696
11500 24.8856364 5.081730606e-05 3.12479937e-05 1.129576074e-05 24.79817744 24.97359077
12000 24.88460563 4.274894466e-05 0.0001292067082 9.955091271e-05 24.79451184 24.9699981
12500 24.88543654 2.442370267e-05 6.12006943e-05 3.353253728e-05 24.79976559 24.9762827
13000 24.88559003 4.375531053e-05 4.182685089e-05 2.160687827e-05 24.79806115 24.9718039
13500 24.88450998 4.596546985e-05 0.0001313630772 0.0001031199513 24.79456429 24.97192045
14000 24.88563341 3.807298985e-05 4.686275566e-05 2.071853425e-05 24.80041798 24.97614489
14500 24.88540022 2.699123067e-05 5.696871836e-05 3.304139176e-05 24.79694686 24.97107848
15000 24.88451745 4.21033005e-05 0.0001274503274 9.928712689e-05 24.79401012 24.97265496
15500 24.88575278 5.045499418e-05 3.675684208e-05 1.194793278e-05 24.79790352 24.97489868
16000 24.88522061 7.942804035e-06 7.667060346e-05 4.990805223e-05 24.79590283 24.97227783
16500 24.88468593 2.924252629e-05 0.0001141578729 8.953912979e-05 24.79420113 24.97220805
17000 24.88578561 5.609654519e-05 3.016678657e-05 6.753761865e-06 24.79692521 24.97450084
17500 24.88500838 1.078850858e-05 9.902183159e-05 6.791618619e-05 24.79537426 24.97232794
18000 24.88493049 1.061733186e-05 9.477921238e-05 7.132633152e-05 24.79547222 24.97250697
18500 24.88575603 5.550060605e-05 2.745118149e-05 5.709359327e-06 24.79719126 24.97455221
19000 24.88478943 2.975061198e-05 0.0001184293251 8.61123306e-05 24.79568848 24.97128394
19500 24.8851967 1.020341579e-05 7.627951466e-05 5.047169349e-05 24.79755263 24.97523658
20000 24.8856687 5.065508903e-05 3.220964616e-05 1.221296928e-05 24.79817688 24.97348614
20500 24.88460326 4.337078716e-05 0.0001299641463 0.0001003380888 24.79447389 24.97010479
21000 24.88545606 2.591753422e-05 5.950703988e-05 3.190993614e-05 24.79991554 24.9763223
21500 24.88556308 4.234159221e-05 4.308952311e-05 2.261750026e-05 24.79786527 24.9715696
22000 24.88449133 4.603060845e-05 0.0001312077815 0.0001030510015 24.79461355 24.9720438
22500 24.88564552 3.942921261e-05 4.539419515e-05 1.951838188e-05 24.80008111 24.97605902
23000 24.8853814 2.527350659e-05 5.870991177e-05 3.45644163e-05 24.79691195 24.97108524
23500 24.88453366 4.110264823e-05 0.0001265444154 9.8531842e-05 24.79397611 24.97266222
24000 24.88576233 5.157529867e-05 3.584166196e-05 1.136911089e-05 24.79774535 24.97472723
24500 24.88520535 6.137607039e-06 7.870154475e-05 5.1718441e-05 24.79579027 24.97234204
25000 24.88470657 2.755202267e-05 0.0001124866559 8.811227436e-05 24.79428562 24.97210752
25500 24.88578614 5.61265623e-05 2.97610721e-05 6.367131511e-06 24.79689928 24.97456432
26000 24.8849865 1.256493923e-05 0.0001011578485 6.980202586e-05 24.79539059 24.97226726
26500 24.88495799 8.519174698e-06 9.261931181e-05 6.903693228e-05 24.79564827 24.97286449
27000 24.88574904 5.539324133e-05 2.740434317e-05 5.982877593e-06 24.79727665 24.97449057
27500 24.88476898 3.14518966e-05 0.0001197950334 8.778813476e-05 24.79549664 24.97112841
28000 24.88522737 1.232383795e-05 7.440981181e-05 4.839632577e-05 24.79779744 24.97541541
28500 24.88566034 4.996395559e-05 3.301935316e-05 1.319938592e-05 24.79813644 24.97332747
29000 24.88458503 4.401024536e-05 0.0001304425274 0.0001010579606 24.79443153 24.97026988
29500 24.88547821 2.728946636e-05 5.791998313e-05 3.042878729e-05 24.80008321 24.97635216
29999 24.88508573 4.850909908e-06 9.198259144e-05 6.208186217e-05 24.79539572 24.9724409
