# 1:passo  2:raio_area  3:raio_grad  4:raio_linha  5:p_in  6:p_out  7:delta_p  8:sigma  9:|u-v0|max  10:|u-v0|rms  11:Ca  12:massa_R  13:massa_B  14:|q|  15:sd_p_in  16:sd_p_out  17:sigma_2pontos  18:K_perfil  19:r_perfil  20:espessura_10_90  21:residuo_ajuste  22:n_camadas
0 25.04052139 25.08111096 25 0.3333333333 0.3333333333 -2.220446049e-16 -5.560112678e-15 1.945676244e-16 7.662348017e-17 0 1969.865651 8030.134349 1500 2.731879552e-08 0 -4.163336342e-15 1.273345395 25.01411833 3.451105388 0.08159937045 12
500 24.97647702 25.00598883 24.93050435 0.334875946 0.3331314378 0.001744508177 0.04357166838 0.001558621875 0.001034629677 0.005961908783 1969.865651 8030.134349 1500 9.199954824e-05 9.557541521e-05 0.04314356795 1.299779316 24.95050853 3.380919439 0.1552208412 12
1000 24.93857732 24.96713607 24.89281694 0.3362405494 0.3326351732 0.00360537617 0.08991295239 0.001649872865 0.001134378736 0.003058278073 1969.865651 8030.134349 1500 2.341118348e-05 8.695369591e-05 0.09062461386 1.293085573 24.90943559 3.398420991 0.1158311478 12
1500 24.9173603 24.94511372 24.87028294 0.3370152108 0.3323222349 0.004692975891 0.1169365712 0.00123640256 0.000787732808 0.001762212551 1969.865651 8030.134349 1500 2.054159805e-05 0.0001411484346 0.1237160592 1.293201666 24.88169737 3.398115909 0.1200550548 12
2000 24.9120966 24.93934818 24.86393132 0.3372074906 0.3322502355 0.004957255143 0.123495619 0.00095811403 0.0004587731682 0.001293047259 1969.865651 8030.134349 1500 3.164763542e-05 0.0001472120078 0.1310179058 1.293343173 24.87727756 3.397744116 0.111780976 12
2500 24.91681797 24.9439068 24.86811033 0.3370461536 0.3323380518 0.004708101819 0.117310916 0.001021342381 0.000456977426 0.00145104766 1969.865651 8030.134349 1500 2.50283571e-05 9.788294755e-05 0.1222793166 1.304729238 24.89078871 3.368092802 0.156967679 12
3000 24.92467657 24.95185759 24.87567783 0.3367690485 0.3324737615 0.004295287001 0.1070586393 0.001094161886 0.0005197192181 0.001703368505 1969.865651 8030.134349 1500 1.060524194e-05 2.857636915e-05 0.1084500329 1.291664899 24.90819497 3.402158841 0.1126442583 12
3500 24.9308637 24.95824218 24.88181569 0.3365492859 0.3325789981 0.003970287741 0.09898270251 0.001081452104 0.0005068890352 0.001820944596 1969.865651 8030.134349 1500 2.223536298e-06 2.57090115e-05 0.09767661085 1.295412755 24.90216271 3.392315799 0.1096202205 12
4000 24.93359523 24.96115169 24.88471947 0.3364519265 0.332624382 0.00382754442 0.09543444329 0.001037828549 0.0004759059118 0.001812463288 1969.865651 8030.134349 1500 7.746621471e-06 4.744232076e-05 0.09302005713 1.304602708 24.9093588 3.368419465 0.1594903097 12
4500 24.93338592 24.96104048 24.88468228 0.3364581203 0.332618556 0.003839564365 0.09573334007 0.001014030135 0.0004700146576 0.001765372673 1969.865651 8030.134349 1500 7.53053735e-06 4.14530907e-05 0.0936034621 1.289685299 24.91352392 3.407380977 0.1125542001 12
5000 24.93172702 24.95939909 24.88305685 0.3365155196 0.332587582 0.003927937597 0.09793026791 0.001005111979 0.0004772319036 0.001710591289 1969.865651 8030.134349 1500 4.208636383e-06 2.152403177e-05 0.09671409291 1.293239347 24.89763713 3.398016899 0.107777875 12
5500 24.93000233 24.95764216 24.88126169 0.3365752851 0.3325559729 0.004019312127 0.1002014607 0.0009997330603 0.0004804261734 0.001662871734 1969.865651 8030.134349 1500 5.598017278e-07 2.058150991e-06 0.09990687571 1.299085863 24.90452181 3.382724176 0.1513809324 12
6000 24.9289676 24.95656195 24.88013322 0.3366112568 0.3325372039 0.00407405287 0.101561932 0.001008004288 0.0004795762331 0.001654170134 1969.865651 8030.134349 1500 2.311216506e-06 1.023038183e-05 0.1017998948 1.290719491 24.89836791 3.404650806 0.1166278562 12
6500 24.92873427 24.95629462 24.87983354 0.3366194082 0.3325331119 0.00408629632 0.1018661951 0.001013162902 0.0004792257399 0.00165766949 1969.865651 8030.134349 1500 2.901521937e-06 1.269983423e-05 0.1022191574 1.295983664 24.894346 3.39082141 0.1074534257 12
7000 24.92902612 24.95657233 24.88010699 0.3366093831 0.3325385533 0.004070829801 0.1014818225 0.001018977834 0.0004800766337 0.001673498118 1969.865651 8030.134349 1500 1.963226578e-06 8.999816836e-06 0.1016729383 1.299108797 24.89712568 3.382664458 0.1111848963 12
7500 24.92947623 24.95702467 24.88057793 0.3365937808 0.3325468566 0.004046924227 0.1008877013 0.001023793899 0.0004808716222 0.001691309389 1969.865651 8030.134349 1500 6.041687843e-07 3.427824861e-06 0.1008332778 1.293576826 24.89374816 3.397130395 0.1170276853 12
8000 24.92982279 24.95738132 24.88096011 0.3365817714 0.3325532168 0.00402855458 0.1004311518 0.00102023956 0.0004811766304 0.001693099439 1969.865651 8030.134349 1500 5.59696858e-07 1.226160492e-06 0.1001918536 1.299067772 24.90137497 3.382771284 0.08965253308 12
8500 24.92996948 24.95753814 24.88113317 0.3365766725 0.3325559 0.004020772475 0.1002377351 0.001017749239 0.000481302336 0.001692225718 1969.865651 8030.134349 1500 9.806945033e-07 2.971662632e-06 0.09991906307 1.29454948 24.89817195 3.394577977 0.1129468633 12
9000 24.92994836 24.95752303 24.88111964 0.3365774205 0.3325555005 0.004021920015 0.1002662583 0.00101721265 0.00048145834 0.001690852382 1969.865651 8030.134349 1500 8.470430724e-07 2.688041184e-06 0.0999611997 1.290320928 24.8993818 3.405702458 0.09525339552 12
9500 24.92984649 24.95742264 24.88101097 0.3365809451 0.332553641 0.004027304105 0.1004000731 0.001011616158 0.0004816129467 0.001679308468 1969.865651 8030.134349 1500 4.044673793e-07 1.352240628e-06 0.1001488398 1.300150291 24.90133143 3.379954752 0.09904390162 12
10000 24.92974391 24.95731838 24.88089473 0.3365845052 0.332551757 0.004032748176 0.1005353793 0.001013088582 0.0004817147066 0.001679489333 1969.865651 8030.134349 1500 1.026937092e-07 4.721895421e-07 0.1003389959 1.28808432 24.89839796 3.411616061 0.1118737971 12
10500 24.92968356 24.95725538 24.88082249 0.336586591 0.3325506534 0.004035937543 0.1006146458 0.001016352223 0.0004817750634 0.001683572365 1969.865651 8030.134349 1500 3.05119828e-07 1.052630511e-06 0.1004503535 1.295355931 24.89535545 3.392464612 0.1124515661 12
11000 24.92967075 24.95724061 24.88080407 0.3365870414 0.3325504191 0.004036622324 0.1006316655 0.001012017813 0.0004818193025 0.001676108953 1969.865651 8030.134349 1500 3.255750335e-07 1.203748315e-06 0.1004744953 1.300000946 24.89886233 3.380343043 0.1112222272 12
11500 24.92968856 24.95725752 24.88082187 0.336586427 0.3325507445 0.004035682483 0.1006083074 0.001016403964 0.000481854453 0.001683764144 1969.865651 8030.134349 1500 2.140031292e-07 9.564007297e-07 0.1004417488 1.290605545 24.90105329 3.404951399 0.103735829 12
12000 24.92971525 24.95728423 24.88085137 0.3365854957 0.332551233 0.004034262667 0.1005730195 0.001017991539 0.0004818789113 0.001686985807 1969.865651 8030.134349 1500 8.995806111e-08 6.411725113e-07 0.1003918974 1.292489156 24.89971677 3.399989186 0.1142151504 12
12500 24.92973561 24.95730518 24.88087663 0.33658479 0.3325516067 0.004033183333 0.1005461942 0.001013840704 0.0004818941483 0.001680555411 1969.865651 8030.134349 1500 9.965847158e-08 5.016244281e-07 0.1003542283 1.29666872 24.90066068 3.389029972 0.1569989157 12
13000 24.92974418 24.9573143 24.88088719 0.336584494 0.3325517628 0.004032731245 0.1005349583 0.001016974024 0.0004819040463 0.001685937644 1969.865651 8030.134349 1500 1.206048438e-07 4.884682575e-07 0.1003380818 1.29341246 24.91341081 3.3975621 0.128913336 12
13500 24.92974295 24.95731348 24.8808866 0.3365845366 0.3325517401 0.004032796509 0.1005365803 0.001016684799 0.0004819112204 0.001685430974 1969.865651 8030.134349 1500 1.090200792e-07 4.856110882e-07 0.1003407082 1.292131547 24.89492656 3.400930165 0.1096582637 12
14000 24.92973704 24.95730768 24.88088016 0.3365847413 0.3325516317 0.004033109621 0.1005443623 0.001013798499 0.0004819166219 0.001680516068 1969.865651 8030.134349 1500 8.235642785e-08 4.902970464e-07 0.1003516012 1.299410724 24.90370034 3.381878472 0.1517249792 12
14500 24.92973109 24.95730166 24.88087309 0.3365849476 0.3325515226 0.004033425033 0.1005522015 0.001017119819 0.0004819206003 0.001685890188 1969.865651 8030.134349 1500 7.449623551e-08 5.138626748e-07 0.1003626396 1.290936941 24.90018933 3.404077313 0.1171809639 12
15000 24.92972758 24.95729804 24.88086831 0.3365850685 0.3325514602 0.004033608297 0.100556756 0.001015809053 0.0004819235163 0.001683641315 1969.865651 8030.134349 1500 7.999773907e-08 5.396185808e-07 0.1003690992 1.295971119 24.89537183 3.390854234 0.1076346039 12
15500 24.92972681 24.95729717 24.88086743 0.3365850966 0.3325514437 0.004033652966 0.1005578665 0.001014653116 0.0004819256223 0.001681706848 1969.865651 8030.134349 1500 8.360020457e-08 5.430862741e-07 0.1003705621 1.29782651 24.89784298 3.386006621 0.114442419 12
16000 24.9297278 24.957298 24.88086825 0.3365850625 0.3325514621 0.004033600388 0.1005565597 0.001017681394 0.0004819270834 0.001686747897 1969.865651 8030.134349 1500 7.657932271e-08 5.338706232e-07 0.1003687072 1.288135383 24.89601964 3.411480822 0.09529435987 12
16500 24.9297293 24.95729955 24.88087031 0.3365850089 0.3325514921 0.004033516817 0.1005544824 0.001014929455 0.0004819280292 0.00168222147 1969.865651 8030.134349 1500 7.577401298e-08 5.281371356e-07 0.1003659313 1.297074409 24.90170489 3.387969977 0.0878529903 12
17000 24.92973047 24.95730073 24.88087164 0.3365849698 0.3325515109 0.004033458889 0.100553043 0.001015254446 0.0004819286152 0.001682784224 1969.865651 8030.134349 1500 7.574409e-08 5.176081635e-07 0.1003637508 1.293369015 24.89994056 3.397676227 0.119131185 12
17500 24.92973097 24.95730127 24.88087197 0.3365849509 0.3325515195 0.004033431348 0.1005523584 0.001017766481 0.000481928977 0.001686959406 1969.865651 8030.134349 1500 7.251671366e-08 5.167357641e-07 0.1003628842 1.291472927 24.89713012 3.402664557 0.09022281243 12
18000 24.92973092 24.95730118 24.88087262 0.3365849528 0.3325515216 0.004033431205 0.1005523546 0.00101356613 0.0004819292463 0.00167999734 1969.865651 8030.134349 1500 7.684755039e-08 5.194493282e-07 0.1003629422 1.303117245 24.90088099 3.372259227 0.1038323589 12
18500 24.9297306 24.95730087 24.88087192 0.3365849648 0.3325515139 0.004033450894 0.1005528442 0.001015583221 0.0004819294525 0.001683332496 1969.865651 8030.134349 1500 7.555300319e-08 5.174306261e-07 0.1003635068 1.291277927 24.89634206 3.403178403 0.1005943992 12
19000 24.92973027 24.95730055 24.88087146 0.3365849755 0.3325515068 0.004033468709 0.100553287 0.001017608184 0.0004819296152 0.001686681451 1969.865651 8030.134349 1500 7.438843572e-08 5.195902596e-07 0.1003641593 1.295257912 24.89322324 3.392721336 0.1103784995 12
19500 24.92973007 24.95730034 24.88087155 0.3365849826 0.3325515066 0.004033475948 0.1005534666 0.001012413628 0.0004819297448 0.001678068498 1969.865651 8030.134349 1500 7.453394938e-08 5.23755712e-07 0.1003645108 1.298703493 24.89721233 3.383720131 0.129221882 12
20000 24.92973002 24.95730025 24.88087122 0.3365849852 0.3325515033 0.004033481942 0.1005536159 0.001016065799 0.0004819298412 0.001684119446 1969.865651 8030.134349 1500 7.274402806e-08 5.191470981e-07 0.1003645881 1.291386535 24.89972259 3.40289219 0.1004723574 12
20500 24.92973007 24.95730031 24.88087059 0.3365849826 0.3325515038 0.004033478755 0.1005535366 0.001017266972 0.0004819299079 0.001686111708 1969.865651 8030.134349 1500 7.398767488e-08 5.206433916e-07 0.1003645309 1.292321595 24.89846594 3.400430025 0.1235742737 12
21000 24.92973015 24.95730045 24.88087156 0.3365849801 0.3325515063 0.004033473774 0.1005534127 0.001013325496 0.0004819299359 0.001679580812 1969.865651 8030.134349 1500 7.416163965e-08 5.219213472e-07 0.1003643606 1.296806001 24.90165535 3.388671206 0.154771272 12
21500 24.92973021 24.95730054 24.88087107 0.3365849792 0.3325515072 0.004033472029 0.1005533695 0.001016822999 0.0004819299469 0.001685378628 1969.865651 8030.134349 1500 7.308294676e-08 5.192399934e-07 0.1003642816 1.291589148 24.91353312 3.402358375 0.1117236372 12
22000 24.92973024 24.95730054 24.88087114 0.3365849771 0.3325515078 0.004033469349 0.1005533028 0.001016668354 0.0004819299595 0.001685123422 1969.865651 8030.134349 1500 7.43050623e-08 5.205482459e-07 0.1003642121 1.294106413 24.89820537 3.395740189 0.1104447645 12
22500 24.92973024 24.95730052 24.88087156 0.3365849772 0.3325515071 0.004033470028 0.1005533197 0.001014091179 0.0004819299708 0.001680851482 1969.865651 8030.134349 1500 7.829885351e-08 5.196354182e-07 0.1003641831 1.299088417 24.90420266 3.382717525 0.1511261169 12
23000 24.92973023 24.9573005 24.88087128 0.3365849777 0.3325515068 0.004033470917 0.1005533418 0.001017352225 0.0004819299729 0.00168625628 1969.865651 8030.134349 1500 7.375213286e-08 5.182118126e-07 0.1003642523 1.290317871 24.89975616 3.405710526 0.1188096762 12
23500 24.92973021 24.95730051 24.88087142 0.3365849776 0.3325515083 0.00403346937 0.1005533032 0.001015828832 0.0004819299779 0.00168373191 1969.865651 8030.134349 1500 7.521224222e-08 5.227762564e-07 0.1003642615 1.298328687 24.89788407 3.384696956 0.09864609387 12
24000 24.9297302 24.95730052 24.88087166 0.3365849787 0.3325515062 0.00403347248 0.1005533807 0.001014734538 0.0004819299842 0.001681916827 1969.865651 8030.134349 1500 7.892214012e-08 5.197792757e-07 0.1003642636 1.299128846 24.9012115 3.382612255 0.105822272 12
24500 24.92973019 24.95730045 24.88087104 0.3365849785 0.3325515055 0.004033472977 0.1005533931 0.001017663393 0.0004819299916 0.00168677118 1969.865651 8030.134349 1500 7.303260669e-08 5.18812239e-07 0.1003643051 1.289756174 24.90122474 3.407193735 0.09816409095 12
25000 24.9297302 24.95730045 24.88087154 0.336584978 0.3325515084 0.004033469575 0.1005533083 0.001014750546 0.0004819300018 0.001681944572 1969.865651 8030.134349 1500 7.542282828e-08 5.224574823e-07 0.1003642849 1.299350429 24.90284993 3.382035404 0.0824726076 12
25500 24.9297302 24.95730048 24.88087142 0.3365849791 0.332551506 0.00403347314 0.1005533971 0.001015250168 0.0004819300055 0.001682771206 1969.865651 8030.134349 1500 7.74838666e-08 5.191206482e-07 0.1003642554 1.29317044 24.90356451 3.398197964 0.1252484915 12
26000 24.9297302 24.9573005 24.88087094 0.3365849774 0.3325515056 0.004033471805 0.1005533639 0.001017746501 0.000481929998 0.00168690942 1969.865651 8030.134349 1500 7.398510494e-08 5.197064097e-07 0.1003642893 1.291057537 24.89373424 3.403759344 0.1013149578 12
26500 24.9297302 24.95730052 24.88087168 0.3365849777 0.3325515085 0.004033469131 0.1005532972 0.001013426407 0.0004819299972 0.001679750002 1969.865651 8030.134349 1500 7.352055675e-08 5.231506847e-07 0.1003642659 1.304199887 24.90207817 3.369459848 0.1025167232 12
27000 24.9297302 24.9573005 24.88087148 0.3365849786 0.3325515069 0.004033471671 0.1005533605 0.001015633943 0.000481929992 0.001683407923 1969.865651 8030.134349 1500 7.590134709e-08 5.191091213e-07 0.1003642457 1.290223152 24.89405279 3.405960548 0.1137730426 12
27500 24.9297302 24.95730043 24.88087125 0.3365849778 0.3325515056 0.004033472262 0.1005533753 0.001017597692 0.0004819300065 0.00168666258 1969.865651 8030.134349 1500 7.345630261e-08 5.195846672e-07 0.100364282 1.293471507 24.89551565 3.397407002 0.09847095126 12
28000 24.9297302 24.9573005 24.88087163 0.336584978 0.332551509 0.004033468947 0.1005532926 0.001012519314 0.0004819300041 0.001678246576 1969.865651 8030.134349 1500 7.755813336e-08 5.231349946e-07 0.1003642658 1.299539037 24.90066421 3.381544556 0.1355016002 12
28500 24.9297302 24.95730052 24.8808714 0.3365849789 0.3325515064 0.004033472546 0.1005533824 0.001016152925 0.000481930001 0.001684267768 1969.865651 8030.134349 1500 7.446036804e-08 5.186306492e-07 0.1003642444 1.291791935 24.90210626 3.40182427 0.1206236849 12
29000 24.9297302 24.95730053 24.88087069 0.3365849779 0.3325515063 0.004033471616 0.1005533592 0.001017214573 0.0004819299989 0.001686027833 1969.865651 8030.134349 1500 7.519575391e-08 5.199214652e-07 0.1003642826 1.293619764 24.89627909 3.397017636 0.1234338143 12
29500 24.9297302 24.95730053 24.88087166 0.3365849782 0.3325515073 0.004033470826 0.1005533395 0.001013403851 0.0004819299988 0.001679711909 1969.865651 8030.134349 1500 7.548849683e-08 5.206367335e-07 0.1003642573 1.299809075 24.90423227 3.380842033 0.1487480515 12
29999 24.9297302 24.95730044 24.88087096 0.3365849774 0.3325515054 0.004033471977 0.1005533682 0.001017740318 0.0004819300044 0.001686899101 1969.865651 8030.134349 1500 7.366257976e-08 5.204558578e-07 0.1003642884 1.291493359 24.90020724 3.402610724 0.114655205 12
