# 1:passo  2:R0  3:|a2|/R0  4:|a4|/R0  5:|a8|/R0  6:rmin  7:rmax
0 24.99530979 1.096091932e-16 9.52226216e-05 8.27724819e-05 24.98429581 25.00965244
500 24.99517999 1.02192422e-16 3.717832497e-05 6.031821091e-05 24.98706114 25.00823211
1000 24.99471778 1.841887442e-16 8.858224871e-05 5.8887739e-05 24.98536138 25.00845766
1500 24.99427233 5.676323959e-16 0.0001174682965 5.870057514e-05 24.98420929 25.00840916
2000 24.99402971 5.846721876e-16 0.0001282942211 5.874838668e-05 24.98370036 25.00831831
2500 24.99403222 9.203778614e-16 0.0001272976129 5.878028563e-05 24.98372673 25.00830762
3000 24.99424339 1.224638445e-15 0.0001194952024 5.877602924e-05 24.98412818 25.00840882
3500 24.99454942 1.279514023e-15 0.0001090202057 5.876724689e-05 24.98468948 25.00856668
4000 24.99479413 1.319604242e-15 9.937181215e-05 5.878985028e-05 24.98516943 25.00867615
4500 24.99487533 1.582732491e-15 9.282570254e-05 5.885807742e-05 24.98541069 25.00866818
5000 24.99478245 1.593066448e-15 8.947320787e-05 5.898483782e-05 24.9854002 25.00853374
5500 24.99459772 2.166286684e-15 8.847465439e-05 5.912456664e-05 24.98524057 25.00834137
6000 24.99442191 2.222410105e-15 8.865526095e-05 5.923881126e-05 24.98506083 25.00817325
6500 24.99433679 2.240468264e-15 8.928829758e-05 5.9281121e-05 24.98496045 25.00809903
7000 24.99436764 1.936512367e-15 8.980861332e-05 5.92477911e-05 24.98497842 25.00813576
7500 24.99448473 1.866739853e-15 8.999713836e-05 5.9163568e-05 24.98509052 25.00825174
8000 24.99461952 1.518262736e-15 8.995205291e-05 5.907382989e-05 24.98522602 25.00838184
8500 24.99470266 1.275778078e-15 8.997128608e-05 5.901875586e-05 24.98530848 25.00846275
9000 24.99469844 9.011437044e-16 9.026054368e-05 5.901728569e-05 24.98529726 25.00846255
9500 24.99461822 6.716938183e-16 9.078492516e-05 5.906228863e-05 24.98520451 25.00839176
10000 24.99450904 2.839302059e-16 9.135716814e-05 5.912520844e-05 24.98508167 25.0082935
10500 24.99442593 3.149416051e-16 9.176232783e-05 5.917330493e-05 24.98498888 25.00821827
11000 24.9944058 2.080816114e-16 9.187045195e-05 5.918417557e-05 24.98496611 25.00820016
11500 24.9944521 3.953059961e-16 9.166741618e-05 5.915633009e-05 24.98501719 25.00824233
12000 24.99453706 5.705210454e-16 9.126791041e-05 5.910654643e-05 24.98511163 25.00831939
12500 24.99461757 1.133755126e-15 9.085987772e-05 5.906035716e-05 24.98520188 25.00839205
13000 24.99465704 1.305650886e-15 9.061568308e-05 5.903887222e-05 24.98524723 25.0084271
13500 24.99464175 1.550496294e-15 9.060905867e-05 5.904965821e-05 24.98523219 25.00841221
14000 24.99458465 2.168545575e-15 9.079498868e-05 5.908465306e-05 24.98517075 25.00835933
14500 24.99451633 2.837396108e-15 9.105089978e-05 5.912554159e-05 24.98509639 25.00829648
15000 24.99446889 2.767688703e-15 9.124438016e-05 5.915335251e-05 24.98504435 25.00825303
15500 24.99446119 2.722203589e-15 9.129339541e-05 5.915716847e-05 24.98503545 25.0082462
16000 24.99449183 2.44281219e-15 9.119516886e-05 5.913820777e-05 24.98506837 25.00827459
16500 24.99454221 2.594892972e-15 9.101776823e-05 5.91077746e-05 24.98512292 25.00832108
17000 24.99458707 2.471182516e-15 9.085908738e-05 5.908094633e-05 24.98517153 25.00836248
17500 24.99460682 2.217386173e-15 9.07962263e-05 5.906926486e-05 24.98519278 25.00838082
18000 24.99459581 2.0956503e-15 9.085060856e-05 5.907595491e-05 24.98518048 25.00837087
18500 24.9945631 1.779416033e-15 9.098471575e-05 5.909549836e-05 24.98514461 25.00834094
19000 24.99452648 1.850600155e-15 9.112712758e-05 5.91172676e-05 24.98510461 25.00830732
19500 24.9945032 1.625576808e-15 9.121001002e-05 5.913103604e-05 24.98507938 25.00828584
20000 24.99450219 1.85063554e-15 9.120030143e-05 5.913159517e-05 24.98507859 25.00828472
20500 24.99452097 2.049766957e-15 9.111134393e-05 5.912048053e-05 24.98509948 25.00830174
21000 24.9945483 1.921659777e-15 9.099183672e-05 5.91043863e-05 24.98512965 25.00832666
21500 24.99457044 1.762755848e-15 9.089944145e-05 5.909142465e-05 24.98515398 25.0083469
22000 24.9945778 1.466725189e-15 9.087308644e-05 5.908720709e-05 24.98516197 25.0083537
22500 24.99456885 1.439401097e-15 9.091714159e-05 5.909257371e-05 24.98515198 25.0083456
23000 24.99454979 1.408770074e-15 9.100347255e-05 5.910381001e-05 24.98513087 25.00832827
23500 24.99453073 1.532245444e-15 9.108814178e-05 5.911494381e-05 24.9851098 25.00831092
24000 24.99452053 1.628158477e-15 9.113327536e-05 5.912079656e-05 24.98509852 25.00830161
24500 24.99452283 1.622442914e-15 9.112353155e-05 5.911928328e-05 24.98510104 25.00830371
25000 24.99453506 1.606971552e-15 9.107034611e-05 5.91119945e-05 24.98511453 25.00831486
25500 24.99455034 1.295442046e-15 9.100344253e-05 5.9103008e-05 24.9851314 25.00832879
26000 24.99456123 1.26684975e-15 9.095498895e-05 5.909669761e-05 24.98514344 25.00833871
26500 24.99456321 1.124290174e-15 9.094458906e-05 5.909567228e-05 24.98514568 25.0083405
27000 24.99455644 8.537915167e-16 9.097192683e-05 5.90997817e-05 24.98513827 25.0083343
27500 24.9945451 7.400529954e-16 9.101947726e-05 5.910651908e-05 24.9851258 25.00832393
28000 24.99453495 5.456068051e-16 9.106274215e-05 5.911246459e-05 24.98511463 25.00831467
28500 24.99453054 4.779904969e-16 9.108236833e-05 5.911497456e-05 24.98510975 25.00831065
29000 24.9945332 6.442847402e-16 9.107237489e-05 5.911330625e-05 24.98511263 25.00831309
29500 24.99454085 4.587669624e-16 9.104120777e-05 5.910872937e-05 24.98512102 25.00832009
30000 24.99454936 2.42450769e-17 9.100602009e-05 5.910369749e-05 24.98513037 25.00832788
30500 24.99455473 3.884626822e-16 9.098365049e-05 5.910057525e-05 24.98513626 25.00833279
31000 24.99455486 7.232262498e-16 9.098287955e-05 5.910056139e-05 24.98513642 25.00833291
31500 24.99455035 1.218730232e-15 9.100138388e-05 5.910327981e-05 24.98513147 25.00832878
32000 24.99454384 1.771618855e-15 9.102820029e-05 5.910714557e-05 24.98512432 25.00832282
32500 24.99453856 2.395479862e-15 9.104986759e-05 5.911024252e-05 24.98511853 25.008318
33000 24.9945368 2.763944111e-15 9.10569572e-05 5.911124495e-05 24.9851166 25.00831638
33500 24.99453891 3.605604715e-15 9.104793778e-05 5.910995391e-05 24.98511893 25.00831831
34000 24.99454346 4.28755725e-15 9.102891976e-05 5.910724903e-05 24.98512392 25.00832246
34500 24.99454804 4.670241063e-15 9.100989947e-05 5.910455048e-05 24.98512895 25.00832665
35000 24.99455054 5.1613793e-15 9.099966547e-05 5.91030988e-05 24.9851317 25.00832894
35500 24.99455007 5.324086174e-15 9.100188577e-05 5.910340633e-05 24.98513118 25.00832852
36000 24.99454722 6.006305128e-15 9.101403888e-05 5.910511177e-05 24.98512804 25.00832591
36500 24.99454359 5.589954369e-15 9.102933089e-05 5.910725501e-05 24.98512405 25.0083226
37000 24.99454096 5.41317936e-15 9.10403464e-05 5.910879368e-05 24.98512115 25.00832019
37500 24.99454041 4.958846507e-15 9.104253931e-05 5.91090935e-05 24.98512055 25.00831969
37999 24.99454205 4.897207243e-15 9.10355226e-05 5.910810375e-05 24.98512236 25.00832118
