# step v0 Mach sigma R umax_ref urms_ref umax_mean urms_mean umax_lab mean_x mean_y mean_z drop_ux drop_uy x0 y0 x_unwrapped center_dx center_dy axis_ratio mass_R mass_B min_f negative_total negative_color min_rho min_phi max_phi qx qy qz p_in p_out delta_p urms_lab
0 0 0 -5.560112678108922e-15 25.040521385269312 4.163336342344337e-17 7.5816743930788495e-18 4.165175196190225e-17 7.5816495145281134e-18 4.163336342344337e-17 1.8388068845354155e-20 5.8980598183211438e-21 2.0816681711721683e-21 4.8093314330548347e-20 3.7941210744969445e-21 50.000000000000007 50.000000000000007 50.000000000000007 7.1054273576010019e-15 7.1054273576010019e-15 1.0000000000000007 1969.8656512480634 8030.1343487520408 0.01996344159444224 0 0 0.99999999999999956 5.1710809399147485e-26 0.99999999999998512 2.5018839040757099e-17 -5.2525585796588537e-17 1.0669540473485331e-17 0.33333333333333387 0.33333333333333409 -2.2204460492503131e-16 7.5816743930788495e-18
500 0 0 1.1349885540589915 24.741847786122296 0.039528396712515713 0.0075562064884731666 0.039528396712515713 0.0075562064884731675 0.039528396712515713 -1.918257219735197e-18 -3.0846852849820285e-18 -3.4694469519536929e-22 2.5861926261787342e-17 -3.3929315618155347e-17 49.999999999999979 50.000000000000028 49.999999999999979 -2.1316282072803006e-14 2.8421709430404007e-14 1.0000000000000007 1969.8656512480104 8030.1343487517961 0.0087660944075653308 0 0 0.58674780401124771 6.5636760852399909e-18 0.999999999999999 -1.8835627502156171e-14 -1.0337217193345793e-14 6.1419559830255176e-18 0.3850540249634507 0.33918079173243848 0.045873233231012223 0.0075562064884731666
1000 0 0 1.0695453161466686 24.776476969899445 0.040775923233535606 0.0074037901514860264 0.040775923233535606 0.0074037901514860272 0.040775923233535606 -2.2384871734005658e-18 -1.3187367864376242e-18 4.163336342344512e-21 3.2556580404417233e-17 -4.807662861057824e-17 49.999999999999979 50.000000000000021 49.999999999999979 -2.1316282072803006e-14 2.1316282072803006e-14 1.0000000000000002 1969.865651247984 8030.1343487516642 0.0086654436123265802 0 0 0.58360420113523559 9.6032536774747394e-18 0.999999999999999 -2.1774249070460883e-14 -3.1920267210688857e-16 3.5122462972230323e-17 0.38357583947176771 0.34040806717524458 0.043167772296523133 0.0074037901514860264
1500 0 0 1.0276224977440693 24.808923919617367 0.040743564755411264 0.0073803526731300254 0.040743564755411264 0.0073803526731300263 0.040743564755411264 7.945033519974175e-20 -2.7328833640539993e-18 3.4694469519537883e-22 3.0545005997829122e-17 -4.6883526675125977e-17 49.999999999999979 50.000000000000014 49.999999999999979 -2.1316282072803006e-14 1.4210854715202004e-14 1.000000000000002 1969.8656512479458 8030.1343487515069 0.0086439518113056793 0 0 0.58210937470876756 1.0466222546206358e-17 0.999999999999999 6.0715321659188248e-16 -2.5521251778570786e-14 5.2405316518892539e-18 0.38233380847957005 0.34091232236136365 0.041421486118206396 0.0073803526731300254
2000 0 0 1.0120542533571175 24.820585155867253 0.040539999620260926 0.0073436166575041074 0.040539999620260926 0.0073436166575041074 0.040539999620260926 -1.5751289161870654e-19 -2.9264785039731052e-18 -4.6837533851377495e-21 5.6612659985803387e-17 -4.811540296385976e-17 49.999999999999986 50.000000000000014 49.999999999999986 -1.4210854715202004e-14 1.4210854715202004e-14 1.0000000000000016 1969.8656512479047 8030.1343487513468 0.0086444670792014226 0 0 0.58166614043970588 1.0554014658296945e-17 0.999999999999999 -1.4632392519864368e-15 -2.1381988112587416e-14 -2.8288329344782195e-17 0.38187014908164096 0.34109535481302633 0.040774794268614634 0.0073436166575041074
2500 0 0 1.0087204838765134 24.82310219623708 0.040434845689996002 0.0073258588413993185 0.040434845689996002 0.0073258588413993185 0.040434845689996002 9.6728181020475562e-19 -3.701899897734843e-19 4.510281037540109e-21 3.0568043592356136e-17 -3.9915400880378489e-17 49.999999999999993 50.000000000000007 49.999999999999993 -7.1054273576010019e-15 7.1054273576010019e-15 1.0000000000000027 1969.865651247884 8030.1343487512377 0.008646397952299642 0 0 0.58156903904009127 1.0511731496275119e-17 0.999999999999999 9.581745119557894e-15 -2.8939524387983084e-15 5.4322155536881027e-17 0.38178477230077473 0.34114841364172588 0.040636358659048855 0.0073258588413993185
3000 0 0 1.0085901377479765 24.823286756574554 0.040396569566483957 0.007319096498695144 0.040396569566483957 0.007319096498695144 0.040396569566483957 1.0904471769991293e-18 2.3918367286770593e-18 7.63278329429871e-21 4.2476185267155466e-17 -3.7462259671415677e-17 50.000000000000007 49.999999999999993 50.000000000000007 7.1054273576010019e-15 -7.1054273576010019e-15 1.0000000000000002 1969.8656512478456 8030.1343487510212 0.0086472390869124609 0 0 0.58156235962902825 1.04835264755976e-17 0.999999999999999 1.0803883219371972e-14 2.3076593567083418e-14 8.3644645252989927e-17 0.38178410121557688 0.3411532956482663 0.040630805567310579 0.007319096498695144
3500 0 0 1.0091006839004197 24.822981059210949 0.040383877192217567 0.007316495735563042 0.040383877192217567 0.007316495735563042 0.040383877192217567 2.3720608810509914e-18 2.6777191575181443e-18 1.9081958235747336e-21 4.2882138757564908e-17 -3.239785060245881e-17 50.000000000000014 49.999999999999986 50.000000000000014 1.4210854715202004e-14 -1.4210854715202004e-14 1.0000000000000022 1969.8656512478187 8030.1343487509112 0.008647602585635239 0 0 0.58157627437031589 1.0464709647724919e-17 0.999999999999999 2.3678962106314498e-14 2.7339458821828977e-14 1.7996023101217968e-17 0.38179735930364955 0.34114548588468413 0.040651873418965423 0.007316495735563042
4000 0 0 1.0096161350739794 24.822638806931163 0.040380375303032665 0.0073154685623107469 0.040380375303032665 0.0073154685623107469 0.040380375303032665 2.4594909442402487e-18 7.0013439490433374e-19 -5.0306980803334188e-21 3.1418066343975339e-17 -2.3671405696196691e-17 50.000000000000021 49.999999999999986 50.000000000000021 2.1316282072803006e-14 -1.4210854715202004e-14 1.0000000000000009 1969.8656512477849 8030.1343487507593 0.0086477901056445493 0 0 0.58159129663398357 1.0450045878719159e-17 0.999999999999999 2.5063283086847014e-14 6.1999017031411086e-15 -3.0089435310101409e-17 0.38181064515390062 0.34113744586486827 0.040673199289032347 0.0073154685623107469
4500 0 0 1.009972504427922 24.822392581288437 0.040380187979443392 0.0073151087345670008 0.040380187979443399 0.007315108734567 0.040380187979443392 -3.0010716134403686e-19 5.691627724680838e-18 6.418476861115239e-21 3.2088668984630918e-17 -1.8296493646750004e-17 50.000000000000028 49.999999999999979 50.000000000000028 2.8421709430404007e-14 -2.1316282072803006e-14 1.0000000000000002 1969.8656512477512 8030.1343487505746 0.0086478778302228852 0 0 0.58160182267982807 1.0444788634751288e-17 0.999999999999999 -3.8059831342395474e-15 5.6081224521792468e-14 4.2213499332046682e-17 0.38182002369215567 0.34113206417655051 0.040687959515605165 0.0073151087345670008
5000 0 0 1.0101729152534829 24.822251256126677 0.040380877748631937 0.007315021121326943 0.040380877748631944 0.007315021121326943 0.040380877748631937 -3.7705949473839089e-18 7.3174105663667674e-18 2.9490299091611358e-21 3.4560791600992641e-17 -2.4683402660733915e-17 50.000000000000028 49.999999999999979 50.000000000000028 2.8421709430404007e-14 -2.1316282072803006e-14 1.0000000000000002 1969.8656512477132 8030.1343487504455 0.0086479102098882387 0 0 0.58160776405758918 1.0442849179155378e-17 0.999999999999999 -3.7827379905392019e-14 7.3762393762444312e-14 3.1749412434817057e-17 0.38182534980427629 0.34112908479470549 0.040696265009570798 0.007315021121326943
5500 0 0 1.0102699247292084 24.822181830568255 0.040381537980374999 0.0073150243742284059 0.040381537980374992 0.0073150243742284068 0.040381537980374999 -5.4931753590292333e-18 8.2520795752232886e-18 -4.1633363423451529e-21 2.2612034601833147e-17 -1.9641633800630139e-17 50.000000000000028 49.999999999999979 50.000000000000028 2.8421709430404007e-14 -2.1316282072803006e-14 1.0000000000000029 1969.8656512476859 8030.1343487503127 0.0086479185984403815 0 0 0.58161065202455542 1.0442170611553108e-17 0.999999999999999 -5.5233594197934672e-14 8.230525573166933e-14 -3.0368263694799981e-17 0.38182793356594014 0.34112764655551014 0.040700287010429992 0.0073150243742284059
6000 0 0 1.0103109431740851 24.822151997368422 0.040381966212836962 0.0073150466918691344 0.040381966212836962 0.0073150466918691344 0.040381966212836962 -1.9477475188271808e-18 3.8476166697173916e-18 1.1275702593851689e-20 3.2746744512868829e-17 -2.7674380450820164e-17 50.000000000000036 49.999999999999972 50.000000000000036 3.5527136788005009e-14 -2.8421709430404007e-14 1.0000000000000036 1969.8656512476525 8030.1343487501581 0.0086479188969079065 0 0 0.58161188060434288 1.044212499284611e-17 0.999999999999999 -2.0011770124747565e-14 3.8482454963886879e-14 9.3623692603720055e-17 0.38182902756651516 0.34112703914580145 0.040701988420713708 0.0073150466918691344
6500 0 0 1.0103255951354879 24.822141076507151 0.040382197755270334 0.0073150657781950613 0.040382197755270327 0.0073150657781950613 0.040382197755270334 4.2712361425511031e-18 -2.889355421587652e-18 2.08166817117266e-21 4.04843311017541e-17 -4.0760885674399637e-17 50.000000000000043 49.999999999999972 50.000000000000043 4.2632564145606011e-14 -2.8421709430404007e-14 1 1969.8656512476032 8030.1343487500726 0.0086479173212295757 0 0 0.58161232336664104 1.0442231459185216e-17 0.999999999999999 4.2705422372778359e-14 -2.926370083755625e-14 7.6175872786660458e-18 0.381829420079149 0.34112682347310086 0.040702596606048136 0.0073150657781950613
7000 0 0 1.0103293782859888 24.822138088515501 0.040382307396201411 0.007315077761345279 0.040382307396201383 0.007315077761345279 0.040382307396201411 1.748635958254586e-17 -1.3193612868892561e-17 -1.7347234759772484e-21 6.0529172892490405e-17 -6.8572455024920633e-17 50.000000000000057 49.999999999999957 50.000000000000057 5.6843418860808015e-14 -4.2632564145606011e-14 1.0000000000000004 1969.8656512475879 8030.1343487498943 0.0086479158441906956 0 0 0.58161244000279178 1.0442305282844672e-17 0.999999999999999 1.7469706236841161e-13 -1.3184245362449802e-13 -4.9606228592628297e-17 0.38182952271406834 0.34112676879806142 0.040702753916006917 0.007315077761345279
7500 0 0 1.0103294294082359 24.822137900849615 0.040382352773740755 0.0073150841298930411 0.040382352773740721 0.007315084129893042 0.040382352773740755 2.6677965392359224e-17 -2.5728030816914073e-17 -3.1225022567590844e-21 8.2484850835657577e-17 -8.3107462002383925e-17 50.000000000000078 49.999999999999943 50.000000000000078 7.815970093361102e-14 -5.6843418860808015e-14 1.0000000000000011 1969.86565124755 8030.1343487497652 0.0086479148793246856 0 0 0.58161244359375663 1.044235686437699e-17 0.999999999999999 2.6621413408358766e-13 -2.5720376370083553e-13 -4.5678823918829071e-17 0.38182952519119245 0.34112676890791299 0.040702756283279462 0.0073150841298930411
8000 0 0 1.0103287887915968 24.822138411445891 0.040382368388555523 0.0073150870925947535 0.040382368388555481 0.0073150870925947527 0.040382368388555523 3.7423536491953467e-17 -3.4789185421334344e-17 -1.0061396160668335e-20 8.8730604696946613e-17 -9.6735018271335835e-17 50.000000000000107 49.999999999999908 50.000000000000107 1.0658141036401503e-13 -9.2370555648813024e-14 1.0000000000000018 1969.8656512475159 8030.1343487495869 0.0086479143533213978 0 0 0.58161242034349026 1.0442386973609977e-17 0.999999999999999 3.7386413409556951e-13 -3.4819499756418818e-13 -8.8107308342101702e-17 0.38182950409713962 0.34112677445940148 0.040702729637738133 0.0073150870925947535
8500 0 0 1.0103280525750891 24.822138909196617 0.040382372024526145 0.0073150882905065615 0.040382372024526082 0.0073150882905065598 0.040382372024526145 5.0163692644227124e-17 -4.7377032852417123e-17 4.6837533851388171e-21 1.0756846420529446e-16 -1.1319471010975588e-16 50.000000000000142 49.999999999999879 50.000000000000142 1.4210854715202004e-13 -1.2079226507921703e-13 1.000000000000002 1969.8656512474943 8030.1343487494996 0.0086479141032092949 0 0 0.58161239880189641 1.0442401077022184e-17 0.999999999999999 5.0180345994875055e-13 -4.7327701653554488e-13 7.94191315888589e-17 0.38182948472876838 0.34112678556690196 0.040702699161866418 0.0073150882905065615
9000 0 0 1.0103275803464407 24.822139237260863 0.04038237172834707 0.0073150886872494075 0.040382371728347001 0.0073150886872494058 0.04038237172834707 5.8850493922532441e-17 -5.8150706472323167e-17 -3.4694469519547494e-22 1.1663719219078213e-16 -1.3519919039877279e-16 50.000000000000171 49.999999999999837 50.000000000000171 1.7053025658242404e-13 -1.6342482922482304e-13 1.0000000000000009 1969.8656512474452 8030.1343487492995 0.0086479139994298966 0 0 0.58161238486426792 1.0442407809026159e-17 0.999999999999999 5.8828983351411068e-13 -5.8119698269656972e-13 2.3778376508449153e-17 0.38182947224174857 0.34112679264232776 0.04070267959942081 0.0073150886872494075
9500 0 0 1.010327326094014 24.822139416999836 0.040382370640827385 0.0073150887696247988 0.040382370640827343 0.0073150887696248022 0.040382370640827385 6.9838579364068941e-17 -7.3598765970597525e-17 -1.7347234759773898e-21 1.2308652386182792e-16 -1.334489399544116e-16 50.000000000000213 49.999999999999801 50.000000000000213 2.1316282072803006e-13 -1.9895196601282805e-13 1.0000000000000002 1969.8656512474247 8030.1343487491858 0.0086479139635488034 0 0 0.58161237731743831 1.0442410227308599e-17 0.999999999999999 6.9824701915050837e-13 -7.3595773582502907e-13 -1.8838924469460856e-17 0.38182946549626506 0.3411267964345453 0.040702669061719765 0.0073150887696247988
10000 0 0 1.0103272063763602 24.822139502939869 0.040382369738314924 0.0073150887531943289 0.040382369738314869 0.0073150887531943315 0.040382369738314924 8.4798140731509393e-17 -8.9923554713632303e-17 5.2041704279322828e-22 1.4421558910071672e-16 -1.5217560118270303e-16 50.000000000000263 49.999999999999744 50.000000000000263 2.6290081223123707e-13 -2.5579538487363607e-13 1.0000000000000047 1969.8656512473799 8030.1343487490394 0.0086479139550625882 0 0 0.58161237374595787 1.0442410946423204e-17 0.999999999999999 8.4742282683198216e-13 -8.9904776331972691e-13 4.2307744265016492e-18 0.38182946231059028 0.34112679821281178 0.040702664097778507 0.0073150887531943289
10500 0 0 1.0103271572340791 24.822139538846432 0.040382369179968902 0.0073150887198792976 0.040382369179968847 0.007315088719879302 0.040382369179968902 1.0713895048923426e-16 -1.0827970464703703e-16 -3.8163916471504105e-21 1.7179257381899169e-16 -1.6437893245849617e-16 50.000000000000327 49.99999999999968 50.000000000000327 3.2684965844964609e-13 -3.1974423109204508e-13 1.000000000000002 1969.8656512473565 8030.134348748913 0.0086479139556253828 0 0 0.58161237227128026 1.04424110062238e-17 0.999999999999999 1.0708517406210044e-12 -1.081953536756253e-12 -3.9831654847215271e-17 0.38182946099833298 0.34112679893920927 0.040702662059123706 0.0073150887198792976
11000 0 0 1.0103271405405556 24.8221395513911 0.040382368886592433 0.0073150886938957655 0.040382368886592364 0.0073150886938957672 0.040382368886592433 1.2590137266071375e-16 -1.2235074065008301e-16 -1.2143064331842457e-21 1.9179874874394055e-16 -1.7853985662953751e-16 50.000000000000398 49.999999999999609 50.000000000000398 3.979039320256561e-13 -3.907985046680551e-13 1.0000000000000002 1969.8656512473301 8030.1343487487156 0.0086479139580501411 0 0 0.58161237176556546 1.0442410922878598e-17 0.999999999999999 1.2578098264033464e-12 -1.2225051700121004e-12 -3.5774840126939371e-17 0.38182946055003292 0.34112679918400518 0.040702661366027737 0.0073150886938957655
11500 0 0 1.0103271367899314 24.822139554441293 0.040382368751506317 0.0073150886782756353 0.040382368751506241 0.0073150886782756361 0.040382368751506317 1.4379192281316623e-16 -1.4145629112511012e-16 1.3877787807820083e-21 2.1153645606454085e-16 -1.9808979460581004e-16 50.000000000000483 49.999999999999524 50.000000000000483 4.8316906031686813e-13 -4.7606363295926712e-13 1.0000000000000002 1969.865651247304 8030.1343487486311 0.0086479139600845849 0 0 0.58161237164875457 1.0442410820494884e-17 0.999999999999999 1.4379539221241428e-12 -1.4139952228077257e-12 1.5713497672952696e-17 0.38182946044762306 0.3411267992376969 0.040702661209926161 0.0073150886782756353
12000 0 0 1.0103271372278699 24.822139554318785 0.040382368697526941 0.0073150886702351191 0.040382368697526858 0.0073150886702351191 0.040382368697526941 1.6008340486546474e-16 -1.5798300168075112e-16 -1.3877787807820371e-21 2.105115002749935e-16 -2.0619491267521908e-16 50.000000000000576 49.999999999999439 50.000000000000576 5.7553961596568115e-13 -5.6132876125047915e-13 1.0000000000000002 1969.8656512472576 8030.1343487484428 0.008647913961349037 0 0 0.58161237165917345 1.044241075057356e-17 0.999999999999999 1.5999632170455083e-12 -1.5793481969709562e-12 -4.7805678499235539e-18 0.38182946045787619 0.34112679923010608 0.040702661227770109 0.0073150886702351191
12500 0 0 1.0103271384680796 24.822139553518522 0.040382368680002403 0.007315088666604741 0.040382368680002306 0.0073150886666047427 0.040382368680002403 1.8561437109551586e-16 -1.8106557919680745e-16 4.3368086899439588e-21 2.465749900969632e-16 -2.4799636688044916e-16 50.000000000000682 49.999999999999325 50.000000000000682 6.8212102632969618e-13 -6.7501559897209518e-13 1.0000000000000009 1969.8656512472212 8030.1343487482973 0.0086479139620153755 0 0 0.58161237169492341 1.0442410712451148e-17 0.999999999999999 1.8555816588077232e-12 -1.8109780168529266e-12 4.2679250700262135e-17 0.38182946049022021 0.341126799211174 0.040702661279046204 0.007315088666604741
13000 0 0 1.0103271394747368 24.822139552832681 0.04038236867660671 0.0073150886651894998 0.040382368676606599 0.0073150886651895067 0.04038236867660671 2.0412560530767681e-16 -2.0316560933607081e-16 5.2041704279328574e-22 2.6578955560344813e-16 -2.7943960949973432e-16 50.000000000000803 49.999999999999204 50.000000000000803 8.0291329140891321e-13 -7.9580786405131221e-13 1.0000000000000018 1969.8656512471925 8030.1343487481472 0.0086479139623228899 0 0 0.58161237172443403 1.0442410693700066e-17 0.999999999999999 2.0401978718084065e-12 -2.0311040176069101e-12 9.6263217708540333e-18 0.38182946051673378 0.34112679919600813 0.040702661320725642 0.0073150886651894998
13500 0 0 1.0103271400913318 24.822139552402515 0.040382368677549553 0.0073150886647501473 0.040382368677549435 0.0073150886647501464 0.040382368677549553 2.2619336959028805e-16 -2.2320929826691126e-16 8.1532003370949794e-21 2.9133952071968442e-16 -2.9638770289938922e-16 50.000000000000931 49.999999999999091 50.000000000000931 9.3081098384573124e-13 -9.0949470177292824e-13 1.0000000000000002 1969.8656512471723 8030.1343487480735 0.0086479139624459581 0 0 0.58161237174264224 1.0442410685835633e-17 0.999999999999999 2.2613889910891913e-12 -2.2316484597773023e-12 1.0323715656638504e-16 0.38182946053304456 0.34112679918677302 0.04070266134627154 0.0073150886647501473
14000 0 0 1.0103271404130223 24.822139552174328 0.040382368679159758 0.0073150886646790496 0.040382368679159626 0.007315088664679047 0.040382368679159758 2.4159840794636315e-16 -2.4026197698046999e-16 -3.1225022567598205e-21 3.0413000021285323e-16 -3.0929706617649153e-16 50.000000000001066 49.999999999998948 50.000000000001066 1.0658141036401503e-12 -1.0516032489249483e-12 1.0000000000000004 1969.86565124714 8030.1343487478471 0.0086479139624858446 0 0 0.58161237175218672 1.0442410683075774e-17 0.999999999999999 2.4160014300919278e-12 -2.4024766555336244e-12 -3.1078649747336857e-17 0.38182946054157946 0.34112679918197392 0.040702661359605541 0.0073150886646790496
14500 0 0 1.0103271405602057 24.822139552068325 0.040382368680382447 0.0073150886647152715 0.040382368680382301 0.0073150886647152706 0.040382368680382447 2.6142352171922958e-16 -2.6197481683989526e-16 -2.7755575615643175e-21 3.2792558056871492e-16 -3.4384452834117378e-16 50.000000000001215 49.999999999998806 50.000000000001215 1.2150280781497713e-12 -1.1937117960769683e-12 1.0000000000000018 1969.8656512471027 8030.1343487476988 0.0086479139624933594 0 0 0.58161237175656599 1.0442410682364081e-17 0.999999999999999 2.6131527497419427e-12 -2.6194532654066904e-12 -2.705535758201671e-17 0.38182946054549227 0.34112679917978339 0.040702661365708881 0.0073150886647152715
15000 0 0 1.0103271406185006 24.822139552025494 0.040382368681107797 0.0073150886647636651 0.040382368681107637 0.0073150886647636625 0.040382368681107797 2.8246537053814994e-16 -2.8258055617695488e-16 1.2143064331844153e-21 3.4018681207371697e-16 -3.6067080491710611e-16 50.000000000001364 49.99999999999865 50.000000000001364 1.3642420526593924e-12 -1.3500311979441904e-12 1.0000000000000011 1969.8656512470779 8030.1343487475488 0.0086479139624908701 0 0 0.58161237175830394 1.0442410682362405e-17 0.999999999999999 2.8242373692112711e-12 -2.8259794677965022e-12 -2.0175832356035917e-17 0.38182946054704442 0.34112679917891681 0.040702661368127613 0.0073150886647636651
15500 0 0 1.0103271406371102 24.822139552011404 0.0403823686814778 0.0073150886647986232 0.040382368681477626 0.0073150886647986319 0.0403823686814778 3.0293129116304434e-16 -3.0468232103969627e-16 3.4694469519555205e-22 3.6838661825737882e-16 -3.8407202068914916e-16 50.000000000001521 49.999999999998494 50.000000000001521 1.5205614545266144e-12 -1.5063505998114124e-12 1.0000000000000002 1969.8656512470404 8030.1343487473987 0.0086479139624867692 0 0 0.58161237175885572 1.0442410682508375e-17 0.999999999999999 3.0288480056908948e-12 -3.0459970482604453e-12 -1.7519161083778344e-18 0.38182946054754036 0.34112679917863992 0.040702661368900439 0.0073150886647986232
16000 0 0 1.0103271406405538 24.822139552008462 0.040382368681643521 0.0073150886648188692 0.040382368681643341 0.0073150886648188683 0.040382368681643521 3.183675545416925e-16 -3.188876246397906e-16 -5.898059818324527e-21 3.7791156714208984e-16 -3.6959416013800623e-16 50.000000000001698 49.999999999998316 50.000000000001698 1.6981971384666394e-12 -1.6839862837514374e-12 1.0000000000000033 1969.8656512470197 8030.1343487472814 0.0086479139624835114 0 0 0.58161237175894942 1.0442410682650364e-17 0.999999999999999 3.1845602543878471e-12 -3.1886663448819539e-12 -6.6473001731579516e-17 0.38182946054762956 0.34112679917858557 0.040702661369043991 0.0073150886648188692
16500 0 0 1.0103271406393584 24.822139552009123 0.040382368681707838 0.0073150886648290789 0.040382368681707657 0.0073150886648290833 0.040382368681707838 3.3079441963421007e-16 -3.3558537893016561e-16 1.2143064331844725e-21 3.9203552847300636e-16 -3.8146878548721148e-16 50.000000000001876 49.999999999998145 50.000000000001876 1.8758328224066645e-12 -1.8545165403338615e-12 1 1969.8656512469879 8030.1343487470886 0.0086479139624813448 0 0 0.58161237175890279 1.0442410682745722e-17 0.999999999999999 3.3078574601663746e-12 -3.3549838252647403e-12 -2.2104214003256211e-17 0.38182946054759376 0.34112679917859901 0.040702661368994753 0.0073150886648290789
17000 0 0 1.0103271406375305 24.82213955201032 0.040382368681727621 0.0073150886648335944 0.04038236868172744 0.0073150886648335935 0.040382368681727621 3.3403557697673432e-16 -3.4228210543683787e-16 -2.9490299091623545e-21 3.7315236640314933e-16 -3.7222692580920134e-16 50.000000000002053 49.999999999997961 50.000000000002053 2.0534685063466895e-12 -2.0392576516314875e-12 1.0000000000000022 1969.8656512469527 8030.1343487469348 0.0086479139624799813 0 0 0.5816123717588344 1.0442410682798246e-17 0.999999999999999 3.3398978061624155e-12 -3.4228271259249453e-12 -1.5437216712385174e-17 0.3818294605475403 0.34112679917862115 0.040702661368919146 0.0073150886648335944
17500 0 0 1.0103271406361862 24.822139552011247 0.040382368681731014 0.0073150886648353222 0.040382368681730806 0.0073150886648353231 0.040382368681731014 3.4603084286843243e-16 -3.5817390720027762e-16 -1.2143064331845214e-21 3.8796265174793464e-16 -4.0667536646969099e-16 50.000000000002231 49.999999999997776 50.000000000002231 2.2311041902867146e-12 -2.2239987629291136e-12 1.0000000000000013 1969.8656512469261 8030.1343487467757 0.0086479139624790861 0 0 0.58161237175877911 1.0442410682825611e-17 0.999999999999999 3.4584141105934621e-12 -3.5807984181956964e-12 -1.6721046379642264e-17 0.38182946054749789 0.34112679917863442 0.040702661368863469 0.0073150886648353222
18000 0 0 1.0103271406353986 24.822139552011841 0.040382368681729841 0.0073150886648358626 0.04038236868172964 0.0073150886648358652 0.040382368681729841 3.6623690191662856e-16 -3.7597321089790223e-16 -1.7347234759779149e-21 4.0539317324281395e-16 -4.2317234137922676e-16 50.000000000002416 49.999999999997591 50.000000000002416 2.4158453015843406e-12 -2.4087398742267396e-12 1.0000000000000016 1969.865651246887 8030.1343487466684 0.0086479139624784269 0 0 0.58161237175874037 1.0442410682839413e-17 0.999999999999999 3.6624002475812637e-12 -3.7592628662763694e-12 -3.8538822746958425e-17 0.38182946054747163 0.34112679917864086 0.040702661368830773 0.0073150886648358626
18500 0 0 1.0103271406350081 24.822139552012128 0.040382368681728266 0.0073150886648360091 0.040382368681728051 0.0073150886648360083 0.040382368681728266 3.813664661847239e-16 -3.8826199200173618e-16 5.8980598183250084e-21 4.2487099261151432e-16 -4.4547805635697826e-16 50.000000000002615 49.999999999997399 50.000000000002615 2.6147972675971687e-12 -2.6005864128819667e-12 1.0000000000000027 1969.8656512468535 8030.1343487465101 0.0086479139624778337 0 0 0.58161237175871272 1.0442410682846944e-17 0.999999999999999 3.8143307956595152e-12 -3.8819982383832358e-12 2.715549825719952e-17 0.38182946054745537 0.3411267991786408 0.040702661368814563 0.0073150886648360091
19000 0 0 1.0103271406348027 24.82213955201226 0.040382368681727419 0.0073150886648360352 0.040382368681727197 0.0073150886648360265 0.040382368681727419 3.9364796144995954e-16 -4.0052995642385935e-16 4.163336342347139e-21 4.6894610587968292e-16 -4.7445305492803694e-16 50.0000000000028 49.9999999999972 50.0000000000028 2.7995383788947947e-12 -2.7995383788947947e-12 1.0000000000000029 1969.8656512468242 8030.1343487463746 0.0086479139624772924 0 0 0.58161237175869207 1.0442410682851882e-17 0.999999999999999 3.9364206339517024e-12 -4.0051811691469043e-12 6.3641609581181361e-17 0.38182946054744427 0.3411267991786382 0.04070266136880607 0.0073150886648360352
19500 0 0 1.0103271406347387 24.822139552012317 0.040382368681727177 0.0073150886648360091 0.040382368681726934 0.0073150886648359979 0.040382368681727177 4.1943740147793958e-16 -4.2963584079321421e-16 -3.8163916471515977e-21 5.2594996694675302e-16 -5.5071909503699064e-16 50.000000000002977 49.99999999999703 50.000000000002977 2.9771740628348198e-12 -2.9700686354772188e-12 1.0000000000000027 1969.8656512467949 8030.1343487462609 0.0086479139624768102 0 0 0.58161237175867586 1.0442410682855623e-17 0.999999999999999 4.1942178898754344e-12 -4.2957699025929187e-12 -3.4680614365555971e-17 0.38182946054743655 0.34112679917863314 0.040702661368803406 0.0073150886648360091
20000 0 0 1.0103271406347425 24.822139552012271 0.040382368681727003 0.0073150886648359979 0.04038236868172676 0.0073150886648359892 0.040382368681727003 4.3510334224480818e-16 -4.497228978109606e-16 2.7755575615648396e-21 5.0914771865848693e-16 -4.6496675421097435e-16 50.000000000003148 49.999999999996845 50.000000000003148 3.1477043194172438e-12 -3.1548097467748448e-12 1.0000000000000027 1969.8656512467614 8030.134348746159 0.0086479139624763522 0 0 0.58161237175866365 1.0442410682858284e-17 0.999999999999999 4.3514809802614141e-12 -4.4966144518915677e-12 4.6385592755830419e-17 0.38182946054743244 0.34112679917862881 0.040702661368803628 0.0073150886648359979
20500 0 0 1.0103271406347414 24.822139552012246 0.040382368681727912 0.0073150886648360447 0.040382368681727662 0.0073150886648360334 0.040382368681727912 4.4789311148850282e-16 -4.536745978892425e-16 -5.2041704279341194e-22 4.5515176874510442e-16 -5.0919401844132411e-16 50.00000000000329 49.999999999996703 50.00000000000329 3.2898128665692639e-12 -3.2969182939268649e-12 1.0000000000000033 1969.8656512467353 8030.1343487460763 0.0086479139624759619 0 0 0.58161237175865499 1.0442410682860818e-17 0.999999999999999 4.4782962052426051e-12 -4.5371371591389125e-12 1.7568022984959039e-17 0.38182946054742917 0.34112679917862554 0.040702661368803628 0.0073150886648360447
21000 0 0 1.0103271406347545 24.822139552012228 0.040382368681728308 0.0073150886648360698 0.040382368681728072 0.0073150886648360785 0.040382368681728308 4.288115001974429e-16 -4.2052993032312365e-16 -2.4286128663692745e-21 4.8465154153900364e-16 -5.003651874712591e-16 50.000000000003418 49.999999999996589 50.000000000003418 3.4177105590060819e-12 -3.4106051316484809e-12 1.0000000000000029 1969.8656512467194 8030.1343487459962 0.0086479139624756843 0 0 0.58161237175864711 1.0442410682862903e-17 0.999999999999999 4.2885903128222521e-12 -4.2051279992849633e-12 -5.8885202350571929e-17 0.38182946054742678 0.3411267991786226 0.040702661368804183 0.0073150886648360698
21500 0 0 1.0103271406347627 24.822139552012228 0.040382368681728301 0.0073150886648361097 0.040382368681728079 0.0073150886648361071 0.040382368681728301 3.9983918953574653e-16 -3.9474361279740857e-16 -1.7347234759780684e-21 3.3848564956842938e-16 -3.4024040758641982e-16 50.000000000003524 49.99999999999649 50.000000000003524 3.5242919693700969e-12 -3.5100811146548949e-12 1.000000000000002 1969.8656512467039 8030.1343487459271 0.0086479139624754033 0 0 0.58161237175863967 1.0442410682864783e-17 0.999999999999999 3.9987735345192732e-12 -3.9473506924165072e-12 -1.2864064988675097e-17 0.38182946054742423 0.34112679917861971 0.040702661368804516 0.0073150886648361097
22000 0 0 1.0103271406347425 24.822139552012203 0.040382368681729057 0.0073150886648361514 0.040382368681728877 0.0073150886648361549 0.040382368681729057 3.5043114243763768e-16 -3.3548996913903845e-16 1.7347234759780847e-22 3.9766966760750993e-16 -3.0338485444743136e-16 50.000000000003602 49.999999999996426 50.000000000003602 3.6024516703037079e-12 -3.5740299608733039e-12 1.0000000000000029 1969.865651246691 8030.1343487458307 0.0086479139624751865 0 0 0.58161237175863323 1.044241068286608e-17 0.999999999999999 3.5047173498789329e-12 -3.3552956415977889e-12 7.3453724980485751e-18 0.38182946054742078 0.34112679917861705 0.040702661368803739 0.0073150886648361514
22500 0 0 1.0103271406347301 24.822139552012203 0.04038236868172905 0.0073150886648361817 0.040382368681728904 0.0073150886648361843 0.04038236868172905 2.901633794352103e-16 -2.7848764960779206e-16 -1.9081958235759143e-21 2.0214248485318309e-16 -2.1666946268386445e-16 50.000000000003645 49.99999999999639 50.000000000003645 3.645084234449314e-12 -3.6095570976613089e-12 1.000000000000002 1969.8656512466696 8030.134348745768 0.0086479139624749679 0 0 0.58161237175862601 1.0442410682866837e-17 0.999999999999999 2.9006276552103232e-12 -2.7849799291748521e-12 -1.1920165430543213e-17 0.38182946054741801 0.34112679917861477 0.040702661368803239 0.0073150886648361817
23000 0 0 1.0103271406347203 24.822139552012199 0.0403823686817293 0.0073150886648362164 0.040382368681729168 0.0073150886648362164 0.0403823686817293 2.2699793433850736e-16 -2.1194851429500679e-16 8.3266726846949792e-21 2.3069705867486393e-16 -1.9591103135964171e-16 50.000000000003666 49.999999999996369 50.000000000003666 3.666400516522117e-12 -3.6308733797341119e-12 1.0000000000000011 1969.8656512466546 8030.1343487456961 0.0086479139624747806 0 0 0.58161237175861902 1.0442410682867186e-17 0.999999999999999 2.2689732046143212e-12 -2.1194439436894249e-12 7.4825922279254749e-17 0.38182946054741507 0.34112679917861222 0.04070266136880285 0.0073150886648362164
23500 0 0 1.0103271406347203 24.822139552012199 0.040382368681729369 0.0073150886648362598 0.040382368681729293 0.0073150886648362633 0.040382368681729369 1.6189792562139203e-16 -1.4819083460360321e-16 3.1225022567606402e-21 1.0583817726582832e-16 -1.1975676660320662e-16 50.000000000003659 49.999999999996376 50.000000000003659 3.659295089164516e-12 -3.6237679523765109e-12 1.000000000000002 1969.8656512466371 8030.1343487456306 0.0086479139624746279 0 0 0.58161237175861258 1.0442410682867131e-17 0.999999999999999 1.6186184337362968e-12 -1.4820787826230313e-12 3.4401419740703311e-17 0.38182946054741262 0.34112679917860977 0.04070266136880285 0.0073150886648362598
24000 0 0 1.010327140634719 24.822139552012203 0.040382368681729654 0.0073150886648362919 0.040382368681729564 0.0073150886648362945 0.040382368681729654 1.2976772434402146e-16 -9.8204430698599036e-17 5.8980598183257088e-21 1.3361084440653379e-16 -8.4117912994659957e-17 50.000000000003652 49.999999999996383 50.000000000003652 3.652189661806915e-12 -3.6166625250189099e-12 1.0000000000000016 1969.86565124662 8030.1343487455524 0.0086479139624744822 0 0 0.58161237175860636 1.0442410682867046e-17 0.999999999999999 1.2980172466927855e-12 -9.8181055310272151e-13 9.9009271961897356e-17 0.38182946054740996 0.34112679917860717 0.040702661368802795 0.0073150886648362919
24500 0 0 1.0103271406347272 24.822139552012199 0.040382368681729529 0.0073150886648363301 0.040382368681729466 0.0073150886648363283 0.040382368681729529 9.7123351028370282e-17 -6.4745084293933032e-17 -6.9388939039126586e-22 2.3743287502363752e-17 -4.2985232189575128e-17 50.000000000003645 49.999999999996398 50.000000000003645 3.645084234449314e-12 -3.6024516703037079e-12 1.000000000000002 1969.8656512466036 8030.1343487454897 0.0086479139624743365 0 0 0.58161237175859926 1.0442410682866858e-17 0.999999999999999 9.7052574352164329e-13 -6.4743306204966473e-13 2.544461054899506e-17 0.38182946054740763 0.3411267991786045 0.040702661368803128 0.0073150886648363301
25000 0 0 1.0103271406347272 24.822139552012199 0.040382368681729418 0.007315088664836363 0.040382368681729376 0.0073150886648363674 0.040382368681729418 6.4555305545661611e-17 -3.3845495850419883e-17 -1.1275702593858173e-20 5.4609350333959341e-17 2.2631573888077262e-17 50.000000000003638 49.999999999996419 50.000000000003638 3.637978807091713e-12 -3.5811353882309049e-12 1.000000000000002 1969.8656512465893 8030.1343487454342 0.0086479139624742116 0 0 0.58161237175859337 1.0442410682866769e-17 0.999999999999999 6.4540733873706259e-13 -3.3821816877592987e-13 -9.4172428335330499e-17 0.3818294605474053 0.34112679917860217 0.040702661368803128 0.007315088664836363
25500 0 0 1.0103271406347256 24.822139552012196 0.040382368681729404 0.0073150886648364177 0.040382368681729397 0.0073150886648364203 0.040382368681729404 3.7063060953664495e-17 -1.0607834055606654e-17 1.3877787807825548e-21 1.4503965681302389e-17 2.1286342241773355e-17 50.000000000003624 49.99999999999644 50.000000000003624 3.6237679523765109e-12 -3.5598191061581019e-12 1.0000000000000027 1969.8656512465736 8030.1343487453851 0.008647913962474045 0 0 0.5816123717585866 1.0442410682866499e-17 0.999999999999999 3.7058550926707219e-13 -1.0584458656759388e-13 6.1548821375142413e-18 0.38182946054740219 0.34112679917859912 0.040702661368803073 0.0073150886648364177
26000 0 0 1.0103271406347174 24.822139552012196 0.040382368681729737 0.0073150886648364619 0.04038236868172973 0.0073150886648364619 0.040382368681729737 4.6018744370749871e-18 1.1315254289110648e-17 2.0816681711738483e-21 2.2565453519778493e-17 2.0022725036694933e-17 50.000000000003602 49.999999999996461 50.000000000003602 3.6024516703037079e-12 -3.5385028240852989e-12 1.0000000000000029 1969.8656512465552 8030.1343487453187 0.0086479139624739045 0 0 0.58161237175857972 1.0442410682866219e-17 0.999999999999999 4.5533022015814914e-14 1.1311871578323363e-13 1.0685188281205927e-17 0.38182946054739902 0.34112679917859628 0.040702661368802739 0.0073150886648364619
26500 0 0 1.0103271406347396 24.822139552012199 0.04038236868172989 0.0073150886648364923 0.04038236868172991 0.0073150886648364923 0.04038236868172989 -3.8459513351827482e-17 4.5588532948707569e-17 -5.0306980803368321e-21 -9.668226617787844e-17 7.3328880734699175e-17 50.000000000003574 49.99999999999649 50.000000000003574 3.5740299608733039e-12 -3.5100811146548949e-12 1.0000000000000022 1969.8656512465409 8030.134348745265 0.0086479139624737883 0 0 0.58161237175857394 1.044241068286579e-17 0.999999999999999 -3.8397410245400534e-13 4.5621102382593699e-13 -5.9452761226375766e-17 0.38182946054739741 0.34112679917859379 0.040702661368803628 0.0073150886648364923
27000 0 0 1.0103271406347161 24.822139552012199 0.040382368681729848 0.0073150886648365374 0.040382368681729883 0.0073150886648365339 0.040382368681729848 -6.8105243666905403e-17 7.8682893534030271e-17 -9.5409791178802776e-21 -8.0383380074288665e-17 7.7177875188311086e-17 50.000000000003539 49.999999999996525 50.000000000003539 3.5385028240852989e-12 -3.4745539778668899e-12 1.0000000000000033 1969.8656512465213 8030.1343487452077 0.0086479139624736339 0 0 0.58161237175856639 1.0442410682865203e-17 0.999999999999999 -6.7981731016546719e-13 7.8677819467798393e-13 -6.5937000421504396e-17 0.38182946054739397 0.34112679917859129 0.040702661368802684 0.0073150886648365374
27500 0 0 1.0103271406347507 24.822139552012203 0.040382368681729813 0.0073150886648365686 0.040382368681729869 0.0073150886648365642 0.040382368681729813 -1.0348007173374962e-16 1.0660361482459605e-16 -3.1225022567608455e-21 -1.2463574635735523e-16 1.1968899362150968e-16 50.000000000003496 49.999999999996568 50.000000000003496 3.4958702599396929e-12 -3.4319214137212839e-12 1.0000000000000024 1969.8656512465031 8030.1343487451531 0.0086479139624735177 0 0 0.58161237175856018 1.0442410682864589e-17 0.999999999999999 -1.0343670368911592e-12 1.0653982036801674e-12 -2.6525818359701167e-17 0.38182946054739142 0.34112679917858735 0.040702661368804072 0.0073150886648365686
28000 0 0 1.0103271406347356 24.822139552012203 0.040382368681729751 0.0073150886648365955 0.040382368681729827 0.0073150886648365911 0.040382368681729751 -1.3142299748480807e-16 1.4176992912962799e-16 -1.7347234759782587e-22 -1.4681297323899291e-16 1.115721015000462e-16 50.000000000003446 49.999999999996604 50.000000000003446 3.4461322684364859e-12 -3.3963942769332789e-12 1.0000000000000018 1969.8656512464888 8030.1343487450922 0.0086479139624734101 0 0 0.58161237175855396 1.0442410682863755e-17 0.999999999999999 -1.3152534610559152e-12 1.41782158930015e-12 -1.3845932383805489e-17 0.38182946054738848 0.34112679917858502 0.040702661368803461 0.0073150886648365955
28500 0 0 1.0103271406347227 24.822139552012192 0.040382368681729758 0.007315088664836638 0.040382368681729841 0.0073150886648366354 0.040382368681729758 -1.5585310819701108e-16 1.5804302311308605e-16 -1.2143064331847904e-21 -1.8287939845117146e-16 1.7365365552385105e-16 50.000000000003396 49.999999999996653 50.000000000003396 3.3963942769332789e-12 -3.3466562854300719e-12 1.0000000000000033 1969.8656512464743 8030.1343487450322 0.0086479139624732939 0 0 0.5816123717585473 1.0442410682863033e-17 0.999999999999999 -1.5584165885253144e-12 1.5804788034927324e-12 -1.7167271924815175e-17 0.38182946054738576 0.3411267991785828 0.040702661368802961 0.007315088664836638
29000 0 0 1.0103271406347523 24.822139552012175 0.040382368681729466 0.0073150886648366536 0.040382368681729564 0.0073150886648366597 0.040382368681729466 -1.7483722802872816e-16 1.8126576628600848e-16 -6.5919492087174807e-21 -1.4610235316563932e-16 1.7573253301139539e-16 50.00000000000334 49.99999999999671 50.00000000000334 3.3395508580724709e-12 -3.2898128665692639e-12 1.0000000000000027 1969.865651246459 8030.1343487449803 0.0086479139624731811 0 0 0.58161237175854086 1.0442410682861982e-17 0.999999999999999 -1.7480877858541081e-12 1.8126945259441639e-12 -6.4384168166785012e-17 0.3818294605473832 0.34112679917857902 0.040702661368804183 0.0073150886648366536
29500 0 0 1.0103271406347674 24.822139552012171 0.040382368681729598 0.007315088664836697 0.040382368681729688 0.0073150886648366926 0.040382368681729598 -1.8466304874136572e-16 1.6670692604151435e-16 2.4286128663696161e-21 -1.6241374132201763e-16 1.0867205560069867e-16 50.000000000003283 49.99999999999676 50.000000000003283 3.2827074392116629e-12 -3.2400748750660568e-12 1.000000000000002 1969.8656512464431 8030.1343487449121 0.0086479139624730597 0 0 0.58161237175853442 1.0442410682861062e-17 0.999999999999999 -1.846422318695747e-12 1.6670905107762923e-12 3.5692636145011069e-17 0.38182946054738098 0.34112679917857619 0.040702661368804793 0.007315088664836697
29999 0 0 1.010327140634774 24.822139552012167 0.040382368681729501 0.0073150886648367212 0.040382368681729584 0.0073150886648367178 0.040382368681729501 -1.9323674604904218e-16 1.6979855022040405e-16 -4.8572257327392653e-21 -2.3239805437954418e-16 1.5548201123781629e-16 50.000000000003219 49.99999999999681 50.000000000003219 3.2187585929932538e-12 -3.1903368835628498e-12 1.0000000000000029 1969.8656512464279 8030.1343487448585 0.0086479139624729574 0 0 0.58161237175852842 1.0442410682859911e-17 0.999999999999999 -1.9319754121361449e-12 1.6983224726612952e-12 -7.7011835306352563e-17 0.38182946054737832 0.34112679917857325 0.040702661368805071 0.0073150886648367212
