# 1:passo  2:raio_area  3:raio_grad  4:raio_linha  5:p_in  6:p_out  7:delta_p  8:sigma  9:|u-v0|max  10:|u-v0|rms  11:Ca  12:massa_R  13:massa_B  14:|q|  15:sd_p_in  16:sd_p_out  17:sigma_2pontos  18:K_perfil  19:r_perfil  20:espessura_10_90  21:residuo_ajuste  22:n_camadas
0 25.04052139 25.08111096 25 0.3333333333 0.3333333333 -2.220446049e-16 -5.560112678e-15 4.163336342e-17 7.581674393e-18 0 1969.865651 8030.134349 5.914996673e-17 2.706360658e-08 0 -1.387778781e-15 1.273345395 25.01411833 3.451105388 0.08159937045 12
500 24.74184779 24.708724 24.54129545 0.385054025 0.3391807917 0.04587323323 1.134988554 0.03952839671 0.007556206488 0.01160904415 1969.865651 8030.134349 2.148578508e-14 0.0002767579545 0.002109770823 1.273146711 0.8280272597 24.66366986 5.307131019 0.2825867883 17
1000 24.77647697 24.74539981 24.57973832 0.3835758395 0.3404080672 0.0431677723 1.069545316 0.04077592323 0.007403790151 0.01270818001 1969.865651 8030.134349 2.177661697e-14 9.998414204e-05 0.0001020307035 1.069082186 0.8269052021 24.70169279 5.314332457 0.2948634883 17
1500 24.80892392 24.78012189 24.61092909 0.3823338085 0.3409123224 0.04142148612 1.027622498 0.04074356476 0.007380352673 0.01321612585 1969.865651 8030.134349 2.552847341e-14 3.399600527e-05 5.330726391e-05 1.023432031 0.8267635547 24.73608087 5.315242949 0.3038211727 17
2000 24.82058516 24.79254136 24.6194417 0.3818701491 0.3410953548 0.04077479427 1.012054253 0.04053999962 0.007343616658 0.01335238023 1969.865651 8030.134349 2.143201542e-14 1.239104325e-05 1.584681767e-05 1.00480476 0.8260614625 24.74971029 5.319760519 0.309028355 17
2500 24.8231022 24.79528959 24.61954245 0.3817847723 0.3411484136 0.04063635866 1.008720484 0.04043484569 0.007325858841 0.01336176088 1969.865651 8030.134349 1.000938316e-14 1.33196607e-05 2.943158619e-05 0.9995850646 0.8259809553 24.75282459 5.320279029 0.3099242521 17
3000 24.82328676 24.79558232 24.61867784 0.3817841012 0.3411532956 0.04063080557 1.008590138 0.04039656957 0.007319096499 0.01335083765 1969.865651 8030.134349 2.548058201e-14 1.373743109e-05 3.626130194e-05 0.9990930892 0.8259673877 24.75305166 5.320366421 0.3101525173 17
3500 24.82298106 24.7953228 24.61802675 0.3817973593 0.3411454859 0.04065187342 1.009100684 0.04038387719 0.007316495736 0.01333989027 1969.865651 8030.134349 3.616821227e-14 1.384458256e-05 3.109740651e-05 0.9998293376 0.8259791948 24.75241302 5.320290368 0.3103505471 17
4000 24.82263881 24.79499236 24.61759212 0.3818106452 0.3411374459 0.04067319929 1.009616135 0.0403803753 0.007315468562 0.01333192352 1969.865651 8030.134349 2.581874988e-14 1.387258587e-05 2.586322169e-05 1.000597591 0.8264586023 24.75118276 5.317204204 0.3090833594 17
4500 24.82239258 24.79474545 24.61733602 0.3818200237 0.3411320642 0.04068795952 1.009972504 0.04038018798 0.007315108735 0.01332715752 1969.865651 8030.134349 5.621023958e-14 1.388777753e-05 2.275818985e-05 1.001116423 0.8264548212 24.75123011 5.317228531 0.3087864306 17
5000 24.82225126 24.7946011 24.61720764 0.3818253498 0.3411290848 0.04069626501 1.010172915 0.04038087775 0.007315021121 0.01332474112 1969.865651 8030.134349 8.289633534e-14 1.38960656e-05 2.117068767e-05 1.001405031 0.8264575898 24.7510762 5.317210718 0.3087427689 17
5500 24.82218183 24.7945292 24.61715249 0.3818279336 0.3411276466 0.04070028701 1.010269925 0.04038153798 0.007315024374 0.01332367947 1969.865651 8030.134349 9.912066369e-14 1.389855089e-05 2.043076656e-05 1.001544781 0.826459024 24.75100037 5.317201491 0.3087199477 17
6000 24.822152 24.79449785 24.61713246 0.3818290276 0.3411270391 0.04070198842 1.010310943 0.04038196621 0.007315046692 0.01332327982 1969.865651 8030.134349 4.337486656e-14 1.389840087e-05 2.012546888e-05 1.001603992 0.8264680205 24.75065307 5.317143611 0.3089361274 17
6500 24.82214108 24.79448613 24.61712702 0.3818294201 0.3411268235 0.04070259661 1.010325595 0.04038219776 0.007315065778 0.013323163 1969.865651 8030.134349 5.176984977e-14 1.389762258e-05 2.002111733e-05 1.001625127 0.8264682744 24.75064106 5.317141977 0.3089319741 17
7000 24.82213809 24.79448277 24.61712668 0.3818295227 0.3411267688 0.04070275392 1.010329378 0.0403823074 0.007315077761 0.01332314928 1969.865651 8030.134349 2.1886411e-13 1.389693175e-05 1.999726769e-05 1.001630558 0.8264600075 24.75095235 5.317195163 0.308704008 17
7500 24.8221379 24.79448243 24.61712762 0.3818295252 0.3411267689 0.04070275628 1.010329429 0.04038235277 0.00731508413 0.01332316358 1969.865651 8030.134349 3.70167183e-13 1.389651781e-05 1.999956138e-05 1.001630611 0.8264683671 24.7506375 5.317141381 0.3089303822 17
8000 24.82213841 24.79448289 24.61712854 0.3818295041 0.3411267745 0.04070272964 1.010328789 0.04038236839 0.007315087093 0.01332317718 1969.865651 8030.134349 5.108954442e-13 1.389625556e-05 2.000535579e-05 1.001629428 0.8264683609 24.75063805 5.31714142 0.3089304606 17
8500 24.82213891 24.79448338 24.61712914 0.3818294847 0.3411267856 0.04070269916 1.010328053 0.04038237202 0.007315088291 0.01332318809 1969.865651 8030.134349 6.897810182e-13 1.38961532e-05 2.001146548e-05 1.001628362 0.8264683525 24.75063859 5.317141475 0.3089305877 17
9000 24.82213924 24.79448371 24.61712947 0.3818294722 0.3411267926 0.0407026796 1.01032758 0.04038237173 0.007315088687 0.01332319422 1969.865651 8030.134349 8.269672675e-13 1.389610237e-05 2.001519404e-05 1.001627679 0.8262347851 24.75106314 5.318644572 0.3095145863 17
9500 24.82213942 24.79448389 24.61712963 0.3818294655 0.3411267964 0.04070266906 1.010327326 0.04038237064 0.00731508877 0.01332319721 1969.865651 8030.134349 1.014486416e-12 1.389611261e-05 2.001715604e-05 1.001627311 0.8264683427 24.75063914 5.317141538 0.3089307397 17
10000 24.8221395 24.79448398 24.6171297 0.3818294623 0.3411267982 0.0407026641 1.010327206 0.04038236974 0.007315088753 0.01332319849 1969.865651 8030.134349 1.235480606e-12 1.389608066e-05 2.001806633e-05 1.001627138 0.8264683409 24.75063923 5.31714155 0.3089307683 17
10500 24.82213954 24.79448402 24.61712972 0.381829461 0.3411267989 0.04070266206 1.010327157 0.04038236918 0.00731508872 0.01332319896 1969.865651 8030.134349 1.522283452e-12 1.389607062e-05 2.001845633e-05 1.001627067 0.8264683401 24.75063927 5.317141555 0.3089307811 17
11000 24.82213955 24.79448403 24.61712973 0.3818294606 0.3411267992 0.04070266137 1.010327141 0.04038236889 0.007315088694 0.01332319908 1969.865651 8030.134349 1.754025214e-12 1.389608157e-05 2.001854928e-05 1.001627043 0.8264683398 24.75063929 5.317141557 0.308930786 17
11500 24.82213955 24.79448404 24.61712973 0.3818294604 0.3411267992 0.04070266121 1.010327137 0.04038236875 0.007315088678 0.01332319908 1969.865651 8030.134349 2.016703739e-12 1.389608694e-05 2.001858629e-05 1.001627038 0.8264683397 24.75063929 5.317141557 0.3089307875 17
12000 24.82213955 24.79448404 24.61712972 0.3818294605 0.3411267992 0.04070266123 1.010327137 0.0403823687 0.00731508867 0.01332319906 1969.865651 8030.134349 2.248159919e-12 1.389609821e-05 2.001859404e-05 1.001627039 0.8264683397 24.75063929 5.317141557 0.3089307877 17
12500 24.82213955 24.79448404 24.61712972 0.3818294605 0.3411267992 0.04070266128 1.010327138 0.04038236868 0.007315088667 0.01332319904 1969.865651 8030.134349 2.592841043e-12 1.389607828e-05 2.001853662e-05 1.00162704 0.8264683397 24.75063929 5.317141557 0.3089307875 17
13000 24.82213955 24.79448404 24.61712972 0.3818294605 0.3411267992 0.04070266132 1.010327139 0.04038236868 0.007315088665 0.01332319902 1969.865651 8030.134349 2.878852356e-12 1.389608755e-05 2.001855591e-05 1.001627042 0.8264683397 24.75063929 5.317141557 0.3089307873 17
13500 24.82213955 24.79448404 24.61712972 0.3818294605 0.3411267992 0.04070266135 1.01032714 0.04038236868 0.007315088665 0.01332319902 1969.865651 8030.134349 3.177126851e-12 1.389608428e-05 2.001854464e-05 1.001627043 0.8264683397 24.75063929 5.317141557 0.3089307872 17
14000 24.82213955 24.79448404 24.61712972 0.3818294605 0.3411267992 0.04070266136 1.01032714 0.04038236868 0.007315088665 0.01332319901 1969.865651 8030.134349 3.407191951e-12 1.389608763e-05 2.001855312e-05 1.001627043 0.8264683397 24.75063929 5.317141557 0.3089307871 17
14500 24.82213955 24.79448404 24.61712972 0.3818294605 0.3411267992 0.04070266137 1.010327141 0.04038236868 0.007315088665 0.01332319901 1969.865651 8030.134349 3.700013879e-12 1.38960696e-05 2.001855196e-05 1.001627044 0.8264683397 24.75063929 5.317141557 0.3089307871 17
15000 24.82213955 24.79448404 24.61712972 0.3818294605 0.3411267992 0.04070266137 1.010327141 0.04038236868 0.007315088665 0.01332319901 1969.865651 8030.134349 3.995306831e-12 1.389608525e-05 2.001855426e-05 1.001627044 0.8264683397 24.75063929 5.317141557 0.3089307871 17
15500 24.82213955 24.79448404 24.61712972 0.3818294605 0.3411267992 0.04070266137 1.010327141 0.04038236868 0.007315088665 0.01332319901 1969.865651 8030.134349 4.295581248e-12 1.389610117e-05 2.001852907e-05 1.001627044 0.8264683397 24.75063929 5.317141557 0.3089307871 17
16000 24.82213955 24.79448404 24.61712972 0.3818294605 0.3411267992 0.04070266137 1.010327141 0.04038236868 0.007315088665 0.01332319901 1969.865651 8030.134349 4.506552682e-12 1.389608479e-05 2.001852169e-05 1.001627044 0.8264683397 24.75063929 5.317141557 0.3089307871 17
16500 24.82213955 24.79448404 24.61712972 0.3818294605 0.3411267992 0.04070266137 1.010327141 0.04038236868 0.007315088665 0.01332319901 1969.865651 8030.134349 4.711458102e-12 1.38960919e-05 2.001852154e-05 1.001627044 0.8264683397 24.75063929 5.317141557 0.3089307871 17
17000 24.82213955 24.79448404 24.61712972 0.3818294605 0.3411267992 0.04070266137 1.010327141 0.04038236868 0.007315088665 0.01332319901 1969.865651 8030.134349 4.782328187e-12 1.389609171e-05 2.001850841e-05 1.001627044 0.8264683397 24.75063929 5.317141557 0.3089307871 17
17500 24.82213955 24.79448404 24.61712972 0.3818294605 0.3411267992 0.04070266137 1.010327141 0.04038236868 0.007315088665 0.01332319901 1969.865651 8030.134349 4.978227142e-12 1.389610357e-05 2.001854334e-05 1.001627044 0.8264683397 24.75063929 5.317141557 0.3089307871 17
18000 24.82213955 24.79448404 24.61712972 0.3818294605 0.3411267992 0.04070266137 1.010327141 0.04038236868 0.007315088665 0.01332319901 1969.865651 8030.134349 5.248355254e-12 1.389608501e-05 2.001853171e-05 1.001627044 0.8264683397 24.75063929 5.317141557 0.3089307871 17
18500 24.82213955 24.79448404 24.61712972 0.3818294605 0.3411267992 0.04070266137 1.010327141 0.04038236868 0.007315088665 0.01332319901 1969.865651 8030.134349 5.442336791e-12 1.389607053e-05 2.001853924e-05 1.001627044 0.8264683397 24.75063929 5.317141557 0.3089307871 17
19000 24.82213955 24.79448404 24.61712972 0.3818294605 0.3411267992 0.04070266137 1.010327141 0.04038236868 0.007315088665 0.01332319901 1969.865651 8030.134349 5.615770972e-12 1.389608398e-05 2.001853933e-05 1.001627044 0.8264683397 24.75063929 5.317141557 0.3089307871 17
19500 24.82213955 24.79448404 24.61712972 0.3818294605 0.3411267992 0.04070266137 1.010327141 0.04038236868 0.007315088665 0.01332319901 1969.865651 8030.134349 6.003757387e-12 1.389608128e-05 2.001855851e-05 1.001627044 0.8264683397 24.75063929 5.317141557 0.3089307871 17
20000 24.82213955 24.79448404 24.61712972 0.3818294605 0.3411267992 0.04070266137 1.010327141 0.04038236868 0.007315088665 0.01332319901 1969.865651 8030.134349 6.257389891e-12 1.389607931e-05 2.001855118e-05 1.001627044 0.8264683397 24.75063929 5.317141557 0.3089307871 17
20500 24.82213955 24.79448404 24.61712972 0.3818294605 0.3411267992 0.04070266137 1.010327141 0.04038236868 0.007315088665 0.01332319901 1969.865651 8030.134349 6.375009843e-12 1.389610339e-05 2.001853559e-05 1.001627044 0.8264683397 24.75063929 5.317141557 0.3089307871 17
21000 24.82213955 24.79448404 24.61712972 0.3818294605 0.3411267992 0.04070266137 1.010327141 0.04038236868 0.007315088665 0.01332319901 1969.865651 8030.134349 6.006255769e-12 1.389606511e-05 2.001853824e-05 1.001627044 0.8264683397 24.75063929 5.317141557 0.3089307871 17
21500 24.82213955 24.79448404 24.61712972 0.3818294605 0.3411267992 0.04070266137 1.010327141 0.04038236868 0.007315088665 0.01332319901 1969.865651 8030.134349 5.618875979e-12 1.389606337e-05 2.001854133e-05 1.001627044 0.8264683397 24.75063929 5.317141557 0.3089307871 17
22000 24.82213955 24.79448404 24.61712972 0.3818294605 0.3411267992 0.04070266137 1.010327141 0.04038236868 0.007315088665 0.01332319901 1969.865651 8030.134349 4.851912257e-12 1.389609003e-05 2.001853647e-05 1.001627044 0.8264683397 24.75063929 5.317141557 0.3089307871 17
22500 24.82213955 24.79448404 24.61712972 0.3818294605 0.3411267992 0.04070266137 1.010327141 0.04038236868 0.007315088665 0.01332319901 1969.865651 8030.134349 4.021163265e-12 1.38960834e-05 2.001853539e-05 1.001627044 0.8264683397 24.75063929 5.317141557 0.3089307871 17
23000 24.82213955 24.79448404 24.61712972 0.3818294605 0.3411267992 0.04070266137 1.010327141 0.04038236868 0.007315088665 0.01332319901 1969.865651 8030.134349 3.104880358e-12 1.389609434e-05 2.001852865e-05 1.001627044 0.8264683397 24.75063929 5.317141557 0.3089307871 17
23500 24.82213955 24.79448404 24.61712972 0.3818294605 0.3411267992 0.04070266137 1.010327141 0.04038236868 0.007315088665 0.01332319901 1969.865651 8030.134349 2.194648754e-12 1.389608954e-05 2.001852347e-05 1.001627044 0.8264683397 24.75063929 5.317141557 0.3089307871 17
24000 24.82213955 24.79448404 24.61712972 0.3818294605 0.3411267992 0.04070266137 1.010327141 0.04038236868 0.007315088665 0.01332319901 1969.865651 8030.134349 1.62751367e-12 1.389609884e-05 2.00185305e-05 1.001627044 0.8264683397 24.75063929 5.317141557 0.3089307871 17
24500 24.82213955 24.79448404 24.61712972 0.3818294605 0.3411267992 0.04070266137 1.010327141 0.04038236868 0.007315088665 0.01332319901 1969.865651 8030.134349 1.166657529e-12 1.389607702e-05 2.001852252e-05 1.001627044 0.8264683397 24.75063929 5.317141557 0.3089307871 17
25000 24.82213955 24.79448404 24.61712972 0.3818294605 0.3411267992 0.04070266137 1.010327141 0.04038236868 0.007315088665 0.01332319901 1969.865651 8030.134349 7.286577876e-13 1.389607217e-05 2.001851095e-05 1.001627044 0.8264683397 24.75063929 5.317141557 0.3089307871 17
25500 24.82213955 24.79448404 24.61712972 0.3818294605 0.3411267992 0.04070266137 1.010327141 0.04038236868 0.007315088665 0.01332319901 1969.865651 8030.134349 3.854045877e-13 1.389608668e-05 2.001851584e-05 1.001627044 0.8264683397 24.75063929 5.317141557 0.3089307871 17
26000 24.82213955 24.79448404 24.61712972 0.3818294605 0.3411267992 0.04070266137 1.010327141 0.04038236868 0.007315088665 0.01332319901 1969.865651 8030.134349 1.219389194e-13 1.389609273e-05 2.001851451e-05 1.001627044 0.8264683397 24.75063929 5.317141557 0.3089307871 17
26500 24.82213955 24.79448404 24.61712972 0.3818294605 0.3411267992 0.04070266137 1.010327141 0.04038236868 0.007315088665 0.01332319901 1969.865651 8030.134349 5.96292389e-13 1.389606406e-05 2.001851895e-05 1.001627044 0.8264683397 24.75063929 5.317141557 0.3089307871 17
27000 24.82213955 24.79448404 24.61712972 0.3818294605 0.3411267992 0.04070266137 1.010327141 0.04038236868 0.007315088665 0.01332319901 1969.865651 8030.134349 1.039793973e-12 1.389608773e-05 2.001850675e-05 1.001627044 0.8264683397 24.75063929 5.317141557 0.3089307871 17
27500 24.82213955 24.79448404 24.61712972 0.3818294605 0.3411267992 0.04070266137 1.010327141 0.04038236868 0.007315088665 0.01332319901 1969.865651 8030.134349 1.484920368e-12 1.389608998e-05 2.001853059e-05 1.001627044 0.8264683397 24.75063929 5.317141557 0.3089307871 17
28000 24.82213955 24.79448404 24.61712972 0.3818294605 0.3411267992 0.04070266137 1.010327141 0.04038236868 0.007315088665 0.01332319901 1969.865651 8030.134349 1.933936329e-12 1.389608993e-05 2.001852248e-05 1.001627044 0.8264683397 24.75063929 5.317141557 0.3089307871 17
28500 24.82213955 24.79448404 24.61712972 0.3818294605 0.3411267992 0.04070266137 1.010327141 0.04038236868 0.007315088665 0.01332319901 1969.865651 8030.134349 2.219589041e-12 1.389609276e-05 2.001851699e-05 1.001627044 0.8264683397 24.75063929 5.317141557 0.3089307871 17
29000 24.82213955 24.79448404 24.61712972 0.3818294605 0.3411267992 0.04070266137 1.010327141 0.04038236868 0.007315088665 0.01332319901 1969.865651 8030.134349 2.518267729e-12 1.389609801e-05 2.001854249e-05 1.001627044 0.8264683397 24.75063929 5.317141557 0.3089307871 17
29500 24.82213955 24.79448404 24.61712972 0.3818294605 0.3411267992 0.04070266137 1.010327141 0.04038236868 0.007315088665 0.01332319901 1969.865651 8030.134349 2.487662789e-12 1.389607913e-05 2.001855053e-05 1.001627044 0.8264683397 24.75063929 5.317141557 0.3089307871 17
29999 24.82213955 24.79448404 24.61712972 0.3818294605 0.3411267992 0.04070266137 1.010327141 0.04038236868 0.007315088665 0.01332319901 1969.865651 8030.134349 2.572319619e-12 1.389609242e-05 2.001855318e-05 1.001627044 0.8264683397 24.75063929 5.317141557 0.3089307871 17
