# 1:passo  2:raio_area  3:raio_grad  4:raio_linha  5:p_in  6:p_out  7:delta_p  8:sigma  9:|u-v0|max  10:|u-v0|rms  11:Ca  12:massa_R  13:massa_B  14:|q|  15:sd_p_in  16:sd_p_out  17:sigma_2pontos  18:K_perfil  19:r_perfil  20:espessura_10_90  21:residuo_ajuste  22:n_camadas
0 25.04052139 25.08111096 25 0.3333333333 0.3333333333 -2.220446049e-16 -5.560112678e-15 0.000521265614 0.000105841897 0 1969.865651 8030.134349 7.966649686e-17 2.731879552e-08 0 -1.387778781e-15 1.273345395 25.01411833 3.451105388 0.08159937045 12
500 24.95060511 24.97896454 24.90507187 0.3358354249 0.3328533653 0.002982059524 0.07440418961 0.0006605029324 0.0004596854735 0.004438613846 1969.865651 8030.134349 2.213154144e-14 4.19678155e-05 7.769206411e-05 0.069072754 1.296229361 24.92482731 3.390178689 0.07593397826 12
1000 24.93183117 24.95956485 24.88682794 0.3365221661 0.3325781707 0.003943995396 0.09833102735 0.0003775308349 0.0002640344582 0.001919693331 1969.865651 8030.134349 2.921697554e-14 3.41917967e-06 8.58932547e-06 0.09761933149 1.29632748 24.90536838 3.389922086 0.07697230423 12
1500 24.92860084 24.95609372 24.88371056 0.3366370732 0.3325244071 0.004112666116 0.102523012 0.0001307484811 9.068877331e-05 0.0006376543109 1969.865651 8030.134349 2.946172929e-14 2.430319428e-06 1.567202664e-05 0.103122908 1.296379982 24.90196279 3.389784798 0.07727618324 12
2000 24.92902429 24.95645256 24.88404198 0.3366223462 0.3325320994 0.004090246747 0.1019658605 2.539066253e-05 1.637694475e-05 0.0001245057042 1969.865651 8030.134349 1.565815419e-14 1.74496189e-06 1.12394695e-05 0.1023443742 1.296392355 24.90237136 3.389752444 0.07730902526 12
2500 24.92968324 24.95710712 24.8846221 0.3365994172 0.3325440443 0.004055372903 0.1010991619 1.246979808e-05 3.892029231e-06 6.167112491e-05 1969.865651 8030.134349 5.2886725e-15 6.753854197e-07 4.370701384e-06 0.1011352365 1.296392307 24.90304556 3.389752569 0.07728502238 12
3000 24.93000458 24.95743502 24.8849103 0.3365882537 0.3325499018 0.004038351892 0.1006761312 1.299659207e-05 4.654548834e-06 6.454654108e-05 1969.865651 8030.134349 7.386509743e-15 1.590140282e-07 9.568262511e-07 0.1005427506 1.296390649 24.90337786 3.389756905 0.07726645239 12
3500 24.93009997 24.95753484 24.88499751 0.3365849426 0.3325516448 0.004033297824 0.100550518 1.186634632e-05 3.006580794e-06 5.900688809e-05 1969.865651 8030.134349 1.52090807e-14 3.087395464e-08 6.02775723e-08 0.1003665236 1.296389708 24.9034775 3.389759366 0.07725900135 12
4000 24.93011097 24.95754751 24.88500838 0.3365845609 0.3325518458 0.004032715061 0.100536034 1.13526869e-05 2.39240462e-06 5.646078548e-05 1969.865651 8030.134349 1.296063365e-14 3.554069847e-08 1.829741335e-07 0.1003462018 1.296389393 24.90348945 3.38976019 0.07725724862 12
4500 24.93010421 24.9575411 24.88500268 0.3365847956 0.3325517219 0.004033073711 0.1005449479 1.121228101e-05 2.331246505e-06 5.575755544e-05 1969.865651 8030.134349 5.193657257e-15 2.884844565e-08 1.15178921e-07 0.1003587313 1.29616875 24.90346741 3.390337219 0.08012797139 12
5000 24.93009878 24.95753565 24.88499788 0.336584984 0.3325516224 0.004033361518 0.100552101 1.118747607e-05 2.331489518e-06 5.563024516e-05 1969.865651 8030.134349 1.199847228e-14 3.272200125e-08 5.178753648e-08 0.1003687836 1.296168763 24.90346183 3.390337185 0.08012822115 12
5500 24.93009657 24.95753337 24.88499589 0.3365850606 0.332551582 0.004033478638 0.100555012 1.11902913e-05 2.331352399e-06 5.564263324e-05 1969.865651 8030.134349 9.785136751e-15 3.333995371e-08 4.295825166e-08 0.1003728742 1.296168778 24.90345954 3.390337147 0.08012836392 12
6000 24.93009604 24.95753281 24.8849954 0.336585079 0.3325515723 0.004033506742 0.1005557104 1.119530992e-05 2.331122041e-06 5.566720117e-05 1969.865651 8030.134349 8.856562714e-15 3.237857068e-08 9.378940284e-09 0.1003738559 1.296389375 24.90347422 3.389760238 0.0772577009 12
6500 24.93009603 24.9575328 24.88499539 0.3365850791 0.3325515722 0.004033506868 0.1005557136 1.119783988e-05 2.33106186e-06 5.567977928e-05 1969.865651 8030.134349 1.321502842e-14 3.219822212e-08 3.333600786e-08 0.1003738603 1.296389376 24.90347422 3.389760233 0.0772577091 12
7000 24.93009611 24.95753287 24.88499545 0.3365850766 0.3325515735 0.004033503066 0.1005556191 1.119860998e-05 2.331049573e-06 5.568366084e-05 1969.865651 8030.134349 1.154071176e-14 3.197978756e-08 1.626749709e-08 0.1003737275 1.296389377 24.90347429 3.389760233 0.07725770722 12
7500 24.93009615 24.95753291 24.88499549 0.3365850752 0.3325515743 0.004033500849 0.100555564 1.119870604e-05 2.331047161e-06 5.568416903e-05 1969.865651 8030.134349 1.906994537e-14 3.155647998e-08 2.817276723e-08 0.1003736501 1.296389376 24.90347433 3.389760233 0.077257705 12
8000 24.93009616 24.95753292 24.8849955 0.3365850747 0.3325515746 0.004033500097 0.1005555453 1.119865541e-05 2.331047142e-06 5.568392762e-05 1969.865651 8030.134349 1.615135191e-14 3.527615624e-08 4.193507192e-08 0.1003736235 1.296168786 24.9034591 3.390337124 0.0801284152 12
8500 24.93009616 24.95753293 24.8849955 0.3365850746 0.3325515746 0.004033499963 0.100555542 1.119861287e-05 2.331047475e-06 5.568371794e-05 1969.865651 8030.134349 2.968956703e-14 3.820357719e-08 0 0.1003736189 1.296168786 24.90345911 3.390337124 0.08012841491 12
9000 24.93009616 24.95753293 24.8849955 0.3365850746 0.3325515746 0.004033499991 0.1005555426 1.119859523e-05 2.331047672e-06 5.568362985e-05 1969.865651 8030.134349 7.133334065e-15 3.824636633e-08 0 0.1003736198 1.296168786 24.9034591 3.390337124 0.08012841488 12
9500 24.93009616 24.95753293 24.8849955 0.3365850746 0.3325515746 0.004033500017 0.1005555433 1.119859089e-05 2.331047739e-06 5.568360788e-05 1969.865651 8030.134349 1.647674662e-14 3.489934922e-08 1.585831628e-08 0.100373621 1.296374227 24.90297982 3.389799846 0.07787840318 12
10000 24.93009616 24.95753293 24.8849955 0.3365850746 0.3325515746 0.004033500033 0.1005555437 1.11985908e-05 2.33104775e-06 5.568360724e-05 1969.865651 8030.134349 9.611120089e-15 3.391688339e-08 3.527858847e-08 0.1003736216 1.296374227 24.90297982 3.389799846 0.0778784032 12
10500 24.93009616 24.95753292 24.8849955 0.3365850746 0.3325515746 0.004033500045 0.100555544 1.119859135e-05 2.331047748e-06 5.568360981e-05 1969.865651 8030.134349 1.604547582e-14 3.239232571e-08 3.525889476e-08 0.1003736217 1.296168786 24.9034591 3.390337124 0.08012841493 12
11000 24.93009616 24.95753292 24.8849955 0.3365850746 0.3325515746 0.004033500038 0.1005555438 1.119859168e-05 2.331047745e-06 5.568361155e-05 1969.865651 8030.134349 5.012101076e-15 3.036144679e-08 2.241947601e-08 0.1003736217 1.296374227 24.90297982 3.389799846 0.07787840321 12
11500 24.93009616 24.95753292 24.8849955 0.3365850746 0.3325515746 0.004033500045 0.100555544 1.11985918e-05 2.331047743e-06 5.568361203e-05 1969.865651 8030.134349 3.061516946e-14 3.344142012e-08 2.716741303e-08 0.1003736217 1.296168786 24.9034591 3.390337124 0.08012841493 12
12000 24.93009616 24.95753292 24.8849955 0.3365850746 0.3325515746 0.004033500045 0.100555544 1.119859182e-05 2.331047743e-06 5.568361214e-05 1969.865651 8030.134349 3.500723659e-14 2.779985272e-08 3.656007978e-08 0.1003736217 1.296168786 24.9034591 3.390337124 0.08012841493 12
12500 24.93009616 24.95753292 24.8849955 0.3365850746 0.3325515746 0.004033500045 0.100555544 1.119859182e-05 2.331047743e-06 5.568361212e-05 1969.865651 8030.134349 2.363595481e-14 3.404303559e-08 3.890520682e-08 0.1003736217 1.296168786 24.9034591 3.390337124 0.08012841493 12
13000 24.93009616 24.95753292 24.8849955 0.3365850746 0.3325515746 0.004033500053 0.1005555442 1.119859181e-05 2.331047743e-06 5.568361199e-05 1969.865651 8030.134349 2.462976658e-14 3.193642604e-08 2.714933539e-08 0.1003736217 1.296388766 24.90347312 3.389761829 0.07725847068 12
13500 24.93009616 24.95753292 24.8849955 0.3365850746 0.3325515746 0.004033500053 0.1005555442 1.119859181e-05 2.331047743e-06 5.568361198e-05 1969.865651 8030.134349 3.319839048e-14 2.665887177e-08 4.049018195e-08 0.1003736217 1.296388766 24.90347312 3.389761829 0.07725847068 12
14000 24.93009616 24.95753292 24.8849955 0.3365850746 0.3325515746 0.004033500053 0.1005555442 1.119859181e-05 2.331047743e-06 5.568361197e-05 1969.865651 8030.134349 3.819104491e-14 2.690027392e-08 3.274262725e-08 0.1003736217 1.296388766 24.90347312 3.389761829 0.07725847068 12
14500 24.93009616 24.95753292 24.8849955 0.3365850746 0.3325515746 0.004033500053 0.1005555442 1.119859181e-05 2.331047743e-06 5.568361197e-05 1969.865651 8030.134349 9.764792458e-14 3.204640077e-08 3.562336712e-08 0.1003736217 1.296388766 24.90347312 3.389761829 0.07725847068 12
15000 24.93009616 24.95753292 24.8849955 0.3365850746 0.3325515746 0.004033500053 0.1005555442 1.119859181e-05 2.331047743e-06 5.568361197e-05 1969.865651 8030.134349 2.308820358e-13 3.375121373e-08 3.841391459e-08 0.1003736217 1.296374227 24.90297982 3.389799846 0.0778784032 12
15500 24.93009616 24.95753292 24.8849955 0.3365850746 0.3325515746 0.004033500053 0.1005555442 1.119859181e-05 2.331047743e-06 5.568361197e-05 1969.865651 8030.134349 3.656756262e-13 3.092950644e-08 4.010801015e-08 0.1003736217 1.296374227 24.90297982 3.389799846 0.0778784032 12
16000 24.93009616 24.95753292 24.8849955 0.3365850746 0.3325515746 0.004033500045 0.100555544 1.119859181e-05 2.331047743e-06 5.568361208e-05 1969.865651 8030.134349 7.389421015e-13 3.007278436e-08 4.040871995e-08 0.1003736217 1.296374227 24.90297982 3.389799846 0.0778784032 12
16500 24.93009616 24.95753292 24.8849955 0.3365850746 0.3325515746 0.004033500045 0.100555544 1.119859181e-05 2.331047743e-06 5.568361208e-05 1969.865651 8030.134349 9.961982637e-13 2.966253405e-08 3.906115633e-08 0.1003736217 1.296374227 24.90297982 3.389799846 0.0778784032 12
17000 24.93009616 24.95753292 24.8849955 0.3365850746 0.3325515746 0.004033500045 0.100555544 1.119859181e-05 2.331047743e-06 5.568361208e-05 1969.865651 8030.134349 1.300266477e-12 2.898963017e-08 3.845994631e-08 0.1003736217 1.296374227 24.90297982 3.389799846 0.0778784032 12
17500 24.93009616 24.95753292 24.8849955 0.3365850746 0.3325515746 0.004033500053 0.1005555442 1.119859181e-05 2.331047743e-06 5.568361197e-05 1969.865651 8030.134349 1.541233114e-12 2.921062605e-08 3.872310344e-08 0.1003736217 1.296374227 24.90297982 3.389799846 0.0778784032 12
18000 24.93009616 24.95753292 24.8849955 0.3365850746 0.3325515746 0.004033500053 0.1005555442 1.119859181e-05 2.331047743e-06 5.568361197e-05 1969.865651 8030.134349 1.548527394e-12 2.966480201e-08 4.186202784e-08 0.1003736217 1.296374227 24.90297982 3.389799846 0.0778784032 12
18500 24.93009616 24.95753292 24.8849955 0.3365850746 0.3325515746 0.004033500053 0.1005555442 1.119859181e-05 2.331047743e-06 5.568361197e-05 1969.865651 8030.134349 1.679833816e-12 3.077808634e-08 4.299759011e-08 0.1003736217 1.296374227 24.90297982 3.389799846 0.0778784032 12
19000 24.93009616 24.95753292 24.8849955 0.3365850746 0.3325515746 0.004033500053 0.1005555442 1.119859181e-05 2.331047743e-06 5.568361197e-05 1969.865651 8030.134349 1.884226189e-12 2.980935393e-08 4.853860231e-08 0.1003736217 1.296374227 24.90297982 3.389799846 0.0778784032 12
19500 24.93009616 24.95753292 24.8849955 0.3365850746 0.3325515746 0.004033500053 0.1005555442 1.119859181e-05 2.331047743e-06 5.568361197e-05 1969.865651 8030.134349 1.905472852e-12 2.954015868e-08 4.895761579e-08 0.1003736217 1.296374227 24.90297982 3.389799846 0.0778784032 12
20000 24.93009616 24.95753292 24.8849955 0.3365850746 0.3325515746 0.004033500053 0.1005555442 1.119859181e-05 2.331047743e-06 5.568361197e-05 1969.865651 8030.134349 2.14206781e-12 2.780966814e-08 4.965597977e-08 0.1003736217 1.296374227 24.90297982 3.389799846 0.0778784032 12
20500 24.93009616 24.95753292 24.8849955 0.3365850746 0.3325515746 0.004033500053 0.1005555442 1.119859181e-05 2.331047743e-06 5.568361197e-05 1969.865651 8030.134349 2.32831183e-12 2.703199044e-08 5.04355983e-08 0.1003736217 1.296374227 24.90297982 3.389799846 0.0778784032 12
21000 24.93009616 24.95753292 24.8849955 0.3365850746 0.3325515746 0.004033500053 0.1005555442 1.119859181e-05 2.331047743e-06 5.568361197e-05 1969.865651 8030.134349 2.48727405e-12 2.52140851e-08 4.822485416e-08 0.1003736217 1.296374227 24.90297982 3.389799846 0.0778784032 12
21500 24.93009616 24.95753292 24.8849955 0.3365850746 0.3325515746 0.004033500053 0.1005555442 1.119859181e-05 2.331047743e-06 5.568361197e-05 1969.865651 8030.134349 2.483452589e-12 2.84949766e-08 5.000553914e-08 0.1003736217 1.296374227 24.90297982 3.389799846 0.0778784032 12
22000 24.93009616 24.95753292 24.8849955 0.3365850746 0.3325515746 0.004033500053 0.1005555442 1.119859181e-05 2.331047743e-06 5.568361197e-05 1969.865651 8030.134349 2.704434399e-12 2.921753465e-08 4.981146757e-08 0.1003736217 1.296374227 24.90297982 3.389799846 0.0778784032 12
22500 24.93009616 24.95753292 24.8849955 0.3365850746 0.3325515746 0.004033500045 0.100555544 1.119859181e-05 2.331047743e-06 5.568361208e-05 1969.865651 8030.134349 2.824885723e-12 2.965334868e-08 5.173626046e-08 0.1003736217 1.296389376 24.90347435 3.389760233 0.07725770371 12
23000 24.93009616 24.95753292 24.8849955 0.3365850746 0.3325515746 0.004033500045 0.100555544 1.119859181e-05 2.331047743e-06 5.568361208e-05 1969.865651 8030.134349 2.795483966e-12 3.106048792e-08 5.387110621e-08 0.1003736217 1.296374227 24.90297982 3.389799846 0.0778784032 12
23500 24.93009616 24.95753292 24.8849955 0.3365850746 0.3325515746 0.004033500053 0.1005555442 1.119859181e-05 2.331047743e-06 5.568361197e-05 1969.865651 8030.134349 2.979363207e-12 2.952865701e-08 5.354097332e-08 0.1003736217 1.296374227 24.90297982 3.389799846 0.0778784032 12
24000 24.93009616 24.95753292 24.8849955 0.3365850746 0.3325515746 0.004033500053 0.1005555442 1.119859181e-05 2.331047743e-06 5.568361197e-05 1969.865651 8030.134349 2.827166502e-12 2.916533932e-08 5.37094552e-08 0.1003736217 1.296374227 24.90297982 3.389799846 0.0778784032 12
24500 24.93009616 24.95753292 24.8849955 0.3365850746 0.3325515746 0.004033500053 0.1005555442 1.119859181e-05 2.331047743e-06 5.568361197e-05 1969.865651 8030.134349 2.779531936e-12 2.905603699e-08 5.344557275e-08 0.1003736217 1.296374227 24.90297982 3.389799846 0.0778784032 12
25000 24.93009616 24.95753292 24.8849955 0.3365850746 0.3325515746 0.004033500053 0.1005555442 1.119859181e-05 2.331047743e-06 5.568361197e-05 1969.865651 8030.134349 2.772276959e-12 3.054398876e-08 5.26981414e-08 0.1003736217 1.296374227 24.90297982 3.389799846 0.0778784032 12
25500 24.93009616 24.95753292 24.8849955 0.3365850746 0.3325515746 0.004033500053 0.1005555442 1.119859181e-05 2.331047743e-06 5.568361197e-05 1969.865651 8030.134349 2.623649042e-12 2.989093476e-08 5.113719779e-08 0.1003736217 1.296374227 24.90297982 3.389799846 0.0778784032 12
26000 24.93009616 24.95753292 24.8849955 0.3365850746 0.3325515746 0.004033500053 0.1005555442 1.119859181e-05 2.331047743e-06 5.568361197e-05 1969.865651 8030.134349 2.681568713e-12 3.368687594e-08 4.966436648e-08 0.1003736217 1.296374227 24.90297982 3.389799846 0.0778784032 12
26500 24.93009616 24.95753292 24.8849955 0.3365850746 0.3325515746 0.004033500053 0.1005555442 1.119859181e-05 2.331047743e-06 5.568361197e-05 1969.865651 8030.134349 2.570073395e-12 3.352874834e-08 4.937887166e-08 0.1003736217 1.296374227 24.90297982 3.389799846 0.0778784032 12
27000 24.93009616 24.95753292 24.8849955 0.3365850746 0.3325515746 0.004033500053 0.1005555442 1.119859181e-05 2.331047743e-06 5.568361197e-05 1969.865651 8030.134349 2.458963036e-12 3.571857863e-08 4.960902581e-08 0.1003736217 1.296374227 24.90297982 3.389799846 0.0778784032 12
27500 24.93009616 24.95753292 24.8849955 0.3365850746 0.3325515746 0.004033500053 0.1005555442 1.119859181e-05 2.331047743e-06 5.568361197e-05 1969.865651 8030.134349 2.426298126e-12 3.748398511e-08 4.765457353e-08 0.1003736217 1.296374227 24.90297982 3.389799846 0.0778784032 12
28000 24.93009616 24.95753292 24.8849955 0.3365850746 0.3325515746 0.004033500053 0.1005555442 1.119859181e-05 2.331047743e-06 5.568361197e-05 1969.865651 8030.134349 2.400276785e-12 3.934665433e-08 4.611883588e-08 0.1003736217 1.296374227 24.90297982 3.389799846 0.0778784032 12
28500 24.93009616 24.95753292 24.8849955 0.3365850746 0.3325515746 0.004033500053 0.1005555442 1.119859181e-05 2.331047743e-06 5.568361197e-05 1969.865651 8030.134349 2.383499532e-12 3.889674604e-08 4.74950387e-08 0.1003736217 1.296374227 24.90297982 3.389799846 0.0778784032 12
29000 24.93009616 24.95753292 24.8849955 0.3365850746 0.3325515746 0.004033500053 0.1005555442 1.119859181e-05 2.331047743e-06 5.568361197e-05 1969.865651 8030.134349 2.250818239e-12 3.814900893e-08 4.5705414e-08 0.1003736217 1.296374227 24.90297982 3.389799846 0.0778784032 12
29500 24.93009616 24.95753292 24.8849955 0.3365850746 0.3325515746 0.004033500053 0.1005555442 1.119859181e-05 2.331047743e-06 5.568361197e-05 1969.865651 8030.134349 2.182569581e-12 3.487467023e-08 4.441541499e-08 0.1003736217 1.296374227 24.90297982 3.389799846 0.0778784032 12
29999 24.93009616 24.95753292 24.8849955 0.3365850746 0.3325515746 0.004033500053 0.1005555442 1.119859181e-05 2.331047743e-06 5.568361197e-05 1969.865651 8030.134349 2.145826047e-12 3.542166175e-08 4.399486413e-08 0.1003736217 1.296374227 24.90297982 3.389799846 0.0778784032 12
