# 1:passo  2:raio_area  3:raio_grad  4:raio_linha  5:p_in  6:p_out  7:delta_p  8:sigma  9:|u-v0|max  10:|u-v0|rms  11:Ca  12:massa_R  13:massa_B  14:|q|  15:sd_p_in  16:sd_p_out  17:sigma_2pontos  18:K_perfil  19:r_perfil  20:espessura_10_90  21:residuo_ajuste  22:n_camadas
0 25.04052139 25.08111096 25 0.3333333333 0.3333333333 -2.220446049e-16 -5.560112678e-15 0.01984630562 0.002420166881 0 1969.865651 8030.134349 1.194223524e-15 2.78221524e-08 0 0 1.273345395 25.01411833 3.451105388 0.08159937045 12
500 24.37132788 24.32575814 24.20820949 0.3496615562 0.3314410441 0.01822051206 0.4440580735 0.07799670052 0.01535498543 0.0005854842355 1969.865651 8030.134349 5.120366476e-13 0.001572247736 0.003926162127 0.5514719218 1.309102153 24.33393569 3.35684205 0.1593565501 12
1000 24.10021414 24.04945054 23.95251758 0.3589452609 0.3284133039 0.03053195699 0.7358267017 0.07571348803 0.01548096853 0.0003429860494 1969.865651 8030.134349 2.665591622e-13 0.00108322138 0.002845176174 0.5596244816 1.321872931 24.06818315 3.324411183 0.208956351 12
1500 23.94329959 23.88409847 23.80500396 0.367834587 0.3273932608 0.0404413262 0.9682987889 0.08262370138 0.015217193 0.0002844290844 1969.865651 8030.134349 6.193042612e-14 0.001290286814 0.001260476256 0.8783337367 1.290149086 23.92413024 3.40615608 0.1509772186 11
2000 23.96755715 23.91202162 23.87225704 0.3656790308 0.325689241 0.03998978979 0.9584575722 0.0845596243 0.01577219286 0.0002940823073 1969.865651 8030.134349 1.606517251e-13 0.001888000254 0.001941442196 0.9436457269 1.290361839 23.94901665 3.405594479 0.1631009644 11
2500 24.00235523 23.94950219 23.91562853 0.3645137642 0.3256885576 0.03882520655 0.9318963995 0.08756101756 0.01643248271 0.000313200114 1969.865651 8030.134349 6.694773382e-13 0.001846654054 0.0008758934575 0.933760549 1.293123836 23.98426436 3.398320434 0.1670526175 11
3000 24.02141741 23.9678193 23.95770457 0.3618392262 0.3256289429 0.03621028335 0.8698223307 0.084484071 0.01706292804 0.0003237598761 1969.865651 8030.134349 6.249227389e-13 0.001453050712 0.0009024677439 0.8319843808 1.317995679 23.98355288 3.334190866 0.2282916405 12
3500 24.02129212 23.9666503 23.95847624 0.3630230442 0.32598333 0.03703971414 0.8897417935 0.08360484172 0.01773416716 0.0003132176186 1969.865651 8030.134349 4.688769898e-13 0.00153107866 0.0008782606623 0.9221853653 1.31679508 23.9828768 3.337230842 0.2290204808 12
4000 24.01417664 23.95792481 23.9498301 0.3627577133 0.3261472422 0.03661047118 0.8791703219 0.08295110814 0.01836023937 0.0003145052636 1969.865651 8030.134349 6.046515393e-13 0.001395966875 0.0007853077117 0.8214631836 1.315695895 23.97545354 3.340018899 0.2320853478 12
4500 24.01701765 23.96101156 23.94917639 0.3630427004 0.3262106241 0.0368320763 0.8845966268 0.08381020601 0.01899437139 0.00031581327 1969.865651 8030.134349 8.352918622e-13 0.001376962386 0.0006749760714 0.8571373639 1.316086912 23.97851629 3.339026561 0.2302538176 12
5000 24.0224141 23.96673592 23.95117583 0.3626536328 0.326133534 0.03652009878 0.8773009358 0.08396014913 0.01962366216 0.0003190093072 1969.865651 8030.134349 9.932353574e-13 0.001310746757 0.0006730112893 0.8125617142 1.316214396 23.98427714 3.338703153 0.2282497323 12
5500 24.02730604 23.97241069 23.96112484 0.3626704824 0.3261439549 0.03652652748 0.8776340543 0.08492050887 0.02025158904 0.0003225357557 1969.865651 8030.134349 1.658578795e-12 0.001321935418 0.000656363064 0.8536895275 1.316647724 23.98881942 3.337604336 0.2264296568 12
6000 24.02551145 23.97019351 23.95937325 0.3623718914 0.3262310354 0.03614085604 0.8683025506 0.08672337331 0.02087983784 0.0003329230242 1969.865651 8030.134349 2.352420699e-12 0.001297970563 0.0006290562499 0.8274347697 1.316560778 23.98696481 3.337824753 0.2262223504 12
6500 24.024621 23.96932806 23.95780698 0.3624825117 0.3262855611 0.03619695065 0.8696180206 0.0885679906 0.02148986218 0.0003394900155 1969.865651 8030.134349 3.162765939e-12 0.001293435322 0.0006566310358 0.8176342286 1.316561942 23.9860961 3.337821802 0.22623454 12
7000 24.02501161 23.96982002 23.96110912 0.3626686683 0.3262631019 0.03640556637 0.8746441548 0.09022308295 0.02206474744 0.0003438468184 1969.865651 8030.134349 4.080402304e-12 0.001300983301 0.0006873147451 0.8401539854 1.316220741 23.98683064 3.33868706 0.2280695038 12
7500 24.02485588 23.96976121 23.95960323 0.362627636 0.3262571294 0.03637050656 0.8737961783 0.09078601556 0.02259118787 0.0003463279645 1969.865651 8030.134349 5.154283987e-12 0.001283001019 0.0006809043539 0.8278724005 1.316373334 23.98627816 3.338300042 0.2264860201 12
8000 24.0247528 23.96965475 23.95866856 0.3625520157 0.326258439 0.03629357668 0.8719442081 0.09100822417 0.02307001323 0.0003479130252 1969.865651 8030.134349 5.942086684e-12 0.001285532513 0.0006742370804 0.831283994 1.316375338 23.98671088 3.33829496 0.2275155606 12
8500 24.02423174 23.96910569 23.95817046 0.3625497006 0.3262579798 0.03629172073 0.8718807092 0.09127425611 0.02350809011 0.0003489554444 1969.865651 8030.134349 7.087781539e-12 0.001278800446 0.0006843839779 0.825287339 1.316563398 23.98569706 3.337818111 0.2262224445 12
9000 24.02426008 23.96923894 23.95833576 0.3626399558 0.3262590547 0.0363809011 0.8740242301 0.09206994178 0.02391045673 0.0003511342081 1969.865651 8030.134349 8.28491988e-12 0.001280221422 0.0007038727095 0.8319366173 1.316476963 23.98574276 3.338037261 0.225988392 12
9500 24.02355148 23.96846797 23.9580253 0.3626218468 0.3262705029 0.03635134391 0.8732883818 0.09330943496 0.02428402812 0.0003561612136 1969.865651 8030.134349 9.596915191e-12 0.001268843207 0.0007078743472 0.8299824231 1.316463218 23.98500708 3.338072112 0.2260427954 12
10000 24.02346699 23.96841309 23.95742305 0.3626142574 0.3262790624 0.03633519497 0.872897357 0.0943596646 0.02462782789 0.0003603312724 1969.865651 8030.134349 1.063674017e-11 0.001265308989 0.000709375146 0.8264302934 1.316005787 23.98551599 3.339232394 0.2279585871 12
10500 24.02355786 23.9685456 23.95766708 0.3626315311 0.3262767145 0.03635481666 0.8733720414 0.09492708875 0.02494326954 0.0003623010747 1969.865651 8030.134349 1.107470143e-11 0.001265355192 0.0007151864855 0.8288502004 1.316491516 23.98504755 3.338000361 0.2259063359 12
11000 24.02339063 23.96839218 23.9576428 0.3626339127 0.3262774168 0.03635649592 0.8734063032 0.09515780041 0.02523421045 0.0003631673677 1969.865651 8030.134349 1.032292708e-11 0.001264394281 0.0007230004087 0.8293456506 1.316481515 23.98487798 3.338025719 0.225879703 12
11500 24.02315438 23.96815505 23.9570513 0.3626283733 0.3262839573 0.03634441603 0.8731075169 0.09544873761 0.02550433245 0.0003644023818 1969.865651 8030.134349 8.392375435e-12 0.001260676385 0.0007294881252 0.8271351239 1.316481925 23.9846564 3.338024679 0.2257660932 12
12000 24.02287219 23.9678505 23.95671645 0.3626312233 0.3262868978 0.03634432556 0.8730950876 0.09587056864 0.0257550103 0.0003660180508 1969.865651 8030.134349 4.899074271e-12 0.001257022309 0.000736465716 0.8263492262 1.316483549 23.98437173 3.338020562 0.225723279 12
12500 24.02291374 23.96793615 23.95692968 0.3626552927 0.3262885076 0.03636678511 0.8736361415 0.09643398262 0.02598609186 0.0003679410609 1969.865651 8030.134349 1.10032492e-12 0.001256208221 0.0007434192867 0.8275912164 1.316464527 23.98441808 3.338068792 0.2256432779 12
13000 24.02277375 23.96780168 23.95680938 0.3626511919 0.3262921304 0.03635906144 0.873445507 0.09697465805 0.02619817849 0.0003700847478 1969.865651 8030.134349 1.072882801e-11 0.001253295391 0.0007461794899 0.8273284353 1.316456559 23.9842799 3.338088998 0.2256120698 12
13500 24.02264137 23.9676727 23.95656897 0.3626440662 0.3262967133 0.03634735288 0.8731594229 0.09728838952 0.02639261108 0.0003714036901 1969.865651 8030.134349 2.495958386e-11 0.001252178705 0.0007492685386 0.8264147244 1.316471608 23.98415344 3.338050837 0.2255878677 12
14000 24.02255299 23.96758949 23.95639898 0.3626496634 0.3262985579 0.03635110553 0.8732463586 0.09747963796 0.02657271703 0.0003720967438 1969.865651 8030.134349 4.486973693e-11 0.001251170057 0.0007554264655 0.8259964057 1.316468831 23.98406803 3.338057881 0.2255496852 12
14500 24.02246333 23.96750791 23.95634564 0.3626589629 0.32629934 0.03635962291 0.8734477082 0.09769952093 0.02674035248 0.000372850105 1969.865651 8030.134349 7.176548086e-11 0.00124989268 0.0007614386563 0.8264094585 1.316456746 23.9839783 3.338088523 0.2255107498 12
15000 24.02236666 23.967419 23.9562533 0.3626617806 0.3263021354 0.03635964517 0.8734447278 0.09799439139 0.02689563208 0.0003739766935 1969.865651 8030.134349 1.07433e-10 0.001248378788 0.0007651422376 0.8262497188 1.316453646 23.98388404 3.338096383 0.2254692108 12
15500 24.02225311 23.96730481 23.95608007 0.3626593126 0.3263051718 0.03635414083 0.8733083725 0.09829617083 0.02703862599 0.0003751869478 1969.865651 8030.134349 1.528757541e-10 0.001246531346 0.0007676795688 0.8255628134 1.316454819 23.98377355 3.338093409 0.2254350011 12
16000 24.02221083 23.96727327 23.95604533 0.3626639511 0.32630708 0.03635687112 0.873372423 0.09853556206 0.02716982379 0.0003760730988 1969.865651 8030.134349 2.092626354e-10 0.00124615668 0.0007713102759 0.8256871024 1.316454808 23.98373323 3.338093438 0.2254127669 12
16500 24.02214598 23.96721413 23.95598984 0.3626671431 0.3263085525 0.03635859062 0.8734113717 0.09871292066 0.02729083081 0.000376733209 1969.865651 8030.134349 2.765836682e-10 0.001245373444 0.0007750512575 0.8257013266 1.316449978 23.98366878 3.338105685 0.225394245 12
17000 24.02206398 23.96713412 23.95587422 0.3626676238 0.3263104618 0.03635716194 0.8733740703 0.09886747627 0.02740302349 0.0003773391785 1969.865651 8030.134349 3.540062764e-10 0.001244311078 0.0007780555163 0.825429138 1.316448374 23.98358848 3.338109753 0.2253691102 12
17500 24.02199404 23.96706617 23.95577254 0.3626691303 0.3263122104 0.03635691995 0.8733657143 0.09902958676 0.02750700836 0.0003779615081 1969.865651 8030.134349 4.39617797e-10 0.001243463643 0.000780936701 0.8251811794 1.316448565 23.98352028 3.338109267 0.2253438354 12
18000 24.02194425 23.96702125 23.95572651 0.3626722854 0.3263135121 0.03635877328 0.8734084249 0.09920051674 0.02760302998 0.0003785953739 1969.865651 8030.134349 5.290191841e-10 0.001242711814 0.0007837502986 0.8251525592 1.316445269 23.98347143 3.338117625 0.225321612 12
18500 24.02189954 23.96698196 23.95569063 0.3626745246 0.3263149647 0.03635955995 0.8734256964 0.09936072962 0.02769137287 0.0003791993222 1969.865651 8030.134349 6.135498894e-10 0.001242179174 0.0007861616591 0.8251861357 1.316443209 23.98342754 3.338122849 0.2253049507 12
19000 24.02184151 23.96692549 23.95561625 0.362674479 0.3263165352 0.0363579438 0.8733847637 0.09949170521 0.02777275044 0.0003797169715 1969.865651 8030.134349 6.807480155e-10 0.001241464111 0.0007882071958 0.8249670429 1.316443033 23.98337045 3.338123296 0.2252908898 12
19500 24.02179518 23.96688142 23.95555054 0.3626756776 0.3263177847 0.03635789291 0.8733818565 0.0996002257 0.02784794332 0.0003801324127 1969.865651 8030.134349 7.119703366e-10 0.001240931572 0.0007903857658 0.8248350788 1.316442581 23.98332519 3.33812444 0.2252751129 12
20000 24.02175656 23.96684594 23.95550945 0.362677865 0.3263187508 0.03635911417 0.8734097894 0.09970457539 0.02791752116 0.0003805185019 1969.865651 8030.134349 6.820525289e-10 0.001240472999 0.0007925830589 0.8248122553 1.316440653 23.98328719 3.338129329 0.2252601594 12
20500 24.02171714 23.96680913 23.95546892 0.362679243 0.3263197881 0.03635945492 0.8734165414 0.09981073902 0.02798180524 0.0003809207264 1969.865651 8030.134349 5.566296394e-10 0.001239969017 0.0007944248681 0.8247670868 1.316438841 23.98324836 3.338133923 0.2252461612 12
21000 24.02167861 23.96677249 23.95542098 0.3626798675 0.3263209221 0.03635894534 0.8734028997 0.09991098007 0.02804105155 0.000381309245 1969.865651 8030.134349 2.908469656e-10 0.001239505857 0.0007959861461 0.8246523405 1.31643844 23.9832106 3.338134942 0.2252340955 12
21500 24.02164512 23.96674087 23.95538047 0.3626807814 0.3263218662 0.0363589152 0.873400958 0.0999981892 0.02809564093 0.0003816429262 1969.865651 8030.134349 1.722918033e-10 0.00123911589 0.000797545968 0.8245702851 1.316437961 23.98317769 3.338136156 0.2252237301 12
22000 24.02161685 23.9667149 23.95535058 0.3626820816 0.3263226541 0.03635942753 0.873412237 0.1000747603 0.02814600778 0.0003819302273 1969.865651 8030.134349 8.999414175e-10 0.00123879291 0.0007990841406 0.8245505251 1.316436823 23.98314984 3.338139043 0.2252139345 12
22500 24.02158708 23.96668676 23.95531661 0.3626828929 0.3263234448 0.03635944811 0.873411649 0.1001458146 0.02819253358 0.0003822016599 1969.865651 8030.134349 1.971735128e-09 0.00123844053 0.0008004337759 0.8244936 1.316435903 23.9831205 3.338141375 0.2252045179 12
23000 24.02155886 23.96665981 23.95528126 0.3626835048 0.3263242175 0.03635928733 0.8734067608 0.100213291 0.02823549442 0.0003824613207 1969.865651 8030.134349 3.475817723e-09 0.001238109734 0.0008016456561 0.8244208608 1.316435375 23.98309278 3.338142713 0.2251953901 12
23500 24.02153506 23.96663754 23.9552534 0.362684351 0.3263248971 0.03635945387 0.8734098958 0.1002765489 0.02827511648 0.0003827013693 1969.865651 8030.134349 5.505731035e-09 0.001237835927 0.0008028136103 0.8243723932 1.316434759 23.98306939 3.338144276 0.225187275 12
24000 24.0215135 23.96661753 23.95523074 0.3626851968 0.3263255034 0.03635969337 0.8734148653 0.1003345078 0.02831164163 0.0003829203884 1969.865651 8030.134349 8.149283245e-09 0.001237588942 0.0008039082027 0.8243472768 1.316433991 23.98304813 3.338146222 0.2251801946 12
24500 24.02149223 23.96659748 23.95520664 0.3626857639 0.3263261015 0.03635966234 0.8734133463 0.1003868743 0.02834532394 0.000383120908 1969.865651 8030.134349 1.14775816e-08 0.001237343947 0.0008048809914 0.8243066557 1.316433454 23.98302716 3.338147584 0.2251737033 12
25000 24.02147202 23.96657823 23.95518183 0.3626862309 0.3263266608 0.03635957015 0.873410397 0.1004344183 0.02837640363 0.0003833036513 1969.865651 8030.134349 1.552490431e-08 0.001237112706 0.000805775034 0.8242560252 1.316433095 23.98300727 3.338148496 0.2251674814 12
25500 24.0214545 23.96656179 23.95516147 0.3626868411 0.3263271495 0.0363596916 0.8734126774 0.1004785324 0.02840508371 0.0003834710099 1969.865651 8030.134349 2.026297286e-08 0.001236914995 0.0008066338459 0.8242252219 1.316432598 23.98299003 3.338149754 0.2251616238 12
26000 24.02143842 23.96654677 23.95514388 0.3626874248 0.3263276006 0.03635982427 0.8734152796 0.1005198882 0.02843153775 0.0003836276991 1969.865651 8030.134349 2.55681944e-08 0.001236733054 0.0008074268857 0.8242011073 1.31643205 23.98297417 3.338151144 0.2251563238 12
26500 24.02142294 23.96653215 23.95512615 0.3626878539 0.3263280372 0.03635981667 0.8734145341 0.10055813 0.028455929 0.0003837739739 1969.865651 8030.134349 3.118041556e-08 0.001236556963 0.0008081378786 0.8241701992 1.316431652 23.98295892 3.338152153 0.2251515143 12
27000 24.02140865 23.96651863 23.95510924 0.3626882411 0.3263284419 0.03635979915 0.8734135937 0.1005931086 0.02847841796 0.000383907881 1969.865651 8030.134349 3.657061499e-08 0.001236396386 0.0008087952022 0.8241385275 1.316431359 23.98294484 3.338152898 0.2251471093 12
27500 24.02139586 23.96650662 23.95509464 0.3626886669 0.3263288013 0.03635986559 0.8734147246 0.1006250723 0.02849915864 0.0003840293714 1969.865651 8030.134349 4.099383084e-08 0.001236253308 0.0008094166411 0.8241157324 1.316431014 23.98293223 3.338153772 0.225143022 12
28000 24.021384 23.96649548 23.95508142 0.3626890585 0.3263291338 0.03635992466 0.8734157124 0.1006544485 0.02851828949 0.0003841410496 1969.865651 8030.134349 4.3338176e-08 0.001236120162 0.0008099886283 0.8240965651 1.316430653 23.98292053 3.338154686 0.2251392345 12
28500 24.02137274 23.96648484 23.95506839 0.3626893727 0.3263294507 0.03635992199 0.8734152388 0.1006815059 0.02853593273 0.0003842445207 1969.865651 8030.134349 4.204121378e-08 0.001235993836 0.0008105067312 0.8240735511 1.316430371 23.98290943 3.338155403 0.2251357265 12
29000 24.02136246 23.96647514 23.95505636 0.3626896743 0.326329742 0.0363599323 0.8734151128 0.1007080222 0.02855220044 0.0003843457737 1969.865651 8030.134349 3.499994803e-08 0.001235879318 0.0008109879638 0.8240522298 1.316430125 23.98289931 3.338156027 0.2251324974 12
29500 24.02135318 23.96646642 23.95504586 0.3626899839 0.3263300049 0.03635997901 0.8734158974 0.1007325405 0.02856719878 0.0003844390009 1969.865651 8030.134349 1.948513456e-08 0.001235776626 0.0008114385339 0.824035938 1.316429867 23.98289015 3.338156681 0.2251295568 12
29999 24.02134455 23.9664583 23.95503618 0.3626902571 0.3263302485 0.03636000858 0.8734162939 0.1007531638 0.0285810015 0.0003845175339 1969.865651 8030.134349 7.900836107e-09 0.001235680467 0.0008118509616 0.8240208507 1.316429624 23.98288164 3.338157298 0.2251268603 12
