# 1:passo  2:raio_area  3:raio_grad  4:raio_linha  5:p_in  6:p_out  7:delta_p  8:sigma  9:|u-v0|max  10:|u-v0|rms  11:Ca  12:massa_R  13:massa_B  14:|q|  15:sd_p_in  16:sd_p_out  17:sigma_2pontos  18:K_perfil  19:r_perfil  20:espessura_10_90  21:residuo_ajuste  22:n_camadas
0 25.04052139 25.08111096 25 0.3333333333 0.3333333333 -2.220446049e-16 -5.560112678e-15 0.00521265614 0.00105841897 0 1969.865651 8030.134349 1.76238711e-15 2.706360658e-08 0 -2.775557562e-15 1.273345395 25.01411833 3.451105388 0.08159937045 12
500 24.14163767 24.10241273 23.99903238 0.3598841071 0.3288708826 0.03101322452 0.7487100294 0.005640489824 0.003989962337 0.003766805306 1969.865651 8030.134349 2.476742793e-14 0.0003837454613 0.0008042792556 0.6937082665 1.297035573 24.11471857 3.388071419 0.128383287 12
1000 23.96814017 23.92358794 23.83259748 0.3667609201 0.326297157 0.04046376313 0.9698411465 0.003292516311 0.00228680769 0.001697451342 1969.865651 8030.134349 1.492087962e-14 4.671157468e-05 0.0002052663356 0.9531947224 1.29723449 23.9351529 3.387551895 0.1593444211 12
1500 23.93418828 23.8876324 23.80711249 0.3680923181 0.3257135856 0.04237873253 1.014300563 0.001268088825 0.0008669908986 0.0006251050579 1969.865651 8030.134349 1.459637718e-14 1.059504541e-05 6.716486677e-05 1.012069204 1.297949277 23.89932534 3.385686353 0.1691305459 12
2000 23.93344736 23.88626068 23.80948091 0.3681203649 0.3256997769 0.04242058795 1.015270909 0.0003502759496 0.000227425439 0.0001725036868 1969.865651 8030.134349 4.865173167e-15 1.153204018e-05 7.44817268e-05 1.013568838 1.29814995 23.8981791 3.38516298 0.1713808603 12
2500 23.93706395 23.88975602 23.8137687 0.3679791818 0.3257659382 0.04221324358 1.010461111 0.0001102768484 3.14359906e-05 5.456758661e-05 1969.865651 8030.134349 5.627472976e-15 5.543752096e-06 3.601277204e-05 1.006979756 1.298171041 23.90179173 3.385107983 0.1714735004 12
3000 23.93929371 23.89199556 23.81600289 0.3678923458 0.3258069945 0.04208535133 1.007493587 0.000118269769 2.25500106e-05 5.869504808e-05 1969.865651 8030.134349 2.959950517e-14 1.90480097e-06 1.18308948e-05 1.002875527 1.298159173 23.90407137 3.38513893 0.1712389972 12
3500 23.9401604 23.89288383 23.81678917 0.3678586246 0.3258229684 0.04203565615 1.006340351 0.0001176983619 2.043109727e-05 5.847840732e-05 1969.865651 8030.134349 8.276809485e-15 5.225273002e-07 2.427793872e-06 1.00127544 1.298149617 23.90496831 3.385163849 0.1710874702 12
4000 23.94039252 23.89312756 23.81697343 0.367849596 0.3258272368 0.04202235924 1.006031775 0.0001157324878 1.749100445e-05 5.751930046e-05 1969.865651 8030.134349 2.57293622e-14 2.158814419e-07 6.530407699e-08 1.00084669 1.298145443 23.90521207 3.385174733 0.1710272326 12
4500 23.94042037 23.89315958 23.81698314 0.3678485119 0.3258277416 0.04202077026 1.005994904 0.0001147962755 1.681383998e-05 5.705609195e-05 1969.865651 8030.134349 7.873770211e-15 1.936069008e-07 3.400262673e-07 1.000795361 1.298144174 23.905243 3.385178043 0.1710107062 12
5000 23.94040744 23.89314765 23.81696552 0.3678490143 0.3258274991 0.0420215152 1.006012195 0.0001144798809 1.675544537e-05 5.68978594e-05 1969.865651 8030.134349 2.980892893e-14 1.984003018e-07 1.898588677e-07 1.000819349 1.29814395 23.90523041 3.385178627 0.1710085444 12
5500 23.94039622 23.8931365 23.81695382 0.3678494504 0.325827291 0.0420221594 1.006027146 0.0001144025447 1.675898333e-05 5.685857739e-05 1969.865651 8030.134349 9.375263436e-15 2.066404454e-07 6.819222016e-08 1.000840115 1.298143978 23.90521901 3.385178553 0.1710093601 12
6000 23.94039121 23.89313139 23.81694911 0.3678496455 0.3258271982 0.04202244731 1.006033828 0.0001143955594 1.676119698e-05 5.685472805e-05 1969.865651 8030.134349 6.682290708e-15 2.121344996e-07 2.376405008e-08 1.000849398 1.298144024 23.90521383 3.385178435 0.1710101192 12
6500 23.94038965 23.89312977 23.8169478 0.3678497059 0.3258271695 0.04202253644 1.006035897 0.0001144011731 1.676169564e-05 5.685740117e-05 1969.865651 8030.134349 5.862067758e-15 2.129276239e-07 0 1.000852273 1.298144047 23.90521221 3.385178374 0.1710104664 12
7000 23.94038936 23.89312946 23.81694762 0.3678497171 0.3258271643 0.0420225528 1.006036276 0.0001144053985 1.676173552e-05 5.685947976e-05 1969.865651 8030.134349 1.402604357e-14 2.130718203e-07 0 1.000852801 1.298144055 23.9052119 3.385178353 0.1710105761 12
7500 23.94038939 23.89312948 23.81694768 0.367849716 0.3258271648 0.04202255118 1.006036239 0.0001144071948 1.676169698e-05 5.68603746e-05 1969.865651 8030.134349 1.997841782e-14 2.12930116e-07 0 1.000852749 1.298144057 23.90521193 3.385178349 0.1710105971 12
8000 23.94038945 23.89312953 23.81694774 0.3678497139 0.3258271658 0.04202254815 1.006036168 0.0001144077244 1.676166781e-05 5.686064182e-05 1969.865651 8030.134349 9.423484056e-15 2.123291396e-07 1.377905119e-08 1.000852651 1.298144057 23.90521198 3.385178348 0.1710105957 12
8500 23.94038947 23.89312956 23.81694776 0.3678497129 0.3258271663 0.04202254655 1.006036131 0.0001144078107 1.676165514e-05 5.68606868e-05 1969.865651 8030.134349 9.960331719e-15 2.127504693e-07 0 1.0008526 1.298144057 23.90521201 3.385178349 0.1710105922 12
9000 23.94038948 23.89312957 23.81694777 0.3678497125 0.3258271665 0.04202254599 1.006036118 0.0001144077947 1.676165129e-05 5.686067956e-05 1969.865651 8030.134349 1.211396303e-14 2.135987305e-07 9.942622762e-09 1.000852582 1.298144057 23.90521202 3.385178349 0.1710105903 12
9500 23.94038949 23.89312957 23.81694777 0.3678497124 0.3258271665 0.04202254586 1.006036115 0.0001144077742 1.676165062e-05 5.686066954e-05 1969.865651 8030.134349 2.081757886e-14 2.123191274e-07 0 1.000852578 1.298144057 23.90521202 3.385178349 0.1710105896 12
10000 23.94038949 23.89312957 23.81694777 0.3678497124 0.3258271665 0.04202254585 1.006036115 0.000114407764 1.676165071e-05 5.686066452e-05 1969.865651 8030.134349 1.801825704e-14 2.1216894e-07 0 1.000852577 1.298144057 23.90521202 3.385178349 0.1710105894 12
10500 23.94038948 23.89312957 23.81694777 0.3678497124 0.3258271665 0.04202254586 1.006036115 0.0001144077606 1.676165085e-05 5.68606628e-05 1969.865651 8030.134349 2.8506581e-14 2.128161405e-07 0 1.000852578 1.298144057 23.90521202 3.385178349 0.1710105894 12
11000 23.94038948 23.89312957 23.81694777 0.3678497124 0.3258271665 0.04202254587 1.006036115 0.0001144077599 1.676165092e-05 5.686066243e-05 1969.865651 8030.134349 5.381285413e-15 2.125413127e-07 9.982354215e-09 1.000852578 1.298144057 23.90521202 3.385178349 0.1710105894 12
11500 23.94038948 23.89312957 23.81694777 0.3678497124 0.3258271665 0.04202254588 1.006036115 0.0001144077599 1.676165095e-05 5.686066242e-05 1969.865651 8030.134349 2.186860556e-15 2.129427855e-07 1.762342613e-08 1.000852578 1.298144057 23.90521202 3.385178349 0.1710105894 12
12000 23.94038948 23.89312957 23.81694777 0.3678497124 0.3258271665 0.04202254588 1.006036115 0.00011440776 1.676165095e-05 5.686066246e-05 1969.865651 8030.134349 2.476406547e-14 2.123943456e-07 0 1.000852578 1.298144057 23.90521202 3.385178349 0.1710105894 12
12500 23.94038948 23.89312957 23.81694777 0.3678497124 0.3258271665 0.04202254588 1.006036115 0.00011440776 1.676165095e-05 5.686066249e-05 1969.865651 8030.134349 9.198506372e-15 2.12647196e-07 0 1.000852578 1.298144057 23.90521202 3.385178349 0.1710105894 12
13000 23.94038948 23.89312957 23.81694777 0.3678497124 0.3258271665 0.04202254588 1.006036115 0.00011440776 1.676165095e-05 5.68606625e-05 1969.865651 8030.134349 1.768701675e-14 2.120297888e-07 5.872159514e-09 1.000852578 1.298144057 23.90521202 3.385178349 0.1710105894 12
13500 23.94038948 23.89312957 23.81694777 0.3678497124 0.3258271665 0.04202254588 1.006036115 0.0001144077601 1.676165095e-05 5.68606625e-05 1969.865651 8030.134349 2.423796383e-14 2.128070156e-07 0 1.000852578 1.298144057 23.90521202 3.385178349 0.1710105894 12
14000 23.94038948 23.89312957 23.81694777 0.3678497124 0.3258271665 0.04202254588 1.006036115 0.0001144077601 1.676165095e-05 5.68606625e-05 1969.865651 8030.134349 2.816100877e-14 2.126395763e-07 0 1.000852578 1.298144057 23.90521202 3.385178349 0.1710105894 12
14500 23.94038948 23.89312957 23.81694777 0.3678497124 0.3258271665 0.04202254588 1.006036115 0.0001144077601 1.676165095e-05 5.68606625e-05 1969.865651 8030.134349 3.530278593e-14 2.13047232e-07 0 1.000852578 1.298144057 23.90521202 3.385178349 0.1710105894 12
15000 23.94038948 23.89312957 23.81694777 0.3678497124 0.3258271665 0.04202254588 1.006036115 0.0001144077601 1.676165095e-05 5.68606625e-05 1969.865651 8030.134349 6.195634858e-14 2.128423319e-07 0 1.000852578 1.298144057 23.90521202 3.385178349 0.1710105894 12
15500 23.94038948 23.89312957 23.81694777 0.3678497124 0.3258271665 0.04202254588 1.006036115 0.0001144077601 1.676165095e-05 5.68606625e-05 1969.865651 8030.134349 2.274756926e-13 2.119939109e-07 0 1.000852578 1.298144057 23.90521202 3.385178349 0.1710105894 12
16000 23.94038948 23.89312957 23.81694777 0.3678497124 0.3258271665 0.04202254587 1.006036115 0.0001144077601 1.676165095e-05 5.686066251e-05 1969.865651 8030.134349 3.997931728e-13 2.119209459e-07 0 1.000852578 1.297889786 23.90522912 3.385841543 0.1717561332 12
16500 23.94038948 23.89312957 23.81694777 0.3678497124 0.3258271665 0.04202254587 1.006036115 0.0001144077601 1.676165095e-05 5.686066251e-05 1969.865651 8030.134349 5.188122532e-13 2.122910612e-07 0 1.000852578 1.297889786 23.90522912 3.385841543 0.1717561332 12
17000 23.94038948 23.89312957 23.81694777 0.3678497124 0.3258271665 0.04202254587 1.006036115 0.0001144077601 1.676165095e-05 5.686066252e-05 1969.865651 8030.134349 7.487087499e-13 2.119564611e-07 0 1.000852578 1.298143183 23.90521148 3.385180629 0.1710123679 12
17500 23.94038948 23.89312957 23.81694777 0.3678497124 0.3258271665 0.04202254587 1.006036115 0.0001144077601 1.676165095e-05 5.686066252e-05 1969.865651 8030.134349 9.174495116e-13 2.120069486e-07 0 1.000852578 1.298350694 23.9047237 3.384639586 0.1697887334 12
18000 23.94038948 23.89312957 23.81694777 0.3678497124 0.3258271665 0.04202254587 1.006036115 0.0001144077601 1.676165095e-05 5.686066252e-05 1969.865651 8030.134349 7.870268095e-13 2.112471908e-07 0 1.000852578 1.298350694 23.9047237 3.384639586 0.1697887334 12
18500 23.94038948 23.89312957 23.81694777 0.3678497124 0.3258271665 0.04202254587 1.006036115 0.0001144077601 1.676165095e-05 5.686066252e-05 1969.865651 8030.134349 8.392426463e-13 2.114872852e-07 0 1.000852578 1.298350694 23.9047237 3.384639586 0.1697887334 12
19000 23.94038948 23.89312957 23.81694777 0.3678497124 0.3258271665 0.04202254587 1.006036115 0.0001144077601 1.676165095e-05 5.686066252e-05 1969.865651 8030.134349 8.550751708e-13 2.119002741e-07 0 1.000852578 1.298350694 23.9047237 3.384639586 0.1697887334 12
19500 23.94038948 23.89312957 23.81694777 0.3678497124 0.3258271665 0.04202254587 1.006036115 0.0001144077601 1.676165095e-05 5.686066252e-05 1969.865651 8030.134349 6.645095914e-13 2.128850159e-07 0 1.000852578 1.298350694 23.9047237 3.384639586 0.1697887334 12
20000 23.94038948 23.89312957 23.81694777 0.3678497124 0.3258271665 0.04202254587 1.006036115 0.0001144077601 1.676165095e-05 5.686066252e-05 1969.865651 8030.134349 8.128808022e-13 2.128011654e-07 4.81472139e-09 1.000852578 1.298350694 23.9047237 3.384639586 0.1697887334 12
20500 23.94038948 23.89312957 23.81694777 0.3678497124 0.3258271665 0.04202254587 1.006036115 0.0001144077601 1.676165095e-05 5.686066252e-05 1969.865651 8030.134349 1.107537379e-12 2.126287324e-07 1.3897244e-08 1.000852578 1.298350694 23.9047237 3.384639586 0.1697887334 12
21000 23.94038948 23.89312957 23.81694777 0.3678497124 0.3258271665 0.04202254587 1.006036115 0.0001144077601 1.676165095e-05 5.686066252e-05 1969.865651 8030.134349 1.09462915e-12 2.128057944e-07 1.452200893e-08 1.000852578 1.298350694 23.9047237 3.384639586 0.1697887334 12
21500 23.94038948 23.89312957 23.81694777 0.3678497124 0.3258271665 0.04202254587 1.006036115 0.0001144077601 1.676165095e-05 5.686066252e-05 1969.865651 8030.134349 1.225429298e-12 2.119759528e-07 1.325266013e-08 1.000852578 1.298350694 23.9047237 3.384639586 0.1697887334 12
22000 23.94038948 23.89312957 23.81694777 0.3678497124 0.3258271665 0.04202254587 1.006036115 0.0001144077601 1.676165095e-05 5.686066252e-05 1969.865651 8030.134349 1.173081947e-12 2.12003068e-07 1.13577958e-08 1.000852578 1.298350694 23.9047237 3.384639586 0.1697887334 12
22500 23.94038948 23.89312957 23.81694777 0.3678497124 0.3258271665 0.04202254587 1.006036115 0.0001144077601 1.676165095e-05 5.686066252e-05 1969.865651 8030.134349 1.1162152e-12 2.121806521e-07 0 1.000852578 1.298350694 23.9047237 3.384639586 0.1697887334 12
23000 23.94038948 23.89312957 23.81694777 0.3678497124 0.3258271665 0.04202254587 1.006036115 0.0001144077601 1.676165095e-05 5.686066252e-05 1969.865651 8030.134349 1.089698141e-12 2.123272792e-07 0 1.000852578 1.298350694 23.9047237 3.384639586 0.1697887334 12
23500 23.94038948 23.89312957 23.81694777 0.3678497124 0.3258271665 0.04202254587 1.006036115 0.0001144077601 1.676165095e-05 5.686066252e-05 1969.865651 8030.134349 1.185297529e-12 2.118888987e-07 0 1.000852578 1.298350694 23.9047237 3.384639586 0.1697887334 12
24000 23.94038948 23.89312957 23.81694777 0.3678497124 0.3258271665 0.04202254587 1.006036115 0.0001144077601 1.676165095e-05 5.686066252e-05 1969.865651 8030.134349 1.233291107e-12 2.121282668e-07 0 1.000852578 1.298350694 23.9047237 3.384639586 0.1697887334 12
24500 23.94038948 23.89312957 23.81694777 0.3678497124 0.3258271665 0.04202254587 1.006036115 0.0001144077601 1.676165095e-05 5.686066252e-05 1969.865651 8030.134349 1.425302954e-12 2.124056428e-07 0 1.000852578 1.298350694 23.9047237 3.384639586 0.1697887334 12
25000 23.94038948 23.89312957 23.81694777 0.3678497124 0.3258271665 0.04202254587 1.006036115 0.0001144077601 1.676165095e-05 5.686066252e-05 1969.865651 8030.134349 1.413236603e-12 2.131928568e-07 0 1.000852578 1.298350694 23.9047237 3.384639586 0.1697887334 12
25500 23.94038948 23.89312957 23.81694777 0.3678497124 0.3258271665 0.04202254587 1.006036115 0.0001144077601 1.676165095e-05 5.686066252e-05 1969.865651 8030.134349 1.472200138e-12 2.12721777e-07 0 1.000852578 1.298350694 23.9047237 3.384639586 0.1697887334 12
26000 23.94038948 23.89312957 23.81694777 0.3678497124 0.3258271665 0.04202254587 1.006036115 0.0001144077601 1.676165095e-05 5.686066252e-05 1969.865651 8030.134349 1.30638327e-12 2.117334301e-07 0 1.000852578 1.298350694 23.9047237 3.384639586 0.1697887334 12
26500 23.94038948 23.89312957 23.81694777 0.3678497124 0.3258271665 0.04202254587 1.006036115 0.0001144077601 1.676165095e-05 5.686066252e-05 1969.865651 8030.134349 1.232496112e-12 2.123924936e-07 6.297689667e-09 1.000852578 1.298350694 23.9047237 3.384639586 0.1697887334 12
27000 23.94038948 23.89312957 23.81694777 0.3678497124 0.3258271665 0.04202254587 1.006036115 0.0001144077601 1.676165095e-05 5.686066252e-05 1969.865651 8030.134349 1.25382971e-12 2.133099144e-07 1.897966079e-08 1.000852578 1.298350694 23.9047237 3.384639586 0.1697887334 12
27500 23.94038948 23.89312957 23.81694777 0.3678497124 0.3258271665 0.04202254587 1.006036115 0.0001144077601 1.676165095e-05 5.686066252e-05 1969.865651 8030.134349 1.123402431e-12 2.134901299e-07 1.921211076e-08 1.000852578 1.298350694 23.9047237 3.384639586 0.1697887334 12
28000 23.94038948 23.89312957 23.81694777 0.3678497124 0.3258271665 0.04202254587 1.006036115 0.0001144077601 1.676165095e-05 5.686066252e-05 1969.865651 8030.134349 8.73282518e-13 2.130848455e-07 2.364978768e-08 1.000852578 1.298350694 23.9047237 3.384639586 0.1697887334 12
28500 23.94038948 23.89312957 23.81694777 0.3678497124 0.3258271665 0.04202254587 1.006036115 0.0001144077601 1.676165095e-05 5.686066252e-05 1969.865651 8030.134349 8.39478619e-13 2.134798702e-07 2.541648243e-08 1.000852578 1.298350694 23.9047237 3.384639586 0.1697887334 12
29000 23.94038948 23.89312957 23.81694777 0.3678497124 0.3258271665 0.04202254587 1.006036115 0.0001144077601 1.676165095e-05 5.686066252e-05 1969.865651 8030.134349 7.958439996e-13 2.13085743e-07 2.367889284e-08 1.000852578 1.298350694 23.9047237 3.384639586 0.1697887334 12
29500 23.94038948 23.89312957 23.81694777 0.3678497124 0.3258271665 0.04202254587 1.006036115 0.0001144077601 1.676165095e-05 5.686066252e-05 1969.865651 8030.134349 7.573900889e-13 2.135531981e-07 2.550165315e-08 1.000852578 1.298350694 23.9047237 3.384639586 0.1697887334 12
29999 23.94038948 23.89312957 23.81694777 0.3678497124 0.3258271665 0.04202254587 1.006036115 0.0001144077601 1.676165095e-05 5.686066252e-05 1969.865651 8030.134349 8.383768112e-13 2.135420459e-07 3.083998546e-08 1.000852578 1.298350694 23.9047237 3.384639586 0.1697887334 12
