# step v0 Mach sigma R umax_ref urms_ref umax_mean urms_mean umax_lab mean_x mean_y mean_z drop_ux drop_uy x0 y0 x_unwrapped center_dx center_dy axis_ratio mass_R mass_B min_f negative_total negative_color min_rho min_phi max_phi qx qy qz p_in p_out delta_p urms_lab
0 0 0 -1.9032872564151949e-13 20.05062872227014 2.4532694666933983e-17 7.7920275803664954e-18 2.4538444598084869e-17 7.7920252043432332e-18 2.4532694666933983e-17 -2.7105054312137612e-21 -5.4210108624275225e-21 -5.4210108624275223e-22 -1.492208966602943e-20 -6.6573089520660295e-21 40 40 40 0 0 1.0000000000000011 1263.0073070561036 5136.9926929438816 0.023089819040357885 0 0 0.99999999999999956 5.9001773829210557e-21 0.9999999999913638 1.2995047809310271e-16 -5.159630467016699e-17 -1.2944450474051477e-17 0.33333333333333198 0.33333333333334147 -9.4924068605450884e-15 7.7920275803664954e-18
500 0 0 0.12828372914228781 19.922446053750591 0.0015124950024988496 0.0010426249606455531 0.0015124950024988503 0.0010426249606455534 0.0015124950024988496 -7.7357825006842742e-19 -1.1031757105040293e-18 5.4210108624276624e-22 8.3198982234911162e-18 1.6775724578612994e-17 40 39.999999999999559 40 0 -4.4053649617126212e-13 1.0000000000000024 1263.0073070560688 5136.9926929437588 0.023406351575344597 0 0 0.99145676259157522 5.6442193255511108e-18 0.99999999999986511 -4.8103204362479057e-15 2.2907023500273738e-15 -1.2946320621748494e-17 0.33810855670314077 0.33166940114984278 0.0064391555532979927 0.0010426249606455531
1000 0 0 0.094052726627622554 19.947481349760764 0.0021231225601468662 0.00092396648270178178 0.0021231225601468628 0.00092396648270178167 0.0021231225601468662 -2.7159264420763512e-18 2.8796409701216722e-18 3.7947076036994923e-21 -2.1877421930334888e-17 3.5298244619896349e-17 40 39.99999999999941 40 0 -5.8975047068088315e-13 1.0000000000000004 1263.0073070560356 5136.9926929435878 0.023328731490278073 0 0 0.99596240262737412 5.9463016010427395e-18 0.9999999999998751 -1.7510271661455579e-14 2.3303739851449762e-14 3.7395587417522849e-17 0.33716771140601154 0.33245269375649006 0.0047150176495214802 0.00092396648270178178
1500 0 0 0.093268717032839885 19.947838302065186 0.0014476307697253114 0.00053308934854957065 0.0014476307697253081 0.00053308934854957076 0.0014476307697253114 -2.7099633301277565e-18 -1.9033169137984702e-18 8.1315162936419977e-21 5.0978902299445698e-19 9.3814135723854814e-19 40 39.999999999999268 40 0 -7.3185901783290319e-13 1.0000000000000009 1263.0073070560022 5136.9926929434487 0.023333595512917631 0 0 0.99592302942153421 5.7359801172131009e-18 0.99999999999986977 -1.6960418529679555e-14 -1.5477426469363148e-14 3.6956466455121161e-17 0.33717597325313642 0.3325003429607461 0.0046756302923903204 0.00053308934854957065
2000 0 0 0.11082087196974519 19.934550351006742 0.0015630850969382748 0.00029423801416661471 0.0015630850969382813 0.00029423801416661514 0.0015630850969382748 -3.8407861960303352e-18 -5.780423882607123e-18 -1.0842021724856275e-21 5.0701986955889882e-18 3.5401183807074945e-17 40 39.99999999999914 40 0 -8.5975671026972122e-13 1.0000000000000004 1263.0073070559652 5136.9926929432968 0.023358350143550033 0 0 0.99614897694610249 5.8035057648922385e-18 0.99999999999986988 -2.4635679679249362e-14 -3.6964328929830429e-14 -2.7459855087905842e-17 0.33775339090841161 0.33219415480735009 0.0055592361010615154 0.00029423801416661471
2500 0 0 0.095266741527639184 19.946362027103245 0.0015478706979153395 0.00028056525909814689 0.0015478706979153386 0.00028056525909814673 0.0015478706979153395 -2.9235511581075972e-18 -7.06899816460654e-18 -2.7105054312141641e-21 -1.4500872878311296e-17 -5.9968469699442364e-17 40 39.999999999998984 40 0 -1.0160761121369433e-12 1.0000000000000004 1263.007307055934 5136.9926929431704 0.023333988985967242 0 0 0.99600173446211648 5.8272399561658196e-18 0.99999999999987121 -1.8815900104814619e-14 -4.4636116397283546e-14 -4.205015546332738e-17 0.33723388599307946 0.33245773977663207 0.0047761462164473967 0.00028056525909814689
3000 0 0 0.10283862226253357 19.940653140590577 0.0015025685650923474 0.00028970732650451645 0.0015025685650923517 0.00028970732650451651 0.0015025685650923474 -1.3438685927960028e-18 -5.3044591288861991e-18 -5.42101086242841e-22 -1.6958252219329484e-18 -4.5388303526202538e-18 39.999999999999993 39.999999999998849 39.999999999999993 -7.1054273576010019e-15 -1.1510792319313623e-12 1.0000000000000009 1263.0073070558976 5136.9926929430385 0.023347338635964644 0 0 0.9962526858488685 5.772215349572071e-18 0.99999999999986999 -8.5226913552763697e-15 -3.3884501887020742e-14 -2.2562768555332009e-17 0.33748133852661422 0.33232410413025443 0.0051572343963597889 0.00028970732650451645
3500 0 0 0.10120782913231265 19.941893539347451 0.0015496655574679863 0.00028120320989335844 0.0015496655574679856 0.00028120320989335855 0.0015496655574679863 -4.4929338027808222e-18 -5.5673781557141705e-19 -9.215718466128618e-21 -2.9377090876972542e-17 7.9173227789002115e-18 39.999999999999993 39.999999999998685 39.999999999999993 -7.1054273576010019e-15 -1.3145040611561853e-12 1.0000000000000007 1263.0073070558601 5136.9926929428648 0.023343730844189246 0 0 0.99619895024028915 5.8160482790568961e-18 0.99999999999987055 -2.8476196518802035e-14 -3.0752589941251442e-15 -3.8780314892325445e-17 0.33742655595451221 0.33235141958731523 0.0050751363671969751 0.00028120320989335844
4000 0 0 0.099899564156697429 19.942885643032167 0.0015195392687858958 0.00027447882989795275 0.0015195392687859003 0.00027447882989795302 0.0015195392687858958 -5.6514038240819507e-18 2.4421653935241425e-18 -4.3368086899429838e-21 1.0543018642216232e-17 -2.4200729191744378e-17 39.999999999999993 39.999999999998543 39.999999999999993 -7.1054273576010019e-15 -1.4566126083082054e-12 1 1263.0073070558269 5136.9926929427393 0.02334223222683008 0 0 0.9961564492625633 5.8026887515234403e-18 0.99999999999987033 -3.6219996186331871e-14 1.5047294668417942e-14 -2.0947866381917212e-17 0.33738320474579009 0.3323739214382061 0.0050092833075839893 0.00027447882989795275
4500 0 0 0.10166015439466575 19.941552678809099 0.0015273081518288978 0.00027331635569587928 0.0015273081518288919 0.00027331635569587934 0.0015273081518288978 -5.014977148832956e-18 3.2986851097879728e-18 3.2526065174573272e-21 -2.7313580792816999e-17 3.7241038178950906e-17 39.999999999999993 39.999999999998408 39.999999999999993 -7.1054273576010019e-15 -1.5916157281026244e-12 1.0000000000000004 1263.0073070557887 5136.9926929426001 0.023344890467429651 0 0 0.99621418582329591 5.8032111293772738e-18 0.99999999999987033 -3.2064181443619593e-14 2.0914802074506072e-14 9.5649773340082694e-18 0.33744137200236402 0.33234346633613698 0.0050979056662270317 0.00027331635569587928
5000 0 0 0.10051451511633336 19.942419453897916 0.0015300132622373915 0.00027347366393458183 0.0015300132622373883 0.00027347366393458183 0.0015300132622373915 -2.0030635136675389e-18 5.0426243042315153e-18 1.6263032587287191e-21 -1.1963993106938458e-17 1.5713244551975233e-17 39.999999999999993 39.999999999998266 39.999999999999993 -7.1054273576010019e-15 -1.7337242752546445e-12 1.0000000000000002 1263.0073070557585 5136.9926929424473 0.023342990500676338 0 0 0.99617652651323807 5.8070916194624169e-18 0.99999999999987033 -1.2780578385632678e-14 3.2374486934588081e-14 -8.4292137047877334e-18 0.33740355689640061 0.33236332016139969 0.0050402367350009247 0.00027347366393458183
5500 0 0 0.10093722487854467 19.942099526460041 0.0015246332528615172 0.00027342807828638344 0.0015246332528615154 0.00027342807828638338 0.0015246332528615172 -6.076953176783119e-19 3.8359072862548929e-18 -3.7947076037004312e-21 1.017372518724092e-17 5.081594808030456e-17 39.999999999999993 39.999999999998117 39.999999999999993 -7.1054273576010019e-15 -1.8829382497642655e-12 1.0000000000000011 1263.0073070557196 5136.9926929422909 0.023343780945749525 0 0 0.99619044470696405 5.8031854194043179e-18 0.99999999999987033 -4.0609874455034686e-15 2.5214442892548122e-14 -3.3743895142031376e-17 0.33741754272759295 0.33235602827949701 0.0050615144480959384 0.00027342807828638344
6000 0 0 0.10096123513446299 19.942081221944722 0.0015285777126386362 0.00027335337653479791 0.0015285777126386325 0.00027335337653479759 0.0015285777126386362 -1.8913906899015981e-18 6.0249114725039719e-18 7.0473141211581458e-21 -3.5922221350467147e-18 1.9747138420857233e-17 39.999999999999993 39.999999999997982 39.999999999999993 -7.1054273576010019e-15 -2.0179413695586845e-12 1.0000000000000016 1263.0073070556823 5136.9926929421672 0.02334373643434233 0 0 0.99619118338572266 5.8051349564378519e-18 0.99999999999987033 -1.2327310091491458e-14 3.8287610333903637e-14 5.8161186363089449e-17 0.3374183372196744 0.33235561412619091 0.0050627230934834899 0.00027335337653479791
6500 0 0 0.100788591176085 19.942211926795682 0.0015268601301489085 0.00027331050290808873 0.0015268601301489022 0.00027331050290808873 0.0015268601301489085 -3.7247765635753176e-18 8.9457521251811794e-18 -2.7105054312147558e-21 1.6466262145917173e-17 2.4607672849474996e-17 39.999999999999993 39.999999999997854 39.999999999999993 -7.1054273576010019e-15 -2.1458390619955026e-12 1.0000000000000013 1263.0073070556539 5136.9926929420344 0.023343494616065025 0 0 0.99618553476281102 5.8045009935852101e-18 0.99999999999987033 -2.3786582274474587e-14 5.7145657157047294e-14 6.6311204177238557e-19 0.33741263642512437 0.33235860372573967 0.0050540326993847029 0.00027331050290808873
7000 0 0 0.100938306046178 19.942098609559523 0.0015270097468382626 0.00027331082876982872 0.0015270097468382537 0.00027331082876982905 0.0015270097468382626 -7.6951249192188392e-18 5.9257069737218126e-18 -5.4210108624296154e-21 -3.0698291046946572e-17 -1.1310799418595494e-17 39.999999999999993 39.999999999997698 39.999999999999993 -7.1054273576010019e-15 -2.3021584638627246e-12 1.0000000000000002 1263.0073070556148 5136.9926929418771 0.023343732150685251 0 0 0.99619044837420478 5.8042367034483462e-18 0.99999999999987033 -4.9040578402816153e-14 3.7873638306935487e-14 -2.6749725240639329e-17 0.33741758167169655 0.33235601277554278 0.0050615688961537786 0.00027331082876982872
7500 0 0 0.10086286057037658 19.942155702498599 0.0015274850486516867 0.00027331346085923106 0.0015274850486516767 0.00027331346085923079 0.0015274850486516867 -8.6660279646802507e-18 5.296869713680141e-18 -8.1315162936446744e-21 -5.6207088505455344e-19 2.4277944127329431e-17 39.999999999999986 39.999999999997549 39.999999999999986 -1.4210854715202004e-14 -2.4513724383723456e-12 1.0000000000000011 1263.0073070555864 5136.9926929417334 0.02334360098209658 0 0 0.99618796650991448 5.8046602851687143e-18 0.99999999999987033 -5.5705047051991246e-14 3.4042918197511198e-14 -4.7476520150050781e-17 0.33741508873625692 0.33235731754666886 0.0050577711895880562 0.00027331346085923106
8000 0 0 0.10087842491270307 19.942143934802139 0.0015269961827353848 0.00027331043707773189 0.0015269961827353773 0.00027331043707773167 0.0015269961827353848 -6.878178582251136e-18 2.8080836267387201e-18 2.1684043449719847e-21 1.0010997260866458e-17 1.9299532349648065e-17 39.999999999999986 39.999999999997421 39.999999999999986 -1.4210854715202004e-14 -2.5792701308091637e-12 1.0000000000000024 1263.0073070555584 5136.9926929416006 0.023343636207071507 0 0 0.99618848293150375 5.8043707700002668e-18 0.99999999999987033 -4.3953827195897365e-14 1.7710100286240024e-14 2.6607998607611062e-17 0.33741560326670555 0.33235704861769139 0.0050585546490141686 0.00027331043707773189
8500 0 0 0.10089113885282655 19.942134305471459 0.0015272738939389478 0.00027331116049361182 0.001527273893938953 0.00027331116049361166 0.0015272738939389478 -7.2045234361696439e-18 5.3602955407709129e-18 1.0842021724860262e-21 -1.1678414337360343e-17 -1.7852520011837304e-17 39.999999999999986 39.999999999997272 39.999999999999986 -1.4210854715202004e-14 -2.7284841053187847e-12 1 1263.007307055517 5136.9926929414451 0.02334365084271655 0 0 0.99618889723576232 5.80449387637663e-18 0.99999999999987033 -4.6059334123370716e-14 3.4516782335992924e-14 1.5903743939118575e-17 0.33741602296285272 0.33235682832965113 0.0050591946332015914 0.00027331116049361182
9000 0 0 0.10087391892475181 19.942147340711738 0.0015271940096084485 0.00027331056384859978 0.0015271940096084377 0.00027331056384859983 0.0015271940096084485 -8.7961322253793282e-18 7.5064737412071709e-18 -3.7947076037011768e-21 -2.7297274713240669e-17 2.8530492784425422e-17 39.999999999999986 39.999999999997144 39.999999999999986 -1.4210854715202004e-14 -2.8563817977556027e-12 1.0000000000000002 1263.007307055482 5136.9926929413195 0.023343624831998779 0 0 0.99618833283435415 5.8044890907742584e-18 0.99999999999987033 -5.6032042533091993e-14 4.8345560923358365e-14 -3.5245541020271028e-17 0.33741545419556468 0.33235712636349524 0.0050583278320694425 0.00027331056384859978
9500 0 0 0.10088514987528924 19.942138840924468 0.0015271677861939485 0.0002733105304038231 0.0015271677861939499 0.0002733105304038231 0.0015271677861939485 -4.1140051434984013e-18 8.7955901242932615e-18 0 -2.3773230492035263e-17 8.5040397929072285e-20 39.999999999999979 39.999999999997002 39.999999999999979 -2.1316282072803006e-14 -2.9984903449076228e-12 1.000000000000002 1263.0073070554458 5136.9926929411995 0.023343643431133279 0 0 0.99618870181512131 5.8044507953336114e-18 0.99999999999987033 -2.6401231347821047e-14 5.6405357125830085e-14 1.1374582849831574e-17 0.33741582522428909 0.33235693205941669 0.0050588931648724023 0.0002733105304038231
10000 0 0 0.10088101799622574 19.942141966956179 0.0015272203753667897 0.00027331074394517849 0.0015272203753667792 0.00027331074394517838 0.0015272203753667897 -7.048398323332203e-18 1.1329912702479852e-17 6.5052130349166616e-21 -1.500722765563813e-17 -1.3292078452521102e-17 39.999999999999979 39.999999999996881 39.999999999999979 -2.1316282072803006e-14 -3.1192826099868398e-12 1.0000000000000004 1263.0073070554129 5136.992692941024 0.023343635691795372 0 0 0.99618856558722579 5.804488921766548e-18 0.99999999999987033 -4.5055145925630854e-14 7.2399521188074768e-14 3.38770457660489e-17 0.33741568868298888 0.33235700350446673 0.0050586851785221487 0.00027331074394517849
10500 0 0 0.10088078719699396 19.942142142572475 0.0015271815639841325 0.00027331055447433111 0.0015271815639841375 0.00027331055447433095 0.0015271815639841325 -6.9096204452541762e-18 5.1309867812906622e-18 7.0473141211599153e-21 4.2650962142272222e-18 2.0881353274363845e-17 39.999999999999979 39.999999999996717 39.999999999999979 -2.1316282072803006e-14 -3.2827074392116629e-12 1.0000000000000002 1263.0073070553756 5136.9926929408512 0.023343636131045561 0 0 0.99618855844151488 5.8044676107275403e-18 0.99999999999987033 -4.4388577371195581e-14 3.247929190602991e-14 2.5469209060772858e-17 0.33741568109682157 0.33235700753628999 0.0050586735605315791 0.00027331055447433111
11000 0 0 0.10088247661017449 19.942140863496455 0.0015271983147502825 0.00027331063948621954 0.0015271983147502821 0.0002733106394862197 0.0015271983147502825 -1.7845967759122401e-18 6.7057904368269766e-18 6.5052130349170347e-21 2.7588244216108505e-18 -3.0838864370289393e-18 39.999999999999972 39.999999999996568 39.999999999999972 -2.8421709430404007e-14 -3.4319214137212839e-12 1 1263.0073070553369 5136.9926929407402 0.023343638496733602 0 0 0.99618861371523693 5.8044743010560308e-18 0.99999999999987033 -1.1505593956487686e-14 4.2487399688736406e-14 7.2397065834929755e-17 0.33741573688863213 0.3323569782879025 0.0050587586007296292 0.00027331063948621954
11500 0 0 0.1008810111382859 19.942141972708093 0.0015271968462462393 0.00027331062306290116 0.001527196846246228 0.00027331062306290137 0.0015271968462462393 -5.4670894547616718e-18 1.0274983988651733e-17 -7.047314121160311e-21 5.5665643927824543e-18 -2.7573506864945201e-17 39.999999999999979 39.99999999999644 39.999999999999979 -2.1316282072803006e-14 -3.5598191061581019e-12 1.0000000000000004 1263.0073070553117 5136.9926929406156 0.023343636171905512 0 0 0.99618856562300917 5.804474708650817e-18 0.99999999999987033 -3.4828300936960558e-14 6.6170495266202668e-14 -1.2537696136992957e-17 0.3374156884798345 0.33235700364666326 0.0050586848331712342 0.00027331062306290116
12000 0 0 0.10088174971640956 19.942141413810127 0.0015271922003372506 0.00027331060651563234 0.0015271922003372478 0.00027331060651563228 0.0015271922003372506 -2.1141942363481558e-18 1.5793573046606967e-17 0 1.3818766047445497e-17 3.197774158106375e-17 39.999999999999972 39.999999999996305 39.999999999999972 -2.8421709430404007e-14 -3.694822225952521e-12 1.0000000000000009 1263.0073070552655 5136.9926929404392 0.023343637456036587 0 0 0.99618858992071746 5.8044704487198611e-18 0.99999999999987033 -1.3517005562184998e-14 1.0081975337978387e-13 -2.5892227356404475e-17 0.33741571288239175 0.33235699087139708 0.0050587220109946651 0.00027331060651563234
12500 0 0 0.10088159710657223 19.942141529201304 0.001527196982737888 0.00027331062750488976 0.0015271969827378828 0.00027331062750488998 0.001527196982737888 -7.7466245224143396e-19 1.3732504716710991e-17 -1.246832498359201e-20 -1.450522074029593e-17 5.266606428199126e-17 39.999999999999972 39.999999999996163 39.999999999999972 -2.8421709430404007e-14 -3.836930773104541e-12 1.0000000000000009 1263.007307055233 5136.9926929403173 0.023343637110896143 0 0 0.99618858485762962 5.8044734491411506e-18 0.99999999999987033 -5.0767086982693574e-15 8.7797075666590057e-14 -7.0152183984215951e-17 0.33741570783646352 0.33235699350737047 0.0050587143290930503 0.00027331062750488976
13000 0 0 0.10088147277370632 19.942141623371064 0.0015271942622488311 0.00027331061408479904 0.0015271942622488302 0.00027331061408479893 0.0015271942622488311 4.4186659539678914e-18 1.6671776806321744e-17 -5.4210108624314701e-22 7.8775829935141946e-18 -4.0404683349515529e-17 39.999999999999979 39.999999999996028 39.999999999999979 -2.1316282072803006e-14 -3.97193389289896e-12 1 1263.007307055198 5136.9926929401063 0.02334363696785028 0 0 0.99618858080625472 5.8044721422208984e-18 0.99999999999987033 2.819767218047056e-14 1.0724596865780356e-13 4.3114636361059782e-18 0.33741570373188129 0.33235699566135596 0.0050587080705253307 0.00027331061408479904
13500 0 0 0.10088164128659211 19.942141495809381 0.0015271950445101628 0.00027331061877729912 0.0015271950445101669 0.00027331061877729885 0.0015271950445101628 9.8776238924366073e-18 1.7108710281834108e-17 -3.7947076037021157e-21 1.1774071055049549e-17 6.7415335533913814e-17 39.999999999999979 39.9999999999959 39.999999999999979 -2.1316282072803006e-14 -4.0998315853357781e-12 1.0000000000000009 1263.0073070551637 5136.9926929400299 0.023343637222372079 0 0 0.99618858632947305 5.8044721261191411e-18 0.99999999999987033 6.3104862483885713e-14 1.0978747411508581e-13 -2.6712860680943923e-17 0.33741570929774861 0.33235699274477504 0.0050587165529735745 0.00027331061877729912
14000 0 0 0.10088153134602913 19.94214157901423 0.0015271953007540767 0.00027331061924673291 0.0015271953007540808 0.00027331061924673275 0.0015271953007540767 1.0483150805770567e-17 1.936547710386503e-17 -3.7947076037022428e-21 2.8783565336831159e-17 -1.0635684128674113e-17 39.999999999999986 39.999999999995765 39.999999999999986 -1.4210854715202004e-14 -4.2348347051301971e-12 1.0000000000000007 1263.007307055133 5136.9926929398516 0.023343637040311394 0 0 0.9961885827174628 5.8044724742072403e-18 0.99999999999987033 6.705157650602559e-14 1.2444375974032633e-13 3.4641092882745189e-18 0.33741570566572882 0.33235699464683854 0.0050587110188902717 0.00027331061924673291
14500 0 0 0.10088157181359232 19.942141548397853 0.0015271947861566428 0.00027331061713528246 0.0015271947861566495 0.00027331061713528263 0.0015271947861566428 1.2068796483032182e-17 1.5566974792559499e-17 -1.6263032587295758e-21 1.5396156861063718e-17 5.88570323484633e-18 39.999999999999986 39.99999999999563 39.999999999999986 -1.4210854715202004e-14 -4.3698378249246161e-12 1.000000000000002 1263.0073070550989 5136.9926929397243 0.023343637116098777 0 0 0.99618858405162847 5.8044720831840459e-18 0.99999999999987033 7.7302273201336738e-14 9.9440200840711097e-14 2.0503428665828895e-17 0.33741570700301715 0.33235699394711182 0.0050587130559053284 0.00027331061713528246
15000 0 0 0.10088155650299047 19.942141546691847 0.001527195166038963 0.00027331061890160208 0.0015271951660389721 0.00027331061890160241 0.001527195166038963 1.4525056504800524e-17 1.5289961137489692e-17 -1.4636729328566625e-20 2.3507546083468415e-17 2.1669988046290912e-17 40 39.999999999995502 40 0 -4.4977355173614342e-12 1.0000000000000007 1263.0073070550654 5136.992692939586 0.023343637111770246 0 0 0.99618858412097233 5.8044722758292469e-18 0.99999999999987033 9.3197544835228695e-14 9.8240056891049652e-14 -7.233391895137439e-17 0.33741570707669899 0.33235699478811204 0.0050587122885869529 0.00027331061890160208
15500 0 0 0.10088155752695936 19.942141559205812 0.0015271950020044178 0.00027331061803715056 0.0015271950020044028 0.00027331061803715099 0.0015271950020044178 1.6477704617448993e-17 1.5982766325708933e-17 -3.794707603702558e-21 2.9830007466471601e-17 1.4367758106130342e-17 40.000000000000007 39.999999999995353 40.000000000000007 7.1054273576010019e-15 -4.6469494918710552e-12 1.0000000000000016 1263.0073070550277 5136.9926929394242 0.023343637088627425 0 0 0.9961885835801696 5.8044722232434669e-18 0.99999999999987033 1.053995894476122e-13 1.0205808839067579e-13 3.648672788427495e-18 0.33741570653084707 0.33235699419408754 0.0050587123367595299 0.00027331061803715056
16000 0 0 0.10088157187047042 19.942141548349245 0.0015271950164375972 0.0002733106181969071 0.0015271950164376113 0.00027331061819690694 0.0015271950164375972 1.9971546118287111e-17 1.562118490118513e-17 2.7105054312161875e-21 -3.3403161961605897e-17 -2.9112468830353252e-18 40.000000000000014 39.999999999995218 40.000000000000014 1.4210854715202004e-14 -4.7819526116654743e-12 1.0000000000000004 1263.0073070549995 5136.9926929392705 0.023343637111379947 0 0 0.99618858405084898 5.8044722005651026e-18 0.99999999999987033 1.2820361387053999e-13 9.9975363244808179e-14 1.3273145550704801e-17 0.33741570700464568 0.33235699394587587 0.0050587130587698148 0.0002733106181969071
16500 0 0 0.10088156463909988 19.942141553821354 0.0015271950618837176 0.00027331061835961256 0.0015271950618837335 0.00027331061835961256 0.0015271950618837176 2.1054664088601737e-17 1.3164382778331178e-17 -3.7947076037027769e-21 5.8206496958587717e-17 1.9602072856775817e-17 40.000000000000021 39.999999999995083 40.000000000000021 2.1316282072803006e-14 -4.9169557314598933e-12 1.0000000000000011 1263.0073070549622 5136.9926929391304 0.023343637098807171 0 0 0.9961885838129243 5.8044722398376822e-18 0.99999999999987033 1.3494821787163509e-13 8.4098198048585803e-14 -5.3393389655701199e-17 0.33741570676571248 0.33235699407094832 0.0050587126947641559 0.00027331061835961256
17000 0 0 0.10088156613498014 19.942141552690277 0.0015271950150785251 0.00027331061815339189 0.0015271950150785396 0.00027331061815339194 0.0015271950150785251 1.8437942145306081e-17 9.8749133870073958e-18 -1.1926223897351928e-20 5.2484067461686635e-18 2.7938255615459341e-17 40.000000000000036 39.999999999994941 40.000000000000036 3.5527136788005009e-14 -5.0590642786119133e-12 1.0000000000000004 1263.0073070549211 5136.9926929389703 0.023343637102187932 0 0 0.9961885838625234 5.8044722109799385e-18 0.99999999999987033 1.1791692026351273e-13 6.3305721415062653e-14 -8.5687036622605491e-17 0.33741570681516336 0.33235699404510127 0.0050587127700620904 0.00027331061815339189
17500 0 0 0.10088156735077337 19.942141551769513 0.0015271950417118159 0.0002733106182841644 0.0015271950417118307 0.00027331061828416456 0.0015271950417118159 2.0320117116743211e-17 1.5266108689697085e-17 -9.2157184661358071e-21 3.2998814739762594e-17 2.2964795297583522e-17 40.000000000000043 39.999999999994806 40.000000000000043 4.2632564145606011e-14 -5.1940673984063324e-12 1.0000000000000007 1263.0073070548906 5136.9926929388157 0.023343637103585207 0 0 0.9961885839021104 5.8044722231165081e-18 0.99999999999987033 1.2984769804158829e-13 9.7411604402278041e-14 -3.3008912145620537e-17 0.33741570685528904 0.33235699402402735 0.0050587128312616914 0.0002733106182841644
18000 0 0 0.10088156570166804 19.942141553017823 0.0015271950340484087 0.00027331061823810147 0.0015271950340484187 0.00027331061823810077 0.0015271950340484087 1.5963792787692795e-17 1.7300071965282537e-17 1.6263032587299098e-21 1.9147569800442874e-17 -5.6000653807689072e-18 40.00000000000005 39.999999999994671 40.00000000000005 4.9737991503207013e-14 -5.3290705182007514e-12 1.0000000000000004 1263.0073070548515 5136.9926929387202 0.0233436371010938 0 0 0.99618858384803155 5.8044722221454835e-18 0.99999999999987033 1.0203834555152656e-13 1.1103541786773138e-13 1.7426829640374443e-18 0.33741570680081223 0.33235699405256169 0.0050587127482505378 0.00027331061823810147
18500 0 0 0.10088156677788429 19.942141552203299 0.0015271950315445726 0.00027331061823355628 0.0015271950315445758 0.00027331061823355622 0.0015271950315445726 8.6877120081353368e-18 1.6183885828707874e-17 -1.0842021724866263e-20 8.8207241464797067e-19 -9.835738813160173e-18 40.000000000000057 39.999999999994536 40.000000000000057 5.6843418860808015e-14 -5.4640736379951704e-12 1.000000000000002 1263.0073070548185 5136.9926929385419 0.023343637102875056 0 0 0.99618858388336085 5.8044722184363519e-18 0.99999999999987033 5.5453864063694414e-14 1.0370055968526106e-13 -4.0399579153966354e-17 0.3374157068363568 0.33235699403393271 0.0050587128024240924 0.00027331061823355628
19000 0 0 0.10088156638156444 19.942141552503127 0.001527195036580062 0.00027331061825421852 0.00152719503658006 0.00027331061825421862 0.001527195036580062 4.5346755864254821e-18 2.0477326431755669e-17 4.8789097761899991e-21 -1.6293321089308915e-17 2.7937910933000995e-17 40.000000000000057 39.999999999994394 40.000000000000057 5.6843418860808015e-14 -5.6061821851471905e-12 1.0000000000000007 1263.0073070547851 5136.9926929383946 0.023343637102132098 0 0 0.99618858387026565 5.8044722221213138e-18 0.99999999999987033 2.9269731818019819e-14 1.3120561698199383e-13 4.6550267158728518e-17 0.33741570682325017 0.33235699404077562 0.0050587127824745504 0.00027331061825421852
19500 0 0 0.10088156635977719 19.942141552519725 0.0015271950328616737 0.00027331061823693389 0.0015271950328616696 0.0002733106182369346 0.0015271950328616737 3.7144766429394186e-18 2.5181137557089745e-17 -8.131516293650216e-21 -9.9178722968755019e-18 4.6340713757666421e-17 40.000000000000057 39.999999999994266 40.000000000000057 5.6843418860808015e-14 -5.7340798775840085e-12 1.000000000000002 1263.007307054751 5136.9926929382518 0.023343637102173916 0 0 0.99618858386956355 5.8044722201112932e-18 0.99999999999987033 2.370127020459682e-14 1.6111841621356911e-13 -7.2134151006332606e-17 0.3374157068225252 0.33235699404114738 0.0050587127813778165 0.00027331061823693389
20000 0 0 0.10088156652150869 19.942141552397274 0.0015271950344679527 0.00027331061824539777 0.0015271950344679494 0.00027331061824539761 0.0015271950344679527 4.739047695939424e-18 2.5261368517854176e-17 1.8973538018517482e-20 1.046405659490166e-17 4.0227889670774997e-17 40.000000000000057 39.999999999994131 40.000000000000057 5.6843418860808015e-14 -5.8690829973784275e-12 1.0000000000000018 1263.0073070547114 5136.992692938089 0.023343637102399492 0 0 0.99618858387482656 5.8044722205776948e-18 0.99999999999987033 3.0258741039761096e-14 1.6173054315799644e-13 1.0846949445903514e-16 0.33741570682785582 0.33235699403833691 0.0050587127895189155 0.00027331061824539777
20500 0 0 0.10088156638112494 19.942141552503561 0.0015271950343263081 0.00027331061824383658 0.0015271950343263079 0.0002733106182438362 0.0015271950343263081 7.3861273000660501e-18 2.3522850334272739e-17 -1.3552527156084496e-20 2.1027899184080847e-17 1.4856282568893315e-17 40.000000000000064 39.999999999993996 40.000000000000064 6.3948846218409017e-14 -6.0040861171728466e-12 1.0000000000000004 1263.0073070546725 5136.9926929379744 0.023343637102175983 0 0 0.99618858387019127 5.8044722208503888e-18 0.99999999999987033 4.73420818609402e-14 1.5089497218129605e-13 -7.6607846293239914e-17 0.33741570682320893 0.33235699404075653 0.0050587127824524014 0.00027331061824383658
21000 0 0 0.10088156645192843 19.942141552449979 0.0015271950338817308 0.00027331061824225261 0.0015271950338817306 0.00027331061824225272 0.0015271950338817308 5.6074936361016548e-18 1.8404331877963184e-17 -4.3368086899471426e-21 -1.3540699354114036e-17 3.3467662917657242e-17 40.000000000000064 39.999999999993868 40.000000000000064 6.3948846218409017e-14 -6.1319838096096646e-12 1.0000000000000009 1263.0073070546405 5136.9926929378144 0.023343637102298226 0 0 0.99618858387249154 5.804472220452145e-18 0.99999999999987033 3.5996773782093682e-14 1.1735221006465402e-13 -1.9634799745545991e-17 0.33741570682553851 0.33235699403952207 0.0050587127860164394 0.00027331061824225261
21500 0 0 0.10088156643728551 19.942141552461042 0.0015271950343398821 0.00027331061824428397 0.0015271950343398808 0.0002733106182442837 0.0015271950343398821 3.4515576161117708e-18 1.5216777490852426e-17 -1.6263032587302201e-21 4.0854584068033908e-18 -2.36667465604362e-18 40.000000000000064 39.999999999993726 40.000000000000064 6.3948846218409017e-14 -6.2740923567616846e-12 1.0000000000000004 1263.0073070546071 5136.9926929376643 0.023343637102264319 0 0 0.99618858387197662 5.8044722207304766e-18 0.99999999999987033 2.2109226275372504e-14 9.7087617916386909e-14 -4.3369387026801531e-19 0.33741570682504479 0.33235699403976543 0.0050587127852793623 0.00027331061824428397
22000 0 0 0.1008815664253767 19.942141552470098 0.0015271950340792508 0.00027331061824301784 0.0015271950340792484 0.00027331061824301773 0.0015271950340792508 1.1958749962529924e-18 1.2280758007758519e-17 -1.0842021724868472e-21 -3.7862838669851536e-17 2.7752352960054087e-17 40.000000000000064 39.999999999993591 40.000000000000064 6.3948846218409017e-14 -6.4090954765561037e-12 1.0000000000000002 1263.0073070545757 5136.9926929375142 0.023343637102249799 0 0 0.99618858387156084 5.8044722206192649e-18 0.99999999999987033 7.2760399102105152e-15 7.8458137851862141e-14 2.7676684288442745e-17 0.33741570682464256 0.33235699403996266 0.0050587127846798974 0.00027331061824301784
22500 0 0 0.10088156644149947 19.942141552457894 0.0015271950341543489 0.00027331061824347017 0.0015271950341543493 0.00027331061824347039 0.0015271950341543489 3.6445456028146379e-18 1.026631037127824e-17 5.9631119486778247e-21 2.8517103568648301e-17 9.8811196738726036e-18 40.000000000000064 39.999999999993449 40.000000000000064 6.3948846218409017e-14 -6.5512040237081237e-12 1.0000000000000011 1263.0073070545404 5136.9926929373623 0.02334363710227334 0 0 0.99618858387206111 5.8044722206223225e-18 0.99999999999987033 2.3285152749052393e-14 6.6007119382591413e-14 4.881692122458195e-17 0.33741570682516575 0.33235699403967428 0.0050587127854914704 0.00027331061824347017
23000 0 0 0.10088156643098556 19.942141552465866 0.0015271950341788694 0.00027331061824351202 0.0015271950341788673 0.00027331061824351153 0.0015271950341788694 1.5867298794345884e-18 1.1604757953213609e-17 -1.4094628242329791e-20 -6.2282792723717316e-18 -4.9366682189454048e-18 40.000000000000064 39.999999999993328 40.000000000000064 6.3948846218409017e-14 -6.6719962887873407e-12 1.0000000000000007 1263.0073070545066 5136.9926929372114 0.023343637102255121 0 0 0.99618858387168674 5.8044722206597872e-18 0.99999999999987033 9.9058808321402528e-15 7.4345433698033318e-14 -8.6360773011727754e-17 0.33741570682480904 0.33235699403984681 0.0050587127849622271 0.00027331061824351202
23500 0 0 0.10088156643485881 19.942141552462985 0.0015271950341295163 0.00027331061824329859 0.0015271950341295185 0.00027331061824329865 0.0015271950341295163 4.0207637566678243e-18 6.0975530180665614e-18 -7.0473141211651228e-21 -1.5376525411240918e-17 7.7564270393018396e-17 40.000000000000064 39.9999999999932 40.000000000000064 6.3948846218409017e-14 -6.7998939812241588e-12 1.0000000000000004 1263.0073070544718 5136.9926929370504 0.023343637102261533 0 0 0.99618858387178666 5.8044722206242638e-18 0.99999999999987033 2.5547015132694473e-14 3.9041913558472607e-14 -1.1438283564118519e-17 0.33741570682492722 0.33235699403977004 0.0050587127851571823 0.00027331061824329859
24000 0 0 0.10088156643508694 19.942141552462786 0.0015271950341659325 0.00027331061824348388 0.001527195034165933 0.00027331061824348372 0.0015271950341659325 7.9743069786416949e-19 9.9583969542928576e-19 4.3368086899478964e-21 -5.7364409090069033e-19 -5.7532118748911516e-17 40.000000000000064 39.999999999993072 40.000000000000064 6.3948846218409017e-14 -6.9277916736609768e-12 1.000000000000002 1263.007307054437 5136.9926929369203 0.023343637102260312 0 0 0.99618858387176479 5.804472220643188e-18 0.99999999999987033 4.958449243735105e-15 6.4810725032720504e-15 4.3062306069335977e-17 0.33741570682492511 0.33235699403975644 0.0050587127851686731 0.00027331061824348388
24500 0 0 0.10088156643349243 19.942141552464015 0.0015271950341502207 0.00027331061824340609 0.001527195034150222 0.00027331061824340598 0.0015271950341502207 -1.6805133673548478e-20 -4.4766707701988176e-18 1.6263032587304979e-21 -3.5689673020763535e-17 -2.5686912814702225e-17 40.000000000000064 39.99999999999293 40.000000000000064 6.3948846218409017e-14 -7.0699002208129968e-12 1.0000000000000004 1263.0073070544006 5136.9926929367502 0.023343637102257276 0 0 0.99618858387168496 5.8044722206381205e-18 0.99999999999987033 -1.3534943281479398e-16 -2.9014595372924849e-14 -1.0822212657102563e-17 0.33741570682486283 0.33235699403977442 0.0050587127850884039 0.00027331061824340609
25000 0 0 0.10088156643487534 19.942141552462971 0.0015271950341517293 0.00027331061824341742 0.0015271950341517312 0.00027331061824341748 0.0015271950341517293 -7.0202090668535083e-19 -8.2388523087289294e-18 -5.4210108624351423e-22 1.6121873025079315e-17 -4.6602181442517187e-17 40.000000000000064 39.999999999992781 40.000000000000064 6.3948846218409017e-14 -7.2191141953226179e-12 1.0000000000000011 1263.0073070543672 5136.9926929366065 0.023343637102258629 0 0 0.99618858387170139 5.8044722206352347e-18 0.99999999999987033 -4.6063820076033823e-15 -5.2476242345641036e-14 1.6256950323409569e-17 0.33741570682489963 0.33235699403974162 0.0050587127851580149 0.00027331061824341742
25500 0 0 0.10088156643415626 19.942141552463504 0.0015271950341560821 0.00027331061824344138 0.0015271950341560878 0.00027331061824344171 0.0015271950341560821 -8.673617379896457e-20 -1.809153955120528e-17 4.8789097761917573e-21 1.3689912026232331e-17 -9.2708661237393437e-17 40.000000000000064 39.999999999992625 40.000000000000064 6.3948846218409017e-14 -7.3754335971898399e-12 1.0000000000000009 1263.0073070543338 5136.9926929364756 0.023343637102256606 0 0 0.99618858387164977 5.8044722206385288e-18 0.99999999999987033 -6.0719395027396704e-16 -1.1570504284587895e-13 4.1333911110891673e-17 0.33741570682486649 0.33235699403974467 0.0050587127851218217 0.00027331061824344138
26000 0 0 0.10088156643431839 19.942141552463386 0.0015271950341515447 0.00027331061824342306 0.0015271950341515491 0.00027331061824342279 0.0015271950341515447 -5.9631119486789777e-20 -1.4686602628510079e-17 7.5894152074096089e-21 -2.7973268205947974e-17 -3.435279141654513e-17 40.000000000000064 39.999999999992482 40.000000000000064 6.3948846218409017e-14 -7.51754214434186e-12 1.0000000000000016 1263.0073070542971 5136.9926929363264 0.023343637102256135 0 0 0.99618858387162657 5.8044722206350151e-18 0.99999999999987033 -1.0371884524723793e-15 -9.380527053690508e-14 4.2544527120419492e-17 0.33741570682486249 0.33235699403973251 0.0050587127851299818 0.00027331061824342306
26500 0 0 0.10088156643439894 19.942141552463333 0.0015271950341543771 0.00027331061824344084 0.0015271950341543769 0.00027331061824344079 0.0015271950341543771 -2.0383000842757958e-19 -4.9276988739539852e-19 -2.7105054312178136e-21 1.2127065652526248e-17 -4.6005779707178545e-17 40.000000000000064 39.999999999992347 40.000000000000064 6.3948846218409017e-14 -7.652545264136279e-12 1.0000000000000009 1263.0073070542603 5136.9926929361691 0.023343637102255396 0 0 0.99618858387160059 5.8044722206357401e-18 0.99999999999987033 -1.0315503927259403e-15 -3.1216384816754004e-15 -1.3328145976985185e-17 0.33741570682485578 0.33235699403972174 0.0050587127851340341 0.00027331061824344084
27000 0 0 0.10088156643428429 19.942141552463429 0.0015271950341530205 0.00027331061824343661 0.0015271950341530186 0.00027331061824343656 0.0015271950341530205 1.6127507315746465e-18 1.086262156614883e-17 -5.4210108624357865e-22 4.4763756889938804e-18 -6.4485143328152268e-17 40.000000000000064 39.999999999992227 40.000000000000064 6.3948846218409017e-14 -7.773337529215496e-12 1.0000000000000002 1263.0073070542301 5136.9926929360145 0.023343637102254417 0 0 0.99618858387156917 5.8044722206348064e-18 0.99999999999987033 1.0289689327642407e-14 6.9513537532673832e-14 2.0800009998137991e-17 0.3374157068248429 0.33235699403971464 0.0050587127851282609 0.00027331061824343661
27500 0 0 0.10088156643435371 19.942141552463365 0.0015271950341536008 0.00027331061824344865 0.0015271950341535906 0.00027331061824344886 0.0015271950341536008 6.0552691333409196e-19 3.5121645175549825e-17 -3.7947076037051422e-21 4.4600762033325253e-18 -3.7020031547435341e-17 40.000000000000057 39.99999999999212 40.000000000000057 5.6843418860808015e-14 -7.8799189395795111e-12 1 1263.0073070541935 5136.9926929358917 0.023343637102253793 0 0 0.9961885838715443 5.8044722206343572e-18 0.99999999999987033 3.5663333333176396e-15 2.2483239699077967e-13 -3.6680407298542634e-18 0.33741570682483607 0.33235699403970431 0.0050587127851317581 0.00027331061824344865
28000 0 0 0.10088156643432074 19.942141552463411 0.0015271950341535681 0.00027331061824345298 0.0015271950341535425 0.00027331061824345326 0.0015271950341535681 -6.9318465897970029e-18 6.1686766805832528e-17 -7.0473141211668908e-21 -3.3847636088523924e-17 7.9335348358637314e-17 40.000000000000057 39.999999999992042 40.000000000000057 5.6843418860808015e-14 -7.9580786405131221e-12 1.0000000000000002 1263.0073070541612 5136.9926929357589 0.023343637102252915 0 0 0.99618858387151621 5.8044722206340614e-18 0.99999999999987033 -4.4577880867147841e-14 3.9473613388795004e-13 -4.9248561780997688e-17 0.33741570682482558 0.33235699403969549 0.0050587127851300928 0.00027331061824345298
28500 0 0 0.1008815664343517 19.942141552463404 0.0015271950341533881 0.00027331061824345981 0.0015271950341533655 0.00027331061824346041 0.0015271950341533881 -1.5227619512583292e-18 7.8507621410887321e-17 -5.4210108624362019e-21 1.03801731463511e-16 7.0649122734708821e-17 40.000000000000057 39.999999999991985 40.000000000000057 5.6843418860808015e-14 -8.0149220593739301e-12 1 1263.00730705413 5136.9926929356207 0.023343637102252235 0 0 0.99618858387149023 5.8044722206338126e-18 0.99999999999987033 -1.0195877887635152e-14 5.0239579658709637e-13 -3.9732145962808645e-17 0.33741570682481736 0.33235699403968572 0.0050587127851316471 0.00027331061824345981
29000 0 0 0.10088156643434064 19.942141552463408 0.0015271950341538606 0.00027331061824346654 0.0015271950341538387 0.00027331061824346632 0.0015271950341538606 3.3686161499179423e-18 8.1859974528219978e-17 4.8789097761927075e-21 -7.0853691983185206e-17 1.3193235740779741e-21 40.000000000000057 39.999999999991935 40.000000000000057 5.6843418860808015e-14 -8.0646600508771371e-12 1.0000000000000002 1263.0073070540989 5136.9926929354851 0.023343637102251451 0 0 0.99618858387146347 5.804472220633754e-18 0.99999999999987033 2.111349517883283e-14 5.2371793380161705e-13 5.7032997375971999e-17 0.33741570682480798 0.33235699403967689 0.005058712785131092 0.00027331061824346654
29500 0 0 0.10088156643435839 19.942141552463415 0.001527195034153737 0.0002733106182434674 0.0015271950341537162 0.00027331061824346757 0.001527195034153737 6.1197791626045371e-18 8.6436933999377116e-17 2.7105054312182379e-21 8.6690541110260647e-17 4.5658762726360906e-17 40.00000000000005 39.999999999991893 40.00000000000005 4.9737991503207013e-14 -8.1072926150227431e-12 1.0000000000000002 1263.0073070540641 5136.992692935366 0.023343637102250719 0 0 0.99618858387143661 5.804472220633543e-18 0.99999999999987033 3.9332862592973436e-14 5.5320225610963294e-13 -4.1622370665715555e-18 0.33741570682479988 0.3323569940396679 0.0050587127851319802 0.0002733106182434674
29999 0 0 0.10088156643433967 19.942141552463433 0.0015271950341535709 0.0002733106182434822 0.0015271950341534774 0.00027331061824348242 0.0015271950341535709 1.2369120484821663e-17 9.4134227322953375e-17 -5.4210108624366315e-21 -5.7938054572790815e-17 1.5978927906345737e-16 40.000000000000064 39.999999999991843 40.000000000000064 6.3948846218409017e-14 -8.1570306065259501e-12 1.0000000000000011 1263.0073070540325 5136.9926929352359 0.023343637102249987 0 0 0.99618858387141052 5.8044722206333958e-18 0.99999999999987033 7.9089689432291932e-14 6.0233408392925381e-13 -2.1677469817781705e-17 0.33741570682479061 0.33235699403965957 0.0050587127851310365 0.0002733106182434822
