# 1:passo  2:R0  3:|a2|/R0  4:|a4|/R0  5:|a8|/R0  6:rmin  7:rmax
0 24.99530979 1.096091932e-16 9.52226216e-05 8.27724819e-05 24.98429581 25.00965244
500 24.99497245 3.180440267e-16 3.147658801e-05 6.102795282e-05 24.98710167 25.00711337
1000 24.99459356 2.282207017e-16 3.126198392e-05 5.916921084e-05 24.986759 25.00672742
1500 24.99439203 4.292389858e-16 3.004408209e-05 5.792999428e-05 24.98660069 25.00653453
2000 24.99435117 2.472856254e-16 2.885634167e-05 5.706052084e-05 24.98659249 25.0065019
2500 24.99440362 4.190704197e-16 2.795321162e-05 5.644229524e-05 24.98666588 25.00655912
3000 24.99447953 4.399269354e-16 2.723012903e-05 5.601113005e-05 24.98675661 25.00663871
3500 24.99453469 3.795682644e-16 2.654820004e-05 5.572347285e-05 24.98682544 25.00669893
4000 24.9945559 5.264179169e-16 2.584932144e-05 5.554148205e-05 24.98686117 25.00672725
4500 24.99455094 4.681214412e-16 2.514947289e-05 5.543084452e-05 24.98687123 25.00673072
5000 24.99453489 5.029872402e-16 2.449380648e-05 5.536338241e-05 24.98686941 25.0067232
5500 24.99452014 1.029960681e-15 2.391915671e-05 5.531929492e-05 24.98686702 25.00671608
6000 24.99451246 7.071697302e-16 2.343807017e-05 5.528707626e-05 24.98686945 25.00671473
6500 24.99451176 9.469806918e-16 2.304130743e-05 5.526147829e-05 24.98687684 25.00671913
7000 24.994515 1.166278167e-15 2.270902825e-05 5.524080591e-05 24.98688669 25.00672656
7500 24.99451891 8.495187448e-16 2.242165413e-05 5.52246684e-05 24.98689626 25.00673408
8000 24.99452152 9.936139037e-16 2.21658107e-05 5.521269243e-05 24.98690391 25.00673995
8500 24.99452236 9.099011736e-16 2.193508299e-05 5.520412957e-05 24.98690935 25.00674379
9000 24.99452193 7.97968538e-16 2.172769255e-05 5.519799568e-05 24.9869131 25.0067461
9500 24.99452105 6.967905742e-16 2.154352716e-05 5.519336266e-05 24.98691594 25.00674767
10000 24.99452032 7.985244304e-16 2.138207271e-05 5.518956333e-05 24.98691846 25.0067491
10500 24.99451999 7.906454357e-16 2.124167228e-05 5.518623742e-05 24.98692095 25.00675063
11000 24.99452002 8.14855208e-16 2.111976995e-05 5.518325831e-05 24.98692342 25.00675227
11500 24.99452023 4.822750582e-16 2.101354416e-05 5.518061818e-05 24.98692574 25.00675388
12000 24.99452046 4.759979565e-16 2.092045781e-05 5.517833319e-05 24.98692781 25.00675533
12500 24.9945206 1.888935882e-16 2.083851736e-05 5.517639467e-05 24.98692958 25.00675655
13000 24.99452064 2.423720571e-16 2.0766259e-05 5.517476173e-05 24.98693107 25.00675754
13500 24.99452062 3.378626352e-16 2.070258919e-05 5.517337636e-05 24.98693232 25.00675837
14000 24.99452058 1.894053916e-16 2.064660864e-05 5.517218223e-05 24.9869334 25.00675907
14500 24.99452055 1.107917204e-16 2.059749515e-05 5.51711364e-05 24.98693435 25.00675969
15000 24.99452054 1.441484797e-16 2.055445974e-05 5.517021178e-05 24.9869352 25.00676025
15500 24.99452055 1.970982671e-16 2.051675357e-05 5.516939311e-05 24.98693596 25.00676076
16000 24.99452057 1.817249196e-16 2.048369267e-05 5.516867113e-05 24.98693664 25.00676122
16500 24.99452058 3.6806528e-16 2.045467679e-05 5.516803795e-05 24.98693723 25.00676162
17000 24.99452059 4.039839482e-16 2.042919297e-05 5.51674849e-05 24.98693775 25.00676196
17500 24.9945206 1.298997332e-16 2.040680606e-05 5.516700238e-05 24.9869382 25.00676227
18000 24.9945206 3.688696592e-16 2.038714341e-05 5.516658079e-05 24.9869386 25.00676253
18500 24.9945206 2.357069217e-16 2.036988021e-05 5.516621144e-05 24.98693894 25.00676276
19000 24.9945206 1.8624996e-16 2.035472905e-05 5.516588705e-05 24.98693925 25.00676296
19500 24.9945206 4.988864855e-16 2.034143397e-05 5.516560181e-05 24.98693951 25.00676314
20000 24.99452061 1.836021476e-16 2.032976745e-05 5.516535099e-05 24.98693975 25.00676329
20500 24.99452061 1.351229996e-16 2.031952857e-05 5.516513063e-05 24.98693995 25.00676343
21000 24.99452061 3.932609184e-16 2.031054117e-05 5.516493723e-05 24.98694014 25.00676355
21500 24.99452061 2.04604542e-16 2.03026514e-05 5.51647676e-05 24.9869403 25.00676366
22000 24.99452061 9.853225838e-17 2.029572502e-05 5.516461885e-05 24.98694043 25.00676375
22500 24.99452062 3.59592847e-16 2.028964465e-05 5.516448836e-05 24.98694056 25.00676383
23000 24.99452062 4.749772514e-16 2.028430731e-05 5.516437385e-05 24.98694066 25.0067639
23500 24.99452062 7.065983664e-16 2.027962248e-05 5.516427332e-05 24.98694076 25.00676397
24000 24.99452062 7.235877012e-16 2.027551049e-05 5.516418504e-05 24.98694084 25.00676402
24500 24.99452062 6.051010835e-16 2.027190128e-05 5.516410753e-05 24.98694091 25.00676407
25000 24.99452062 8.990241649e-16 2.026873329e-05 5.516403948e-05 24.98694098 25.00676411
25500 24.99452062 8.151618235e-16 2.02659525e-05 5.516397975e-05 24.98694103 25.00676415
26000 24.99452062 6.746994655e-16 2.026351155e-05 5.516392733e-05 24.98694108 25.00676418
26500 24.99452062 6.742087769e-16 2.026136889e-05 5.516388132e-05 24.98694113 25.00676421
27000 24.99452062 5.354672542e-16 2.02594881e-05 5.516384095e-05 24.98694116 25.00676424
27500 24.99452062 8.114995822e-16 2.025783719e-05 5.51638055e-05 24.9869412 25.00676426
28000 24.99452062 4.945317342e-16 2.025638807e-05 5.516377439e-05 24.98694123 25.00676428
28500 24.99452062 3.682775098e-16 2.025511609e-05 5.516374708e-05 24.98694125 25.0067643
29000 24.99452062 3.787856681e-16 2.025399959e-05 5.516372311e-05 24.98694127 25.00676431
29500 24.99452062 4.749501178e-16 2.025301955e-05 5.516370206e-05 24.98694129 25.00676432
29999 24.99452062 4.384359676e-16 2.025216091e-05 5.516368363e-05 24.98694131 25.00676434
