# 1:passo  2:raio_area  3:raio_grad  4:raio_linha  5:p_in  6:p_out  7:delta_p  8:sigma  9:|u-v0|max  10:|u-v0|rms  11:Ca  12:massa_R  13:massa_B  14:|q|  15:sd_p_in  16:sd_p_out  17:sigma_2pontos  18:K_perfil  19:r_perfil  20:espessura_10_90  21:residuo_ajuste  22:n_camadas
0 25.04052139 25.08111096 25 0.3333333333 0.3333333333 -2.220446049e-16 -5.560112678e-15 2.775557562e-17 7.415369669e-18 0 1969.865651 8030.134349 3.152736325e-16 2.731879552e-08 0 -1.387778781e-15 1.273345395 25.01411833 3.451105388 0.08159937045 12
500 25.03987007 25.07547143 25.00284298 0.3333488757 0.3333311276 1.774809403e-05 0.0004444099684 2.848604965e-05 1.091793353e-05 0.01068309732 1969.865651 8030.134349 3.85671424e-14 9.332938214e-07 8.292858918e-07 0.0004321855565 1.296470961 25.01672436 3.389546921 0.07298882615 12
1000 25.03949214 25.07508365 25.00251834 0.3333625248 0.3333261875 3.633731165e-05 0.0009098678295 2.948041547e-05 1.145784436e-05 0.00540012782 1969.865651 8030.134349 6.612177662e-14 2.154650997e-07 8.315502299e-07 0.00091989063 1.296468873 25.01633215 3.38955238 0.0730237252 12
1500 25.03928909 25.07487232 25.00237404 0.3333698851 0.3333232149 4.667028858e-05 0.001168590848 3.022631434e-05 7.924676358e-06 0.004310934889 1969.865651 8030.134349 3.851741011e-14 2.00707219e-07 1.384540027e-06 0.00123524966 1.296453507 25.01562421 3.389592553 0.07367398312 12
2000 25.03924586 25.07482409 25.00237859 0.3333714511 0.3333226303 4.882081874e-05 0.001222436483 3.118699945e-05 4.926787965e-06 0.004252027253 1969.865651 8030.134349 8.316002141e-14 2.870018326e-07 1.394864958e-06 0.001294637008 1.296251024 25.01606944 3.390122031 0.07590108249 12
2500 25.03929641 25.07487322 25.00246417 0.3333697207 0.3333235495 4.617114897e-05 0.001156093085 3.211553655e-05 4.848160824e-06 0.004629894855 1969.865651 8030.134349 9.389223584e-14 2.074538416e-07 8.751020652e-07 0.001202036745 1.296455207 25.01562642 3.389588111 0.07369841422 12
3000 25.03937146 25.07494932 25.00256646 0.3333671076 0.3333248513 4.225639049e-05 0.001058073458 3.247349228e-05 5.210863508e-06 0.005115191835 1969.865651 8030.134349 8.446159786e-14 8.048724199e-08 2.140084715e-07 0.001069437798 1.296471024 25.01619772 3.389546758 0.07307850377 12
3500 25.03942662 25.07500643 25.00264547 0.3333651796 0.3333257975 3.938206008e-05 0.0009861042034 3.231394177e-05 4.973440185e-06 0.005461549544 1969.865651 8030.134349 9.112523337e-14 8.554400446e-09 2.646250526e-07 0.000972809386 1.296471203 25.0162542 3.389546288 0.07308006158 12
4000 25.03944821 25.07502966 25.0026893 0.333364418 0.3333261558 3.826219779e-05 0.0009580643201 3.200227954e-05 4.668512199e-06 0.005567176592 1969.865651 8030.134349 1.081843819e-13 5.511513624e-08 4.227051542e-07 0.0009360503237 1.296455855 25.01578133 3.389586415 0.07370499712 12
4500 25.03944362 25.07502588 25.00270523 0.3333645665 0.3333260554 3.851111979e-05 0.0009642970128 3.177414429e-05 4.601608764e-06 0.005491763062 1969.865651 8030.134349 1.230933048e-13 4.712717916e-08 3.410042457e-07 0.0009459803439 1.296455858 25.01577634 3.389586408 0.07370821661 12
5000 25.03942772 25.07501003 25.00270739 0.3333651094 0.3333257595 3.93499378e-05 0.0009852999231 3.167579986e-05 4.630876402e-06 0.005358063929 1969.865651 8030.134349 1.17320589e-13 2.346257999e-08 1.626913745e-07 0.0009758491786 1.296455885 25.01575955 3.389586337 0.07371188785 12
5500 25.03941289 25.07499485 25.00270772 0.333365618 0.3333254882 4.012971381e-05 0.001004824473 3.167362747e-05 4.629679165e-06 0.005253592096 1969.865651 8030.134349 1.549521279e-13 1.920927698e-08 0 0.00100329329 1.296252528 25.01623676 3.390118098 0.07592484467 12
6000 25.03940502 25.07498655 25.00271219 0.333365889 0.3333253453 4.054366006e-05 0.001015189125 3.172066996e-05 4.609351735e-06 0.005207678251 1969.865651 8030.134349 1.558950343e-13 7.089551873e-09 7.767485834e-08 0.001017768059 1.296456033 25.01573517 3.389585951 0.07371807042 12
6500 25.03940411 25.07498536 25.00272135 0.3333659209 0.3333253299 4.059103466e-05 0.00101637532 3.177470279e-05 4.600115195e-06 0.005210460835 1969.865651 8030.134349 1.487217593e-13 1.842507951e-08 8.677517643e-08 0.001019349161 1.2964712 25.01622812 3.389546296 0.07309785243 12
7000 25.03940719 25.07498836 25.00273286 0.3333658156 0.333325387 4.042861613e-05 0.001012308581 3.180887504e-05 4.600818212e-06 0.0052370189 1969.865651 8030.134349 1.871093645e-13 5.09058427e-09 6.195717962e-08 0.001013579239 1.296456191 25.01573669 3.389585538 0.07372150627 12
7500 25.03941101 25.07499224 25.00274399 0.3333656846 0.3333254574 4.022723116e-05 0.001007266175 3.181708057e-05 4.601656557e-06 0.005264593306 1969.865651 8030.134349 2.074500172e-13 1.238878437e-08 0 0.001006465894 1.296456246 25.0157404 3.389585394 0.07372259708 12
8000 25.03941358 25.07499491 25.00275308 0.3333655965 0.3333255046 4.009186703e-05 0.00100387684 3.180795564e-05 4.600674923e-06 0.00528085292 1969.865651 8030.134349 2.336788562e-13 1.159001444e-08 0 0.001001693226 1.296456287 25.01574288 3.389585287 0.07372354228 12
8500 25.0394144 25.07499581 25.00275976 0.3333655682 0.3333255196 4.004858996e-05 0.00100279324 3.179381549e-05 4.599805122e-06 0.005284209182 1969.865651 8030.134349 2.867473157e-13 0 2.131856507e-08 0.001000169735 1.296456319 25.01574358 3.389585203 0.0737244382 12
9000 25.03941397 25.07499541 25.00276455 0.3333655832 0.3333255116 4.007151361e-05 0.001003367218 3.178312651e-05 4.599665082e-06 0.005279410825 1969.865651 8030.134349 3.293572247e-13 0 1.057932759e-08 0.001000978957 1.296456347 25.01574299 3.38958513 0.0737253002 12
9500 25.03941307 25.07499451 25.00276826 0.3333656141 0.3333254951 4.011893922e-05 0.001004554691 3.177870154e-05 4.599725707e-06 0.005272435939 1969.865651 8030.134349 3.651876859e-13 1.180101804e-08 3.280314763e-08 0.001002650662 1.296456373 25.01574193 3.389585061 0.07372610305 12
10000 25.03941231 25.07499373 25.00277152 0.33336564 0.3333254812 4.015880364e-05 0.001005552842 3.177933501e-05 4.599684169e-06 0.005267307309 1969.865651 8030.134349 3.762735666e-13 8.206945681e-09 0 0.001004055435 1.296456398 25.01574103 3.389584995 0.07372681776 12
10500 25.03941195 25.07499335 25.00277465 0.3333656524 0.3333254746 4.017773032e-05 0.001006026741 3.178227913e-05 4.599606675e-06 0.00526531384 1969.865651 8030.134349 4.098421695e-13 0 3.753382884e-08 0.00100472241 1.296456422 25.01574055 3.389584934 0.07372743127 12
11000 25.03941195 25.07499334 25.00277767 0.3333656524 0.3333254746 4.017773193e-05 0.001006026781 3.178513297e-05 4.599569546e-06 0.00526578642 1969.865651 8030.134349 4.277609398e-13 1.337776692e-08 0 0.001004722695 1.296456443 25.01574045 3.389584879 0.07372794899 12
11500 25.03941214 25.07499352 25.00278049 0.333365646 0.3333254781 4.016793082e-05 0.001005781375 3.178668885e-05 4.599558862e-06 0.005267329072 1969.865651 8030.134349 3.976857055e-13 0 3.995364963e-08 0.001004377675 1.296456461 25.01574056 3.389584831 0.07372838755 12
12000 25.03941234 25.07499373 25.00278301 0.333365639 0.3333254818 4.015723615e-05 0.001005513594 3.178687759e-05 4.599547762e-06 0.00526876311 1969.865651 8030.134349 3.950809103e-13 1.210025455e-08 1.872247093e-08 0.001004001146 1.296253065 25.01623367 3.390116693 0.07593818008 12
12500 25.03941247 25.07499386 25.00278517 0.3333656347 0.3333254841 4.015064318e-05 0.001005348515 3.178625242e-05 4.599533522e-06 0.005269524605 1969.865651 8030.134349 3.636379842e-13 0 4.353374004e-08 0.001003769036 1.29645649 25.01574077 3.389584757 0.07372909837 12
13000 25.0394125 25.07499389 25.002787 0.3333656336 0.3333254846 4.014898794e-05 0.00100530707 3.178545126e-05 4.599521639e-06 0.005269609024 1969.865651 8030.134349 3.550246935e-13 0 0 0.001003710792 1.296456501 25.01574075 3.389584727 0.07372939451 12
13500 25.03941247 25.07499387 25.00278856 0.3333656347 0.3333254841 4.01505958e-05 0.001005347329 3.178488198e-05 4.599512953e-06 0.00526930363 1969.865651 8030.134349 3.021515068e-13 6.643993507e-09 0 0.001003767448 1.296456511 25.01574068 3.389584701 0.07372965858 12
14000 25.03941242 25.07499382 25.0027899 0.3333656364 0.3333254832 4.015320682e-05 0.001005412705 3.178465891e-05 4.599505663e-06 0.005268924019 1969.865651 8030.134349 3.28028249e-13 1.714141614e-08 0 0.001003859425 1.29645652 25.01574058 3.389584678 0.07372989268 12
14500 25.03941238 25.07499378 25.00279108 0.3333656377 0.3333254825 4.015522263e-05 0.001005463179 3.17846956e-05 4.599498971e-06 0.005268665606 1969.865651 8030.134349 3.16483173e-13 3.417363485e-09 2.983089696e-08 0.001003930442 1.296253118 25.01623347 3.390116556 0.07593950375 12
15000 25.03941236 25.07499376 25.00279213 0.3333656383 0.3333254822 4.015606966e-05 0.001005484387 3.178483829e-05 4.599493026e-06 0.005268578126 1969.865651 8030.134349 2.241433046e-13 2.134375804e-08 0 0.001003960302 1.296456535 25.01574046 3.389584639 0.07373027838 12
15500 25.03941236 25.07499376 25.00279306 0.3333656382 0.3333254822 4.015594982e-05 0.001005481387 3.178496369e-05 4.59948791e-06 0.005268614635 1969.865651 8030.134349 1.794288453e-13 1.039577777e-08 0 0.001003956113 1.296456541 25.01574043 3.389584623 0.07373043516 12
16000 25.03941238 25.07499377 25.0027939 0.3333656378 0.3333254824 4.015538036e-05 0.001005467128 3.17850167e-05 4.599483473e-06 0.005268698137 1969.865651 8030.134349 1.618391784e-13 0 0 0.001003936088 1.296253136 25.01623338 3.390116507 0.07593997405 12
16500 25.03941239 25.07499378 25.00279463 0.3333656374 0.3333254826 4.015482104e-05 0.001005453123 3.178500091e-05 4.599479568e-06 0.005268768904 1969.865651 8030.134349 1.283723315e-13 0 0 0.001003916417 1.296253141 25.01623337 3.390116494 0.07594009308 12
17000 25.03941239 25.07499379 25.00279526 0.3333656372 0.3333254827 4.015450561e-05 0.001005445225 3.17849486e-05 4.59947613e-06 0.00526880162 1969.865651 8030.134349 9.66818817e-14 0 2.265158727e-08 0.001003905331 1.296253145 25.01623336 3.390116483 0.07594019764 12
17500 25.03941239 25.07499379 25.00279582 0.3333656372 0.3333254827 4.0154451e-05 0.001005443858 3.1784893e-05 4.599473117e-06 0.00526879957 1969.865651 8030.134349 9.419465297e-14 0 0 0.001003903426 1.296456559 25.01574038 3.389584576 0.07373088977 12
18000 25.03941239 25.07499379 25.00279631 0.3333656373 0.3333254827 4.015455468e-05 0.001005446454 3.178485356e-05 4.599470476e-06 0.005268779429 1969.865651 8030.134349 1.35784287e-13 1.136691865e-08 2.855822635e-08 0.001003907092 1.296253152 25.01623332 3.390116465 0.07594037067 12
18500 25.03941239 25.07499378 25.00279673 0.3333656374 0.3333254827 4.015469599e-05 0.001005449992 3.178483416e-05 4.599468159e-06 0.005268757671 1969.865651 8030.134349 1.367472458e-13 0 0 0.001003912081 1.296456565 25.01574035 3.389584561 0.07373104301 12
19000 25.03941239 25.07499378 25.00279711 0.3333656374 0.3333254826 4.015479641e-05 0.001005452507 3.178482888e-05 4.599466125e-06 0.005268743621 1969.865651 8030.134349 1.126009927e-13 0 2.804139909e-08 0.001003915629 1.296456567 25.01574034 3.389584554 0.07373110594 12
19500 25.03941239 25.07499378 25.00279744 0.3333656374 0.3333254826 4.015483274e-05 0.001005453416 3.17848292e-05 4.59946434e-06 0.005268738906 1969.865651 8030.134349 1.077242162e-13 2.766226713e-09 2.357630383e-08 0.001003916919 1.296456569 25.01574033 3.389584549 0.07373116113 12
20000 25.03941239 25.07499378 25.00279773 0.3333656374 0.3333254826 4.015482033e-05 0.001005453106 3.178482878e-05 4.599462774e-06 0.005268740465 1969.865651 8030.134349 1.096871447e-13 0 0 0.001003916491 1.296456571 25.01574032 3.389584544 0.07373120952 12
20500 25.03941239 25.07499378 25.00279798 0.3333656374 0.3333254826 4.015478794e-05 0.001005452295 3.17848251e-05 4.599461399e-06 0.005268744105 1969.865651 8030.134349 6.214795852e-14 1.706236199e-08 0 0.001003915359 1.296456573 25.01574031 3.389584539 0.07373125196 12
21000 25.03941239 25.07499378 25.0027982 0.3333656374 0.3333254826 4.015475899e-05 0.00100545157 3.178481861e-05 4.599460192e-06 0.005268746827 1969.865651 8030.134349 5.781061012e-14 1.277173044e-08 2.832987522e-08 0.001003914347 1.296456574 25.01574031 3.389584536 0.0737312892 12
21500 25.03941239 25.07499378 25.0027984 0.3333656374 0.3333254826 4.015474415e-05 0.001005451198 3.178481108e-05 4.599459133e-06 0.005268747526 1969.865651 8030.134349 4.418689123e-14 0 7.777610223e-09 0.00100391383 1.296456575 25.0157403 3.389584532 0.07373132189 12
22000 25.03941239 25.07499378 25.00279857 0.3333656374 0.3333254826 4.015474292e-05 0.001005451167 3.178480415e-05 4.599458203e-06 0.005268746538 1969.865651 8030.134349 4.094003413e-14 1.239978661e-08 1.673881484e-08 0.001003913793 1.296456577 25.01574029 3.389584529 0.0737313506 12
22500 25.03941239 25.07499378 25.00279872 0.3333656374 0.3333254826 4.015474924e-05 0.001005451326 3.178479867e-05 4.599457387e-06 0.005268744801 1969.865651 8030.134349 3.782275166e-14 0 2.396255676e-08 0.00100391402 1.296456577 25.01574029 3.389584527 0.07373137581 12
23000 25.03941239 25.07499378 25.00279885 0.3333656374 0.3333254826 4.015475675e-05 0.001005451514 3.178479468e-05 4.599456671e-06 0.005268743155 1969.865651 8030.134349 4.399971177e-14 9.652290306e-09 0 0.001003914288 1.296456578 25.01574029 3.389584525 0.07373139795 12
23500 25.03941239 25.07499378 25.00279897 0.3333656374 0.3333254826 4.015476165e-05 0.001005451636 3.178479177e-05 4.599456042e-06 0.00526874203 1969.865651 8030.134349 5.829360261e-14 0 0 0.001003914465 1.296456579 25.01574028 3.389584523 0.07373141738 12
24000 25.03941239 25.07499378 25.00279907 0.3333656374 0.3333254826 4.015476309e-05 0.001005451672 3.178478942e-05 4.59945549e-06 0.005268741452 1969.865651 8030.134349 6.125215985e-14 1.891035064e-08 0 0.001003914519 1.29645658 25.01574028 3.389584521 0.07373143443 12
24500 25.03941239 25.07499378 25.00279916 0.3333656374 0.3333254826 4.015476211e-05 0.001005451648 3.17847873e-05 4.599455006e-06 0.005268741228 1969.865651 8030.134349 9.937636259e-14 1.568656061e-08 0 0.001003914487 1.29645658 25.01574028 3.389584519 0.0737314494 12
25000 25.03941239 25.07499378 25.00279924 0.3333656374 0.3333254826 4.015476029e-05 0.001005451602 3.178478524e-05 4.599454581e-06 0.005268741126 1969.865651 8030.134349 1.257287085e-13 9.579275194e-09 1.901135096e-08 0.001003914425 1.296456581 25.01574027 3.389584518 0.07373146253 12
25500 25.03941239 25.07499378 25.00279931 0.3333656374 0.3333254826 4.015475879e-05 0.001005451565 3.178478327e-05 4.599454208e-06 0.005268740996 1969.865651 8030.134349 1.117653865e-13 0 0 0.001003914375 1.296456581 25.01574027 3.389584517 0.07373147406 12
26000 25.03941239 25.07499378 25.00279937 0.3333656374 0.3333254826 4.015475809e-05 0.001005451547 3.178478145e-05 4.59945388e-06 0.005268740786 1969.865651 8030.134349 1.126124345e-13 0 0 0.001003914352 1.296456582 25.01574027 3.389584516 0.07373148418 12
26500 25.03941239 25.07499378 25.00279942 0.3333656374 0.3333254826 4.01547581e-05 0.001005451547 3.178477985e-05 4.599453593e-06 0.00526874052 1969.865651 8030.134349 9.965783984e-14 0 0 0.001003914354 1.296456582 25.01574027 3.389584515 0.07373149307 12
27000 25.03941239 25.07499378 25.00279947 0.3333656374 0.3333254826 4.015475846e-05 0.001005451556 3.178477848e-05 4.599453341e-06 0.005268740245 1969.865651 8030.134349 6.137592939e-14 0 1.277112167e-08 0.001003914368 1.296456582 25.01574027 3.389584514 0.07373150086 12
27500 25.03941239 25.07499378 25.00279951 0.3333656374 0.3333254826 4.015475884e-05 0.001005451566 3.178477732e-05 4.599453119e-06 0.005268740003 1969.865651 8030.134349 9.290789199e-14 1.23977606e-08 0 0.001003914383 1.296456583 25.01574027 3.389584513 0.07373150771 12
28000 25.03941239 25.07499378 25.00279955 0.3333656374 0.3333254826 4.015475907e-05 0.001005451572 3.178477633e-05 4.599452925e-06 0.00526873981 1969.865651 8030.134349 9.882886292e-14 0 0 0.001003914392 1.296456583 25.01574027 3.389584513 0.07373151372 12
28500 25.03941239 25.07499378 25.00279958 0.3333656374 0.3333254826 4.015475911e-05 0.001005451573 3.178477547e-05 4.599452754e-06 0.005268739662 1969.865651 8030.134349 6.669233868e-14 0 0 0.001003914395 1.296456583 25.01574026 3.389584512 0.07373151899 12
29000 25.03941239 25.07499378 25.00279961 0.3333656374 0.3333254826 4.015475903e-05 0.001005451571 3.178477471e-05 4.599452604e-06 0.005268739546 1969.865651 8030.134349 5.889309904e-14 0 9.251617587e-09 0.001003914393 1.296456583 25.01574026 3.389584512 0.07373152362 12
29500 25.03941239 25.07499378 25.00279963 0.3333656374 0.3333254826 4.015475892e-05 0.001005451568 3.178477404e-05 4.599452473e-06 0.005268739448 1969.865651 8030.134349 9.675544499e-14 0 0 0.00100391439 1.296456583 25.01574026 3.389584511 0.07373152769 12
29999 25.03941239 25.07499378 25.00279965 0.3333656374 0.3333254826 4.015475884e-05 0.001005451566 3.178477343e-05 4.599452358e-06 0.005268739359 1969.865651 8030.134349 9.080823147e-14 0 2.604873858e-08 0.001003914388 1.296456584 25.01574026 3.389584511 0.07373153125 12
