# step v0 Mach sigma R umax_ref urms_ref umax_mean urms_mean umax_lab mean_x mean_y mean_z drop_ux drop_uy x0 y0 x_unwrapped center_dx center_dy axis_ratio mass_R mass_B min_f negative_total negative_color min_rho min_phi max_phi qx qy qz p_in p_out delta_p urms_lab
0 0 0 -2.4110581747878654e-14 10.100875067482065 0.0013025386762976891 0.00041996755500531014 0.0013025386762976891 0.00041996755500531014 0.0013025386762976891 -5.2484368874405551e-20 1.8572445624686504e-20 -5.6140420662650814e-21 -1.3305526318965363e-19 7.4995389250711122e-20 20 20 20 0 0 1.0000000000033582 320.52940093092349 1279.4705990690768 0.027474377153410164 0 0 0.99999999999999944 7.6812612128573296e-11 0.99999706128080779 -1.3120171484538083e-16 -2.3522280160523352e-17 -1.2605683633110151e-18 0.33333333333333304 0.33333333333333542 -2.3869795029440866e-15 0.00041996755500531014
500 0 0 0.10211442648373666 10.006132200984243 0.00085900181657182966 0.00060317204002580745 0.0008590018165718482 0.00060317204002580766 0.00085900181657182966 -1.1220501456676976e-17 1.511201645591804e-17 -2.2177419796912417e-20 -6.2848519582306395e-09 6.2848562498931963e-09 20.000005530498477 19.999994469513037 20.000005530498477 5.5304984769577459e-06 -5.5304869626127129e-06 1.000000002152089 320.52940093091456 1279.4705990690413 0.027516268431470075 0 0 0.99418944612326987 1.81391351377906e-12 0.99999943569034622 -1.80038635741917e-14 2.4369574640367864e-14 -2.7191814747237072e-17 0.34164183288438749 0.33143664826033342 0.010205184624054064 0.00060317204002580745
1000 0 0 0.10478542247248457 10.00413076745893 4.0803565553624672e-05 1.8755753064129155e-05 4.0803565553546583e-05 1.8755753064129128e-05 4.0803565553624672e-05 -6.8400357621912805e-17 7.8090516182456222e-17 5.1975232723218971e-20 -6.9223844916881203e-09 6.9223884148021733e-09 20.000009926292787 19.99999007372492 20.000009926292787 9.92629278684376e-06 -9.9262750801187849e-06 1.0000000024296236 320.52940093090535 1279.4705990690056 0.02760841217616444 0 0 0.99392194756726471 1.802613908212947e-12 0.99999943116346535 -1.096133404472961e-13 1.2478343249176108e-13 5.4487809656249866e-17 0.34182435249807058 0.3313501369057148 0.010474215592355784 1.8755753064129155e-05
1500 0 0 0.10363484529309411 10.004988431616738 3.1599644736712749e-05 1.2005347704101723e-05 3.1599644736890517e-05 1.2005347704101728e-05 3.1599644736712749e-05 -1.1426631609542966e-16 1.370458238147543e-16 -3.0028357124779992e-20 -6.9989573593901948e-09 6.9989613269178977e-09 20.000014114953565 19.999985885070469 20.000014114953565 1.4114953565069754e-05 -1.4114929530961717e-05 1.0000000024515643 320.52940093089688 1279.4705990689677 0.02761463588329921 0 0 0.99416033490690048 1.8027243219587246e-12 0.99999943182078843 -1.8289995318181074e-13 2.1885736413414642e-13 -3.75302996384882e-17 0.34174749499456525 0.33138917764103409 0.010358317353531155 1.2005347704101723e-05
2000 0 0 0.10355540178480351 10.005047568857815 2.2948372602661799e-05 7.7853950993773186e-06 2.2948372602457719e-05 7.7853950993773203e-06 2.2948372602661799e-05 -1.8684900571652226e-16 2.1356686065513203e-16 -5.2954105275346117e-21 -7.0230807760114474e-09 7.0230850233800028e-09 20.000018282162706 19.999981717868302 20.000018282162706 1.8282162706384497e-05 -1.8282131698299509e-05 1.0000000024527815 320.52940093088802 1279.4705990689311 0.0276157146219073 0 0 0.99417485291907637 1.8029197588585977e-12 0.99999943190973428 -2.9935048227782185e-13 3.4170038289129887e-13 3.3358484906722094e-17 0.34174220557181378 0.33139188978649609 0.010350315785317699 7.7853950993773186e-06
2500 0 0 0.10357110082676689 10.005035877302401 2.321509178690636e-05 7.7632599962430104e-06 2.321509178661617e-05 7.7632599962430188e-06 2.321509178690636e-05 -2.4920048665585325e-16 2.9020070132746736e-16 -7.923539993585988e-21 -7.0261354172931443e-09 7.0261400709693589e-09 20.000022447369208 19.999977552669666 20.000022447369208 2.2447369207867496e-05 -2.2447330334074422e-05 1.0000000024523148 320.52940093087966 1279.470599068896 0.027615652776941824 0 0 0.99417335398364182 1.8029245210130813e-12 0.99999943190229967 -3.9858025020614674e-13 4.6429993502758675e-13 -2.541335592074692e-17 0.34174325019108343 0.33139135319671781 0.010351896994365617 7.7632599962430104e-06
3000 0 0 0.10357290257270731 10.005034536096153 2.3108146273569764e-05 7.7635455205374528e-06 2.310814627320164e-05 7.7635455205374528e-06 2.3108146273569764e-05 -3.1986192343998001e-16 3.6813881456096648e-16 -2.394190307776673e-20 -7.0264041541189559e-09 7.0264090979812798e-09 20.000026612589462 19.99997338745829 20.000026612589462 2.6612589461905145e-05 -2.6612541709880588e-05 1.0000000024517153 320.52940093087079 1279.4705990688603 0.027615667416702773 0 0 0.99417315663993844 1.8029218157109588e-12 0.99999943190066598 -5.1210746105365599e-13 5.8887727763337548e-13 -1.8532031992409947e-17 0.34174337007950384 0.33139129161350384 0.010352078466000003 7.7635455205374528e-06
3500 0 0 0.10357271096591064 10.005034678809546 2.3093487871893916e-05 7.7636044677149194e-06 2.3093487871453608e-05 7.7636044677149177e-06 2.3093487871893916e-05 -3.7925028207737068e-16 4.4032336219338245e-16 -5.2967357346679356e-20 -7.0267746341221581e-09 7.0267797600521725e-09 20.000030778025167 19.999969222032551 20.000030778025167 3.0778025166711132e-05 -3.0777967449324706e-05 1.0000000024511082 320.52940093086067 1279.4705990688283 0.027615670151714181 0 0 0.99417317762479407 1.8029221218404984e-12 0.99999943190077267 -6.0645496471962431e-13 7.0456646395370406e-13 -6.9198290334560367e-17 0.3417433573305752 0.33139129816327662 0.010352059167298588 7.7636044677149194e-06
4000 0 0 0.1035726755959365 10.005034705141457 2.3094699493741602e-05 7.7635856033965699e-06 2.3094699493220192e-05 7.7635856033965733e-06 2.3094699493741602e-05 -4.5143490614231124e-16 5.2143128166754274e-16 -6.472086509071926e-21 -7.0271853455332017e-09 7.0271904460753888e-09 20.000034943696352 19.999965056372414 20.000034943696352 3.4943696352485176e-05 -3.4943627586159209e-05 1.0000000024505005 320.52940093085391 1279.4705990687885 0.02761567000821967 0 0 0.99417318149892564 1.8029229222528597e-12 0.99999943190084473 -7.2230494726474938e-13 8.3467252010656263e-13 -1.9916965209651532e-17 0.34174335497706304 0.33139129937222722 0.010352055604835819 7.7635856033965699e-06
4500 0 0 0.10357267748585725 10.00503470373342 2.3094961924433024e-05 7.7635837050241889e-06 2.3094961923777898e-05 7.763583705024194e-06 2.3094961924433024e-05 -5.7650766614021423e-16 6.5514827067939908e-16 -2.7463540419534225e-21 -7.0275928086932772e-09 7.0275974850073374e-09 20.000039109605204 19.999960890475872 20.000039109605204 3.9109605204146192e-05 -3.9109524127667328e-05 1.0000000024498898 320.52940093084385 1279.4705990687519 0.027615669959256683 0 0 0.99417318129199639 1.8029236239626113e-12 0.99999943190088758 -9.2243370006838039e-13 1.0485267728909824e-12 -1.9004685553536285e-17 0.34174335510277837 0.3313912993075887 0.010352055795189663 7.7635837050241889e-06
5000 0 0 0.10357267811780085 10.005034703262936 2.309493760290935e-05 7.7635838100015628e-06 2.3094937602084039e-05 7.7635838100015696e-06 2.309493760290935e-05 -7.2622241413309822e-16 8.2534278142751718e-16 5.5705095289662185e-20 -7.0279991680388048e-09 7.0280031541707541e-09 20.000043275752063 19.999956724343203 20.000043275752063 4.3275752062754691e-05 -4.3275656796737394e-05 1.0000000024492746 320.52940093083549 1279.4705990687146 0.027615669959697622 0 0 0.99417318122282283 1.802924422039449e-12 0.99999943190092988 -1.1619869968256282e-12 1.3202948727252594e-12 8.7431955037452358e-17 0.34174335514479531 0.33139129928595629 0.010352055858839027 7.7635838100015628e-06
5500 0 0 0.10357267810908402 10.005034703269484 2.3094918894902883e-05 7.7635837120887469e-06 2.3094918893937075e-05 7.7635837120887689e-06 2.3094918894902883e-05 -8.6675359193562414e-16 9.658400155871986e-16 1.6103656603707324e-20 -7.0284056637372899e-09 7.028408929715541e-09 20.000047442137479 19.999952557975586 20.000047442137479 4.7442137478981294e-05 -4.7442024413868467e-05 1.0000000024486553 320.52940093082668 1279.4705990686846 0.027615669960279175 0 0 0.99417318122381859 1.8029249876414822e-12 0.99999943190097251 -1.3864251791122192e-12 1.5451960544709432e-12 2.2676679193396549e-17 0.34174335514418369 0.33139129928622268 0.010352055857961007 7.7635837120887469e-06
6000 0 0 0.103572678099055 10.005034703276964 2.3094904979314071e-05 7.7635835752219158e-06 2.3094904978271465e-05 7.7635835752219276e-06 2.3094904979314071e-05 -9.6382670200760991e-16 1.0426433528690172e-15 -3.1098336498495994e-20 -7.0288120835031856e-09 7.0288146203116483e-09 20.000051608762877 19.999948391374886 20.000051608762877 5.1608762877464187e-05 -5.1608625113885864e-05 1.0000000024480304 320.52940093081787 1279.470599068648 0.027615669960071799 0 0 0.99417318122495846 1.8029254709626725e-12 0.99999943190101526 -1.5424201105775019e-12 1.6680518321587722e-12 -6.3014204748136244e-17 0.34174335514348442 0.33139129928653355 0.01035205585695087 7.7635835752219158e-06
6500 0 0 0.10357267809926458 10.005034703276822 2.3094891136479529e-05 7.7635834403325677e-06 2.309489113534527e-05 7.7635834403325762e-06 2.3094891136479529e-05 -1.1343109463274388e-15 1.2214390012397448e-15 8.8711301540406837e-21 -7.0292184333915349e-09 7.0292206343896506e-09 20.000055775631086 19.999944224544429 20.000055775631086 5.5775631086163457e-05 -5.5775455571449584e-05 1.0000000024474036 320.52940093080815 1279.4705990686118 0.027615669959835585 0 0 0.99417318122497622 1.8029258283272594e-12 0.99999943190105789 -1.8148379221250239e-12 1.9544949885761342e-12 8.5230548253191564e-19 0.34174335514346621 0.33139129928649425 0.010352055856971965 7.7635834403325677e-06
7000 0 0 0.10357267809982459 10.00503470327641 2.3094877220019819e-05 7.7635833061475395e-06 2.3094877218648137e-05 7.7635833061475479e-06 2.3094877220019819e-05 -1.3717422302722614e-15 1.4904788364641644e-15 1.1096180037131483e-20 -7.0296247460986285e-09 7.0296270446996344e-09 20.000059942747495 19.999940057489979 20.000059942747495 5.9942747494545756e-05 -5.9942510020505324e-05 1.0000000024467768 320.52940093080036 1279.4705990685732 0.027615669959611074 0 0 0.99417318122495502 1.8029260581424986e-12 0.9999994319011003 -2.1947960510686879e-12 2.3847408731527404e-12 1.4033534181037965e-18 0.34174335514347171 0.33139129928644334 0.010352055857028364 7.7635833061475395e-06
7500 0 0 0.10357267810023975 10.005034703276115 2.3094863300491318e-05 7.7635831719312387e-06 2.3094863298904287e-05 7.7635831719312591e-06 2.3094863300491318e-05 -1.5871010818920991e-15 1.6911008481604344e-15 2.5620501272650405e-20 -7.0300305147258329e-09 7.030033621439609e-09 20.000064110122434 19.999935890222169 20.000064110122434 6.4110122433902461e-05 -6.4109777831333759e-05 1.0000000024461484 320.52940093079104 1279.4705990685395 0.027615669959387353 0 0 0.99417318122495002 1.8029264005470045e-12 0.99999943190114304 -2.5391733327769012e-12 2.7057234912019635e-12 2.8966311534283158e-17 0.34174335514346704 0.33139129928639688 0.010352055857070164 7.7635831719312387e-06
8000 0 0 0.10357267810063608 10.005034703275825 2.309484938530751e-05 7.7635830377147415e-06 2.3094849383503151e-05 7.7635830377147635e-06 2.309484938530751e-05 -1.8044372788719592e-15 1.9344046380500897e-15 4.9897966211922798e-20 -7.0304356438014466e-09 7.0304406830734567e-09 20.000068277776386 19.999931722761524 20.000068277776386 6.8277776385627931e-05 -6.8277238476355251e-05 1.0000000024455198 320.52940093078263 1279.4705990685063 0.027615669959163539 0 0 0.99417318122494547 1.802926934306648e-12 0.99999943190118523 -2.8870595440335129e-12 3.0953241764344998e-12 8.1861086204311064e-17 0.34174335514346083 0.33139129928635075 0.010352055857110076 7.7635830377147415e-06
8500 0 0 0.10357267810102458 10.00503470327553 2.3094835477758289e-05 7.7635829034986305e-06 2.3094835475870249e-05 7.7635829034986559e-06 2.3094835477758289e-05 -1.888120014858999e-15 2.0309230739515649e-15 -7.2764540778688397e-21 -7.030839635982802e-09 7.0308485746735072e-09 20.000072445750675 19.999927555149416 20.000072445750675 7.2445750674887677e-05 -7.2444850584219012e-05 1.0000000024448921 320.52940093077495 1279.4705990684704 0.027615669958939684 0 0 0.99417318122494192 1.8029268507556657e-12 0.99999943190122764 -3.0209854906449708e-12 3.2491439683864881e-12 -4.4084177753246321e-17 0.34174335514345405 0.33139129928630484 0.010352055857149212 7.7635829034986305e-06
9000 0 0 0.10357267810141527 10.005034703275232 2.3094821589601432e-05 7.7635827692620434e-06 2.309482158758281e-05 7.7635827692620705e-06 2.3094821589601432e-05 -2.0187045503692853e-15 2.1470663764330174e-15 -2.319879377010873e-20 -7.0312413299232018e-09 7.0312586076542918e-09 20.000076614131757 19.999923387472332 20.000076614131757 7.6614131756969073e-05 -7.6612527667663244e-05 1.0000000024442628 320.52940093076586 1279.4705990684358 0.027615669958715887 0 0 0.9941731812249377 1.8029273588472332e-12 0.99999943190127016 -3.2299308543709785e-12 3.4354580453197148e-12 -2.8642305210801852e-18 0.34174335514344706 0.33139129928625849 0.010352055857188569 7.7635827692620434e-06
9500 0 0 0.10357267810179173 10.005034703274955 2.3094807745999356e-05 7.763582635051145e-06 2.3094807743759652e-05 7.7635826350511603e-06 2.3094807745999356e-05 -2.2397952736976682e-15 2.3631253547464844e-15 2.807003194992876e-20 -7.0316383262286732e-09 7.0316733775526796e-09 20.000080783106885 19.99991921991732 20.000080783106885 8.0783106884751987e-05 -8.0780082679865473e-05 1.000000002443634 320.52940093075762 1279.4705990684006 0.027615669958492114 0 0 0.9941731812249327 1.8029276804879731e-12 0.99999943190131213 -3.5839981445815661e-12 3.7812138866808469e-12 6.3252811333686325e-17 0.34174335514343912 0.33139129928621264 0.010352055857226483 7.763582635051145e-06
10000 0 0 0.10357267810216539 10.005034703274676 2.3094794006530504e-05 7.763582500834292e-06 2.3094794003983503e-05 7.7635825008343208e-06 2.3094794006530504e-05 -2.5471040090539124e-15 2.642955818044147e-15 3.4581878022385659e-20 -7.0320247038734835e-09 7.0320988519348431e-09 20.000084953095236 19.999915052902271 20.000084953095236 8.4953095235817955e-05 -8.4947097729326515e-05 1.0000000024430116 320.52940093074818 1279.4705990683631 0.027615669958268418 0 0 0.99417318122492671 1.8029275718074965e-12 0.99999943190135432 -4.0750141987456763e-12 4.2285752991233334e-12 5.7751525255169741e-17 0.34174335514343057 0.33139129928616645 0.01035205585726412 7.763582500834292e-06
10500 0 0 0.10357267810253591 10.005034703274362 2.3094780517038296e-05 7.7635823666065377e-06 2.3094780514321963e-05 7.7635823666065631e-06 2.3094780517038296e-05 -2.7164370921430911e-15 2.8429431586320101e-15 -3.6378781340538003e-22 -7.0323855902480503e-09 7.0325491584764616e-09 20.000089125068737 19.999910887391707 20.000089125068737 8.9125068736706226e-05 -8.9112608293362428e-05 1.0000000024424083 320.52940093073954 1279.470599068326 0.02761566995804484 0 0 0.99417318122491949 1.8029282111408417e-12 0.99999943190139662 -4.3460527139877114e-12 4.548532987036908e-12 -4.6744314759438565e-18 0.34174335514342175 0.33139129928612027 0.010352055857301479 7.7635823666065377e-06
11000 0 0 0.10357267810289567 10.005034703274079 2.3094767644870321e-05 7.7635822323947398e-06 2.3094767642030792e-05 7.7635822323947652e-06 2.3094767644870321e-05 -2.8396414937199484e-15 2.9916788801091341e-15 1.6489387081329999e-21 -7.0326843671018892e-09 7.0330597391585995e-09 20.000093301364124 19.999906725682219 20.000093301364124 9.3301364124442898e-05 -9.3274317780611682e-05 1.0000000024419156 320.52940093073079 1279.4705990682921 0.027615669957821869 0 0 0.99417318122490905 1.8029283135764519e-12 0.99999943190143858 -4.5431111341760412e-12 4.7870626683529143e-12 -1.2966257291174148e-18 0.34174335514341214 0.33139129928607441 0.010352055857337727 7.7635822323947398e-06
11500 0 0 0.10357267810325596 10.005034703273797 2.3094756352689063e-05 7.7635820981795944e-06 2.3094756349680758e-05 7.7635820981796232e-06 2.3094756352689063e-05 -3.0084216245949505e-15 3.1207230670096427e-15 -6.2741282494106071e-21 -7.0328247213728213e-09 7.0337194736910237e-09 20.00009748783145 19.999902573394511 20.00009748783145 9.7487831450138174e-05 -9.7426605488948326e-05 1.0000000024420512 320.52940093072294 1279.4705990682567 0.027615669957601997 0 0 0.99417318122488918 1.8029287995591139e-12 0.99999943190148022 -4.813442726788909e-12 4.9933929436572236e-12 -3.4534372790777703e-17 0.34174335514340221 0.33139129928602817 0.010352055857374032 7.7635820981795944e-06
12000 0 0 0.10357267810361073 10.005034703273516 2.3094749240808155e-05 7.7635819639790079e-06 2.3094749237699422e-05 7.7635819639790384e-06 2.3094749240808155e-05 -3.1088467927005918e-15 3.2783352436822883e-15 -2.0208777448276173e-20 -7.0325371404115752e-09 7.0347507586217546e-09 20.000101699857289 19.99989844450737 20.000101699857289 0.00010169985728936126 -0.00010155549263046737 1.0000000024460907 320.52940093071334 1279.4705990682223 0.027615669957400741 0 0 0.99417318122485909 1.8029289742546148e-12 0.99999943190152007 -4.9745109024321837e-12 5.245384301715874e-12 -1.9378107767859395e-17 0.3417433551433921 0.33139129928598232 0.010352055857409781 7.7635819639790079e-06
12500 0 0 0.10357267810400139 10.005034703273216 2.3094753253312412e-05 7.7635818298538835e-06 2.3094753250107788e-05 7.7635818298539156e-06 2.3094753253312412e-05 -3.204755921983657e-15 3.6328297751060722e-15 -2.002521702057503e-22 -7.0309998337583179e-09 7.0366518548414446e-09 20.000105980722644 19.99989437304481 20.000105980722644 0.00010598072264400571 -0.00010562695518956389 1.0000000024754194 320.52940093070617 1279.4705990681857 0.027615669957318619 0 0 0.99417318122485876 1.8029291274230731e-12 0.99999943190154672 -5.1276849959778729e-12 5.812451876058665e-12 -2.4094183582525051e-17 0.341743355143385 0.33139129928593586 0.010352055857449138 7.7635818298538835e-06
13000 0 0 0.10357267810462722 10.00503470327283 2.309477963783232e-05 7.7635816963634866e-06 2.3094779634608618e-05 7.7635816963635222e-06 2.309477963783232e-05 -3.2238512056716325e-15 3.9132412300193605e-15 -1.5651334777801193e-20 -7.0255427927644975e-09 7.0398756633703222e-09 20.000110462628747 19.999890427691792 20.000110462628747 0.0001104626287471433 -0.0001095723082080724 1.0000000026512379 320.52940093069668 1279.47059906815 0.027615669958071964 0 0 0.99417318122538467 1.8029296755938069e-12 0.99999943190148111 -5.1583779553302611e-12 6.2612627748620368e-12 -6.8005693498296903e-18 0.34174335514340004 0.33139129928588795 0.010352055857512088 7.7635816963634866e-06
13500 0 0 0.10357267810654869 10.005034703272008 2.3094763200907189e-05 7.7635815646752235e-06 2.3094763197465315e-05 7.7635815646752658e-06 2.3094763200907189e-05 -3.4420754684344213e-15 4.1863307451027722e-15 -2.3094462533403e-20 -7.0108004799339193e-09 7.039332864219724e-09 20.000115527867244 19.999886608480008 20.000115527867244 0.00011552786724422504 -0.00011339151999223418 1.0000000030267873 320.52940093068764 1279.470599068115 0.027615669964735197 0 0 0.99417318122981679 1.8029298445866152e-12 0.99999943190091822 -5.5073575997324526e-12 6.6981926649500816e-12 -5.1937096144715177e-17 0.34174335514353699 0.331391299285832 0.010352055857704989 7.7635815646752235e-06
14000 0 0 0.10357267811005084 10.005034703270653 2.3094785091023828e-05 7.7635814128692197e-06 2.3094785086723238e-05 7.7635814128692671e-06 2.3094785091023828e-05 -3.577259500256234e-15 4.3007480060926519e-15 1.4423191417574488e-20 -6.9987150715079546e-09 7.0235067755682393e-09 20.000121561808701 19.999882310362132 20.000121561808701 0.00012156180870093181 -0.00011768963786806808 1.0000000028984424 320.52940093067889 1279.470599068077 0.027615669976231452 0 0 0.99417318123085674 1.8029300697859013e-12 0.99999943189975982 -5.7232265573195505e-12 6.8813652981654914e-12 3.8939631975375505e-18 0.34174335514381815 0.33139129928576172 0.01035205585805643 7.7635814128692197e-06
14500 0 0 0.10357267811194174 10.005034703269773 2.3094760428592195e-05 7.7635812251045616e-06 2.3094760424831467e-05 7.763581225104604e-06 2.3094760428592195e-05 -3.7608819377968457e-15 4.4171730720078792e-15 4.7811203387403796e-20 -7.0006549650263754e-09 7.0113273638362261e-09 20.000127895876318 19.999877034335515 20.000127895876318 0.00012789587631800714 -0.00012296566448455337 1.0000000028264497 320.52940093067048 1279.4705990680438 0.027615669965007746 0 0 0.99417318122668685 1.8029306241002991e-12 0.99999943189925022 -6.0178968696277631e-12 7.0676176093837162e-12 4.3951940502530417e-17 0.34174335514394005 0.33139129928569372 0.010352055858246334 7.7635812251045616e-06
15000 0 0 0.10357267811287664 10.005034703269201 2.309473940764925e-05 7.7635810318639185e-06 2.3094739402944928e-05 7.7635810318639643e-06 2.309473940764925e-05 -4.0124914051615102e-15 4.7044454757386895e-15 5.2840287797585199e-20 -7.0036624151049029e-09 7.0073921214956576e-09 20.000134068738493 19.999871273261828 20.000134068738493 0.00013406873849319823 -0.00012872673817199143 1.0000000025323426 320.52940093066218 1279.4705990680068 0.027615669960954225 0 0 0.99417318122672405 1.8029311819237234e-12 0.99999943189911833 -6.4197073586108674e-12 7.5270353263795344e-12 7.8739175843556822e-17 0.34174335514396964 0.33139129928562927 0.01035205585834037 7.7635810318639185e-06
15500 0 0 0.10357267811365217 10.005034703268684 2.3094724004904826e-05 7.7635808387387091e-06 2.3094724000124792e-05 7.7635808387387616e-06 2.3094724004904826e-05 -4.058779276384474e-15 4.7801485623241984e-15 -8.3008118248992222e-20 -7.0053267843080352e-09 7.0065579711281045e-09 20.000140136260821 19.99986536187069 20.000140136260821 0.00014013626082132191 -0.00013463812931036045 1.0000000024842146 320.5294009306532 1279.4705990679711 0.027615669960116957 0 0 0.99417318122680431 1.8029315481331848e-12 0.99999943189904572 -6.4944542302478035e-12 7.6478838674010679e-12 -1.0559644390441059e-16 0.34174335514398402 0.3313912992855656 0.010352055858418419 7.7635808387387091e-06
16000 0 0 0.10357267811440565 10.00503470326813 2.3094705494213419e-05 7.7635806457047099e-06 2.3094705489578468e-05 7.7635806457047573e-06 2.3094705494213419e-05 -4.1006402143239402e-15 4.6350673323291224e-15 -2.3714739393722418e-20 -7.0062896263892202e-09 7.0067045076105484e-09 20.000146165056318 19.999859405391408 20.000146165056318 0.0001461650563179262 -0.00014059460859172646 1.0000000024786788 320.52940093064399 1279.4705990679317 0.027615669959724497 0 0 0.99417318122674814 1.802931823806055e-12 0.99999943189897966 -6.5610106353314694e-12 7.4165397161379687e-12 -5.1906890266093656e-17 0.34174335514399556 0.33139129928550126 0.010352055858494302 7.7635806457047099e-06
16500 0 0 0.10357267811514134 10.005034703267627 2.3094685953735598e-05 7.7635804527007075e-06 2.3094685949205595e-05 7.7635804527007583e-06 2.3094685953735598e-05 -4.1452733761428683e-15 4.5301154727742467e-15 3.1394226085076886e-21 -7.0069961462247674e-09 7.0071503111361674e-09 20.000152181536059 19.999853435029003 20.000152181536059 0.00015218153605900397 -0.00014656497099707622 1.000000002478548 320.52940093063626 1279.4705990678976 0.027615669959388512 0 0 0.99417318122673026 1.8029325154668686e-12 0.99999943189891427 -6.6324034184849391e-12 7.2479761868622464e-12 7.5448784688588263e-18 0.34174335514400611 0.33139129928543776 0.010352055858568354 7.7635804527007075e-06
17000 0 0 0.10357267811586791 10.005034703267103 2.3094666090949408e-05 7.7635802596984042e-06 2.3094666086404175e-05 7.7635802596984466e-06 2.3094666090949408e-05 -4.1692564277549793e-15 4.5453443376114852e-15 -8.4406809093494751e-21 -7.0076208603895222e-09 7.0076850016291937e-09 20.000158194274125 19.999847460054625 20.000158194274125 0.0001581942741246678 -0.00015253994537545168 1.0000000024792139 320.52940093062705 1279.4705990678628 0.027615669959061305 0 0 0.99417318122672305 1.8029327345576425e-12 0.99999943189884866 -6.6710290685583875e-12 7.2727585726964423e-12 -1.0506002440327363e-19 0.34174335514401527 0.33139129928537375 0.010352055858641518 7.7635802596984042e-06
17500 0 0 0.10357267811658122 10.005034703266585 2.309464613065304e-05 7.7635800667081729e-06 2.3094646126055728e-05 7.7635800667082203e-06 2.309464613065304e-05 -4.3871641869909849e-15 4.597425884403817e-15 -6.5187430522118736e-21 -7.0082214098041591e-09 7.0082451435118188e-09 20.00016420583108 19.999841483162911 20.00016420583108 0.00016420583108001097 -0.00015851683708945075 1.0000000024800353 320.52940093061733 1279.4705990678285 0.027615669958736003 0 0 0.99417318122671949 1.8029332251960098e-12 0.99999943189878304 -7.0196264856033492e-12 7.3557037516394631e-12 7.2202594459111594e-18 0.34174335514402338 0.33139129928531003 0.010352055858713349 7.7635800667081729e-06
18000 0 0 0.10357267811728492 10.00503470326605 2.3094626140703542e-05 7.7635798737094221e-06 2.3094626136058796e-05 7.7635798737094661e-06 2.3094626140703542e-05 -4.4835887438099893e-15 4.6448580134144249e-15 -1.6943241884405088e-20 -7.0088146306646289e-09 7.00881266747166e-09 20.000170216943374 19.9998355051228 20.000170216943374 0.00017021694337415738 -0.00016449487720038292 1.000000002480897 320.52940093061 1279.4705990677924 0.027615669958411214 0 0 0.99417318122671805 1.8029335813360033e-12 0.99999943189871721 -7.1737209880527675e-12 7.4317950687667501e-12 -4.5413371115439944e-17 0.34174335514403043 0.33139129928524619 0.010352055858784237 7.7635798737094221e-06
18500 0 0 0.10357267811797542 10.005034703265528 2.3094606139803595e-05 7.7635796807376307e-06 2.3094606134887632e-05 7.7635796807376917e-06 2.3094606139803595e-05 -4.5573981221673092e-15 4.9160741902949167e-15 -2.4951658997708112e-20 -7.0094052969523195e-09 7.0093825644679783e-09 20.000176227829932 19.999829526162568 20.000176227829932 0.00017622782993242936 -0.00017047383743218347 1.0000000024817683 320.52940093060158 1279.4705990677564 0.027615669958086623 0 0 0.99417318122671594 1.8029339907611284e-12 0.99999943189865115 -7.291907752187472e-12 7.8654649192480182e-12 -6.1091562737401798e-17 0.34174335514403648 0.33139129928518268 0.010352055858853793 7.7635796807376307e-06
19000 0 0 0.10357267811865713 10.005034703265014 2.3094586133249456e-05 7.763579487760757e-06 2.3094586128200143e-05 7.7635794877608079e-06 2.3094586133249456e-05 -4.6743838740885842e-15 5.0494227843668068e-15 1.9673573143046464e-20 -7.0099949828774751e-09 7.0099531368663368e-09 20.000182238569295 19.999823546364471 20.000182238569295 0.0001822385692946682 -0.00017645363552887261 1.0000000024826443 320.52940093059209 1279.4705990677223 0.027615669957762125 0 0 0.9941731812267145 1.8029343296762513e-12 0.99999943189858509 -7.4790666578597753e-12 8.0791806922652149e-12 2.8788493477485481e-17 0.34174335514404119 0.33139129928511873 0.01035205585892246 7.763579487760757e-06
19500 0 0 0.10357267811932656 10.005034703264496 2.3094566122508921e-05 7.763579294774317e-06 2.3094566117394976e-05 7.7635792947743678e-06 2.3094566122508921e-05 -4.6555893399301626e-15 5.1140496142331385e-15 1.3442587528974689e-20 -7.0105835791140745e-09 7.0105242430094615e-09 20.000188249202402 19.999817565771597 20.000188249202402 0.00018824920240234633 -0.00018243422840313883 1.0000000024835227 320.52940093058379 1279.4705990676862 0.027615669957437739 0 0 0.99417318122671361 1.802935060092093e-12 0.99999943189851881 -7.4491161352109439e-12 8.1827339115911939e-12 1.7569388642543263e-17 0.34174335514404519 0.33139129928505529 0.010352055858989906 7.763579294774317e-06
20000 0 0 0.10357267811998369 10.00503470326397 2.3094546107706629e-05 7.7635791018191749e-06 2.3094546102523184e-05 7.7635791018192189e-06 2.3094546107706629e-05 -4.7406836734548539e-15 5.1835544367701853e-15 5.4441193260175974e-21 -7.0111714841650433e-09 7.0110956403240256e-09 20.000194259759166 19.999811584415351 20.000194259759166 0.00019425975916576022 -0.00018841558464899322 1.0000000024844042 320.52940093057578 1279.4705990676532 0.027615669957113474 0 0 0.99417318122671239 1.802935549758808e-12 0.99999943189845253 -7.5853061381586796e-12 8.2934994892403547e-12 8.4285878552091565e-18 0.34174335514404769 0.33139129928499156 0.010352055859056131 7.7635791018191749e-06
20500 0 0 0.10357267812062998 10.005034703263469 2.3094526089540034e-05 7.7635789088521793e-06 2.3094526084173416e-05 7.7635789088522318e-06 2.3094526089540034e-05 -4.8649097516790412e-15 5.3667215796586483e-15 -2.6262830409569657e-20 -7.0117589783342938e-09 7.0116675294335835e-09 20.00020027026483 19.999805602322578 20.00020027026483 0.00020027026483049326 -0.00019439767742213121 1.0000000024852875 320.52940093056759 1279.4705990676168 0.027615669956789306 0 0 0.99417318122671161 1.8029358335363252e-12 0.99999943189838603 -7.7836909371853689e-12 8.5865024137026071e-12 -2.6107683208633436e-17 0.34174335514404902 0.33139129928492778 0.010352055859121245 7.7635789088521793e-06
21000 0 0 0.10357267812126207 10.005034703262938 2.3094506067789761e-05 7.7635787158893969e-06 2.3094506062266185e-05 7.7635787158894562e-06 2.3094506067789761e-05 -5.0212358581699163e-15 5.5236803529259788e-15 -1.1491646822664657e-20 -7.012345838470537e-09 7.0122396675220367e-09 20.00020628074207 19.999799619517244 20.00020628074207 0.00020628074206996416 -0.00020038048275594633 1.000000002486173 320.52940093055918 1279.4705990675814 0.027615669956465184 0 0 0.99417318122671072 1.8029361107662789e-12 0.99999943189831964 -8.0338179231560575e-12 8.837718671708108e-12 2.2772077660648266e-18 0.34174335514404941 0.33139129928486444 0.010352055859184972 7.7635787158893969e-06
21500 0 0 0.10357267812188495 10.005034703262428 2.3094486042485295e-05 7.7635785229255134e-06 2.309448603667865e-05 7.7635785229255744e-06 2.3094486042485295e-05 -5.1752229302414569e-15 5.8067504297791512e-15 -1.8439459529851018e-20 -7.0129322391283474e-09 7.0128120031401589e-09 20.000212291211408 19.999793636021085 20.000212291211408 0.00021229121140819984 -0.0002063639789149363 1.0000000024870592 320.52940093055003 1279.4705990675463 0.027615669956141137 0 0 0.99417318122670817 1.8029367754957851e-12 0.99999943189825291 -8.2804653507800167e-12 9.2906127020570504e-12 -3.8245726676895232e-17 0.3417433551440483 0.33139129928480054 0.010352055859247755 7.7635785229255134e-06
22000 0 0 0.10357267812249377 10.005034703261902 2.3094466013811869e-05 7.7635783299791736e-06 2.3094466007728367e-05 7.763578329979238e-06 2.3094466013811869e-05 -5.3251482106052587e-15 6.0836075827720343e-15 6.9109830390304439e-20 -7.0135179527960857e-09 7.013384517909145e-09 20.000218301691675 19.99978765185395 20.000218301691675 0.0002183016916745828 -0.00021234814605008978 1.0000000024879467 320.52940093054167 1279.4705990675116 0.027615669955817181 0 0 0.99417318122670839 1.8029369427209203e-12 0.99999943189818596 -8.5205125663472056e-12 9.733911474147088e-12 8.9774730653671409e-17 0.34174335514404619 0.33139129928473704 0.010352055859309151 7.7635783299791736e-06
22500 0 0 0.10357267812309372 10.005034703261378 2.3094445981429456e-05 7.7635781370358984e-06 2.3094445975242961e-05 7.7635781370359662e-06 2.3094445981429456e-05 -5.3112478681827241e-15 6.1865962765055788e-15 -5.0648398425912267e-21 -7.0141030027351419e-09 7.0139570265414816e-09 20.000224312200121 19.999781667033908 20.000224312200121 0.00022431220012109065 -0.00021833296609230501 1.0000000024888351 320.52940093053303 1279.470599067477 0.027615669955493298 0 0 0.99417318122670717 1.8029373786346351e-12 0.9999994318981188 -8.4977940051909212e-12 9.898543589879717e-12 6.2301247794036674e-18 0.34174335514404325 0.33139129928467359 0.010352055859369658 7.7635781370358984e-06
23000 0 0 0.10357267812368089 10.005034703260854 2.3094425945865072e-05 7.7635779441001126e-06 2.309442593957382e-05 7.7635779441001702e-06 2.3094425945865072e-05 -5.3565666576842704e-15 6.2913497268005774e-15 -3.0744588744099255e-20 -7.0146878672603229e-09 7.0145296731923834e-09 20.000230322752518 19.999775681577635 20.000230322752518 0.00023032275251821943 -0.00022431842236514399 1.0000000024897251 320.52940093052445 1279.4705990674411 0.027615669955169481 0 0 0.99417318122670661 1.8029379358255179e-12 0.99999943189805196 -8.5705562684695202e-12 1.0066184223894894e-11 -6.4318687594330377e-17 0.34174335514403886 0.33139129928460997 0.010352055859428888 7.7635779441001126e-06
23500 0 0 0.10357267812425741 10.00503470326032 2.3094405906923188e-05 7.7635777511588567e-06 2.3094405900441045e-05 7.7635777511589211e-06 2.3094405906923188e-05 -5.4316685259149047e-15 6.482237281817466e-15 -4.0068036191782327e-20 -7.0152721142967897e-09 7.0151023859287262e-09 20.000236333363343 19.999769695500486 20.000236333363343 0.00023633336334327737 -0.00023030449951377818 1.0000000024906173 320.52940093051512 1279.4705990674022 0.02761566995484574 0 0 0.99417318122670539 1.8029382435907893e-12 0.99999943189798457 -8.6905468991354656e-12 1.0371427049557572e-11 -5.1804520840103675e-17 0.3417433551440332 0.33139129928454614 0.010352055859487064 7.7635777511588567e-06
24000 0 0 0.10357267812482478 10.005034703259813 2.3094385864718246e-05 7.7635775582327035e-06 2.3094385858089769e-05 7.7635775582327746e-06 2.3094385864718246e-05 -5.4239035932211303e-15 6.6285684079297803e-15 2.1175675310915064e-20 -7.0158560694232358e-09 7.0156752666484703e-09 20.000242344046029 19.999763708816666 20.000242344046029 0.00024234404602907489 -0.00023629118333445831 1.0000000024915097 320.52940093050665 1279.4705990673665 0.027615669954522075 0 0 0.99417318122670428 1.8029386564715378e-12 0.99999943189791718 -8.6782079898185898e-12 1.0605900615108791e-11 2.7524333662840843e-17 0.34174335514402637 0.33139129928448208 0.010352055859544296 7.7635775582327035e-06
24500 0 0 0.10357267812538201 10.005034703259295 2.3094365819478509e-05 7.7635773653085424e-06 2.3094365812733965e-05 7.7635773653086084e-06 2.3094365819478509e-05 -5.4813883966879549e-15 6.744633512131235e-15 -3.0400491688079479e-21 -7.0164394924833668e-09 7.0162483116604561e-09 20.000248354813017 19.999757721539343 20.000248354813017 0.00024835481301721529 -0.00024227846065727476 1.0000000024924032 320.52940093049904 1279.4705990673331 0.027615669954198462 0 0 0.9941731812267024 1.8029392792299956e-12 0.9999994318978499 -8.7701508789822186e-12 1.0791639737146701e-11 3.6750275421697947e-17 0.34174335514401843 0.33139129928441791 0.010352055859600529 7.7635773653085424e-06
25000 0 0 0.10357267812592345 10.005034703258751 2.3094345771050693e-05 7.7635771724080474e-06 2.3094345764086758e-05 7.7635771724081135e-06 2.3094345771050693e-05 -5.4518325363348911e-15 6.9640200840200169e-15 3.7972368358669356e-20 -7.0170223473090348e-09 7.0168213479892532e-09 20.000254365675868 19.999751733680718 20.000254365675868 0.00025436567586822889 -0.00024826631928220877 1.0000000024932965 320.52940093049 1279.4705990672946 0.02761566995387494 0 0 0.99417318122670173 1.8029396889568494e-12 0.99999943189778207 -8.7228114530567031e-12 1.1142563422282901e-11 6.372783633679215e-17 0.34174335514400916 0.33139129928435396 0.010352055859655207 7.7635771724080474e-06
25500 0 0 0.10357267812645141 10.005034703258247 2.3094325719399162e-05 7.7635769794904203e-06 2.309432571218691e-05 7.7635769794904915e-06 2.3094325719399162e-05 -5.6560092839091137e-15 7.2123316457470725e-15 -8.7514136488896072e-22 -7.0176052629030384e-09 7.0173944668040692e-09 20.000260376645191 19.999745745252106 20.000260376645191 0.00026037664519051873 -0.00025425474789386726 1.0000000024941904 320.52940093048062 1279.4705990672639 0.027615669953551535 0 0 0.99417318122670095 1.8029400733598917e-12 0.99999943189771423 -9.0491643743068633e-12 1.1539421232846507e-11 -2.8532208802235438e-18 0.34174335514399912 0.33139129928429062 0.010352055859708498 7.7635769794904203e-06
26000 0 0 0.10357267812697189 10.005034703257719 2.3094305664878726e-05 7.763576786576566e-06 2.3094305657389935e-05 7.7635767865766422e-06 2.3094305664878726e-05 -5.7883288770946562e-15 7.488873912852244e-15 5.5354879609972491e-20 -7.0181877444611852e-09 7.017967688547586e-09 20.00026638773085 19.999739756264074 20.00026638773085 0.00026638773084997069 -0.00026024373592647976 1.0000000024950864 320.52940093047118 1279.4705990672246 0.027615669953228162 0 0 0.99417318122670051 1.8029404873560515e-12 0.99999943189764651 -9.2616546548278793e-12 1.1982454720141018e-11 3.8972677621348415e-17 0.34174335514398785 0.33139129928422678 0.010352055859761067 7.763576786576566e-06
26500 0 0 0.10357267812748178 10.005034703257186 2.3094285606945652e-05 7.7635765936841822e-06 2.3094285599347268e-05 7.7635765936842584e-06 2.3094285606945652e-05 -5.8486587041362242e-15 7.5984632056201743e-15 3.5734338144555843e-20 -7.0187696739138412e-09 7.0185405685928188e-09 20.000272398942212 19.999733766726457 20.000272398942212 0.00027239894221153804 -0.00026623327354258208 1.0000000024959808 320.52940093046317 1279.4705990671898 0.027615669952904862 0 0 0.99417318122670006 1.8029409459836974e-12 0.99999943189757823 -9.357447737555288e-12 1.2157297020529731e-11 5.0156798350061112e-17 0.34174335514397547 0.33139129928416289 0.010352055859812581 7.7635765936841822e-06
27000 0 0 0.1035726781279768 10.005034703256666 2.3094265545974793e-05 7.763576400776052e-06 2.3094265538344571e-05 7.7635764007761334e-06 2.3094265545974793e-05 -5.9333954547210404e-15 7.6302954414806732e-15 1.580365937592932e-20 -7.0193512339961936e-09 7.019113530318649e-09 20.000278410287983 19.999727776648331 20.000278410287983 0.000278410287982922 -0.0002722233516685435 1.0000000024968752 320.52940093045402 1279.4705990671589 0.027615669952581624 0 0 0.99417318122669873 1.8029413518190776e-12 0.99999943189751028 -9.4937216190978238e-12 1.2208385127496975e-11 1.1839747178751598e-17 0.3417433551439617 0.33139129928409911 0.010352055859862597 7.763576400776052e-06
27500 0 0 0.10357267812845905 10.005034703256145 2.3094245481809972e-05 7.763576207890846e-06 2.3094245474162081e-05 7.7635762078909087e-06 2.3094245481809972e-05 -6.027368609940954e-15 7.6479636153617707e-15 -1.5316971782559327e-20 -7.019932576771072e-09 7.0196864541393047e-09 20.000284421776225 19.999721786038336 20.000284421776225 0.00028442177622522991 -0.00027821396166416434 1.0000000024977722 320.52940093044487 1279.4705990671209 0.027615669952258465 0 0 0.9941731812266984 1.8029419266517853e-12 0.99999943189744189 -9.6440197685198217e-12 1.2236898783525922e-11 -2.5779678519356413e-17 0.34174335514394699 0.33139129928403566 0.010352055859911335 7.763576207890846e-06
28000 0 0 0.10357267812893722 10.005034703255607 2.3094225414908428e-05 7.7635760150039662e-06 2.3094225407224779e-05 7.7635760150040425e-06 2.3094225414908428e-05 -6.1652039734021316e-15 7.6837160568838401e-15 -1.9321012994176553e-20 -7.020513678629559e-09 7.0202593915839792e-09 20.00029043341452 19.999715794904571 20.00029043341452 0.00029043341451995275 -0.00028420509542925743 1.0000000024986686 320.52940093043605 1279.4705990670845 0.027615669951935363 0 0 0.9941731812266984 1.8029424306419705e-12 0.99999943189737361 -9.864270720154878e-12 1.2294066100176529e-11 -2.9627291031255781e-17 0.34174335514393106 0.33139129928397137 0.010352055859959686 7.7635760150039662e-06
28500 0 0 0.10357267812939622 10.005034703255093 2.3094205344885958e-05 7.7635758221334545e-06 2.3094205336936696e-05 7.7635758221335274e-06 2.3094205344885958e-05 -6.3315176590235791e-15 7.949328625947954e-15 -3.0606204642316219e-20 -7.0210943839994442e-09 7.0208323657198768e-09 20.000296445209965 19.999709803254667 20.000296445209965 0.00029644520996541246 -0.00029019674533259376 1.0000000024995659 320.5294009304273 1279.4705990670493 0.027615669951612364 0 0 0.99417318122669829 1.8029429653650294e-12 0.999999431897305 -1.0130543007363906e-11 1.2719396917342617e-11 -4.3132748468395136e-17 0.34174335514391413 0.33139129928390804 0.010352055860006093 7.7635758221334545e-06
29000 0 0 0.10357267812984841 10.005034703254568 2.3094185272216547e-05 7.7635756292553043e-06 2.3094185263954534e-05 7.7635756292553771e-06 2.3094185272216547e-05 -6.4805278733381107e-15 8.2620778574445757e-15 -5.7352352200122162e-20 -7.0216747652539538e-09 7.0214054899381716e-09 20.000302457169251 19.999703811095827 20.000302457169251 0.0003024571692513689 -0.00029618890417282273 1.0000000025004632 320.52940093041786 1279.4705990670113 0.027615669951289442 0 0 0.99417318122669807 1.8029430019417438e-12 0.99999943189723628 -1.0368445383138928e-11 1.3219591160267507e-11 -6.9210655018745788e-17 0.3417433551438962 0.33139129928384436 0.010352055860051834 7.7635756292553043e-06
29500 0 0 0.1035726781302852 10.005034703254056 2.3094165196628057e-05 7.7635754363881672e-06 2.3094165188030297e-05 7.7635754363882434e-06 2.3094165196628057e-05 -6.6062962989569933e-15 8.5978210325781887e-15 -2.056045689756396e-20 -7.0222549007311261e-09 7.0219785319856885e-09 20.000308469298687 19.999697818434793 20.000308469298687 0.00030846929868744155 -0.00030218156520689377 1.0000000025013609 320.52940093040957 1279.47059906698 0.027615669950966606 0 0 0.99417318122669796 1.8029437556921133e-12 0.99999943189716745 -1.0570139371657632e-11 1.3756515580704527e-11 -3.2131394464295029e-17 0.34174335514387694 0.33139129928378092 0.010352055860096021 7.7635754363881672e-06
29999 0 0 0.10357267813071303 10.005034703253536 2.3094145158052122e-05 7.7635752439115021e-06 2.3094145149225944e-05 7.7635752439115783e-06 2.3094145158052122e-05 -6.6025617708781925e-15 8.8262330961850088e-15 -4.212775316841437e-20 -7.0228333867353094e-09 7.0225503408913733e-09 20.000314469579433 19.99969183726477 20.000314469579433 0.0003144695794325969 -0.00030816273523015525 1.0000000025022571 320.52940093040138 1279.470599066944 0.027615669950644444 0 0 0.99417318122669773 1.8029442933995073e-12 0.99999943189709883 -1.0563993596526153e-11 1.412218384074269e-11 -7.0663761350591326e-17 0.34174335514385656 0.33139129928371724 0.01035205586013932 7.7635752439115021e-06
