# 1:passo  2:R0  3:|a2|/R0  4:|a4|/R0  5:|a8|/R0  6:rmin  7:rmax
0 9.989471105 1.550352037e-16 0.0003468019865 0.0001656327047 9.977611755 10.00606598
500 9.895007991 1.152504857e-09 0.0001504749849 0.0003242203395 9.885816182 9.907927643
1000 9.892791501 1.297971623e-09 0.000130774364 0.0003272122841 9.883768497 9.905603977
1500 9.893628492 1.309476829e-09 0.00014210369 0.0003262739715 9.884510432 9.906478559
2000 9.893690237 1.310103843e-09 0.0001428628125 0.0003261993209 9.88456576 9.906543617
2500 9.893678959 1.3098498e-09 0.0001427043195 0.0003262124917 9.884555795 9.90653219
3000 9.893677587 1.309527318e-09 0.0001426874521 0.0003262148153 9.88455455 9.9065311
3500 9.893677718 1.309201559e-09 0.000142690116 0.0003262153661 9.884554644 9.906531584
4000 9.893677741 1.308877671e-09 0.0001426911604 0.0003262160312 9.884554644 9.906531954
4500 9.893677737 1.308555872e-09 0.0001426918364 0.0003262167284 9.884554619 9.906532296
5000 9.893677733 1.308237268e-09 0.0001426925258 0.0003262174246 9.884554594 9.906532638
5500 9.893677729 1.307922009e-09 0.0001426932212 0.00032621812 9.88455457 9.906532981
6000 9.893677726 1.307609635e-09 0.0001426939163 0.0003262188151 9.884554547 9.906533324
6500 9.893677723 1.307300465e-09 0.0001426946109 0.00032621951 9.884554523 9.906533667
7000 9.893677719 1.306994386e-09 0.0001426953053 0.0003262202047 9.884554499 9.90653401
7500 9.893677716 1.306691439e-09 0.0001426959993 0.0003262208991 9.884554475 9.906534353
8000 9.893677712 1.306391139e-09 0.0001426966931 0.0003262215933 9.884554451 9.906534697
8500 9.893677709 1.306094395e-09 0.0001426973865 0.0003262222872 9.884554427 9.90653504
9000 9.893677706 1.305799996e-09 0.0001426980796 0.0003262229809 9.884554403 9.906535383
9500 9.893677702 1.305507793e-09 0.0001426987723 0.0003262236744 9.884554379 9.906535726
10000 9.893677699 1.30522096e-09 0.0001426994648 0.0003262243675 9.884554355 9.906536069
10500 9.893677695 1.304940151e-09 0.000142700157 0.0003262250605 9.884554331 9.906536412
11000 9.893677692 1.304684109e-09 0.0001427008488 0.0003262257532 9.884554307 9.906536756
11500 9.893677689 1.304559139e-09 0.0001427015404 0.0003262264457 9.884554282 9.906537099
12000 9.893677685 1.305279283e-09 0.0001427022317 0.0003262271381 9.884554256 9.906537445
12500 9.893677682 1.311724202e-09 0.0001427029237 0.0003262278311 9.884554227 9.906537793
13000 9.893677679 1.353759655e-09 0.0001427036215 0.0003262285301 9.884554186 9.906538153
13500 9.893677675 1.463732874e-09 0.0001427043568 0.0003262292667 9.884554127 9.906538533
14000 9.893677671 1.84882112e-09 0.0001427052114 0.0003262301229 9.884554097 9.906538915
14500 9.893677666 1.829548316e-09 0.000142706171 0.0003262310845 9.884554043 9.906539399
15000 9.893677661 1.552608846e-09 0.0001427071567 0.0003262320723 9.884554006 9.906539895
15500 9.893677656 1.461740113e-09 0.0001427081454 0.0003262330632 9.884553971 9.90654039
16000 9.893677652 1.436293271e-09 0.0001427091339 0.0003262340541 9.884553937 9.906540884
16500 9.893677647 1.429797827e-09 0.0001427101218 0.0003262350446 9.884553903 9.906541378
17000 9.893677642 1.428766478e-09 0.000142711109 0.0003262360345 9.884553869 9.906541871
17500 9.893677637 1.429276615e-09 0.0001427120956 0.0003262370239 9.884553834 9.906542365
18000 9.893677632 1.430211008e-09 0.0001427130815 0.0003262380127 9.8845538 9.906542858
18500 9.893677628 1.431263521e-09 0.0001427140667 0.000326239001 9.884553766 9.906543352
19000 9.893677623 1.432354391e-09 0.0001427150512 0.0003262399888 9.884553732 9.906543845
19500 9.893677618 1.43346327e-09 0.0001427160351 0.0003262409761 9.884553698 9.906544339
20000 9.893677613 1.434584957e-09 0.0001427170183 0.0003262419628 9.884553663 9.906544832
20500 9.893677609 1.43571618e-09 0.0001427180008 0.000326242949 9.884553629 9.906545326
21000 9.893677604 1.436857055e-09 0.0001427189826 0.0003262439346 9.884553595 9.906545819
21500 9.893677599 1.438005389e-09 0.0001427199638 0.0003262449198 9.884553561 9.906546313
22000 9.893677594 1.43916068e-09 0.0001427209443 0.0003262459043 9.884553527 9.906546806
22500 9.89367759 1.440323045e-09 0.0001427219241 0.0003262468884 9.884553493 9.9065473
23000 9.893677585 1.441491525e-09 0.0001427229032 0.0003262478719 9.884553459 9.906547793
23500 9.89367758 1.442665988e-09 0.0001427238817 0.0003262488549 9.884553425 9.906548287
24000 9.893677576 1.443845934e-09 0.0001427248595 0.0003262498373 9.884553391 9.90654878
24500 9.893677571 1.445030694e-09 0.0001427258366 0.0003262508193 9.884553357 9.906549274
25000 9.893677566 1.446220039e-09 0.000142726813 0.0003262518006 9.884553323 9.906549768
25500 9.893677561 1.447413554e-09 0.0001427277887 0.0003262527815 9.884553289 9.906550261
26000 9.893677557 1.448611941e-09 0.0001427287638 0.0003262537618 9.884553255 9.906550755
26500 9.893677552 1.449813291e-09 0.0001427297382 0.0003262547416 9.884553221 9.906551248
27000 9.893677547 1.451018913e-09 0.0001427307119 0.0003262557208 9.884553187 9.906551742
27500 9.893677543 1.452228958e-09 0.000142731685 0.0003262566995 9.884553153 9.906552236
28000 9.893677538 1.45344232e-09 0.0001427326573 0.0003262576777 9.884553119 9.906552729
28500 9.893677533 1.454659251e-09 0.000142733629 0.0003262586553 9.884553085 9.906553223
29000 9.893677529 1.455880119e-09 0.0001427346 0.0003262596324 9.884553051 9.906553717
29500 9.893677524 1.457103819e-09 0.0001427355704 0.000326260609 9.884553017 9.90655421
29999 9.89367752 1.458328864e-09 0.0001427365381 0.000326261583 9.884552983 9.906554703
