# 1:passo  2:raio_area  3:raio_grad  4:raio_linha  5:p_in  6:p_out  7:delta_p  8:sigma  9:|u-v0|max  10:|u-v0|rms  11:Ca  12:massa_R  13:massa_B  14:|q|  15:sd_p_in  16:sd_p_out  17:sigma_2pontos  18:K_perfil  19:r_perfil  20:espessura_10_90  21:residuo_ajuste  22:n_camadas
0 10.10087507 10.20274894 10 0.3333333333 0.3333333333 -2.386979503e-15 -2.411058175e-14 0.001302538676 0.000419967555 0 320.5294009 1279.470599 1.332995749e-16 1.164877355e-08 8.422049362e-09 2.775557562e-15 1.266703781 10.04238507 3.469200315 0.1993849299 12
500 10.0061322 10.07540456 9.891752401 0.3416418329 0.3314366483 0.01020518462 0.1021144265 0.0008590018166 0.00060317204 0.001402024908 320.5294009 1279.470599 3.029877904e-14 1.297125891e-05 1.99366353e-05 0.100666579 1.292246832 9.930973505 3.400626757 0.2411981301 12
1000 10.00413077 10.07353425 9.889985352 0.3418243525 0.3313501369 0.01047421559 0.1047854225 4.080356555e-05 1.875575306e-05 6.490019412e-05 320.5294009 1279.470599 1.66090314e-13 2.16940003e-05 2.461267353e-05 0.1042339335 1.292197956 9.929035531 3.400755384 0.2414812423 12
1500 10.00498843 10.07450993 9.890832621 0.341747495 0.3313891776 0.01035831735 0.1036348453 3.159964474e-05 1.20053477e-05 5.081888665e-05 320.5294009 1279.470599 2.85220862e-13 1.811811583e-05 1.48699448e-06 0.1026380056 1.292180274 9.929955636 3.40080192 0.2416042018 12
2000 10.00504757 10.07457081 9.890887003 0.3417422056 0.3313918898 0.01035031579 0.1035554018 2.29483726e-05 7.785395099e-06 3.693413092e-05 320.5294009 1279.470599 4.542794999e-13 1.787836921e-05 1.907036633e-07 0.1025271736 1.2921807 9.930016127 3.400800797 0.2416025546 12
2500 10.00503588 10.07455731 9.890875382 0.3417432502 0.3313913532 0.01035189699 0.1035711008 2.321509179e-05 7.763259996e-06 3.735773718e-05 320.5294009 1279.470599 6.119155548e-13 1.792557805e-05 2.075885185e-07 0.1025490861 1.292180995 9.930003621 3.400800021 0.2415993022 12
3000 10.00503454 10.07455588 9.890874119 0.3417433701 0.3313912916 0.01035207847 0.1035729026 2.310814627e-05 7.763545521e-06 3.718499353e-05 320.5294009 1279.470599 7.804040621e-13 1.793099685e-05 2.388555752e-07 0.1025516019 1.292180985 9.930002369 3.400800046 0.2415979661 12
3500 10.00503468 10.07455604 9.890874263 0.3417433573 0.3313912982 0.01035205917 0.103572711 2.309348787e-05 7.763604468e-06 3.716147438e-05 320.5294009 1279.470599 9.296244033e-13 1.793042616e-05 2.353328862e-07 0.1025513345 1.292180967 9.930002665 3.400800093 0.2415967198 12
4000 10.00503471 10.07455607 9.890874288 0.341743355 0.3313912994 0.0103520556 0.1035726756 2.309469949e-05 7.763585603e-06 3.716343679e-05 320.5294009 1279.470599 1.10381278e-12 1.793031833e-05 2.345673177e-07 0.1025512851 1.292180954 9.930002833 3.400800128 0.2415954457 12
4500 10.0050347 10.07455607 9.890874286 0.3417433551 0.3313912993 0.0103520558 0.1035726775 2.309496192e-05 7.763583705e-06 3.716385841e-05 320.5294009 1279.470599 1.39652867e-12 1.793032138e-05 2.345335549e-07 0.1025512877 1.292180941 9.930002971 3.400800162 0.2415941691 12
5000 10.0050347 10.07455607 9.890874285 0.3417433551 0.3313912993 0.01035205586 0.1035726781 2.30949376e-05 7.76358381e-06 3.716381904e-05 320.5294009 1279.470599 1.758804236e-12 1.793032149e-05 2.348368819e-07 0.1025512886 1.292180928 9.93000311 3.400800196 0.2415928929 12
5500 10.0050347 10.07455607 9.890874285 0.3417433551 0.3313912993 0.01035205586 0.1035726781 2.309491889e-05 7.763583712e-06 3.716378894e-05 320.5294009 1279.470599 2.076007135e-12 1.793032251e-05 2.348435371e-07 0.1025512886 1.292180915 9.930003251 3.40080023 0.2415916166 12
6000 10.0050347 10.07455607 9.890874284 0.3417433551 0.3313912993 0.01035205586 0.1035726781 2.309490498e-05 7.763583575e-06 3.716376655e-05 320.5294009 1279.470599 2.271883957e-12 1.793032426e-05 2.352765844e-07 0.1025512886 1.292180902 9.930003391 3.400800264 0.2415903402 12
6500 10.0050347 10.07455607 9.890874284 0.3417433551 0.3313912993 0.01035205586 0.1035726781 2.309489114e-05 7.76358344e-06 3.716374427e-05 320.5294009 1279.470599 2.667149667e-12 1.793032455e-05 2.347451286e-07 0.1025512886 1.292180889 9.930003531 3.400800299 0.2415890637 12
7000 10.0050347 10.07455607 9.890874284 0.3417433551 0.3313912993 0.01035205586 0.1035726781 2.309487722e-05 7.763583306e-06 3.716372188e-05 320.5294009 1279.470599 3.241005822e-12 1.793032623e-05 2.341261269e-07 0.1025512886 1.292180876 9.930003671 3.400800333 0.2415877872 12
7500 10.0050347 10.07455607 9.890874283 0.3417433551 0.3313912993 0.01035205586 0.1035726781 2.30948633e-05 7.763583172e-06 3.716369948e-05 320.5294009 1279.470599 3.710571496e-12 1.793032299e-05 2.344813919e-07 0.1025512886 1.292180863 9.930003811 3.400800367 0.2415865106 12
8000 10.0050347 10.07455607 9.890874283 0.3417433551 0.3313912993 0.01035205586 0.1035726781 2.309484939e-05 7.763583038e-06 3.716367709e-05 320.5294009 1279.470599 4.232746694e-12 1.793032346e-05 2.346910901e-07 0.1025512886 1.29218085 9.930003951 3.400800402 0.2415852339 12
8500 10.0050347 10.07455607 9.890874282 0.3417433551 0.3313912993 0.01035205586 0.1035726781 2.309483548e-05 7.763582903e-06 3.716365471e-05 320.5294009 1279.470599 4.436585383e-12 1.793032715e-05 2.350894457e-07 0.1025512886 1.292180837 9.930004091 3.400800436 0.2415839572 12
9000 10.0050347 10.07455607 9.890874282 0.3417433551 0.3313912993 0.01035205586 0.1035726781 2.309482159e-05 7.763582769e-06 3.716363236e-05 320.5294009 1279.470599 4.715381777e-12 1.793032385e-05 2.354343489e-07 0.1025512886 1.292180824 9.930004231 3.400800471 0.2415826804 12
9500 10.0050347 10.07455607 9.890874282 0.3417433551 0.3313912993 0.01035205586 0.1035726781 2.309480775e-05 7.763582635e-06 3.716361008e-05 320.5294009 1279.470599 5.209858075e-12 1.793032616e-05 2.347210215e-07 0.1025512886 1.292180811 9.930004371 3.400800505 0.2415814035 12
10000 10.0050347 10.07455607 9.890874281 0.3417433551 0.3313912993 0.01035205586 0.1035726781 2.309479401e-05 7.763582501e-06 3.716358797e-05 320.5294009 1279.470599 5.872528398e-12 1.79303281e-05 2.350087963e-07 0.1025512885 1.292180798 9.930004511 3.40080054 0.2415801265 12
10500 10.0050347 10.07455607 9.890874281 0.3417433551 0.3313912993 0.01035205586 0.1035726781 2.309478052e-05 7.763582367e-06 3.716356627e-05 320.5294009 1279.470599 6.291051305e-12 1.793032644e-05 2.349125359e-07 0.1025512885 1.292180785 9.930004651 3.400800574 0.2415788494 12
11000 10.0050347 10.07455607 9.89087428 0.3417433551 0.3313912993 0.01035205586 0.1035726781 2.309476764e-05 7.763582232e-06 3.716354555e-05 320.5294009 1279.470599 6.599683914e-12 1.793032643e-05 2.34730324e-07 0.1025512885 1.292180772 9.930004791 3.400800609 0.2415775723 12
11500 10.0050347 10.07455607 9.890874279 0.3417433551 0.3313912993 0.01035205586 0.1035726781 2.309475635e-05 7.763582098e-06 3.716352738e-05 320.5294009 1279.470599 6.935647336e-12 1.793032387e-05 2.349782588e-07 0.1025512885 1.292180758 9.930004931 3.400800643 0.2415762951 12
12000 10.0050347 10.07455607 9.890874278 0.3417433551 0.3313912993 0.01035205586 0.1035726781 2.309474924e-05 7.763581964e-06 3.716351594e-05 320.5294009 1279.470599 7.229095047e-12 1.793032564e-05 2.34559556e-07 0.1025512885 1.292180745 9.930005071 3.400800678 0.2415750175 12
12500 10.0050347 10.07455607 9.890874275 0.3417433551 0.3313912993 0.01035205586 0.1035726781 2.309475325e-05 7.76358183e-06 3.716352239e-05 320.5294009 1279.470599 7.750983823e-12 1.793032407e-05 2.349141656e-07 0.1025512885 1.292180732 9.930005212 3.400800713 0.2415737383 12
13000 10.0050347 10.07455607 9.890874269 0.3417433551 0.3313912993 0.01035205586 0.1035726781 2.309477964e-05 7.763581696e-06 3.716356485e-05 320.5294009 1279.470599 8.112476482e-12 1.793032411e-05 2.34971035e-07 0.1025512884 1.292180719 9.930005353 3.400800748 0.2415724481 12
13500 10.0050347 10.07455607 9.890874266 0.3417433551 0.3313912993 0.01035205586 0.1035726781 2.30947632e-05 7.763581565e-06 3.71635384e-05 320.5294009 1279.470599 8.671607274e-12 1.793032579e-05 2.346560084e-07 0.1025512884 1.292180704 9.930005501 3.400800786 0.2415710912 12
14000 10.0050347 10.07455607 9.89087429 0.3417433551 0.3313912993 0.01035205586 0.1035726781 2.309478509e-05 7.763581413e-06 3.716357363e-05 320.5294009 1279.470599 8.950335781e-12 1.793032833e-05 2.347840456e-07 0.1025512887 1.292180687 9.930005672 3.400800832 0.2415695161 12
14500 10.0050347 10.07455607 9.890874286 0.3417433551 0.3313912993 0.01035205586 0.1035726781 2.309476043e-05 7.763581225e-06 3.716353394e-05 320.5294009 1279.470599 9.282580536e-12 1.793032301e-05 2.347141312e-07 0.1025512887 1.292180668 9.930005866 3.400800881 0.2415677408 12
15000 10.0050347 10.07455607 9.89087428 0.3417433551 0.3313912993 0.01035205586 0.1035726781 2.309473941e-05 7.763581032e-06 3.716350011e-05 320.5294009 1279.470599 9.892871342e-12 1.793032642e-05 2.348312427e-07 0.1025512886 1.292180649 9.930006066 3.400800931 0.2415659133 12
15500 10.0050347 10.07455607 9.890874277 0.3417433551 0.3313912993 0.01035205586 0.1035726781 2.3094724e-05 7.763580839e-06 3.716347533e-05 320.5294009 1279.470599 1.003334757e-11 1.793032716e-05 2.343830548e-07 0.1025512886 1.29218063 9.930006267 3.400800981 0.2415640785 12
16000 10.0050347 10.07455607 9.890874276 0.3417433551 0.3313912993 0.01035205586 0.1035726781 2.309470549e-05 7.763580646e-06 3.716344554e-05 320.5294009 1279.470599 9.902117042e-12 1.793032767e-05 2.352595021e-07 0.1025512885 1.292180611 9.930006469 3.400801032 0.2415622427 12
16500 10.0050347 10.07455607 9.890874275 0.3417433551 0.3313912993 0.01035205586 0.1035726781 2.309468595e-05 7.763580453e-06 3.716341409e-05 320.5294009 1279.470599 9.824557695e-12 1.793032479e-05 2.350202724e-07 0.1025512885 1.292180592 9.93000667 3.400801082 0.2415604066 12
17000 10.0050347 10.07455607 9.890874274 0.3417433551 0.3313912993 0.01035205586 0.1035726781 2.309466609e-05 7.76358026e-06 3.716338213e-05 320.5294009 1279.470599 9.868923249e-12 1.793032591e-05 2.348948579e-07 0.1025512885 1.292180573 9.930006871 3.400801132 0.2415585704 12
17500 10.0050347 10.07455607 9.890874273 0.3417433551 0.3313912993 0.01035205586 0.1035726781 2.309464613e-05 7.763580067e-06 3.716335001e-05 320.5294009 1279.470599 1.016767101e-11 1.79303274e-05 2.347618202e-07 0.1025512885 1.292180553 9.930007073 3.400801183 0.241556734 12
18000 10.0050347 10.07455607 9.890874273 0.3417433551 0.3313912993 0.01035205586 0.1035726781 2.309462614e-05 7.763579874e-06 3.716331784e-05 320.5294009 1279.470599 1.032927155e-11 1.793032732e-05 2.349331878e-07 0.1025512885 1.292180534 9.930007274 3.400801233 0.2415548976 12
18500 10.0050347 10.07455607 9.890874272 0.3417433551 0.3313912993 0.01035205586 0.1035726781 2.309460614e-05 7.763579681e-06 3.716328566e-05 320.5294009 1279.470599 1.07255516e-11 1.793032461e-05 2.343385679e-07 0.1025512885 1.292180515 9.930007476 3.400801284 0.241553061 12
19000 10.0050347 10.07455607 9.890874271 0.3417433551 0.3313912993 0.01035205586 0.1035726781 2.309458613e-05 7.763579488e-06 3.716325346e-05 320.5294009 1279.470599 1.100952309e-11 1.793032833e-05 2.350511643e-07 0.1025512885 1.292180496 9.930007677 3.400801335 0.2415512243 12
19500 10.0050347 10.07455607 9.890874271 0.3417433551 0.3313912993 0.01035205586 0.1035726781 2.309456612e-05 7.763579295e-06 3.716322126e-05 320.5294009 1279.470599 1.10655531e-11 1.793032375e-05 2.350287877e-07 0.1025512885 1.292180476 9.930007878 3.400801386 0.2415493875 12
20000 10.0050347 10.07455607 9.89087427 0.3417433551 0.3313912993 0.01035205586 0.1035726781 2.309454611e-05 7.763579102e-06 3.716318906e-05 320.5294009 1279.470599 1.12391727e-11 1.793032915e-05 2.352500424e-07 0.1025512885 1.292180457 9.93000808 3.400801437 0.2415475506 12
20500 10.0050347 10.07455607 9.890874269 0.3417433551 0.3313912993 0.01035205586 0.1035726781 2.309452609e-05 7.763578909e-06 3.716315684e-05 320.5294009 1279.470599 1.158938602e-11 1.79303293e-05 2.354018622e-07 0.1025512885 1.292180438 9.930008281 3.400801488 0.2415457136 12
21000 10.0050347 10.07455607 9.890874269 0.3417433551 0.3313912993 0.01035205586 0.1035726781 2.309450607e-05 7.763578716e-06 3.716312462e-05 320.5294009 1279.470599 1.194351296e-11 1.793032577e-05 2.351346442e-07 0.1025512885 1.292180418 9.930008483 3.400801539 0.2415438765 12
21500 10.0050347 10.07455607 9.890874268 0.3417433551 0.3313912993 0.01035205586 0.1035726781 2.309448604e-05 7.763578523e-06 3.71630924e-05 320.5294009 1279.470599 1.244514326e-11 1.793032603e-05 2.350889308e-07 0.1025512885 1.292180399 9.930008684 3.40080159 0.2415420392 12
22000 10.0050347 10.07455607 9.890874267 0.3417433551 0.3313912993 0.01035205586 0.1035726781 2.309446601e-05 7.76357833e-06 3.716306017e-05 320.5294009 1279.470599 1.293631195e-11 1.793032715e-05 2.348495274e-07 0.1025512885 1.292180379 9.930008885 3.400801641 0.2415402019 12
22500 10.0050347 10.07455607 9.890874267 0.3417433551 0.3313912993 0.01035205586 0.1035726781 2.309444598e-05 7.763578137e-06 3.716302793e-05 320.5294009 1279.470599 1.304582953e-11 1.793032517e-05 2.34738468e-07 0.1025512885 1.29218036 9.930009087 3.400801692 0.2415383644 12
23000 10.0050347 10.07455607 9.890874266 0.3417433551 0.3313912993 0.01035205586 0.1035726781 2.309442595e-05 7.763577944e-06 3.716299569e-05 320.5294009 1279.470599 1.322053326e-11 1.793032942e-05 2.344188662e-07 0.1025512885 1.29218034 9.930009288 3.400801744 0.2415365269 12
23500 10.0050347 10.07455607 9.890874265 0.3417433551 0.3313912993 0.01035205586 0.1035726781 2.309440591e-05 7.763577751e-06 3.716296345e-05 320.5294009 1279.470599 1.353115311e-11 1.793032666e-05 2.345904844e-07 0.1025512885 1.292180321 9.93000949 3.400801795 0.2415346892 12
24000 10.0050347 10.07455607 9.890874264 0.3417433551 0.3313912993 0.01035205586 0.1035726781 2.309438586e-05 7.763577558e-06 3.716293119e-05 320.5294009 1279.470599 1.370388346e-11 1.79303287e-05 2.346911629e-07 0.1025512885 1.292180301 9.930009691 3.400801846 0.2415328514 12
24500 10.0050347 10.07455607 9.890874264 0.3417433551 0.3313912993 0.01035205586 0.1035726781 2.309436582e-05 7.763577365e-06 3.716289894e-05 320.5294009 1279.470599 1.390593523e-11 1.793032675e-05 2.350665509e-07 0.1025512885 1.292180282 9.930009893 3.400801898 0.2415310135 12
25000 10.0050347 10.07455607 9.890874263 0.3417433551 0.3313912993 0.01035205586 0.1035726781 2.309434577e-05 7.763577172e-06 3.716286668e-05 320.5294009 1279.470599 1.415076532e-11 1.7930332e-05 2.35482464e-07 0.1025512885 1.292180262 9.930010094 3.40080195 0.2415291755 12
25500 10.0050347 10.07455607 9.890874262 0.3417433551 0.3313912993 0.01035205586 0.1035726781 2.309432572e-05 7.763576979e-06 3.716283441e-05 320.5294009 1279.470599 1.466443379e-11 1.793032923e-05 2.346541649e-07 0.1025512885 1.292180242 9.930010296 3.400802001 0.2415273374 12
26000 10.0050347 10.07455607 9.890874262 0.3417433551 0.3313912993 0.01035205586 0.1035726781 2.309430566e-05 7.763576787e-06 3.716280214e-05 320.5294009 1279.470599 1.514455242e-11 1.793033e-05 2.349142417e-07 0.1025512884 1.292180223 9.930010497 3.400802053 0.2415254991 12
26500 10.0050347 10.07455607 9.890874261 0.3417433551 0.3313912993 0.01035205586 0.1035726781 2.309428561e-05 7.763576594e-06 3.716276986e-05 320.5294009 1279.470599 1.53415025e-11 1.793032717e-05 2.349866307e-07 0.1025512884 1.292180203 9.930010699 3.400802105 0.2415236608 12
27000 10.0050347 10.07455607 9.89087426 0.3417433551 0.3313912993 0.01035205586 0.1035726781 2.309426555e-05 7.763576401e-06 3.716273758e-05 320.5294009 1279.470599 1.54652972e-11 1.793033104e-05 2.349910252e-07 0.1025512884 1.292180183 9.9300109 3.400802157 0.2415218223 12
27500 10.0050347 10.07455607 9.890874259 0.3417433551 0.3313912993 0.01035205586 0.1035726781 2.309424548e-05 7.763576208e-06 3.716270529e-05 320.5294009 1279.470599 1.558039823e-11 1.793032891e-05 2.346140014e-07 0.1025512884 1.292180164 9.930011102 3.400802209 0.2415199838 12
28000 10.0050347 10.07455607 9.890874259 0.3417433551 0.3313912993 0.01035205586 0.1035726781 2.309422541e-05 7.763576015e-06 3.7162673e-05 320.5294009 1279.470599 1.576223011e-11 1.793033342e-05 2.351165178e-07 0.1025512884 1.292180144 9.930011303 3.400802261 0.2415181451 12
28500 10.0050347 10.07455607 9.890874258 0.3417433551 0.3313912993 0.01035205586 0.1035726781 2.309420534e-05 7.763575822e-06 3.71626407e-05 320.5294009 1279.470599 1.62607183e-11 1.793033065e-05 2.352032622e-07 0.1025512884 1.292180124 9.930011505 3.400802313 0.2415163063 12
29000 10.0050347 10.07455607 9.890874257 0.3417433551 0.3313912993 0.01035205586 0.1035726781 2.309418527e-05 7.763575629e-06 3.71626084e-05 320.5294009 1279.470599 1.680066219e-11 1.793032836e-05 2.348444416e-07 0.1025512884 1.292180104 9.930011706 3.400802365 0.2415144674 12
29500 10.0050347 10.07455607 9.890874256 0.3417433551 0.3313912993 0.01035205586 0.1035726781 2.30941652e-05 7.763575436e-06 3.71625761e-05 320.5294009 1279.470599 1.734847449e-11 1.793032707e-05 2.345263632e-07 0.1025512884 1.292180084 9.930011908 3.400802418 0.2415126284 12
29999 10.0050347 10.07455607 9.890874256 0.3417433551 0.3313912993 0.01035205586 0.1035726781 2.309414516e-05 7.763575244e-06 3.716254385e-05 320.5294009 1279.470599 1.76361571e-11 1.793033031e-05 2.348470595e-07 0.1025512884 1.292180064 9.930012109 3.40080247 0.241510793 12
