# 1:passo  2:R0  3:|a2|/R0  4:|a4|/R0  5:|a8|/R0  6:rmin  7:rmax
0 24.99530979 9.196997287e-17 9.52226216e-05 8.27724819e-05 24.98429581 25.00965244
500 24.10352722 5.673020415e-17 0.002622945497 0.000726081769 24.04701828 24.19285988
1000 23.931504 9.070855717e-17 0.001915706261 0.0006254398663 23.89422818 23.99477006
1500 23.89964734 1.933754723e-16 0.001412312908 0.0006071687509 23.86757045 23.94916291
2000 23.90004783 1.121310682e-16 0.001252136812 0.0006012548855 23.86906892 23.94560986
2500 23.90417474 3.395422301e-17 0.001226084842 0.0006000507193 23.87324899 23.94898106
3000 23.9066085 6.372643066e-17 0.001231424065 0.000600157603 23.87557152 23.95147915
3500 23.90754601 1.948090659e-16 0.001238015413 0.0006003779142 23.87643482 23.95255324
4000 23.90779678 8.596985105e-17 0.001241300391 0.000600495244 23.87665516 23.95287809
4500 23.90782631 1.686909519e-16 0.001242428302 0.0006005372136 23.87667594 23.95293461
5000 23.9078114 8.018983078e-17 0.001242682308 0.0006005472903 23.8766597 23.95292638
5500 23.90779849 1.234579101e-16 0.001242688727 0.0006005479087 23.87664714 23.95291399
6000 23.90779261 1.187386794e-16 0.001242659365 0.0006005469643 23.87664164 23.95290755
6500 23.90779073 5.670957238e-17 0.001242640712 0.0006005463103 23.87663995 23.95290527
7000 23.90779036 1.213846855e-16 0.001242633239 0.0006005460371 23.87663964 23.95290472
7500 23.90779038 9.809337733e-17 0.001242631148 0.0006005459571 23.87663968 23.95290469
8000 23.90779045 9.312223028e-17 0.001242630858 0.0006005459442 23.87663974 23.95290474
8500 23.90779048 2.060654473e-16 0.001242630956 0.0006005459469 23.87663977 23.95290478
9000 23.90779049 1.015365572e-16 0.001242631053 0.0006005459503 23.87663979 23.9529048
9500 23.9077905 5.594926292e-17 0.001242631099 0.0006005459519 23.87663979 23.9529048
10000 23.9077905 9.276245681e-17 0.001242631114 0.0006005459525 23.87663979 23.9529048
10500 23.9077905 8.343185507e-17 0.001242631118 0.0006005459526 23.87663979 23.9529048
11000 23.9077905 2.073675958e-16 0.001242631118 0.0006005459526 23.87663979 23.9529048
11500 23.9077905 8.191819484e-17 0.001242631117 0.0006005459526 23.87663979 23.9529048
12000 23.9077905 5.42012592e-17 0.001242631117 0.0006005459526 23.87663979 23.9529048
12500 23.9077905 1.143288691e-16 0.001242631117 0.0006005459526 23.87663979 23.9529048
13000 23.9077905 4.180429975e-17 0.001242631117 0.0006005459526 23.87663979 23.9529048
13500 23.9077905 1.081155634e-16 0.001242631117 0.0006005459526 23.87663979 23.9529048
14000 23.9077905 1.485096485e-16 0.001242631117 0.0006005459526 23.87663979 23.9529048
14500 23.9077905 2.684844651e-16 0.001242631117 0.0006005459526 23.87663979 23.9529048
15000 23.9077905 7.517083372e-17 0.001242631117 0.0006005459526 23.87663979 23.9529048
15500 23.9077905 1.321593806e-16 0.001242631117 0.0006005459526 23.87663979 23.9529048
16000 23.9077905 1.206215741e-16 0.001242631117 0.0006005459526 23.87663979 23.9529048
16500 23.9077905 1.756424282e-16 0.001242631117 0.0006005459526 23.87663979 23.9529048
17000 23.9077905 9.115432489e-17 0.001242631117 0.0006005459526 23.87663979 23.9529048
17500 23.9077905 1.654175035e-16 0.001242631117 0.0006005459526 23.87663979 23.9529048
18000 23.9077905 1.404965485e-16 0.001242631117 0.0006005459526 23.87663979 23.9529048
18500 23.9077905 1.436097463e-16 0.001242631117 0.0006005459526 23.87663979 23.9529048
19000 23.9077905 2.94130303e-17 0.001242631117 0.0006005459526 23.87663979 23.9529048
19500 23.9077905 2.169958267e-16 0.001242631117 0.0006005459526 23.87663979 23.9529048
20000 23.9077905 1.115802805e-16 0.001242631117 0.0006005459526 23.87663979 23.9529048
20500 23.9077905 1.310056055e-16 0.001242631117 0.0006005459526 23.87663979 23.9529048
21000 23.9077905 8.261031262e-17 0.001242631117 0.0006005459526 23.87663979 23.9529048
21500 23.9077905 1.213748456e-16 0.001242631117 0.0006005459526 23.87663979 23.9529048
22000 23.9077905 1.630273261e-16 0.001242631117 0.0006005459526 23.87663979 23.9529048
22500 23.9077905 1.044328084e-16 0.001242631117 0.0006005459526 23.87663979 23.9529048
23000 23.9077905 1.453091186e-16 0.001242631117 0.0006005459526 23.87663979 23.9529048
23500 23.9077905 1.259758569e-16 0.001242631117 0.0006005459526 23.87663979 23.9529048
24000 23.9077905 1.494681335e-16 0.001242631117 0.0006005459526 23.87663979 23.9529048
24500 23.9077905 9.377859958e-17 0.001242631117 0.0006005459526 23.87663979 23.9529048
25000 23.9077905 9.427029143e-17 0.001242631117 0.0006005459526 23.87663979 23.9529048
25500 23.9077905 5.471294421e-17 0.001242631117 0.0006005459526 23.87663979 23.9529048
26000 23.9077905 6.294599987e-17 0.001242631117 0.0006005459526 23.87663979 23.9529048
26500 23.9077905 1.372868022e-16 0.001242631117 0.0006005459526 23.87663979 23.9529048
27000 23.9077905 1.006246282e-16 0.001242631117 0.0006005459526 23.87663979 23.9529048
27500 23.9077905 7.171082282e-17 0.001242631117 0.0006005459526 23.87663979 23.9529048
28000 23.9077905 6.081734687e-17 0.001242631117 0.0006005459526 23.87663979 23.9529048
28500 23.9077905 1.032730909e-16 0.001242631117 0.0006005459526 23.87663979 23.9529048
29000 23.9077905 9.663554788e-17 0.001242631117 0.0006005459526 23.87663979 23.9529048
29500 23.9077905 1.824176283e-16 0.001242631117 0.0006005459526 23.87663979 23.9529048
29999 23.9077905 1.339587168e-16 0.001242631117 0.0006005459526 23.87663979 23.9529048
