# 1:passo  2:raio_area  3:raio_grad  4:raio_linha  5:p_in  6:p_out  7:delta_p  8:sigma  9:|u-v0|max  10:|u-v0|rms  11:Ca  12:massa_R  13:massa_B  14:|q|  15:sd_p_in  16:sd_p_out  17:sigma_2pontos  18:K_perfil  19:r_perfil  20:espessura_10_90  21:residuo_ajuste  22:n_camadas
0 25.04052139 25.08111096 25 0.3333333333 0.3333333333 -2.220446049e-16 -5.560112678e-15 2.501853777e-17 7.346620803e-18 0 1969.865651 8030.134349 6.038006484e-17 2.706360658e-08 0 1.387778781e-15 1.273345395 25.01411833 3.451105388 0.08159937045 12
500 24.14851584 24.12054252 24.00770103 0.3599791696 0.328794325 0.03118484459 0.7530677135 0.01710330938 0.005305661639 0.01135575797 1969.865651 8030.134349 2.592612448e-14 0.0003710773949 0.0006791805479 0.7023322863 1.32170812 24.12414899 3.324825723 0.09143735841 12
1000 23.97567676 23.94245053 23.84817388 0.366815717 0.3262384843 0.0405772328 0.9728666172 0.01653253588 0.00388696412 0.008496815279 1969.865651 8030.134349 1.140065267e-14 3.725938805e-05 0.0001302403127 0.9591746329 1.32165919 23.94732207 3.324948814 0.1129949607 12
1500 23.94263095 23.90756072 23.82558269 0.3681057954 0.3256707594 0.04243503595 1.016006405 0.01686207781 0.003189633149 0.008298214325 1969.865651 8030.134349 7.071507053e-15 2.045038275e-05 0.0001439499118 1.015980595 1.322497516 23.91269699 3.322841141 0.1213602509 12
2000 23.94253592 23.90693253 23.82895082 0.3681054596 0.3256662134 0.04243924617 1.016103176 0.01703049634 0.003075102736 0.008380298749 1969.865651 8030.134349 3.815430598e-14 2.013958992e-05 0.0001433393312 1.016268194 1.322615563 23.91211608 3.322544567 0.1243184069 12
2500 23.94652324 23.91083521 23.83354728 0.3679489377 0.3257380609 0.04221087677 1.010803741 0.01708651334 0.003070332754 0.00845194405 1969.865651 8030.134349 7.687258425e-15 1.373831114e-05 0.0001037404001 1.009007689 1.322893465 23.91605151 3.321846597 0.1241193027 12
3000 23.94893842 23.91326992 23.83587629 0.3678548327 0.3257822864 0.04207254635 1.007592821 0.01709584924 0.003071872702 0.008483510836 1969.865651 8030.134349 2.088555541e-14 1.013495299e-05 8.055551989e-05 1.004565615 1.322897585 23.91848462 3.32183625 0.1240107817 12
3500 23.94988321 23.9142379 23.83669105 0.36781817 0.3257997113 0.04201845869 1.006337178 0.01709387549 0.003072279958 0.008493115358 1969.865651 8030.134349 9.930327723e-15 8.833206623e-06 7.199999145e-05 1.002821541 1.322890472 23.91945 3.321854113 0.1238985822 12
4000 23.95014088 23.91450713 23.83688157 0.3678082139 0.3258044909 0.042003723 1.005995083 0.01709145721 0.003072303689 0.008494801566 1969.865651 8030.134349 6.930271559e-15 8.497912029e-06 6.97702069e-05 1.002345085 1.322885625 23.91971783 3.321866283 0.1238446719 12
4500 23.95017363 23.91454386 23.83689067 0.367806967 0.3258051086 0.04200185832 1.005951799 0.01709025201 0.003072271063 0.008494568041 1969.865651 8030.134349 4.127253259e-14 8.458339852e-06 6.950714979e-05 1.002284381 1.322883614 23.91975405 3.321871334 0.1238266532 12
5000 23.95015978 23.91453092 23.83687126 0.3678075132 0.3258048576 0.04200265562 1.005970313 0.01708983747 0.003072247747 0.008494205668 1969.865651 8030.134349 1.692064368e-14 8.47762501e-06 6.963697606e-05 1.002309936 1.322883028 23.91974098 3.321872805 0.1238227802 12
5500 23.95014709 23.91451825 23.8368583 0.3678080078 0.3258046243 0.04200338343 1.005987212 0.01708974366 0.003072237529 0.008494016357 1969.865651 8030.134349 4.93637748e-15 8.494483733e-06 6.975027474e-05 1.002333388 1.322882936 23.9197283 3.321873036 0.1238227897 12
6000 23.95014121 23.91451226 23.83685298 0.3678082363 0.3258045157 0.04200372061 1.00599504 0.017089741 0.003072234328 0.008493948938 1969.865651 8030.134349 1.796407441e-14 8.502214765e-06 6.980204164e-05 1.00234427 1.322882957 23.91972232 3.321872984 0.1238233027 12
6500 23.9501393 23.91451029 23.83685144 0.3678083102 0.3258044803 0.04200382988 1.005997577 0.01708975167 0.003072233721 0.008493932821 1969.865651 8030.134349 1.079698776e-14 8.504666562e-06 6.981859622e-05 1.002347802 1.322882981 23.91972036 3.321872922 0.1238236126 12
7000 23.95013891 23.91450987 23.83685121 0.3678083251 0.3258044731 0.04200385202 1.005998091 0.01708975849 0.003072233771 0.00849393187 1969.865651 8030.134349 1.083938618e-15 8.505165451e-06 6.982186261e-05 1.00234852 1.322882994 23.91971994 3.321872891 0.1238237335 12
7500 23.95013892 23.91450988 23.83685127 0.3678083245 0.3258044734 0.04200385115 1.00599807 0.01708976123 0.003072233882 0.008493933404 1969.865651 8030.134349 2.46552198e-14 8.505123202e-06 6.982167109e-05 1.002348493 1.322882998 23.91971995 3.32187288 0.1238237663 12
8000 23.95013898 23.91450994 23.83685134 0.3678083222 0.3258044744 0.04200384772 1.005997991 0.017089762 0.003072233942 0.008493934458 1969.865651 8030.134349 5.903787817e-15 8.505057583e-06 6.982113358e-05 1.002348382 1.322882999 23.91972001 3.321872878 0.1238237703 12
8500 23.95013902 23.91450997 23.83685137 0.3678083208 0.3258044927 0.04200382815 1.005997524 0.01708976211 0.003072233964 0.008493938458 1969.865651 8030.134349 9.906142409e-15 8.505022605e-06 6.982230806e-05 1.002348319 1.322680102 23.91970016 3.322382448 0.124371726 12
9000 23.95013903 23.91450999 23.83685138 0.3678083203 0.3258044753 0.04200384502 1.005997928 0.01708976207 0.00307223397 0.008493935026 1969.865651 8030.134349 6.507512988e-15 8.505013254e-06 6.982072115e-05 1.002348295 1.322882999 23.91972006 3.321872878 0.1238237669 12
9500 23.95013903 23.91450999 23.83685138 0.3678083202 0.3258044754 0.04200384482 1.005997923 0.01708976204 0.00307223397 0.008493935046 1969.865651 8030.134349 1.330570853e-14 8.504990745e-06 6.982069047e-05 1.002348289 1.322882999 23.91972006 3.321872878 0.1238237661 12
10000 23.95013903 23.91450999 23.83685138 0.3678083202 0.325804493 0.0420038272 1.005997501 0.01708976202 0.00307223397 0.008493938602 1969.865651 8030.134349 3.61306761e-15 8.505008702e-06 6.982217576e-05 1.002348288 1.322680102 23.91970018 3.322382448 0.1243717234 12
10500 23.95013903 23.91450999 23.83685138 0.3678083202 0.3258044754 0.04200384481 1.005997923 0.01708976201 0.00307223397 0.008493935036 1969.865651 8030.134349 1.527974066e-15 8.504996896e-06 6.982069305e-05 1.002348288 1.322882999 23.91972006 3.321872879 0.1238237658 12
11000 23.95013903 23.91450999 23.83685138 0.3678083202 0.3258044754 0.04200384482 1.005997924 0.01708976201 0.003072233969 0.008493935034 1969.865651 8030.134349 2.020342692e-14 8.505008331e-06 6.982069457e-05 1.002348289 1.322882999 23.91972006 3.321872879 0.1238237658 12
11500 23.95013903 23.91450999 23.83685138 0.3678083202 0.3258044754 0.04200384483 1.005997924 0.01708976201 0.003072233969 0.008493935033 1969.865651 8030.134349 9.230638235e-15 8.504998306e-06 6.982069122e-05 1.002348289 1.322882999 23.91972006 3.321872879 0.1238237658 12
12000 23.95013903 23.91450999 23.83685138 0.3678083202 0.3258044754 0.04200384483 1.005997924 0.01708976201 0.003072233969 0.008493935033 1969.865651 8030.134349 2.196926676e-14 8.504992948e-06 6.982069345e-05 1.002348289 1.322882999 23.91972006 3.321872879 0.1238237658 12
12500 23.95013903 23.91450999 23.83685138 0.3678083202 0.3258044754 0.04200384483 1.005997924 0.01708976201 0.003072233969 0.008493935033 1969.865651 8030.134349 2.915888763e-15 8.504996039e-06 6.982068403e-05 1.002348289 1.323096307 23.91923456 3.32133733 0.1225776798 12
13000 23.95013903 23.91450999 23.83685138 0.3678083202 0.3258044754 0.04200384483 1.005997924 0.01708976201 0.003072233969 0.008493935033 1969.865651 8030.134349 1.189532571e-14 8.505031316e-06 6.982068605e-05 1.002348289 1.323096307 23.91923456 3.32133733 0.1225776798 12
13500 23.95013903 23.91450999 23.83685138 0.3678083202 0.3258044754 0.04200384483 1.005997924 0.01708976201 0.003072233969 0.008493935033 1969.865651 8030.134349 1.718312399e-14 8.505011812e-06 6.98206877e-05 1.002348289 1.323096307 23.91923456 3.32133733 0.1225776798 12
14000 23.95013903 23.91450999 23.83685138 0.3678083202 0.3258044754 0.04200384483 1.005997924 0.01708976201 0.003072233969 0.008493935033 1969.865651 8030.134349 1.193827391e-14 8.505002844e-06 6.982069121e-05 1.002348289 1.323096307 23.91923456 3.32133733 0.1225776798 12
14500 23.95013903 23.91450999 23.83685138 0.3678083202 0.3258044754 0.04200384483 1.005997924 0.01708976201 0.003072233969 0.008493935033 1969.865651 8030.134349 9.833034854e-15 8.504975414e-06 6.982069029e-05 1.002348289 1.323096307 23.91923456 3.32133733 0.1225776798 12
15000 23.95013903 23.91450999 23.83685138 0.3678083202 0.3258044754 0.04200384483 1.005997924 0.01708976201 0.003072233969 0.008493935033 1969.865651 8030.134349 2.25936785e-14 8.505019108e-06 6.982069011e-05 1.002348289 1.323096307 23.91923456 3.32133733 0.1225776798 12
15500 23.95013903 23.91450999 23.83685138 0.3678083202 0.3258044754 0.04200384483 1.005997924 0.01708976201 0.003072233969 0.008493935033 1969.865651 8030.134349 2.700739479e-14 8.505019801e-06 6.982069035e-05 1.002348289 1.323096307 23.91923456 3.32133733 0.1225776798 12
16000 23.95013903 23.91450999 23.83685138 0.3678083202 0.325804493 0.04200382723 1.005997502 0.01708976201 0.003072233969 0.008493938593 1969.865651 8030.134349 4.741155639e-14 8.505025483e-06 6.982216897e-05 1.002348289 1.322680102 23.91970018 3.322382448 0.1243717233 12
16500 23.95013903 23.91450999 23.83685138 0.3678083202 0.325804493 0.04200382723 1.005997502 0.01708976201 0.003072233969 0.008493938593 1969.865651 8030.134349 3.936699659e-14 8.505022613e-06 6.982216951e-05 1.002348289 1.322680102 23.91970018 3.322382448 0.1243717233 12
17000 23.95013903 23.91450999 23.83685138 0.3678083202 0.325804493 0.04200382723 1.005997502 0.01708976201 0.003072233969 0.008493938593 1969.865651 8030.134349 1.247813328e-13 8.505033472e-06 6.982217026e-05 1.002348289 1.322680102 23.91970018 3.322382448 0.1243717233 12
17500 23.95013903 23.91450999 23.83685138 0.3678083202 0.325804493 0.04200382723 1.005997502 0.01708976201 0.003072233969 0.008493938593 1969.865651 8030.134349 2.354579559e-13 8.505016104e-06 6.982217122e-05 1.002348289 1.322680102 23.91970018 3.322382448 0.1243717233 12
18000 23.95013903 23.91450999 23.83685138 0.3678083202 0.325804493 0.04200382723 1.005997502 0.01708976201 0.003072233969 0.008493938593 1969.865651 8030.134349 2.223952169e-13 8.505005938e-06 6.982216983e-05 1.002348289 1.322680102 23.91970018 3.322382448 0.1243717233 12
18500 23.95013903 23.91450999 23.83685138 0.3678083202 0.325804493 0.04200382723 1.005997502 0.01708976201 0.003072233969 0.008493938593 1969.865651 8030.134349 2.620410536e-13 8.504985888e-06 6.982216797e-05 1.002348289 1.322680102 23.91970018 3.322382448 0.1243717233 12
19000 23.95013903 23.91450999 23.83685138 0.3678083202 0.325804493 0.04200382723 1.005997502 0.01708976201 0.003072233969 0.008493938593 1969.865651 8030.134349 1.865146258e-13 8.504995209e-06 6.982216959e-05 1.002348289 1.322680102 23.91970018 3.322382448 0.1243717233 12
19500 23.95013903 23.91450999 23.83685138 0.3678083202 0.3258045106 0.04200380961 1.00599708 0.01708976201 0.003072233969 0.008493942155 1969.865651 8030.134349 2.058912979e-13 8.504987444e-06 6.982364539e-05 1.002348289 1.322892019 23.91972465 3.321850227 0.1238042988 12
20000 23.95013903 23.91450999 23.83685138 0.3678083202 0.3258045106 0.04200380961 1.00599708 0.01708976201 0.003072233969 0.008493942155 1969.865651 8030.134349 2.124151473e-13 8.504989375e-06 6.98236444e-05 1.002348289 1.322892019 23.91972465 3.321850227 0.1238042988 12
20500 23.95013903 23.91450999 23.83685138 0.3678083202 0.3258045106 0.04200380961 1.00599708 0.01708976201 0.003072233969 0.008493942155 1969.865651 8030.134349 2.548390578e-13 8.504992844e-06 6.982364694e-05 1.002348289 1.322892019 23.91972465 3.321850227 0.1238042988 12
21000 23.95013903 23.91450999 23.83685138 0.3678083202 0.3258045106 0.04200380961 1.00599708 0.01708976201 0.003072233969 0.008493942155 1969.865651 8030.134349 3.067086085e-13 8.505005241e-06 6.982365007e-05 1.002348289 1.322892019 23.91972465 3.321850227 0.1238042988 12
21500 23.95013903 23.91450999 23.83685138 0.3678083202 0.3258045106 0.04200380961 1.00599708 0.01708976201 0.003072233969 0.008493942155 1969.865651 8030.134349 3.022886434e-13 8.505008992e-06 6.982365205e-05 1.002348289 1.322892019 23.91972465 3.321850227 0.1238042988 12
22000 23.95013903 23.91450999 23.83685138 0.3678083202 0.325804493 0.04200382723 1.005997502 0.01708976201 0.003072233969 0.008493938593 1969.865651 8030.134349 3.148541441e-13 8.504989129e-06 6.982217366e-05 1.002348289 1.323096307 23.91923456 3.32133733 0.1225776798 12
22500 23.95013903 23.91450999 23.83685138 0.3678083202 0.325804493 0.04200382723 1.005997502 0.01708976201 0.003072233969 0.008493938593 1969.865651 8030.134349 2.618143477e-13 8.504983183e-06 6.982217269e-05 1.002348289 1.323096307 23.91923456 3.32133733 0.1225776798 12
23000 23.95013903 23.91450999 23.83685138 0.3678083202 0.3258044754 0.04200384483 1.005997924 0.01708976201 0.003072233969 0.008493935033 1969.865651 8030.134349 2.773259418e-13 8.505020449e-06 6.982069096e-05 1.002348289 1.323096307 23.91923456 3.32133733 0.1225776798 12
23500 23.95013903 23.91450999 23.83685138 0.3678083202 0.3258044754 0.04200384483 1.005997924 0.01708976201 0.003072233969 0.008493935033 1969.865651 8030.134349 2.359210166e-13 8.505011146e-06 6.982069103e-05 1.002348289 1.323096307 23.91923456 3.32133733 0.1225776798 12
24000 23.95013903 23.91450999 23.83685138 0.3678083202 0.325804493 0.04200382723 1.005997502 0.01708976201 0.003072233969 0.008493938593 1969.865651 8030.134349 7.631878542e-14 8.504999349e-06 6.982217303e-05 1.002348289 1.323096307 23.91923456 3.32133733 0.1225776798 12
24500 23.95013903 23.91450999 23.83685138 0.3678083202 0.325804493 0.04200382723 1.005997502 0.01708976201 0.003072233969 0.008493938593 1969.865651 8030.134349 1.623470854e-13 8.505016641e-06 6.982217379e-05 1.002348289 1.323096307 23.91923456 3.32133733 0.1225776798 12
25000 23.95013903 23.91450999 23.83685138 0.3678083202 0.325804493 0.04200382723 1.005997502 0.01708976201 0.003072233969 0.008493938593 1969.865651 8030.134349 2.689338651e-13 8.505002536e-06 6.982217213e-05 1.002348289 1.322882999 23.91972006 3.321872879 0.1238237658 12
25500 23.95013903 23.91450999 23.83685138 0.3678083202 0.3258045106 0.04200380961 1.00599708 0.01708976201 0.003072233969 0.008493942155 1969.865651 8030.134349 3.339130628e-13 8.504989876e-06 6.982364735e-05 1.002348289 1.323096307 23.91923456 3.32133733 0.1225776798 12
26000 23.95013903 23.91450999 23.83685138 0.3678083202 0.325804493 0.04200382723 1.005997502 0.01708976201 0.003072233969 0.008493938593 1969.865651 8030.134349 5.065875191e-13 8.505003041e-06 6.982217127e-05 1.002348289 1.322882999 23.91972006 3.321872879 0.1238237658 12
26500 23.95013903 23.91450999 23.83685138 0.3678083202 0.3258045106 0.04200380961 1.00599708 0.01708976201 0.003072233969 0.008493942155 1969.865651 8030.134349 4.144950894e-13 8.504982129e-06 6.982364696e-05 1.002348289 1.323096307 23.91923456 3.32133733 0.1225776798 12
27000 23.95013903 23.91450999 23.83685138 0.3678083202 0.325804493 0.04200382723 1.005997502 0.01708976201 0.003072233969 0.008493938593 1969.865651 8030.134349 2.353477445e-13 8.504987417e-06 6.982216873e-05 1.002348289 1.322882999 23.91972006 3.321872879 0.1238237658 12
27500 23.95013903 23.91450999 23.83685138 0.3678083202 0.325804493 0.04200382723 1.005997502 0.01708976201 0.003072233969 0.008493938593 1969.865651 8030.134349 2.009416526e-13 8.504998951e-06 6.982216705e-05 1.002348289 1.322882999 23.91972006 3.321872879 0.1238237658 12
28000 23.95013903 23.91450999 23.83685138 0.3678083202 0.325804493 0.04200382723 1.005997502 0.01708976201 0.003072233969 0.008493938593 1969.865651 8030.134349 2.00689093e-13 8.504999925e-06 6.982216533e-05 1.002348289 1.322882999 23.91972006 3.321872879 0.1238237658 12
28500 23.95013903 23.91450999 23.83685138 0.3678083202 0.325804493 0.04200382723 1.005997502 0.01708976201 0.003072233969 0.008493938593 1969.865651 8030.134349 1.837519915e-13 8.504994561e-06 6.982216587e-05 1.002348289 1.322882999 23.91972006 3.321872879 0.1238237658 12
29000 23.95013903 23.91450999 23.83685138 0.3678083202 0.3258045106 0.04200380961 1.00599708 0.01708976201 0.003072233969 0.008493942155 1969.865651 8030.134349 1.24337906e-13 8.505013484e-06 6.982364075e-05 1.002348289 1.323096307 23.91923456 3.32133733 0.1225776798 12
29500 23.95013903 23.91450999 23.83685138 0.3678083202 0.325804493 0.04200382723 1.005997502 0.01708976201 0.003072233969 0.008493938593 1969.865651 8030.134349 2.111141016e-13 8.505007351e-06 6.98221634e-05 1.002348289 1.322882999 23.91972006 3.321872879 0.1238237658 12
29999 23.95013903 23.91450999 23.83685138 0.3678083202 0.3258045106 0.04200380961 1.00599708 0.01708976201 0.003072233969 0.008493942155 1969.865651 8030.134349 2.970237379e-13 8.505009282e-06 6.982364218e-05 1.002348289 1.323096307 23.91923456 3.32133733 0.1225776798 12
