# 1:passo  2:raio_area  3:raio_grad  4:raio_linha  5:p_in  6:p_out  7:delta_p  8:sigma  9:|u-v0|max  10:|u-v0|rms  11:Ca  12:massa_R  13:massa_B  14:|q|  15:sd_p_in  16:sd_p_out  17:sigma_2pontos  18:K_perfil  19:r_perfil  20:espessura_10_90  21:residuo_ajuste  22:n_camadas
0 25.04052139 25.08111096 25 0.3333333333 0.3333333333 -2.220446049e-16 -5.560112678e-15 0.000521265614 0.000105841897 0 1969.865651 8030.134349 2.129195308e-16 2.78221524e-08 0 1.387778781e-15 1.273345395 25.01411833 3.451105388 0.08159937045 12
500 24.99455405 25.02448028 24.9508107 0.3343094773 0.3332928362 0.001016641085 0.02541049056 0.002266227954 0.001392980564 0.002972824614 1969.865651 8030.134349 4.816574635e-14 5.90242329e-05 0.0003337549875 0.03238641209 1.296018884 24.97032713 3.390729263 0.07375456036 12
1000 24.94838427 24.97731587 24.90915898 0.3358150706 0.3327435847 0.00307148596 0.07662861201 0.003114839555 0.001921137432 0.001354950617 1969.865651 8030.134349 9.98661548e-14 6.452762531e-05 0.0003038652118 0.07073477604 1.296199911 24.92257781 3.390255714 0.07657950943 12
1500 24.9038626 24.93115177 24.86170086 0.3375734308 0.3321207095 0.005452721321 0.1357938226 0.002714864576 0.00167138368 0.0006664182813 1969.865651 8030.134349 1.510497627e-13 5.656919958e-05 0.0003149006314 0.1575954455 1.295284024 24.87641366 3.392652942 0.0810412334 12
2000 24.8789516 24.90500394 24.83352801 0.3382875053 0.3317315886 0.006555916714 0.1631043346 0.001602609824 0.0008576168247 0.0003275224266 1969.865651 8030.134349 1.418534071e-13 4.078418741e-05 0.0002391439443 0.1776243227 1.296563603 24.85061923 3.389304732 0.07940113861 12
2500 24.87720468 24.90241819 24.83007698 0.3385480923 0.3318382696 0.006709822685 0.1669216323 0.001065703185 0.0006403512047 0.0002128150738 1969.865651 8030.134349 1.245269274e-13 0.0001128903132 8.689394652e-05 0.175611861 1.296713085 24.84806698 3.388914021 0.08047087937 12
3000 24.89700567 24.92223981 24.84862127 0.3379786749 0.332263256 0.005715418912 0.142296817 0.001682320891 0.001156115144 0.0003940872621 1969.865651 8030.134349 1.004377619e-13 0.0001190638955 0.0001875484658 0.1376858555 1.296712558 24.8683776 3.388915397 0.07982810962 12
3500 24.92772335 24.9538621 24.87714168 0.336795537 0.3327366761 0.004058860912 0.1011781619 0.001688284984 0.001229496364 0.0005562086232 1969.865651 8030.134349 1.296508932e-13 3.478007034e-05 0.0004038324299 0.08411936271 1.296461537 24.9002025 3.38957156 0.07804029162 12
4000 24.95334131 24.98083766 24.90176252 0.3358136778 0.3330748367 0.00273884108 0.06834323626 0.001254706767 0.0008049749613 0.0006119633953 1969.865651 8030.134349 1.521069118e-13 3.082347854e-05 0.0004739159496 0.04898843204 1.296450484 24.92698935 3.389600459 0.07620617561 12
4500 24.96321227 24.9918342 24.91395549 0.3354137239 0.3331530787 0.002260645187 0.05643296569 0.0006278226896 0.0004164923138 0.0003708368457 1969.865651 8030.134349 1.487842309e-13 5.987690593e-05 0.0003887302369 0.03753369769 1.29640399 24.93748083 3.389722023 0.07543671542 12
5000 24.95573466 24.9847809 24.90997116 0.3356981552 0.3329724648 0.002725690354 0.06802160523 0.001180333892 0.0007600371846 0.00057841127 1969.865651 8030.134349 1.503032471e-13 3.853662451e-05 0.0001435223763 0.05909015693 1.296227046 24.92989432 3.390184742 0.07580495375 12
5500 24.9386627 24.96748359 24.89578845 0.336234741 0.3326007459 0.003633995092 0.09062697785 0.001338507773 0.0009533386347 0.0004923139537 1969.865651 8030.134349 1.80213711e-13 2.639140789e-05 0.0001360667554 0.09347964643 1.296213916 24.91222961 3.390219083 0.07690404126 12
6000 24.92094334 24.949065 24.87933662 0.336822158 0.3322465136 0.004575644373 0.1140293742 0.001034876478 0.0007339945828 0.0003025175122 1969.865651 8030.134349 1.687950628e-13 5.163664288e-06 0.0003451095338 0.1291462283 1.29634037 24.8937634 3.389888379 0.07815092083 12
6500 24.91043553 24.93770196 24.86894611 0.3371902577 0.3320780271 0.005112230591 0.1273478905 0.000373747743 0.0002476563107 9.782853919e-05 1969.865651 8030.134349 1.784628812e-13 1.129761878e-05 0.0004091325752 0.1456258688 1.296549228 24.88266289 3.389342308 0.07915713669 12
7000 24.91089314 24.93749835 24.86822606 0.3372296537 0.3321490588 0.005080594873 0.1265621559 0.0005660246519 0.0003622453531 0.0001490768568 1969.865651 8030.134349 1.214000853e-13 2.540885456e-05 0.0003205148795 0.140698455 1.296581183 24.8828957 3.389258776 0.07948535006 12
7500 24.92096771 24.9473954 24.87596141 0.3369105514 0.3323819482 0.004528603189 0.1128571739 0.001009034115 0.0006789313617 0.000298026872 1969.865651 8030.134349 1.509611646e-13 1.74020338e-05 0.0001203530583 0.1179625089 1.296509743 24.89319402 3.389445531 0.07899088961 12
8000 24.93446976 24.96120512 24.88691317 0.3364421884 0.3326545287 0.003787659662 0.09444328531 0.0009959924659 0.000670531812 0.0003515310671 1969.865651 8030.134349 9.237338545e-14 5.309956195e-06 9.968357726e-05 0.08996910598 1.296406049 24.90720844 3.389716639 0.07797395652 12
8500 24.94416033 24.97145491 24.89525935 0.3361137738 0.3328509294 0.003262844468 0.08138891554 0.0005420703945 0.0003701764248 0.00022200828 1969.865651 8030.134349 9.016724705e-14 1.906615789e-05 0.0002490149738 0.07026698626 1.296116892 24.91788541 3.390472868 0.07927924077 12
9000 24.94577137 24.97356842 24.89718143 0.3360747824 0.3328954791 0.003179303229 0.07931017147 0.0001023655599 6.669999269e-05 4.302330037e-05 1969.865651 8030.134349 2.198886516e-14 1.692999098e-05 0.0002791764363 0.06638905621 1.296237029 24.91926246 3.390158633 0.07658684305 12
9500 24.93965327 24.9676948 24.89237414 0.3362903046 0.3327807312 0.003509573336 0.08752754214 0.0005636595938 0.000401678164 0.0002146598964 1969.865651 8030.134349 5.847343706e-14 6.11032783e-06 0.000195668486 0.07832370924 1.296194711 24.91307216 3.390269314 0.07672670889 12
10000 24.92967648 24.95765947 24.88392204 0.3366162748 0.3325731893 0.004043085469 0.1007928127 0.0007329762027 0.0005236888304 0.0002424035944 1969.865651 8030.134349 3.379713609e-14 4.582449969e-06 5.189172866e-05 0.09858357339 1.296248466 24.9027961 3.390128721 0.07727972373 12
10500 24.92074998 24.9484404 24.87622111 0.3369069108 0.3323828834 0.004524027357 0.1127421547 0.0005679729077 0.0003979480769 0.0001679268088 1969.865651 8030.134349 1.726976902e-14 1.397340362e-05 8.690718098e-05 0.1172368256 1.296371404 24.89350541 3.389807227 0.07797050548 12
11000 24.91682325 24.94414468 24.87291556 0.3370375111 0.332296175 0.004741336123 0.1181390342 0.000204900553 0.0001238928925 5.78133932e-05 1969.865651 8030.134349 1.847177644e-14 1.898261198e-05 0.0001633044503 0.1258693583 1.296482852 24.8893147 3.389515834 0.07850470172 12
11500 24.91932521 24.94638665 24.87520885 0.3369527778 0.3323358982 0.00461687959 0.115049524 0.0003010968159 0.0002017442794 8.723687142e-05 1969.865651 8030.134349 3.721857287e-14 1.592085911e-05 0.0001579423819 0.1220792163 1.29651956 24.89176585 3.389419867 0.07864780534 12
12000 24.92660498 24.9536338 24.8815744 0.336696222 0.3324643967 0.004231825386 0.1054850397 0.0005320449047 0.0003697819844 0.0001681264964 1969.865651 8030.134349 3.424417594e-14 3.270539813e-06 8.655357621e-05 0.108965496 1.296492308 24.89921784 3.389491112 0.07836063621 12
12500 24.93483299 24.96204235 24.88873426 0.3364058441 0.3326141557 0.003791688399 0.09454511699 0.000513874043 0.0003552673173 0.0001811741877 1969.865651 8030.134349 5.193485259e-14 1.145862562e-05 8.754680507e-06 0.09359178222 1.296432129 24.90773674 3.389648449 0.07783316843 12
13000 24.9401018 24.96758471 24.89337978 0.3362273538 0.332718241 0.003509112814 0.08751763079 0.0002728155736 0.0001855167081 0.0001039088052 1969.865651 8030.134349 1.857138285e-14 1.883814155e-05 8.030606969e-05 0.08317912061 1.296360062 24.91325989 3.389836886 0.07735708923 12
13500 24.94035806 24.96806295 24.89365093 0.3362286761 0.3327355978 0.003493078369 0.08711862524 0.000106987094 6.290013351e-05 4.093540799e-05 1969.865651 8030.134349 4.61671225e-14 1.654104927e-05 0.000101761184 0.08176964329 1.296294547 24.91361803 3.390008209 0.07714302002 12
14000 24.93609955 24.9638813 24.88984847 0.3363824041 0.3326670068 0.003715397303 0.092647517 0.0003292691265 0.0002342774543 0.0001184666131 1969.865651 8030.134349 7.988236551e-15 8.21325819e-06 7.204076364e-05 0.08888612459 1.296266695 24.90928422 3.390081047 0.07723895059 12
14500 24.92973026 24.95742773 24.8840726 0.3366030139 0.3325535616 0.004049452239 0.100951752 0.0004034469607 0.000287894198 0.000133214449 1969.865651 8030.134349 4.020941809e-14 1.76696553e-06 1.376456218e-05 0.1002883197 1.296293744 24.90271941 3.390010308 0.07755693882 12
15000 24.92424573 24.95175042 24.87906642 0.336792395 0.332453752 0.004338642991 0.1081374041 0.0002854049793 0.0002065689298 8.79760282e-05 1969.865651 8030.134349 5.857793296e-14 1.022899359e-05 4.200872984e-05 0.110319102 1.296356969 24.89701751 3.389844974 0.07793571732 12
15500 24.92193462 24.94923444 24.87693514 0.3368739071 0.3324116761 0.004462231017 0.1112074297 6.793293566e-05 4.377913051e-05 2.036222935e-05 1969.865651 8030.134349 6.475499449e-14 1.431185434e-05 6.877193418e-05 0.114633764 1.296416241 24.8945639 3.389689991 0.07820359402 12
16000 24.92347392 24.95065395 24.87827885 0.3368208637 0.3324380201 0.004382843603 0.1092356882 0.0001788487098 0.0001204144486 5.457578706e-05 1969.865651 8030.134349 6.184792614e-14 1.204760047e-05 5.829292977e-05 0.1120218994 1.296443359 24.89609261 3.389619088 0.0782465253 12
16500 24.92774869 24.95494346 24.88209559 0.3366692326 0.3325115017 0.004157730859 0.10364287 0.0003038777695 0.0002090168279 9.773232821e-05 1969.865651 8030.134349 9.109669944e-14 4.367570025e-06 2.030813527e-05 0.1044940164 1.296436458 24.90048165 3.389637129 0.07806500457 12
17000 24.93251875 24.95984202 24.88641605 0.3364996869 0.3325937635 0.003905923414 0.09738450876 0.0002815607236 0.000193170658 9.63742342e-05 1969.865651 8030.134349 7.081655587e-14 4.340926106e-06 2.358463093e-05 0.09604041106 1.296406987 24.90542527 3.389714185 0.0777709169 12
17500 24.93559115 24.9630842 24.88929177 0.3363919169 0.3326475121 0.003744404819 0.09336894766 0.0001397853323 9.296195058e-05 4.990429039e-05 1969.865651 8030.134349 1.035142101e-13 9.531380323e-06 5.162974801e-05 0.09057989781 1.296368191 24.9086439 3.38981563 0.07751702887 12
18000 24.93583267 24.96345556 24.88965027 0.3363844625 0.3326518443 0.003732618165 0.093075942 5.730431574e-05 3.786787759e-05 2.052242306e-05 1969.865651 8030.134349 9.127505398e-14 9.628028157e-06 5.224364558e-05 0.09019206747 1.296335115 24.90894208 3.389902119 0.07741274249 12
18500 24.93352687 24.961188 24.88766532 0.3364648443 0.3326101267 0.003854717584 0.09611170446 0.0001820624614 0.0001339645041 6.314266036e-05 1969.865651 8030.134349 8.190226812e-14 5.83628318e-06 2.803988492e-05 0.09442430441 1.296323131 24.90659075 3.389933459 0.0774822983 12
19000 24.93003054 24.9576327 24.88452308 0.3365857755 0.3325467097 0.004039065779 0.1006940332 0.0002176439764 0.0001586681309 7.204795537e-05 1969.865651 8030.134349 5.334302936e-14 3.775241903e-07 7.217168377e-06 0.1008069809 1.296337624 24.90298031 3.389895559 0.07767248419 12
19500 24.92703518 24.95451722 24.88176529 0.3366902013 0.3324933392 0.00419686206 0.1046153282 0.0001478414496 0.0001092658645 4.710636963e-05 1969.865651 8030.134349 1.784787485e-14 4.515040966e-06 3.602542142e-05 0.1062045277 1.296368214 24.89986031 3.389815568 0.0778867568 12
20000 24.92580246 24.95316243 24.88056143 0.3367346392 0.3324729894 0.004261649808 0.1062250413 3.023600841e-05 1.88629806e-05 9.488035352e-06 1969.865651 8030.134349 6.438223178e-14 6.920539772e-06 4.585745737e-05 0.108314836 1.296396465 24.89854809 3.389741699 0.07802782454 12
20500 24.92666283 24.95395357 24.88123667 0.3367060831 0.3324904115 0.004215671563 0.1050826236 0.0001109091803 7.229265993e-05 3.51815795e-05 1969.865651 8030.134349 3.092816408e-14 5.888866744e-06 3.405532402e-05 0.1065981342 1.296409194 24.89940429 3.389708415 0.07803910038 12
21000 24.92896462 24.9562641 24.88323559 0.3366261663 0.3325329139 0.004093252316 0.1020405422 0.0001745462758 0.0001172182104 5.701860329e-05 1969.865651 8030.134349 3.374519033e-14 2.17796967e-06 8.107324639e-06 0.1022949952 1.29640421 24.9017704 3.389721446 0.07792927673 12
21500 24.93147996 24.95885244 24.88548501 0.3365383057 0.3325785427 0.003959763006 0.09872275204 0.0001557680461 0.0001042179223 5.259444348e-05 1969.865651 8030.134349 4.007512338e-14 2.016620823e-06 1.886835136e-05 0.09765800232 1.296386874 24.90438097 3.389766777 0.07776341276 12
22000 24.93304173 24.96051027 24.88694073 0.3364839631 0.3326066689 0.003877294119 0.09667273607 7.320068888e-05 4.634550387e-05 2.524003211e-05 1969.865651 8030.134349 1.059871962e-13 4.548543006e-06 3.464173893e-05 0.09481301128 1.296365595 24.90602168 3.389822417 0.07762450318 12
22500 24.93307176 24.96061384 24.88705114 0.3364829419 0.3326067212 0.003876220721 0.09664608938 4.193653555e-05 2.65396455e-05 1.446395325e-05 1969.865651 8030.134349 1.134370015e-13 4.571826597e-06 3.344286776e-05 0.09481637578 1.296349638 24.90608107 3.389864143 0.07757114304 12
23000 24.93175941 24.95932339 24.8859421 0.3365280437 0.3325819031 0.003946140623 0.09838422862 0.0001053898448 7.718831994e-05 3.570688997e-05 1969.865651 8030.134349 1.63636589e-13 2.574892111e-06 1.772454552e-05 0.09731490811 1.29634619 24.90474228 3.389873159 0.07761521651 12
23500 24.92986774 24.9573992 24.88427328 0.3365929816 0.3325464164 0.004046565251 0.1008803365 0.0001180694334 8.748260088e-05 3.901303182e-05 1969.865651 8030.134349 1.201217046e-13 2.696343511e-07 3.902058552e-06 0.1008782718 1.296356208 24.90278757 3.389846963 0.07772477296 12
24000 24.92831944 24.95578511 24.88287262 0.3366464035 0.3325176699 0.004128733588 0.1029223898 7.883642431e-05 5.744572867e-05 2.553264471e-05 1969.865651 8030.134349 1.513959548e-13 2.668504015e-06 2.121649739e-05 0.1037737042 1.296373397 24.90117226 3.389802016 0.07784372216 12
24500 24.92777076 24.95517076 24.8823421 0.3366656688 0.3325077744 0.004157894407 0.1036470386 2.783741061e-05 7.80292657e-06 8.952630961e-06 1969.865651 8030.134349 1.197464884e-13 3.611598724e-06 2.71202542e-05 0.1047833787 1.296388404 24.90058298 3.389762776 0.07791806341 12
25000 24.9283502 24.95571421 24.88281451 0.3366458528 0.3325187258 0.004127127038 0.1028824681 6.919708367e-05 4.326874032e-05 2.241946075e-05 1969.865651 8030.134349 1.21615194e-13 2.762611984e-06 2.040428438e-05 0.1036867906 1.296394601 24.90116334 3.389746573 0.07791932234 12
25500 24.92965927 24.95702955 24.88395208 0.3366004985 0.3325429692 0.004057529295 0.1011528228 0.0001015075691 6.58767135e-05 3.345023442e-05 1969.865651 8030.134349 5.138966432e-14 6.78496728e-07 5.600303461e-06 0.1012359467 1.296390734 24.90250948 3.389756684 0.07785549275 12
26000 24.9310147 24.95842513 24.8851577 0.3365535206 0.3325680527 0.003985467828 0.099361757 8.798495987e-05 5.638905391e-05 2.951670828e-05 1969.865651 8030.134349 5.715209825e-14 1.485855956e-06 9.722030504e-06 0.09869906928 1.296379919 24.9039168 3.389784963 0.0777637107 12
26500 24.93179601 24.95925782 24.88587654 0.3365266366 0.3325826848 0.003943951839 0.0983298027 4.10861609e-05 2.330081622e-05 1.392801225e-05 1969.865651 8030.134349 8.562564783e-14 2.679505965e-06 1.871189189e-05 0.09722680686 1.296367473 24.90473933 3.389817507 0.07768917431 12
27000 24.93172097 24.95922079 24.88584144 0.3365294651 0.3325815567 0.003947908353 0.09842814947 3.178681631e-05 1.801148555e-05 1.07648122e-05 1969.865651 8030.134349 5.562809024e-14 2.498892332e-06 1.821225518e-05 0.09734913608 1.29635891 24.90467759 3.389839897 0.07766304058 12
27500 24.93092893 24.95843814 24.88515841 0.3365569428 0.3325670625 0.003989880305 0.09947142232 6.086134914e-05 4.441041874e-05 2.039491937e-05 1969.865651 8030.134349 5.840290047e-14 1.232305061e-06 9.69239078e-06 0.09881426444 1.296357799 24.90386853 3.389842803 0.07769056572 12
28000 24.9298631 24.9573525 24.88421326 0.3365937557 0.3325473745 0.004046381245 0.1008757305 6.617848924e-05 4.828324546e-05 2.186799175e-05 1969.865651 8030.134349 1.096241472e-13 4.286022043e-07 2.005698339e-06 0.1007982078 1.296363996 24.90276681 3.389826598 0.07775269269 12
28500 24.92903474 24.95648761 24.88346352 0.336622379 0.3325320296 0.004090349416 0.1019684627 4.351641801e-05 3.040130279e-05 1.422544999e-05 1969.865651 8030.134349 1.245458815e-13 1.724057882e-06 1.124678658e-05 0.1023455828 1.296373773 24.9019021 3.389801032 0.07781754305 12
29000 24.92878761 24.95620573 24.88322357 0.3366309367 0.3325273899 0.004103546777 0.102296446 2.822281949e-05 5.98048052e-06 9.196415771e-06 1969.865651 8030.134349 1.213090607e-13 2.118699444e-06 1.422375687e-05 0.1028152593 1.29638211 24.90163449 3.389779232 0.07785573804 12
29500 24.92916374 24.95656445 24.88354042 0.3366178564 0.3325341763 0.004083680063 0.101802729 4.423905336e-05 2.603027289e-05 1.448522183e-05 1969.865651 8030.134349 8.545777431e-14 1.511784879e-06 1.041517763e-05 0.102129288 1.296385456 24.90201342 3.389770483 0.07785318197 12
30000 24.92991926 24.95732572 24.88420497 0.3365915581 0.3325479086 0.004043649451 0.1008078543 6.02963998e-05 3.713003911e-05 1.99377321e-05 1969.865651 8030.134349 7.021962364e-14 2.802612141e-07 2.411280435e-06 0.100738338 1.296383099 24.90279096 3.389776648 0.07781592642 12
30500 24.93066818 24.9580981 24.88487711 0.3365655251 0.3325615812 0.00400394388 0.09982099631 5.103578568e-05 3.067484213e-05 1.704243515e-05 1969.865651 8030.134349 3.751421857e-14 9.320489899e-07 5.641237904e-06 0.09935431029 1.296376846 24.90356886 3.389792996 0.07776515695 12
31000 24.93107468 24.95853293 24.88525452 0.336551468 0.3325690774 0.003982390628 0.09928527813 3.207434965e-05 1.233469259e-05 1.076841409e-05 1969.865651 8030.134349 3.977238728e-14 1.570468126e-06 1.010125494e-05 0.09859820454 1.296369862 24.90399733 3.389811259 0.07772552942 12
31500 24.9309987 24.95847681 24.88520383 0.3365541819 0.3325677792 0.003986402711 0.09938500084 2.912222738e-05 1.242408126e-05 9.767479042e-06 1969.865651 8030.134349 5.670695263e-14 1.428368855e-06 9.412664664e-06 0.09873220631 1.296365287 24.90392732 3.389823223 0.0777134294 12
32000 24.93053407 24.95801567 24.88479995 0.3365703344 0.3325593379 0.004010996549 0.09999628611 3.799397792e-05 2.578401971e-05 1.266512967e-05 1969.865651 8030.134349 6.587902848e-14 6.77233746e-07 4.537612797e-06 0.09958623824 1.296364931 24.90345194 3.389824155 0.0777307703 12
32500 24.92993666 24.95740583 24.88426699 0.3365910586 0.3325484339 0.004042624704 0.1007823778 3.901668378e-05 2.690159819e-05 1.290459855e-05 1969.865651 8030.134349 1.052794972e-13 2.774517924e-07 1.796594444e-06 0.1006877341 1.296368494 24.90283397 3.389814837 0.07776613642 12
33000 24.92949006 24.95693836 24.8838594 0.3366065661 0.3325402877 0.004066278404 0.1013702471 3.146216404e-05 1.655378821e-05 1.034562736e-05 1969.865651 8030.134349 6.090172285e-14 9.938157833e-07 6.54565922e-06 0.1015113025 1.296373856 24.90236739 3.389800816 0.07780151245 12
33500 24.92937578 24.95680513 24.88374418 0.3366105599 0.3325382209 0.004072339004 0.1015208693 2.81715691e-05 5.988330792e-06 9.249844979e-06 1969.865651 8030.134349 2.363079364e-14 1.18498815e-06 7.757001723e-06 0.1017212979 1.296378321 24.90224258 3.389789141 0.07782101577 12
34000 24.92960428 24.95702493 24.8839367 0.3366026364 0.3325424007 0.004060235685 0.1012200689 3.486716366e-05 1.601488054e-05 1.148229597e-05 1969.865651 8030.134349 7.428601762e-14 8.20798938e-07 5.314638111e-06 0.1012991108 1.296380003 24.90247358 3.389784743 0.07781775694 12
34500 24.93003074 24.95745563 24.88431253 0.336587811 0.3325501741 0.004037636947 0.1006584132 3.914553982e-05 2.125994311e-05 1.29631621e-05 1969.865651 8030.134349 8.825235837e-14 1.315587004e-07 7.658621192e-07 0.1005124015 1.296173014 24.90339236 3.390326064 0.0800475086 12
35000 24.9304391 24.95787766 24.8846805 0.3365736148 0.3325576127 0.004016002086 0.1001206954 3.569392594e-05 1.714939065e-05 1.188363231e-05 1969.865651 8030.134349 1.080380971e-14 5.298480779e-07 3.577496439e-06 0.09975959244 1.296375013 24.90333739 3.389797791 0.07776775129 12
35500 24.93064825 24.95810262 24.88487668 0.3365663527 0.3325614205 0.004004932173 0.09984555525 2.931473146e-05 7.786845357e-06 9.786692187e-06 1969.865651 8030.134349 8.169560928e-14 8.658532759e-07 5.781016448e-06 0.09937472155 1.296371212 24.90355829 3.38980773 0.07774663477 12
36000 24.93058926 24.95805422 24.88483454 0.3365684011 0.3325603295 0.00400807161 0.09992358705 2.821877047e-05 9.059067295e-06 9.413449918e-06 1969.865651 8030.134349 3.847610763e-14 7.703813216e-07 5.109492834e-06 0.09948528422 1.296383472 24.90399562 3.389775671 0.07712089708 12
36500 24.93032214 24.95778838 24.88460273 0.3365776609 0.3325554284 0.004022232485 0.1002755516 3.092594109e-05 1.543307136e-05 1.028031944e-05 1969.865651 8030.134349 1.847781579e-14 3.454322409e-07 2.21321344e-06 0.09998045352 1.296368878 24.90322834 3.389813831 0.07775192714 12
37000 24.92999265 24.95745143 24.88430897 0.3365890831 0.3325493907 0.004039692406 0.100709502 3.094569831e-05 1.550160351e-05 1.024256159e-05 1969.865651 8030.134349 7.890512266e-14 1.799361269e-07 1.33642746e-06 0.1005902956 1.296370965 24.90288724 3.389808376 0.07777200671 12
37500 24.92975636 24.95720336 24.88409287 0.3365972858 0.332545074 0.004052211813 0.1010206532 2.844107492e-05 9.914543272e-06 9.384574347e-06 1969.865651 8030.134349 7.346768521e-14 5.586597878e-07 3.864108513e-06 0.1010266876 1.29637392 24.90264007 3.389800649 0.07779130346 12
37999 24.92970952 24.9571458 24.88404295 0.3365989257 0.3325442349 0.004054690775 0.1010822632 2.83139731e-05 6.14302233e-06 9.33694076e-06 1969.865651 8030.134349 1.392030176e-13 6.37571661e-07 4.343028623e-06 0.1011119917 1.296376381 24.90258774 3.389794212 0.07780151218 12
