# 1:passo  2:R0  3:|a2|/R0  4:|a4|/R0  5:|a8|/R0  6:rmin  7:rmax
0 24.99530979 1.449812079e-16 9.52226216e-05 8.27724819e-05 24.98429581 25.00965244
500 24.99392482 9.789119201e-17 3.720622819e-05 6.122099411e-05 24.98580569 25.00701601
1000 24.99264892 9.598833368e-17 7.826696488e-05 6.059794248e-05 24.9835466 25.00631583
1500 24.99175203 9.452156491e-17 9.59077497e-05 6.073403844e-05 24.9822243 25.00567817
2000 24.99142947 2.169427074e-16 0.000101672833 6.079632361e-05 24.98176262 25.0054411
2500 24.99159093 3.48902821e-16 0.0001017222159 6.066961207e-05 24.98192248 25.00559822
3000 24.99199851 4.472765821e-16 9.964128947e-05 6.043235e-05 24.98237954 25.00596607
3500 24.99239141 5.900673682e-16 9.754653776e-05 6.021174523e-05 24.98282235 25.00631959
4000 24.9926056 6.847810375e-16 9.641771069e-05 6.009374027e-05 24.98306349 25.00651253
4500 24.99261163 7.608206432e-16 9.633204794e-05 6.009382515e-05 24.98307169 25.00651732
5000 24.99247983 9.430476848e-16 9.68785164e-05 6.017217637e-05 24.98292704 25.00639673
5500 24.99231557 6.679859516e-16 9.755539448e-05 6.026814518e-05 24.98274682 25.00624633
6000 24.99220207 3.976034635e-16 9.800265904e-05 6.033392087e-05 24.98262274 25.00614209
6500 24.99217227 2.574568619e-16 9.809108392e-05 6.035088108e-05 24.98259084 25.00611431
7000 24.9922116 2.138602477e-16 9.789251953e-05 6.032788023e-05 24.98263484 25.00614981
7500 24.99228012 1.778955031e-16 9.758123376e-05 6.028821701e-05 24.98271072 25.00621216
8000 24.99233832 2.005292016e-16 9.732474632e-05 6.025476401e-05 24.982775 25.00626524
8500 24.99236414 2.86319942e-16 9.721347408e-05 6.024017621e-05 24.98280347 25.00628884
9000 24.99235684 1.033248448e-16 9.724676746e-05 6.024473481e-05 24.9827954 25.00628221
9500 24.9923303 2.801467387e-16 9.736276996e-05 6.026027514e-05 24.98276613 25.006258
10000 24.99230225 3.299243116e-16 9.748475072e-05 6.027650354e-05 24.98273519 25.0062324
10500 24.99228532 3.371909274e-16 9.755866829e-05 6.028616721e-05 24.9827165 25.00621694
11000 24.99228321 1.774351317e-16 9.756880657e-05 6.028720889e-05 24.98271415 25.00621503
11500 24.99229204 2.031252954e-16 9.753193935e-05 6.028196683e-05 24.98272384 25.0062231
12000 24.99230444 3.783382768e-16 9.747948759e-05 6.027473575e-05 24.98273748 25.00623444
12500 24.99231391 2.599563509e-16 9.743922198e-05 6.026927646e-05 24.98274791 25.0062431
13000 24.99231733 4.309380377e-16 9.742452223e-05 6.026736523e-05 24.98275167 25.00624622
13500 24.99231518 5.435470658e-16 9.74333454e-05 6.026867159e-05 24.98274932 25.00624426
14000 24.99231021 3.783329852e-16 9.74541691e-05 6.027158573e-05 24.98274386 25.00623971
14500 24.99230548 3.102181766e-16 9.747406679e-05 6.027432908e-05 24.98273866 25.00623539
15000 24.99230295 1.550265468e-16 9.748474208e-05 6.027577599e-05 24.98273587 25.00623307
15500 24.99230299 1.175196032e-16 9.748459271e-05 6.027572615e-05 24.98273591 25.0062331
16000 24.99230474 4.62015551e-16 9.747721377e-05 6.027468931e-05 24.98273784 25.00623471
16500 24.9923069 2.619170991e-16 9.746814839e-05 6.027343424e-05 24.98274021 25.00623668
17000 24.99230839 3.373881766e-16 9.746185937e-05 6.027257296e-05 24.98274186 25.00623805
17500 24.9923088 6.28493843e-16 9.746015581e-05 6.027234816e-05 24.98274231 25.00623842
18000 24.9923083 5.485344562e-16 9.74622783e-05 6.0272649e-05 24.98274175 25.00623796
18500 24.9923074 4.0584806e-16 9.746606444e-05 6.027317425e-05 24.98274077 25.00623714
19000 24.99230662 4.438556555e-16 9.74693392e-05 6.027362424e-05 24.98273991 25.00623643
19500 24.99230626 3.397951054e-16 9.74708572e-05 6.027382951e-05 24.98273951 25.0062361
20000 24.99230634 4.302912669e-16 9.747053663e-05 6.027378143e-05 24.9827396 25.00623617
20500 24.99230667 5.139206964e-16 9.746911514e-05 6.027358338e-05 24.98273997 25.00623647
21000 24.99230704 4.461238466e-16 9.746756457e-05 6.027336969e-05 24.98274037 25.00623681
21500 24.99230727 8.310806938e-16 9.746659548e-05 6.02732376e-05 24.98274062 25.00623702
22000 24.99230731 7.4000689e-16 9.7466436e-05 6.027321744e-05 24.98274067 25.00623706
22500 24.9923072 9.688297853e-16 9.746689083e-05 6.02732814e-05 24.98274055 25.00623696
23000 24.99230704 9.225422108e-16 9.74675635e-05 6.027337445e-05 24.98274037 25.00623681
23500 24.99230692 1.033098049e-15 9.746809296e-05 6.027344698e-05 24.98274023 25.0062367
24000 24.99230687 9.256521687e-16 9.746829766e-05 6.027347442e-05 24.98274018 25.00623665
24500 24.99230689 1.026633835e-15 9.746819529e-05 6.027345964e-05 24.98274021 25.00623668
25000 24.99230696 8.28395668e-16 9.746793015e-05 6.027342278e-05 24.98274028 25.00623673
25500 24.99230702 6.805089156e-16 9.746766966e-05 6.027338695e-05 24.98274034 25.00623679
26000 24.99230705 5.480248647e-16 9.74675246e-05 6.027336725e-05 24.98274038 25.00623682
26500 24.99230705 5.284434164e-16 9.746751987e-05 6.027336691e-05 24.98274038 25.00623682
27000 24.99230703 3.711301119e-16 9.746761172e-05 6.027337977e-05 24.98274036 25.0062368
27500 24.992307 3.756363297e-16 9.746772905e-05 6.027339598e-05 24.98274033 25.00623678
28000 24.99230698 6.571064033e-16 9.746781296e-05 6.027340745e-05 24.98274031 25.00623676
28500 24.99230698 1.145449547e-15 9.746783817e-05 6.027341079e-05 24.9827403 25.00623675
29000 24.99230698 1.21475244e-15 9.746781296e-05 6.02734072e-05 24.98274031 25.00623676
29500 24.99230699 1.07490887e-15 9.746776465e-05 6.02734005e-05 24.98274032 25.00623677
29999 24.99230701 1.138888432e-15 9.746771971e-05 6.027339433e-05 24.98274033 25.00623678
