# step v0 Mach sigma R umax_ref urms_ref umax_mean urms_mean umax_lab mean_x mean_y mean_z drop_ux drop_uy x0 y0 x_unwrapped center_dx center_dy axis_ratio mass_R mass_B min_f negative_total negative_color min_rho min_phi max_phi qx qy qz p_in p_out delta_p urms_lab
0 0 0 -5.560112678108922e-15 25.040521385269312 0.019846305619504238 0.0024201668813258119 0.019846305619504238 0.0024201668813258119 0.019846305619504238 8.529105231183765e-22 -7.7331274541648599e-20 4.0996275093232523e-23 -3.1020606475880118e-20 -3.4684250307226018e-20 50.000000000000007 50.000000000000007 50.000000000000007 7.1054273576010019e-15 7.1054273576010019e-15 1.0000000000000007 1969.8656512480643 8030.1343487520408 0.023418347895813582 0 0 0.99999999999999967 5.1710809399147474e-26 0.99999999999998501 6.2657967278024193e-17 -8.8023320661478114e-16 8.4413625056271661e-18 0.33333333333333387 0.33333333333333409 -2.2204460492503131e-16 0.0024201668813258119
500 0 0 0.43893983324669417 24.388729062800198 0.027463396164344168 0.010061401136720036 0.027463396164344213 0.010061401136720034 0.027463396164344168 4.784297957805229e-17 3.6889935550734193e-17 -8.7749701121125866e-20 3.0813874712948814e-17 4.5820929926031197e-17 50.000000000000036 50.000000000000036 50.000000000000036 3.5527136788005009e-14 3.5527136788005009e-14 1.0000000000000027 1969.8656512479563 8030.1343487515896 0.018921360254327578 0 0 0.93561522409782127 4.101348150507636e-18 0.99999999999999956 4.7754159025574505e-13 3.376040766389643e-13 -8.4208896306617181e-16 0.34928516426202821 0.33128751329315492 0.017997650968873291 0.010061401136720036
1000 0 0 0.7361449000073762 24.098703244348805 0.024909519288333192 0.0090387785609025682 0.024909519288333168 0.00903877856090257 0.024909519288333192 2.384203945382792e-17 1.4330897579741211e-17 4.4720122800327167e-20 7.2388352309175119e-17 4.6885310867997571e-18 50.000000000000064 50.000000000000057 50.000000000000064 6.3948846218409017e-14 5.6843418860808015e-14 1.0000000000000018 1969.8656512478642 8030.1343487511458 0.018643779742233989 0 0 0.95583498984783466 5.410815835684175e-18 0.99999999999999978 2.3830937223578985e-13 9.4286557728029408e-14 1.3848111654276944e-16 0.35854274669034225 0.32799567149948095 0.030547075190861306 0.0090387785609025682
1500 0 0 0.97286993329306393 23.944842297217946 0.03056481196764909 0.0064215138052710662 0.0305648119676491 0.0064215138052710653 0.03056481196764909 -8.6226165096916395e-18 -2.8329422141486386e-17 -6.3264822443821988e-20 3.8604895266900186e-17 -2.5433845641287961e-17 50.000000000000064 50.000000000000057 50.000000000000064 6.3948846218409017e-14 5.6843418860808015e-14 1.0000000000000004 1969.865651247763 8030.1343487507265 0.018995711112788333 0 0 0.95398796989499934 5.6649079365150502e-18 0.99999999999999978 -8.5670619903721601e-14 -3.97949251676466e-13 -7.8509849922796782e-16 0.36708322354571438 0.32645359979554678 0.040629623750167598 0.0064215138052710662
2000 0 0 0.98284238663559453 23.942113126749256 0.033786627121383445 0.0048266756335740594 0.033786627121383458 0.0048266756335740577 0.033786627121383445 -3.0529398453722028e-17 -4.6799716879606996e-17 2.9394579257396774e-19 -4.217805016372958e-17 -9.944431007289682e-17 50.000000000000021 50.000000000000021 50.000000000000021 2.1316282072803006e-14 2.1316282072803006e-14 1.0000000000000004 1969.8656512476805 8030.1343487503382 0.019213937883962869 0 0 0.95794382023270663 5.3997547840033575e-18 0.99999999999999978 -3.0546049088579774e-13 -4.9407439944859632e-13 2.8415399547769902e-15 0.36622467708573037 0.32517389842503158 0.041050778660698783 0.0048266756335740594
2500 0 0 0.95704782321870541 23.965930311622145 0.035296288101220361 0.0043951661214921998 0.03529628810122034 0.0043951661214921981 0.035296288101220361 2.5437985051730446e-18 -1.9145449114970556e-17 1.4761109209399618e-19 5.2769306231248333e-17 3.7581425763542348e-17 49.999999999999979 49.999999999999979 49.999999999999979 -2.1316282072803006e-14 -2.1316282072803006e-14 1.0000000000000024 1969.8656512475786 8030.1343487498934 0.019169041842041618 0 0 0.95621799721058875 5.1040861441211329e-18 0.99999999999999978 2.4879299060373908e-14 -1.875648074356473e-13 1.6451792828936331e-15 0.36522364409859559 0.32528996279457417 0.039933681304021418 0.0043951661214921998
3000 0 0 0.90513306790994708 23.995632619021311 0.035033404968122205 0.0043814225685970465 0.035033404968122232 0.0043814225685970465 0.035033404968122205 2.6853519408129298e-17 2.3644280977571211e-18 -1.0926623110832029e-19 2.0845798931984206e-17 1.2389454663608383e-16 50.000000000000007 49.999999999999986 50.000000000000007 7.1054273576010019e-15 -1.4210854715202004e-14 1.0000000000000051 1969.8656512474827 8030.1343487494014 0.019119402343154426 0 0 0.95665804587383829 4.5703919159484206e-18 0.99999999999999978 2.6885441030584378e-13 2.5182953595700996e-14 -1.110042628992708e-15 0.36326395014332846 0.32554320811161186 0.037720742031716603 0.0043814225685970465
3500 0 0 0.89413113527562849 24.013909799447433 0.03575256668120922 0.0043728009484590236 0.03575256668120922 0.0043728009484590227 0.03575256668120922 1.0784428905456563e-17 -6.365047378056431e-18 -2.2522622141661205e-19 -3.6654872039537544e-17 3.3546819345475183e-17 50.000000000000014 50.000000000000014 50.000000000000014 1.4210854715202004e-14 1.4210854715202004e-14 1.0000000000000016 1969.8656512473908 8030.1343487489594 0.019010366967648379 0 0 0.95568338984134193 4.7451496841603055e-18 0.99999999999999978 1.0771593306983102e-13 -5.6020306123984176e-14 -2.1423302169684732e-15 0.36314263013487769 0.32590874599260433 0.037233884142273355 0.0043728009484590236
4000 0 0 0.87774935185730829 24.023102712992127 0.03654336490759235 0.004356040225828796 0.03654336490759235 0.0043560402258287969 0.03654336490759235 1.5119849816620072e-18 -2.9308153126640216e-17 2.4297248323882243e-19 -6.711431295719624e-17 -7.9333970125142465e-17 50.000000000000014 50.000000000000007 50.000000000000014 1.4210854715202004e-14 7.1054273576010019e-15 1.0000000000000013 1969.8656512472971 8030.1343487485719 0.018855667095227052 0 0 0.95551028744436139 4.800878413436941e-18 0.99999999999999978 1.5297252397086791e-14 -2.9456299189102933e-13 2.5182994312884268e-15 0.36263072823119769 0.32609301025430182 0.036537717976895867 0.004356040225828796
4500 0 0 0.87219139581052629 24.025812757462859 0.036689930464135774 0.0043537172684093755 0.036689930464135767 0.0043537172684093746 0.036689930464135774 2.696454171059617e-18 -9.2630764170253108e-18 2.1738810922807335e-19 -5.1352320279437151e-17 -9.0928335946118758e-17 50.000000000000007 49.999999999999986 50.000000000000007 7.1054273576010019e-15 -1.4210854715202004e-14 1.0000000000000036 1969.8656512472112 8030.13434874823 0.018823606537907708 0 0 0.95506547125377761 4.7763117210392682e-18 0.99999999999999978 2.6548201194206359e-14 -9.5273610833058119e-14 2.2731571988047193e-15 0.36249882345426621 0.32619655952608306 0.036302263928183143 0.0043537172684093755
5000 0 0 0.87064237686862556 24.026413757095188 0.036473081632341059 0.0043478760096119827 0.036473081632341073 0.0043478760096119836 0.036473081632341059 1.44734918494724e-17 -1.4149445504159767e-17 2.6350761057981507e-19 3.4864796771686366e-18 -4.4310385775628297e-17 49.999999999999993 50.000000000000014 49.999999999999993 -7.1054273576010019e-15 1.4210854715202004e-14 1.0000000000000022 1969.8656512471132 8030.1343487478107 0.018852255511010635 0 0 0.95527912170160212 4.7822509281036951e-18 0.99999999999999978 1.4475573517636064e-13 -1.4192335864469593e-13 2.6213752085320873e-15 0.3624468777591921 0.32620999340055501 0.036236884358637089 0.0043478760096119827
5500 0 0 0.87296918111949307 24.025079535411432 0.036268984429417978 0.004346550914426265 0.036268984429417964 0.004346550914426265 0.036268984429417978 1.4963377759089198e-17 -1.9721030364305878e-17 -1.2055761781785204e-19 8.393979875528262e-17 -2.3129887140753691e-17 50.000000000000014 50.000000000000007 50.000000000000014 1.4210854715202004e-14 7.1054273576010019e-15 1.0000000000000009 1969.8656512470095 8030.1343487472986 0.018900250453108745 0 0 0.95523988795151471 4.7440694381918494e-18 0.99999999999999978 1.4998072313303574e-13 -1.9794278893661265e-13 -1.3032516795274888e-15 0.36255839595306061 0.32622265022398644 0.036335745729074165 0.004346550914426265
6000 0 0 0.87424269238488439 24.023716300062787 0.036153314418015371 0.0043488565341821906 0.03615331441801535 0.0043488565341821888 0.036153314418015371 -2.8404362195661853e-18 -1.8215984276548553e-17 -2.251246352942418e-19 3.5471224108725528e-18 8.6306641558533094e-17 50.000000000000007 50.000000000000007 50.000000000000007 7.1054273576010019e-15 7.1054273576010019e-15 1.0000000000000022 1969.8656512469292 8030.1343487468512 0.018930334817391085 0 0 0.95522689591936061 4.7087731394886779e-18 0.99999999999999978 -2.9098151636147186e-14 -1.8193562975610256e-13 -2.5034000119046577e-15 0.36261029376699916 0.32621947556612824 0.036390818200870922 0.0043488565341821906
6500 0 0 0.87584715979705474 24.02281694050286 0.036119016821812643 0.004351527349932517 0.036119016821812649 0.004351527349932517 0.036119016821812643 3.0715013865665945e-18 -2.6521146390141603e-17 -6.3986177632605803e-20 6.1622942410083863e-17 6.2683829676628625e-17 50.000000000000007 50.000000000000007 50.000000000000007 7.1054273576010019e-15 7.1054273576010019e-15 1.0000000000000024 1969.865651246829 8030.134348746401 0.018943073007271684 0 0 0.95524344005663098 4.6713887342950375e-18 0.99999999999999978 3.1061958349082471e-14 -2.649599287854633e-13 -6.849202711857352e-16 0.36265898309042732 0.32620001318834385 0.036458969902083471 0.004351527349932517
7000 0 0 0.87667048551483528 24.022403226777907 0.036142160453499494 0.0043537521920904007 0.036142160453499474 0.0043537521920904007 0.036142160453499494 7.5998235482599205e-18 -2.1937660021913854e-17 -9.3133639536855966e-20 5.9813980619920016e-18 -2.9985712463776046e-17 50.000000000000007 50.000000000000007 50.000000000000007 7.1054273576010019e-15 7.1054273576010019e-15 1.0000000000000013 1969.8656512467444 8030.1343487460172 0.018945640767860868 0 0 0.95532452948062163 4.6429034419206813e-18 0.99999999999999978 7.5810887147083437e-14 -2.1878678820203712e-13 -8.1928039624616209e-16 0.36266627931173612 0.32617240826815935 0.036493871043576764 0.0043537521920904007
7500 0 0 0.87708577611940131 24.021953237758748 0.036152265350110818 0.0043554056587939193 0.036152265350110797 0.0043554056587939193 0.036152265350110818 3.2404634531271603e-18 -1.7743098656999582e-17 1.2817295282567065e-19 1.5697397061729612e-17 -6.7567544452149849e-17 50.000000000000014 49.999999999999993 50.000000000000014 1.4210854715202004e-14 -7.1054273576010019e-15 1.0000000000000016 1969.8656512466407 8030.1343487456325 0.018947689594173148 0 0 0.95535082197302146 4.6236506160920609e-18 0.99999999999999978 3.2571167137907583e-14 -1.7651895654939792e-13 1.318143648300362e-15 0.36266728739055526 0.3261554447673351 0.036511842623220159 0.0043554056587939193
8000 0 0 0.87751193892762858 24.021573427216435 0.036141228236025939 0.0043568046358878889 0.036141228236025932 0.0043568046358878907 0.036141228236025939 -3.1894625829336099e-18 -1.0305992170786782e-17 1.2078861858011871e-19 -1.0047322418118823e-17 -5.2638030075007145e-17 50.000000000000014 50.000000000000007 50.000000000000014 1.4210854715202004e-14 7.1054273576010019e-15 1.0000000000000011 1969.8656512465407 8030.134348745125 0.018949614936149602 0 0 0.9553500274248059 4.6142857017191301e-18 0.99999999999999978 -3.1825236890270503e-14 -1.0317918458203023e-13 1.4120823503358576e-15 0.3626784828620056 0.32614832210519989 0.036530160756805707 0.0043568046358878889
8500 0 0 0.87796943735743127 24.021337493441344 0.036144319734623141 0.0043581529492506587 0.036144319734623155 0.0043581529492506587 0.036144319734623141 9.7557378842068698e-18 -1.2926812398295236e-17 1.2909717314955823e-19 6.5354735653223942e-17 -2.1199196935024116e-17 50.000000000000007 49.999999999999993 50.000000000000007 7.1054273576010019e-15 -7.1054273576010019e-15 1.0000000000000018 1969.8656512464477 8030.1343487448185 0.018950091318142744 0 0 0.95533862128426916 4.6093205491255939e-18 0.99999999999999978 9.7807177751974917e-14 -1.288353104755835e-13 1.4005243220422794e-15 0.36269752150312684 0.32614795645092493 0.036549565052201916 0.0043581529492506587
9000 0 0 0.87803652001106181 24.021294775024565 0.036159944688987464 0.0043592989848016354 0.036159944688987471 0.0043592989848016345 0.036159944688987464 1.4762843725271544e-17 -3.783084956413737e-18 1.9476066336304521e-19 3.7326602750690624e-17 2.2759817257089025e-18 50.000000000000007 50.000000000000007 50.000000000000007 7.1054273576010019e-15 7.1054273576010019e-15 1.0000000000000029 1969.8656512463581 8030.1343487443091 0.018948873057868423 0 0 0.95533265071044005 4.6061823239199484e-18 0.99999999999999978 1.4812109533162386e-13 -3.8065464137964494e-14 2.0659642776361627e-15 0.36270248319481818 0.32615006051175888 0.036552422683059305 0.0043592989848016354
9500 0 0 0.87785536719658652 24.021389099815174 0.036171064474609431 0.0043602440818981377 0.036171064474609445 0.0043602440818981385 0.036171064474609431 6.5111110947377466e-18 -1.3114162533702355e-17 -3.5856361953061781e-19 1.8292050232820332e-17 4.6561806165273368e-17 49.999999999999993 50.000000000000007 49.999999999999993 -7.1054273576010019e-15 7.1054273576010019e-15 1.0000000000000036 1969.8656512462615 8030.134348743979 0.018947103126220641 0 0 0.95533028840728151 4.6033996724980201e-18 0.99999999999999978 6.5229077649394058e-14 -1.3061817041043629e-13 -3.5983140778092133e-15 0.36269684311372213 0.32615210527408817 0.036544737839633967 0.0043602440818981377
10000 0 0 0.87765896085207118 24.021531459189426 0.036174718536371823 0.0043609988088967417 0.03617471853637183 0.0043609988088967417 0.036174718536371823 4.4818315725382627e-18 1.5092094241013657e-19 -1.3999972190170346e-19 -7.9392316412484919e-17 1.6590177102197598e-18 50.000000000000007 49.999999999999986 50.000000000000007 7.1054273576010019e-15 -1.4210854715202004e-14 1.000000000000002 1969.8656512461748 8030.1343487435406 0.018945707190185571 0 0 0.95533203459996308 4.6008237588881595e-18 0.99999999999999978 4.4887713134705333e-14 1.3752011885476666e-15 -1.184433365594386e-15 0.36268963125608311 0.32615328625480206 0.036536345001281056 0.0043609988088967417
10500 0 0 0.87754148193893589 24.021631588449296 0.036175691744822755 0.0043615828043816907 0.036175691744822741 0.0043615828043816907 0.036175691744822755 3.3948538424902924e-18 -4.6001397136002847e-18 -9.2383534754315692e-20 -5.0706489265905818e-17 6.9749415378486134e-19 49.999999999999993 50.000000000000007 49.999999999999993 -7.1054273576010019e-15 7.1054273576010019e-15 1.0000000000000013 1969.8656512460832 8030.1343487430413 0.018944969818307806 0 0 0.95533126468356577 4.599338251047045e-18 0.99999999999999978 3.4309357943253975e-14 -4.5781088525053337e-14 -7.7353192075480777e-16 0.36268558676446383 0.32615428460425178 0.036531302160212054 0.0043615828043816907
11000 0 0 0.8774844245560498 24.021672151202523 0.0361754121221598 0.004362029904051783 0.036175412122159814 0.0043620299040517839 0.0361754121221598 -4.9439619065395004e-19 -4.62442584226421e-18 3.5830675581694993e-20 -6.5167586095868582e-17 -9.3911721258571733e-18 50.000000000000007 50.000000000000014 50.000000000000007 7.1054273576010019e-15 1.4210854715202004e-14 1.0000000000000067 1969.8656512459872 8030.1343487426293 0.018944723882785681 0 0 0.95532920264096044 4.5974611259441289e-18 0.99999999999999978 -4.8607019559505915e-15 -4.5973207879468347e-14 3.9128252964863594e-16 0.36268413458482157 0.32615526935708916 0.03652886522773241 0.004362029904051783
11500 0 0 0.87747710910117527 24.021678832168643 0.03617496049353456 0.0043623808759645812 0.03617496049353456 0.0043623808759645829 0.03617496049353456 -1.2490009027047813e-20 -1.3796255804459896e-17 4.2104936429359904e-19 4.9942591454490816e-17 -2.5396754214786158e-17 50.000000000000007 50.000000000000007 50.000000000000007 7.1054273576010019e-15 7.1054273576010019e-15 1.0000000000000002 1969.8656512458883 8030.1343487422546 0.018944720599470288 0 0 0.95532833908762482 4.595952380464089e-18 0.99999999999999978 2.4980018054066022e-16 -1.3813516006567985e-13 4.068438009271516e-15 0.36268433040967368 0.32615577987697314 0.036528550532700543 0.0043623808759645812
12000 0 0 0.87748354640143789 24.021674521256912 0.036174936856106468 0.0043626558890420162 0.036174936856106468 0.0043626558890420154 0.036174936856106468 3.3428121382114543e-18 -8.1858131384495122e-18 -2.5365507699082722e-19 1.1811455911776388e-16 5.5544407942028502e-18 50.000000000000007 49.999999999999993 50.000000000000007 7.1054273576010019e-15 -7.1054273576010019e-15 1.0000000000000031 1969.8656512458078 8030.1343487418389 0.018944812008087859 0 0 0.95532889040833902 4.5946122269092478e-18 0.99999999999999978 3.3330973055770109e-14 -8.165472658650582e-14 -2.3245603846759296e-15 0.36268466641251912 0.32615584134560099 0.036528825066918125 0.0043626558890420162
12500 0 0 0.87748902882080149 24.021667360986914 0.036174802806597559 0.0043628694651031193 0.036174802806597565 0.0043628694651031202 0.036174802806597559 -4.2129494337627123e-18 -1.4272610870965203e-17 7.6424302178969266e-20 1.1747348125993174e-16 1.5155149548298494e-18 50.000000000000007 49.999999999999993 50.000000000000007 7.1054273576010019e-15 -7.1054273576010019e-15 1.0000000000000007 1969.8656512457057 8030.1343487413578 0.018944947613340202 0 0 0.95532933785370489 4.5934376493795499e-18 0.99999999999999978 -4.2490311738378229e-14 -1.4242643777009163e-13 7.4576558321886527e-16 0.36268474249053018 0.32615567830717074 0.036529064183359439 0.0043628694651031193
13000 0 0 0.87749679363323996 24.021660187185581 0.036174392808911535 0.0043630370958633478 0.036174392808911521 0.0043630370958633469 0.036174392808911535 -5.4813792393989071e-18 -1.141482741663798e-17 -3.4168565037176016e-19 5.4499148552244062e-17 -4.5820440865125172e-17 50.000000000000007 49.999999999999993 50.000000000000007 7.1054273576010019e-15 -7.1054273576010019e-15 1.000000000000002 1969.8656512456187 8030.1343487409522 0.01894507923599191 0 0 0.95532951517022635 4.592002691431954e-18 0.99999999999999978 -5.4910937755602799e-14 -1.1408625737844322e-13 -3.3908654021368466e-15 0.36268488155274903 0.32615548321826826 0.036529398334480767 0.0043630370958633478
13500 0 0 0.87750739335342465 24.021653850803318 0.03617418391601112 0.0043631709513988256 0.036174183916011127 0.0043631709513988247 0.03617418391601112 -2.3314683517160902e-18 -7.8215212084951701e-18 -1.5423369304555252e-19 6.3746793160007686e-17 -4.8631279121041453e-17 50.000000000000007 50.000000000000007 50.000000000000007 7.1054273576010019e-15 7.1054273576010019e-15 1.0000000000000018 1969.8656512455238 8030.1343487405002 0.018945167923690751 0 0 0.95532962530630683 4.5822069083805303e-18 0.99999999999999978 -2.3384070338584991e-14 -7.8434656722135713e-14 -1.5889859450476694e-15 0.36268519859882747 0.32615534937181101 0.036529849227016464 0.0043631709513988256
14000 0 0 0.87751468620199025 24.021649096623076 0.036174292784924074 0.004363277915948492 0.036174292784924081 0.0043632779159484929 0.036174292784924074 3.1707275693950104e-18 -1.4022463745731277e-17 -1.572650392403515e-19 2.4122459697109292e-17 -3.809433919214496e-18 50.000000000000007 50.000000000000007 50.000000000000007 7.1054273576010019e-15 7.1054273576010019e-15 1.0000000000000004 1969.8656512454274 8030.1343487400827 0.018945203659051304 0 0 0.9553297181785021 4.5816653478211008e-18 0.99999999999999978 3.1346451093318536e-14 -1.3996051776107876e-13 -1.5347925473395952e-15 0.36268544415753357 0.32615528410597616 0.036530160051557403 0.004363277915948492
14500 0 0 0.87751744018086408 24.021646656739154 0.036174485886611998 0.0043633635386941972 0.036174485886611984 0.0043633635386941963 0.036174485886611998 -4.0543957080590667e-18 -1.0642528525133653e-17 -1.4190472786050291e-20 -2.1598357585548457e-17 1.199598098684621e-17 50.000000000000007 50.000000000000007 50.000000000000007 7.1054273576010019e-15 7.1054273576010019e-15 1.0000000000000004 1969.8656512453306 8030.1343487397353 0.01894520383147592 0 0 0.95532978165368909 4.5813100548111775e-18 0.99999999999999978 -4.0932535562665214e-14 -1.0587667937541592e-13 -1.6283661850234113e-16 0.36268553001435383 0.32615525160670433 0.036530278407649497 0.0043633635386941972
15000 0 0 0.87751718103242471 24.021646290133319 0.03617464607689775 0.0043634322129078385 0.036174646076897743 0.0043634322129078385 0.03617464607689775 6.1471661094809009e-18 -3.8406777758185787e-19 -1.9882721324258782e-19 -1.0883860905799358e-17 5.6546071787868397e-17 49.999999999999993 49.999999999999986 49.999999999999993 -7.1054273576010019e-15 -1.4210854715202004e-14 1.0000000000000002 1969.8656512452337 8030.1343487392242 0.018945190082647709 0 0 0.95532983124725723 4.5809869755146888e-18 0.99999999999999978 6.1846355012778022e-14 -3.6459576067330961e-15 -2.0841982916458184e-15 0.36268552628052814 0.32615525810349411 0.036530268177034031 0.0043634322129078385
15500 0 0 0.87751734620009025 24.021646800120322 0.036174768689488192 0.0043634870361117708 0.036174768689488199 0.0043634870361117691 0.036174768689488192 9.7415131517109266e-18 -8.6125551135434159e-18 2.4846976400429728e-19 -7.6281435099558928e-18 -4.5502754916915108e-17 50.000000000000007 50.000000000000007 50.000000000000007 7.1054273576010019e-15 7.1054273576010019e-15 1.0000000000000011 1969.8656512451364 8030.1343487388249 0.01894517652761888 0 0 0.95532983227299217 4.5807560012436772e-18 0.99999999999999978 9.8428217226704086e-14 -8.6037516036473064e-14 2.4572281929202702e-15 0.36268549778202891 0.32615522350475934 0.03653027427726957 0.0043634870361117708
16000 0 0 0.87751585037225888 24.021647354099496 0.036174847178481934 0.0043635305725952672 0.036174847178481948 0.0043635305725952672 0.036174847178481934 4.9103082711081177e-18 -8.9473567444080576e-18 1.0823507424472089e-19 -2.1423965869096453e-17 -2.0264139656877734e-17 50.000000000000007 50.000000000000014 50.000000000000007 7.1054273576010019e-15 1.4210854715202004e-14 1.000000000000002 1969.8656512450555 8030.1343487384074 0.018945167210198441 0 0 0.95532979870698809 4.58056847575063e-18 0.99999999999999978 4.9255745576665512e-14 -8.9293154508364274e-14 1.1184189635994926e-15 0.36268547320491518 0.32615526204008832 0.036530211164826853 0.0043635305725952672
16500 0 0 0.87751590715078731 24.021647798748113 0.036174896337100471 0.0043635651511937483 0.036174896337100484 0.0043635651511937492 0.036174896337100471 3.3327507420523141e-18 -1.379521497038144e-17 6.827870873152141e-20 -4.218958396973746e-17 -3.6843984986098535e-17 50.000000000000007 50.000000000000007 50.000000000000007 7.1054273576010019e-15 7.1054273576010019e-15 1.0000000000000029 1969.8656512449511 8030.1343487378917 0.018945160840952449 0 0 0.95532977480591819 4.5804201422281377e-18 0.99999999999999978 3.344547200496463e-14 -1.3774181490563389e-13 6.5287605246766527e-16 0.36268546186910738 0.32615524901682674 0.036530212852280641 0.0043635651511937483
17000 0 0 0.87751543865667114 24.021648178110595 0.036174937225867405 0.0043635925724817689 0.036174937225867426 0.0043635925724817681 0.036174937225867405 3.755676325496391e-18 -1.5018888910338409e-17 -3.1071549396297853e-20 4.0738797862573055e-17 4.5593465088891949e-18 50.000000000000007 49.999999999999993 50.000000000000007 7.1054273576010019e-15 -7.1054273576010019e-15 1.0000000000000002 1969.8656512448647 8030.1343487375379 0.018945156106773071 0 0 0.95532977071144132 4.5802941657212251e-18 0.99999999999999978 3.7237566088505142e-14 -1.5027779114016497e-13 -2.9692367775314401e-16 0.36268545311987677 0.32615526034749676 0.03653019277238001 0.0043635925724817689
17500 0 0 0.87751501704819279 24.021648470797459 0.036174968158965197 0.0043636142406801408 0.03617496815896519 0.0043636142406801408 0.036174968158965197 -2.4806545706513397e-19 -9.024378466742937e-18 5.4377516288090204e-20 6.8645840033320869e-17 8.4284397891026291e-17 49.999999999999993 50.000000000000007 49.999999999999993 -7.1054273576010019e-15 7.1054273576010019e-15 1.000000000000002 1969.8656512447576 8030.1343487371632 0.018945153161819907 0 0 0.95532977122843232 4.5801967932796804e-18 0.99999999999999978 -2.2169732141665704e-15 -9.001436918163342e-14 4.6924516538520647e-16 0.36268544056050867 0.32615526578441173 0.036530174776096935 0.0043636142406801408
18000 0 0 0.87751475404482726 24.021648638894394 0.036174984128407583 0.0043636313490268575 0.036174984128407577 0.0043636313490268584 0.036174984128407583 -1.0266093530849886e-18 -1.8129248102772221e-17 -3.2385795799327159e-19 -1.2519502511712412e-17 4.3621946621673604e-17 50.000000000000014 50.000000000000014 50.000000000000014 1.4210854715202004e-14 1.4210854715202004e-14 1.0000000000000031 1969.8656512446671 8030.1343487366676 0.018945152188060376 0 0 0.95532977185647838 4.5801169854582199e-18 0.99999999999999978 -1.0959987156386203e-14 -1.8141001108398043e-13 -3.156887680091963e-15 0.36268543077981058 0.32615526720793947 0.03653016357187111 0.0043636313490268575
18500 0 0 0.87751402780783927 24.021648677442272 0.036174991974671798 0.0043636448739713804 0.036174991974671819 0.0043636448739713804 0.036174991974671798 -4.3898912283153146e-18 -2.2498669594071882e-17 1.9315712005273738e-19 8.7667523776909326e-18 -1.635553163717085e-18 50.000000000000007 50.000000000000014 50.000000000000007 7.1054273576010019e-15 1.4210854715202004e-14 1.0000000000000018 1969.8656512445764 8030.134348736311 0.018945152590123998 0 0 0.95532977372936634 4.5800534849184158e-18 0.99999999999999978 -4.3302163172168322e-14 -2.2481799577631512e-13 1.9825463112461728e-15 0.3626854287555234 0.32615529547487659 0.036530133280646804 0.0043636448739713804
19000 0 0 0.87751409954498771 24.021648627796711 0.036174998568695604 0.0043636555734004904 0.03617499856869559 0.0043636555734004913 0.036174998568695604 -1.7610912728151183e-18 -1.5142748166526528e-17 6.8424960786938588e-20 1.9018152616570697e-18 -8.4026389584377554e-17 50.000000000000014 50.000000000000007 50.000000000000014 1.4210854715202004e-14 7.1054273576010019e-15 1.0000000000000011 1969.8656512444791 8030.1343487358326 0.018945153446569277 0 0 0.95532977576385669 4.5799981748168364e-18 0.99999999999999978 -1.7798265828137356e-14 -1.5204027103879036e-13 7.4900906186244468e-16 0.3626854314765437 0.32615529513404595 0.036530136342497743 0.0043636555734004904
19500 0 0 0.87751486991660543 24.021648555694902 0.036175005233855514 0.0043636640494621693 0.036175005233855508 0.0043636640494621693 0.036175005233855514 -4.2296027791351909e-18 -7.8693995764370766e-18 -3.6152764680714591e-21 5.87931434194688e-17 -9.7796196273467652e-17 50.000000000000007 50.000000000000007 50.000000000000007 7.1054273576010019e-15 7.1054273576010019e-15 1.000000000000002 1969.8656512443763 8030.1343487354225 0.018945154127131453 0 0 0.95532977748343639 4.5799378307486276e-18 0.99999999999999978 -4.1962959189813069e-14 -7.9078671965559155e-14 -4.7938192738804344e-17 0.36268543477023646 0.32615526624820262 0.036530168522033835 0.0043636640494621693
20000 0 0 0.87751425514316139 24.021648504288876 0.036175011780533416 0.0043636707758347385 0.036175011780533402 0.0043636707758347385 0.036175011780533416 -3.4701408413511932e-18 -1.4162629402599186e-17 -4.2177559108072072e-19 3.5849246049522778e-17 -4.8066743379214049e-17 49.999999999999993 50.000000000000014 49.999999999999993 -7.1054273576010019e-15 1.4210854715202004e-14 1.0000000000000024 1969.8656512442897 8030.1343487350123 0.01894515445778347 0 0 0.95532977938228625 4.5799061405080286e-18 0.99999999999999978 -3.4812429868869618e-14 -1.4164147116204739e-13 -4.1345420286235434e-15 0.36268543690131305 0.32615529389358033 0.036530143007732718 0.0043636707758347385
20500 0 0 0.87751497459457917 24.021648477990265 0.036175017833973089 0.0043636761151936909 0.036175017833973089 0.0043636761151936909 0.036175017833973089 9.2634233617358033e-20 -9.0035617850339262e-18 2.0142886793660545e-19 7.345040156968739e-17 4.9051383922480857e-17 50.000000000000007 50.000000000000007 50.000000000000007 7.1054273576010019e-15 7.1054273576010019e-15 1.0000000000000013 1969.8656512442014 8030.134348734583 0.018945154545667399 0 0 0.95532978095203391 4.579884279589454e-18 0.99999999999999978 5.377689362340201e-16 -8.9657022074812829e-14 2.3071181612610342e-15 0.36268543776438528 0.326155264766533 0.036530172997852273 0.0043636761151936909
21000 0 0 0.8775143072025603 24.021648465690372 0.036175022764133785 0.0043636803519309826 0.036175022764133778 0.0043636803519309817 0.036175022764133785 -5.593442375951752e-18 -4.6709164314252844e-18 3.6989757537408612e-19 -3.1227243106835856e-17 8.7789226126754606e-17 50.000000000000007 50.000000000000014 50.000000000000007 7.1054273576010019e-15 1.4210854715202004e-14 1.0000000000000009 1969.8656512441009 8030.1343487341383 0.018945154525109194 0 0 0.95532978174364525 4.5798645150070358e-18 0.99999999999999978 -5.6073199519891944e-14 -4.6840569617456751e-14 3.5958016993723084e-15 0.36268543798815311 0.3261552927545362 0.036530145233616917 0.0043636803519309826
21500 0 0 0.87751431341270669 24.021648460278751 0.036175026608476157 0.0043636837147629157 0.036175026608476157 0.0043636837147629157 0.036175026608476157 3.401792736398092e-18 -8.6149837264151981e-18 -2.1302828141144103e-19 2.5619099121710097e-17 1.1353235298545404e-16 50.000000000000007 50.000000000000014 50.000000000000007 7.1054273576010019e-15 1.4210854715202004e-14 1.0000000000000047 1969.8656512440016 8030.134348733769 0.018945154451883078 0 0 0.95532978206907493 4.579849225469379e-18 0.99999999999999978 3.3726499749171714e-14 -8.6629921985936775e-14 -1.9391552727120571e-15 0.36268543815950233 0.32615529265913296 0.036530145500369371 0.0043636837147629157
22000 0 0 0.87751431536622249 24.021648459492887 0.036175029837955654 0.0043636863844157877 0.036175029837955661 0.0043636863844157868 0.036175029837955654 -8.1393225493016635e-18 -1.1639647579135614e-17 -3.705227624595764e-20 -1.5610363041400834e-17 3.645410071905498e-17 50.000000000000014 50.000000000000007 50.000000000000014 1.4210854715202004e-14 7.1054273576010019e-15 1.000000000000004 1969.8656512439127 8030.1343487332697 0.018945154342889521 0 0 0.95532978224750531 4.5798359515569472e-18 0.99999999999999978 -8.1754045011219649e-14 -1.1633923372803283e-13 -3.4760372878948893e-16 0.36268543830466615 0.32615529272177857 0.036530145582887585 0.0043636863844157877
22500 0 0 0.87751499426592516 24.021648461924372 0.036175032561506344 0.0043636885027189386 0.03617503256150633 0.0043636885027189378 0.036175032561506344 -1.0682080220394796e-17 -7.5509043462493861e-18 6.1064416902544423e-20 -2.2440199294632612e-17 -1.4988170942116541e-17 49.999999999999993 49.999999999999993 49.999999999999993 -7.1054273576010019e-15 -7.1054273576010019e-15 1.0000000000000007 1969.8656512438147 8030.1343487328604 0.018945154224942747 0 0 0.95532978234429367 4.5798265904256159e-18 0.99999999999999978 -1.0623099664538419e-13 -7.5307380587686734e-14 4.8614364915661843e-16 0.36268543825761096 0.32615526441642623 0.036530173841184732 0.0043636885027189386
23000 0 0 0.87751498833464514 24.02164846573125 0.036175034667302458 0.0043636901826170126 0.036175034667302458 0.0043636901826170126 0.036175034667302458 -3.091277234198027e-18 4.8062248625527794e-18 4.1631729326903698e-19 -1.1409006410694754e-16 5.5494872299836512e-17 50.000000000000007 50.000000000000007 50.000000000000007 7.1054273576010019e-15 7.1054273576010019e-15 1.000000000000002 1969.865651243721 8030.1343487325075 0.01894515412871204 0 0 0.95532978241978905 4.5798188170605993e-18 0.99999999999999978 -3.1100119936213356e-14 4.7986358708504168e-14 4.1361741937965709e-15 0.3626854380747212 0.3261552644862396 0.036530173588481596 0.0043636901826170126
23500 0 0 0.87751430131820984 24.021648469017549 0.036175036210958397 0.0043636915143498087 0.036175036210958404 0.0043636915143498087 0.036175036210958397 -1.1820405765334808e-18 5.9844490474393919e-18 -4.010308738362753e-20 -8.3357849445485923e-17 1.380793114805393e-17 50.000000000000007 50.000000000000014 50.000000000000007 7.1054273576010019e-15 1.4210854715202004e-14 1.0000000000000016 1969.8656512436175 8030.1343487320783 0.018945154067581477 0 0 0.95532978250965139 4.5798128968836846e-18 0.99999999999999978 -1.2916747613991517e-14 6.0428660298848975e-14 -3.5462923103850003e-16 0.36268543791531277 0.32615529293171586 0.036530144983596913 0.0043636915143498087
24000 0 0 0.87751498089722002 24.021648470777937 0.036175037358374441 0.0043636925697500342 0.036175037358374441 0.0043636925697500342 0.036175037358374441 -4.0349668051320921e-18 -3.5457747849054159e-19 -1.2142822867641873e-19 -7.3964160581465615e-17 -2.9387189338721627e-17 50.000000000000014 50.000000000000014 50.000000000000014 1.4210854715202004e-14 1.4210854715202004e-14 1.000000000000002 1969.86565124353 8030.1343487316099 0.018945154035592132 0 0 0.95532978258672163 4.5798079723216457e-18 0.99999999999999978 -3.9988845991733831e-14 -3.6537608977596763e-15 -1.4532508365570704e-15 0.36268543784195134 0.32615526457075777 0.036530173271193567 0.0043636925697500342
24500 0 0 0.87751429785823365 24.021648471238464 0.036175038242029896 0.0043636934061433283 0.036175038242029896 0.0043636934061433274 0.036175038242029896 -7.253919687162983e-18 -2.9004576518405657e-18 2.2163991800797363e-19 -2.4196032891882065e-17 -3.8045382353823017e-17 50.000000000000007 50.000000000000014 50.000000000000007 7.1054273576010019e-15 1.4210854715202004e-14 1.0000000000000004 1969.8656512434407 8030.1343487311815 0.01894515401957109 0 0 0.95532978264623947 4.579804201574741e-18 0.99999999999999978 -7.3205328568638891e-14 -2.8900064511102296e-14 2.2052032370716945e-15 0.36268543783171708 0.32615529299553331 0.036530144836183776 0.0043636934061433283
25000 0 0 0.87751498008327622 24.021648471110023 0.036175038946077681 0.0043636940691266762 0.036175038946077681 0.004363694069126677 0.036175038946077681 -7.2997163869292554e-19 7.5734557514391028e-18 -1.1285439644693683e-19 1.0320989144816036e-16 -9.2172896242919934e-17 50.000000000000007 49.999999999999993 50.000000000000007 7.1054273576010019e-15 -7.1054273576010019e-15 1.0000000000000004 1969.8656512433417 8030.1343487307786 0.018945154009903743 0 0 0.95532978271048652 4.5798011480147871e-18 0.99999999999999978 -7.4107395364058672e-15 7.5840802974351919e-14 -9.5510045356762581e-16 0.36268543784479201 0.32615526460798722 0.036530173236804797 0.0043636940691266762
25500 0 0 0.87751429822061067 24.021648470828424 0.036175039514411964 0.0043636945947062395 0.036175039514411984 0.0043636945947062421 0.036175039514411964 -7.698702786405361e-19 1.0669590211371071e-17 2.3847952182095215e-19 1.2870630223762496e-16 2.196511293775141e-17 50.000000000000014 50.000000000000007 50.000000000000014 1.4210854715202004e-14 7.1054273576010019e-15 1.0000000000000011 1969.8656512432487 8030.1343487303348 0.018945154003067219 0 0 0.95532978277901415 4.5797988209686236e-18 0.99999999999999978 -7.8791127573372369e-15 1.0657490345691422e-13 2.3477508071736263e-15 0.36268543785597518 0.32615529300408241 0.036530144851892765 0.0043636945947062395
26000 0 0 0.87751429852596796 24.021648470509554 0.036175039965158536 0.0043636950113590369 0.036175039965158542 0.0043636950113590377 0.036175039965158536 -8.2867740447635362e-18 -2.1902618607742184e-18 -4.1573105180597916e-19 6.2986448914228342e-17 3.8485577764392178e-18 50.000000000000014 50.000000000000007 50.000000000000014 1.4210854715202004e-14 7.1054273576010019e-15 1.0000000000000007 1969.8656512431567 8030.1343487298564 0.018945153998372592 0 0 0.95532978283688608 4.5797966701559386e-18 0.99999999999999978 -8.2534673116508054e-14 -2.22421911516221e-14 -4.206097830004793e-15 0.36268543786257962 0.32615529299749019 0.036530144865089431 0.0043636950113590369
26500 0 0 0.87751498103019332 24.021648470189572 0.036175040319144966 0.0043636953417039845 0.036175040319144973 0.0043636953417039845 0.036175040319144966 -1.0407646966498953e-17 9.39873179286808e-19 -3.6564339119874614e-20 -3.1098329215623782e-17 2.027917412898956e-18 49.999999999999993 49.999999999999993 49.999999999999993 -7.1054273576010019e-15 -7.1054273576010019e-15 1.0000000000000004 1969.8656512430684 8030.134348729548 0.018945153994979216 0 0 0.95532978287954895 4.5797951581454041e-18 0.99999999999999978 -1.0343808846092974e-13 9.6801834770395261e-15 -6.2188527737101867e-16 0.36268543787151647 0.3261552645938926 0.036530173277623867 0.0043636953417039845
27000 0 0 0.87751498135838524 24.021648469919331 0.036175040602961471 0.0043636956036675854 0.036175040602961471 0.0043636956036675846 0.036175040602961471 -7.713621408300021e-18 3.7605335512330283e-18 -9.1125321313846259e-21 -6.7854361073556159e-17 3.7655773036722904e-17 50.000000000000007 50.000000000000007 50.000000000000007 7.1054273576010019e-15 7.1054273576010019e-15 1.0000000000000022 1969.8656512429723 8030.1343487290787 0.01894515399174802 0 0 0.95532978291040138 4.5797939511937273e-18 0.99999999999999978 -7.6983559687448166e-14 3.7359436765439617e-14 -1.0354801352665389e-16 0.36268543788282953 0.32615526459113237 0.036530173291697166 0.0043636956036675854
27500 0 0 0.87751429940061199 24.021648469741528 0.03617504083434795 0.0043636958114210006 0.036175040834347964 0.0043636958114210006 0.03617504083434795 -1.4882539645142459e-17 2.8487628922571975e-18 -4.3667247073570625e-19 -8.4898758076693642e-18 -4.9690769376075717e-18 50.000000000000007 50.000000000000014 50.000000000000007 7.1054273576010019e-15 1.4210854715202004e-14 1.0000000000000029 1969.8656512428731 8030.1343487286122 0.018945153988174038 0 0 0.95532978293315574 4.5797928793213641e-18 0.99999999999999978 -1.490058000692073e-13 2.8557883529202292e-14 -4.3726905745113507e-15 0.36268543789105251 0.32615529298838447 0.036530144902668038 0.0043636958114210006
28000 0 0 0.87751498164576192 24.021648469661709 0.036175041021162903 0.0043636959761817083 0.036175041021162882 0.0043636959761817118 0.036175041021162903 -2.6348020987297527e-17 6.8306471590260283e-18 -2.1700868092990361e-19 -7.5521987296246995e-17 2.3400848382468271e-17 50.000000000000007 50.000000000000007 50.000000000000007 7.1054273576010019e-15 7.1054273576010019e-15 1.0000000000000031 1969.8656512427924 8030.1343487282038 0.018945153984519018 0 0 0.95532978295082827 4.5797921114416029e-18 0.99999999999999978 -2.6352183900047203e-13 6.7985104748775633e-14 -2.0256556018773275e-15 0.36268543789400837 0.3261552645899562 0.036530173304052171 0.0043636959761817083
28500 0 0 0.87751498163616526 24.021648469647445 0.036175041169447121 0.0043636961068402981 0.036175041169447114 0.0043636961068402999 0.036175041169447121 -2.0237977960195639e-17 5.0202897394917179e-19 2.7968837625552171e-19 -2.0059892238957166e-17 -5.2173690949689892e-17 50.000000000000007 50.000000000000007 50.000000000000007 7.1054273576010019e-15 7.1054273576010019e-15 1.0000000000000033 1969.8656512427008 8030.1343487277763 0.018945153981259358 0 0 0.95532978296490467 4.5797915161701629e-18 0.99999999999999978 -2.0301815826403416e-13 4.8134252355160664e-15 2.8028976258021231e-15 0.36268543789375551 0.32615526459008115 0.036530173303674363 0.0043636961068402981
29000 0 0 0.87751498160230001 24.021648469656597 0.036175041286152065 0.0043636962104466864 0.036175041286152058 0.0043636962104466864 0.036175041286152065 -1.6660631208026486e-17 7.3795136668274991e-19 -2.7625694623775475e-19 -3.7700458975228625e-17 -2.242453789235152e-17 50.000000000000007 50.000000000000007 50.000000000000007 7.1054273576010019e-15 7.1054273576010019e-15 1.0000000000000007 1969.8656512426069 8030.1343487273416 0.018945153978641258 0 0 0.9553297829755214 4.5797910454653294e-18 0.99999999999999978 -1.6599569492193483e-13 7.8240378280738151e-15 -2.7861930999185366e-15 0.36268543789280855 0.32615526459055788 0.036530173302250668 0.0043636962104466864
29500 0 0 0.87751498157338381 24.021648469665177 0.036175041377968613 0.0043636962925973737 0.036175041377968641 0.0043636962925973719 0.036175041377968613 -2.651975861142397e-17 4.212255544379738e-18 -2.0213312044574826e-20 -1.9086779290511552e-17 -2.7315758416709455e-18 50.000000000000007 49.999999999999993 50.000000000000007 7.1054273576010019e-15 -7.1054273576010019e-15 1.0000000000000004 1969.8656512425168 8030.1343487269523 0.018945153976632836 0 0 0.95532978298326843 4.5797906799904455e-18 0.99999999999999978 -2.6532248408611832e-13 4.1623388763456504e-14 -4.6626252572469609e-17 0.3626854378923004 0.32615526459126654 0.036530173301033864 0.0043636962925973737
29999 0 0 0.87751498155493868 24.021648469669504 0.036175041450387836 0.0043636963576196043 0.036175041450387829 0.0043636963576196043 0.036175041450387836 -9.7373498153832522e-18 5.7311794199499729e-18 1.0417253715167108e-19 -1.7394855365042267e-17 -3.0122601190163092e-17 50.000000000000007 50.000000000000007 50.000000000000007 7.1054273576010019e-15 7.1054273576010019e-15 1.0000000000000013 1969.8656512424284 8030.1343487265194 0.018945153975083267 0 0 0.95532978298930304 4.5797904127294491e-18 0.99999999999999978 -9.7984119546524551e-14 5.7250210245375155e-14 1.0100386262649278e-15 0.36268543789220992 0.32615526459195049 0.036530173300259428 0.0043636963576196043
