# 1:passo  2:raio_area  3:raio_grad  4:raio_linha  5:p_in  6:p_out  7:delta_p  8:sigma  9:|u-v0|max  10:|u-v0|rms  11:Ca  12:massa_R  13:massa_B  14:|q|  15:sd_p_in  16:sd_p_out  17:sigma_2pontos  18:K_perfil  19:r_perfil  20:espessura_10_90  21:residuo_ajuste  22:n_camadas
0 25.04052139 25.08111096 25 0.3333333333 0.3333333333 -2.220446049e-16 -5.560112678e-15 2.501853777e-17 7.526381235e-18 0 1969.865651 8030.134349 2.025918529e-16 2.731879552e-08 0 -1.387778781e-15 1.273345395 25.01411833 3.451105388 0.08159937045 12
500 24.97543627 25.0046835 24.92930511 0.3349092639 0.333121703 0.001787560891 0.0446451131 0.001469277118 0.0009844752959 0.005485024065 1969.865651 8030.134349 3.101114073e-14 9.00935524e-05 8.641618112e-05 0.04393845644 1.295716328 24.950739 3.391521014 0.07583379255 12
1000 24.9381162 24.96639653 24.89230866 0.3362575862 0.3326316239 0.003625962296 0.09042466908 0.001500807845 0.001047582632 0.002766221247 1969.865651 8030.134349 5.485997401e-14 2.211202328e-05 8.008780116e-05 0.09114017758 1.295909447 24.91222378 3.391015602 0.07464051457 12
1500 24.91791905 24.94539369 24.87210438 0.3369940514 0.3323332785 0.004660772921 0.1161367624 0.0009387063846 0.0006560129175 0.001347127825 1969.865651 8030.134349 6.365252243e-14 1.898383951e-05 0.0001337661771 0.122586206 1.295854314 24.89124353 3.391159875 0.07864226209 12
2000 24.91327477 24.94025493 24.86724316 0.3371644957 0.3322698346 0.004894661096 0.1219420368 0.0003812921381 0.0001973999437 0.0005211384962 1969.865651 8030.134349 4.309899972e-14 2.847820964e-05 0.000137987594 0.1290297608 1.296243201 24.88632314 3.390142491 0.07627998566 12
2500 24.91792055 24.94474625 24.8712894 0.3370048856 0.3323553415 0.004649544087 0.1158569702 0.0003990909208 0.0001457110415 0.0005741143876 1969.865651 8030.134349 6.611041021e-14 2.158323054e-05 9.017784731e-05 0.1204858495 1.296282095 24.89053126 3.390040772 0.0768451384 12
3000 24.92520428 24.95212133 24.87790655 0.3367478804 0.3324813123 0.004266568101 0.1063450815 0.0004600611221 0.00024260991 0.0007210192763 1969.865651 8030.134349 6.693223628e-14 8.910234182e-06 2.605575253e-05 0.1076492442 1.296266179 24.89803142 3.390082396 0.07650023065 12
3500 24.93074393 24.95784727 24.88302643 0.3365516014 0.3325760422 0.003975559139 0.09911364687 0.0004149841379 0.000197417893 0.0006978254274 1969.865651 8030.134349 3.756959864e-14 9.786148997e-07 2.1434141e-05 0.09796064143 1.296021498 24.90426202 3.390722423 0.07839576464 12
4000 24.93308308 24.96034863 24.88527341 0.3364684042 0.332615147 0.003853257164 0.09607358101 0.0003463941437 9.958099084e-05 0.0006009181366 1969.865651 8030.134349 4.308233012e-14 5.22698115e-06 3.947699825e-05 0.09395485848 1.296193042 24.90624312 3.390273681 0.07593580359 12
4500 24.93282728 24.96017794 24.8851485 0.3364765413 0.3326089294 0.003867611906 0.09643049964 0.0003268133937 4.754009376e-05 0.0005648513609 1969.865651 8030.134349 7.358489144e-14 4.997541225e-06 3.357180922e-05 0.09456753201 1.296175419 24.90601347 3.390319774 0.0758880742 12
5000 24.93136464 24.9587266 24.88388585 0.3365270559 0.3325816938 0.003945362151 0.09836326243 0.0003295084422 6.787744799e-05 0.0005583189532 1969.865651 8030.134349 9.821861251e-14 2.713989528e-06 1.687578834e-05 0.09731577368 1.296188675 24.90501272 3.390285102 0.07532209498 12
5500 24.92990325 24.95723406 24.88258159 0.3365777233 0.332554919 0.00402280436 0.1002881235 0.0003302309694 7.024469401e-05 0.0005488037167 1969.865651 8030.134349 9.801736611e-14 3.858424351e-07 1.17571649e-06 0.1000205926 1.296181656 24.90300628 3.390303462 0.07603057899 12
6000 24.9290587 24.95634941 24.88180845 0.3366070755 0.332539577 0.004067498533 0.1013989097 0.0003283141314 5.706973114e-05 0.000539641127 1969.865651 8030.134349 9.532103662e-14 9.797018478e-07 7.737062371e-06 0.1015719606 1.296190985 24.9021242 3.39027906 0.07609698216 12
6500 24.92888782 24.95615043 24.88163499 0.3366130671 0.3325365695 0.004076497577 0.1016225508 0.0003281562881 4.80257736e-05 0.0005381946649 1969.865651 8030.134349 1.090681369e-13 1.270352191e-06 9.345116482e-06 0.1018773525 1.29619711 24.90193779 3.39026304 0.07612537218 12
7000 24.92913692 24.95638929 24.88184385 0.3366044637 0.3325412055 0.00406325822 0.1012935205 0.0003293362675 4.791040475e-05 0.0005418843935 1969.865651 8030.134349 1.174680732e-13 8.830024506e-07 6.519039948e-06 0.1014097639 1.296198952 24.90218921 3.390258222 0.07612222097 12
7500 24.92949867 24.95675428 24.88216234 0.3365919296 0.3325478627 0.004044066922 0.1008165609 0.0003299209026 4.893985098e-05 0.0005454145289 1969.865651 8030.134349 1.421521641e-13 3.090354407e-07 2.562118717e-06 0.1007373381 1.296197798 24.90256152 3.39026124 0.07610404318 12
8000 24.92976693 24.95703138 24.88240369 0.3365826287 0.3325527855 0.004029843219 0.1004630522 0.000329593546 4.833187522e-05 0.0005467906504 1969.865651 8030.134349 1.475442054e-13 1.231508201e-07 4.732743862e-07 0.1002399862 1.296195577 24.90284018 3.390267051 0.07608568429 12
8500 24.92987431 24.95714678 24.8825038 0.3365789061 0.3325547529 0.004024153189 0.1003216332 0.0003290107984 4.751690836e-05 0.0005465933051 1969.865651 8030.134349 1.897596001e-13 2.916989287e-07 1.557419204e-06 0.1000412748 1.296193727 24.90295352 3.390271888 0.07607490892 12
9000 24.92985335 24.95713008 24.88248875 0.3365796338 0.3325543673 0.00402526649 0.1003493033 0.0003286123699 4.731716855e-05 0.0005457808527 1969.865651 8030.134349 2.326202222e-13 2.59541754e-07 1.331426147e-06 0.1000803257 1.296207594 24.90342883 3.390235619 0.07545068326 12
9500 24.92977468 24.95705192 24.88242032 0.3365823626 0.3325529241 0.004029438466 0.100452993 0.0003284465759 4.738787182e-05 0.0005449424086 1969.865651 8030.134349 2.331615269e-13 1.337506944e-07 5.355103884e-07 0.1002261881 1.296192826 24.90285325 3.390274246 0.07607556183 12
10000 24.92969901 24.95697463 24.88235288 0.3365849864 0.3325515367 0.004033449777 0.1005526889 0.0003284346655 4.739394383e-05 0.0005443823682 1969.865651 8030.134349 2.461717246e-13 2.842335196e-08 4.794628862e-07 0.1003663786 1.296193269 24.902775 3.390273087 0.07608007298 12
10500 24.92965656 24.95693012 24.88231416 0.3365864583 0.3325507582 0.004035700089 0.1006086172 0.0003285033079 4.734500896e-05 0.0005441934582 1969.865651 8030.134349 2.259328937e-13 6.123058848e-08 8.866205019e-07 0.100445013 1.296193764 24.90273064 3.390271791 0.07608348161 12
11000 24.92964907 24.95692121 24.88230653 0.3365867176 0.3325506206 0.004036096975 0.1006184812 0.0003285909889 4.731867662e-05 0.0005442853457 1969.865651 8030.134349 2.114579751e-13 7.016447911e-08 9.636848971e-07 0.1004588871 1.29619408 24.90272239 3.390270966 0.07608489415 12
11500 24.92966282 24.95693447 24.88231819 0.3365862402 0.3325508725 0.004035367726 0.1006003568 0.0003286526061 4.731875214e-05 0.0005444854879 1969.865651 8030.134349 2.373477769e-13 5.138984584e-08 8.231369696e-07 0.1004334196 1.29619417 24.90273629 3.39027073 0.07608468229 12
12000 24.92968183 24.95695367 24.88233498 0.3365855808 0.3325512207 0.004034360061 0.1005753127 0.0003286727975 4.732138148e-05 0.000544654529 1969.865651 8030.134349 2.573336117e-13 2.751199131e-08 6.363511975e-07 0.1003982254 1.296194106 24.90275586 3.390270897 0.07608371774 12
12500 24.92969561 24.95696791 24.88234739 0.3365851027 0.3325514732 0.004033629527 0.1005571563 0.000328662191 4.731950829e-05 0.0005447352912 1969.865651 8030.134349 3.001218096e-13 3.032811957e-08 5.101361063e-07 0.1003727096 1.296193989 24.90277018 3.390271204 0.07608276672 12
13000 24.92970092 24.95697364 24.88235236 0.3365849186 0.3325515706 0.004033347995 0.1005501592 0.0003286403305 4.73173022e-05 0.0005447369635 1969.865651 8030.134349 2.955663544e-13 3.159889915e-08 4.637549665e-07 0.1003628755 1.296193893 24.9027758 3.390271454 0.07608222039 12
13500 24.92969963 24.95697256 24.88235139 0.3365849636 0.3325515469 0.004033416737 0.1005518677 0.0003286219857 4.731683847e-05 0.0005446973009 1969.865651 8030.134349 2.793835325e-13 2.906434817e-08 4.757616367e-07 0.1003652751 1.296193848 24.90277456 3.390271571 0.07608211211 12
14000 24.92969545 24.9569684 24.88234774 0.3365851086 0.3325514704 0.004033638154 0.1005573707 0.0003286130526 4.731706525e-05 0.0005446526862 1969.865651 8030.134349 3.10429834e-13 2.711835991e-08 5.107805289e-07 0.1003730074 1.296193849 24.90277028 3.39027157 0.07608227596 12
14500 24.92969153 24.95696439 24.88234424 0.3365852446 0.3325513986 0.004033846066 0.1005625381 0.0003286126358 4.731708766e-05 0.0005446240087 1969.865651 8030.134349 3.650071667e-13 2.083192945e-08 5.44487822e-07 0.1003802684 1.296193873 24.90276622 3.390271508 0.07608251224 12
15000 24.92968938 24.95696213 24.88234228 0.3365853192 0.3325513592 0.004033960051 0.100565371 0.0003286167953 4.731695498e-05 0.0005446155602 1969.865651 8030.134349 3.932585789e-13 2.598735948e-08 5.663797338e-07 0.1003842492 1.296193898 24.90276397 3.39027144 0.07608268724 12
15500 24.92968905 24.95696173 24.88234193 0.3365853308 0.332551353 0.004033977728 0.1005658104 0.0003286216015 4.731688082e-05 0.0005446211461 1969.865651 8030.134349 4.319114867e-13 2.764471945e-08 5.683544206e-07 0.1003848666 1.296193914 24.9027636 3.390271398 0.07608275732 12
16000 24.92968979 24.95696245 24.88234257 0.3365853048 0.3325513667 0.004033938135 0.1005648263 0.0003286247339 4.731687503e-05 0.0005446316667 1969.865651 8030.134349 4.933950581e-13 2.894146434e-08 5.622708568e-07 0.100383484 1.296193919 24.90276436 3.390271387 0.07608274376 12
16500 24.92969079 24.95696346 24.88234345 0.3365852704 0.3325513849 0.004033885436 0.1005635166 0.0003286256835 4.731687654e-05 0.0005446403339 1969.865651 8030.134349 5.298137958e-13 2.97738169e-08 5.529542092e-07 0.1003816436 1.296193915 24.90276538 3.390271396 0.07608269256 12
17000 24.92969149 24.95696419 24.88234408 0.3365852459 0.3325513979 0.004033847984 0.1005625858 0.0003286251031 4.731686914e-05 0.0005446444132 1969.865651 8030.134349 5.580962571e-13 3.229965718e-08 5.47070907e-07 0.1003803356 1.296193909 24.90276612 3.390271412 0.07608264326 12
17500 24.92969175 24.95696447 24.88234433 0.3365852368 0.3325514027 0.004033834089 0.1005622404 0.0003286239736 4.73168638e-05 0.0005446444117 1969.865651 8030.134349 5.928003305e-13 1.450941778e-08 5.436374238e-07 0.1003798504 1.296193904 24.90276639 3.390271425 0.07608261557 12
18000 24.92969168 24.9569644 24.88234427 0.3365852395 0.3325514013 0.004033838204 0.1005623427 0.0003286230327 4.731686431e-05 0.0005446422982 1969.865651 8030.134349 6.259568102e-13 3.354695364e-08 5.453339157e-07 0.1003799941 1.296193902 24.90276632 3.390271431 0.07608261064 12
18500 24.92969146 24.95696418 24.88234408 0.3365852471 0.3325513972 0.004033849926 0.100562634 0.0003286225825 4.731686644e-05 0.0005446399742 1969.865651 8030.134349 6.570615965e-13 3.307620928e-08 5.475060004e-07 0.1003804034 1.296193902 24.90276609 3.390271431 0.07608261957 12
19000 24.92969125 24.95696397 24.8823439 0.3365852542 0.3325513935 0.004033860687 0.1005629015 0.0003286225745 4.731686728e-05 0.0005446385126 1969.865651 8030.134349 6.858823921e-13 2.314973985e-08 5.480154317e-07 0.1003807792 1.296193903 24.90276588 3.390271428 0.07608263194 12
19500 24.92969114 24.95696386 24.8823438 0.3365852579 0.3325513915 0.00403386645 0.1005630447 0.0003286227989 4.731686703e-05 0.0005446381088 1969.865651 8030.134349 7.28601932e-13 2.912704671e-08 5.500221022e-07 0.1003809805 1.296193905 24.90276577 3.390271424 0.07608264091 12
20000 24.92969113 24.95696384 24.88234378 0.3365852584 0.3325513912 0.004033867215 0.1005630637 0.0003286230498 4.731686654e-05 0.0005446384216 1969.865651 8030.134349 7.632735759e-13 1.863435949e-08 5.503183586e-07 0.1003810072 1.296193905 24.90276575 3.390271422 0.07608264438 12
20500 24.92969117 24.95696388 24.88234382 0.336585257 0.332551392 0.004033865072 0.1005630105 0.0003286232096 4.731686614e-05 0.0005446389749 1969.865651 8030.134349 7.716089693e-13 2.873683307e-08 5.501152867e-07 0.1003809324 1.296193906 24.90276579 3.390271421 0.07608264355 12
21000 24.92969122 24.95696393 24.88234386 0.3365852552 0.3325513929 0.004033862318 0.100562942 0.0003286232553 4.731686587e-05 0.0005446394213 1969.865651 8030.134349 7.541466903e-13 1.612394848e-08 5.485124486e-07 0.1003808362 1.296193905 24.90276585 3.390271422 0.07608264083 12
21500 24.92969126 24.95696397 24.88234389 0.336585254 0.3325513936 0.0040338604 0.1005628944 0.0003286232229 4.731686576e-05 0.0005446396257 1969.865651 8030.134349 7.502182577e-13 2.303807528e-08 5.483729231e-07 0.1003807692 1.296193905 24.90276589 3.390271423 0.07608263828 12
22000 24.92969127 24.95696399 24.88234391 0.3365852535 0.3325513938 0.004033859717 0.1005628774 0.0003286231635 4.731686577e-05 0.0005446396193 1969.865651 8030.134349 7.687075798e-13 2.251997773e-08 5.475516528e-07 0.1003807454 1.296193905 24.9027659 3.390271423 0.07608263688 12
22500 24.92969127 24.95696398 24.8823439 0.3365852537 0.3325513937 0.004033859959 0.1005628834 0.000328623115 4.731686586e-05 0.0005446395064 1969.865651 8030.134349 8.233144456e-13 2.997741996e-08 5.485933113e-07 0.1003807538 1.296193905 24.90276589 3.390271424 0.07608263666 12
23000 24.92969126 24.95696397 24.88234389 0.3365852541 0.3325513935 0.004033860578 0.1005628988 0.0003286230924 4.731686595e-05 0.0005446393856 1969.865651 8030.134349 8.412251968e-13 3.073558923e-08 5.488672968e-07 0.1003807755 1.296193905 24.90276588 3.390271424 0.07608263714 12
23500 24.92969124 24.95696396 24.88234388 0.3365852545 0.3325513933 0.004033861135 0.1005629126 0.0003286230927 4.731686599e-05 0.0005446393111 1969.865651 8030.134349 8.284240311e-13 2.684832516e-08 5.48870778e-07 0.1003807949 1.296193905 24.90276587 3.390271423 0.07608263779 12
24000 24.92969124 24.95696395 24.88234388 0.3365852547 0.3325513932 0.004033861426 0.1005629198 0.0003286231047 4.731686599e-05 0.0005446392918 1969.865651 8030.134349 8.703194896e-13 2.863459335e-08 5.484953015e-07 0.100380805 1.296193905 24.90276587 3.390271423 0.07608263825 12
24500 24.92969124 24.95696395 24.88234388 0.3365852547 0.3325513932 0.004033861458 0.1005629206 0.0003286231178 4.731686598e-05 0.0005446393092 1969.865651 8030.134349 8.717217082e-13 2.178920786e-08 5.477703854e-07 0.1003808062 1.296193905 24.90276587 3.390271423 0.07608263842 12
25000 24.92969124 24.95696395 24.88234388 0.3365852546 0.3325513933 0.004033861342 0.1005629178 0.0003286231259 4.731686595e-05 0.0005446393383 1969.865651 8030.134349 8.731964412e-13 2.581512761e-08 5.493357969e-07 0.1003808021 1.296193905 24.90276587 3.390271423 0.07608263837 12
25500 24.92969124 24.95696396 24.88234388 0.3365852545 0.3325513933 0.004033861198 0.1005629142 0.0003286231281 4.731686594e-05 0.0005446393613 1969.865651 8030.134349 8.696917936e-13 2.582248392e-08 5.488238446e-07 0.1003807971 1.296193905 24.90276587 3.390271423 0.07608263823 12
26000 24.92969125 24.95696396 24.88234388 0.3365852544 0.3325513933 0.0040338611 0.1005629118 0.0003286231263 4.731686594e-05 0.0005446393715 1969.865651 8030.134349 8.775087755e-13 2.991168579e-08 5.484448626e-07 0.1003807937 1.296193905 24.90276587 3.390271423 0.0760826381 12
26500 24.92969125 24.95696396 24.88234388 0.3365852544 0.3325513934 0.004033861067 0.1005629109 0.0003286231232 4.731686594e-05 0.0005446393708 1969.865651 8030.134349 9.09744054e-13 2.355693479e-08 5.482950622e-07 0.1003807925 1.296193905 24.90276587 3.390271423 0.07608263803 12
27000 24.92969125 24.95696396 24.88234388 0.3365852544 0.3325513933 0.004033861081 0.1005629113 0.0003286231207 4.731686594e-05 0.0005446393648 1969.865651 8030.134349 8.792461835e-13 2.84667868e-08 5.490991975e-07 0.100380793 1.296193905 24.90276587 3.390271423 0.07608263802 12
27500 24.92969124 24.95696396 24.88234388 0.3365852544 0.3325513933 0.004033861113 0.1005629121 0.0003286231195 4.731686595e-05 0.0005446393585 1969.865651 8030.134349 8.752862849e-13 3.025204902e-08 5.487789354e-07 0.1003807941 1.296193905 24.90276587 3.390271423 0.07608263804 12
28000 24.92969124 24.95696396 24.88234388 0.3365852545 0.3325513933 0.004033861142 0.1005629128 0.0003286231196 4.731686595e-05 0.0005446393547 1969.865651 8030.134349 9.082209318e-13 1.66007109e-08 5.489165596e-07 0.1003807951 1.296193905 24.90276587 3.390271423 0.07608263808 12
28500 24.92969124 24.95696396 24.88234388 0.3365852545 0.3325513933 0.004033861157 0.1005629132 0.0003286231202 4.731686595e-05 0.0005446393538 1969.865651 8030.134349 9.102476381e-13 3.294140561e-08 5.482060271e-07 0.1003807956 1.296193905 24.90276587 3.390271423 0.0760826381 12
29000 24.92969124 24.95696396 24.88234388 0.3365852545 0.3325513933 0.004033861158 0.1005629132 0.0003286231209 4.731686595e-05 0.0005446393548 1969.865651 8030.134349 8.962221479e-13 2.383654674e-08 5.489812214e-07 0.1003807957 1.296193905 24.90276587 3.390271423 0.07608263811 12
29500 24.92969124 24.95696396 24.88234388 0.3365852545 0.3325513933 0.004033861152 0.100562913 0.0003286231213 4.731686595e-05 0.0005446393563 1969.865651 8030.134349 9.116886471e-13 2.73919902e-08 5.481728357e-07 0.1003807955 1.296193905 24.90276587 3.390271423 0.0760826381 12
29999 24.92969124 24.95696396 24.88234388 0.3365852545 0.3325513933 0.004033861144 0.1005629128 0.0003286231214 4.731686595e-05 0.0005446393575 1969.865651 8030.134349 8.835748225e-13 3.04570276e-08 5.477954418e-07 0.1003807952 1.296193905 24.90276587 3.390271423 0.0760826381 12
