# 1:passo  2:raio_area  3:raio_grad  4:raio_linha  5:p_in  6:p_out  7:delta_p  8:sigma  9:|u-v0|max  10:|u-v0|rms  11:Ca  12:massa_R  13:massa_B  14:|q|  15:sd_p_in  16:sd_p_out  17:sigma_2pontos  18:K_perfil  19:r_perfil  20:espessura_10_90  21:residuo_ajuste  22:n_camadas
0 40.02533834 40.05069478 40 0.3333333333 0.3333333333 -3.724798248e-14 -1.490863101e-12 2.501853777e-17 5.858144098e-18 0 5032.918481 20567.08152 4.603356368e-16 7.580861514e-08 0 2.220446049e-15 1.268104771 40.02415846 3.465367575 0.0688003113 12
500 39.90480111 39.9228427 39.84427554 0.33556711 0.3331040305 0.002463079517 0.09828869824 0.001957867876 0.001063006673 0.003319927098 5032.918481 20567.08152 7.799930665e-14 1.943256638e-05 0.0005570525212 0.04066879946 1.290533283 39.9046385 3.405142054 0.1193756498 12
1000 39.88876391 39.90600407 39.86453477 0.3356666412 0.3323833031 0.003283338037 0.1309682958 0.001447618362 0.000709991128 0.001842199484 5032.918481 20567.08152 7.310328118e-14 2.162612529e-05 0.0004943902795 0.1640597288 1.291214883 39.88685788 3.403344565 0.1281206118 12
1500 39.86825059 39.88469486 39.82749068 0.3362984366 0.3324448176 0.003853618979 0.1536370472 0.001667700435 0.0005728199695 0.001809134435 5032.918481 20567.08152 1.08057752e-13 4.587274691e-05 8.619637922e-05 0.1625166681 1.291455899 39.86593035 3.402709421 0.1224825882 12
2000 39.92097745 39.93702923 39.88221828 0.3351236644 0.3329301436 0.002193520814 0.08756749497 0.00201142479 0.0007984430425 0.00382833225 5032.918481 20567.08152 8.507528065e-14 1.334393638e-05 2.574911802e-05 0.08489041704 1.291123739 39.91984199 3.403584818 0.1250083186 12
2500 39.94331063 39.96076472 39.90008807 0.3346369809 0.3332001053 0.001436875531 0.0573935657 0.001627872872 0.0003160583661 0.004727222331 5032.918481 20567.08152 7.519719566e-14 3.783144295e-05 0.0002103569506 0.04090348076 1.291020253 39.9434774 3.403857642 0.1252840646 12
3000 39.92164726 39.93911529 39.88051836 0.3351452163 0.3330000569 0.002145159401 0.08563829692 0.001402794382 0.0005598366753 0.002730076053 5032.918481 20567.08152 5.403316505e-14 5.084483378e-06 0.0001293709581 0.07579547005 1.290912803 39.92117632 3.404140964 0.1250554146 12
3500 39.89716502 39.91458418 39.86125644 0.3356267267 0.3326453711 0.002981355688 0.1189476399 0.001568979557 0.0004297352067 0.002198417666 5032.918481 20567.08152 1.169359546e-13 7.703872856e-06 0.000170554006 0.1311352012 1.290115173 39.88986224 3.406245618 0.1315550629 12
4000 39.88764494 39.90418684 39.84945897 0.3358788981 0.3326198132 0.003259084887 0.1299972208 0.001573259554 0.0002588448263 0.002017042549 5032.918481 20567.08152 1.430875519e-13 2.854375506e-05 7.650353834e-05 0.1373386062 1.291236315 39.88580975 3.403288076 0.1240447843 12
4500 39.91470295 39.93138072 39.87593847 0.335254157 0.3328513894 0.002402767522 0.0959057519 0.001693069811 0.0004300313502 0.002942245863 5032.918481 20567.08152 1.549329277e-13 8.164835821e-06 4.688085711e-05 0.09820486798 1.291175204 39.91365777 3.403449154 0.1250234278 12
5000 39.92489286 39.9419192 39.8829334 0.3350678973 0.3330319883 0.002035908994 0.08128344846 0.001565764453 0.0002156595559 0.00321050284 5032.918481 20567.08152 2.40323478e-13 1.038098583e-05 0.0001506454187 0.07021789461 1.291029614 39.9243535 3.403832963 0.1247406329 12
5500 39.92123953 39.93860201 39.88164521 0.3351216751 0.3329418341 0.002179841052 0.08702195677 0.001488433727 0.0003055228926 0.00285068616 5032.918481 20567.08152 2.204536279e-13 1.266193638e-05 2.935354581e-05 0.08388897754 1.290308119 39.91495432 3.405736267 0.1324156882 12
6000 39.90262806 39.9198218 39.86411118 0.3355397588 0.3327622325 0.002777526348 0.1108306008 0.001511933986 0.0002914282262 0.002273640997 5032.918481 20567.08152 2.295232371e-13 9.78550241e-06 3.074163675e-05 0.1136103664 1.290394744 39.89574775 3.405507635 0.1318278672 12
6500 39.9002581 39.91709723 39.86236198 0.3355805419 0.3327158309 0.002864711019 0.114302709 0.001542186418 0.0001999107193 0.002248687471 5032.918481 20567.08152 2.397237247e-13 9.666849983e-06 8.46101499e-05 0.1207020589 1.290463959 39.89315509 3.40532498 0.1317112313 12
7000 39.90976025 39.92657017 39.87042625 0.3353805704 0.3328330158 0.002547554608 0.1016722936 0.001606004692 0.0002784150841 0.002632648868 5032.918481 20567.08152 1.85051694e-13 1.454689087e-06 4.082085004e-06 0.1019415834 1.29030799 39.90043095 3.405736607 0.131409209 12
7500 39.9188435 39.93583199 39.87852218 0.3351838099 0.3329355077 0.002248302182 0.08974962294 0.001553680135 0.0002067999204 0.002885212001 5032.918481 20567.08152 1.539350741e-13 7.816566792e-06 5.532268517e-05 0.08528481101 1.290530121 39.90970978 3.405150399 0.1290161549 12
8000 39.91662335 39.93382531 39.87689777 0.3352300939 0.3329066274 0.002323466488 0.09274493665 0.001516540552 0.0002201257071 0.002725289033 5032.918481 20567.08152 1.75858094e-13 5.972997815e-06 3.286748607e-05 0.08991484852 1.290211339 39.90703053 3.405991734 0.1309964976 12
8500 39.90770683 39.92481965 39.86879383 0.3354253018 0.3328108226 0.002614479197 0.1043378693 0.001506534129 0.0002282002466 0.002406499416 5032.918481 20567.08152 1.698081538e-13 3.573329142e-06 1.503539524e-05 0.1055409123 1.290250296 39.89781986 3.405888896 0.1307711919 12
9000 39.90513251 39.92209096 39.86664082 0.3354771723 0.3327747027 0.002702469607 0.1078424078 0.001537813627 0.0001909952391 0.002376637137 5032.918481 20567.08152 1.488272418e-13 5.252641353e-06 4.54976887e-05 0.1112392728 1.290297428 39.89510577 3.405764483 0.1306841083 12
9500 39.90936285 39.92625165 39.87009464 0.3353894652 0.3328292985 0.002560166716 0.1021746224 0.00156532688 0.0002167750022 0.002553352361 5032.918481 20567.08152 1.844881893e-13 1.915337683e-06 4.9630102e-06 0.1025474302 1.290282454 39.89943829 3.405804009 0.1306485002 12
10000 39.91493256 39.93192994 39.87522076 0.335266469 0.3328876762 0.002378792809 0.09494935456 0.001549505931 0.0001980330489 0.002719881453 5032.918481 20567.08152 1.679330438e-13 4.326801787e-06 2.261289937e-05 0.09297011516 1.290245296 39.90521119 3.405902094 0.1308301653 12
10500 39.91408744 39.93118653 39.87444671 0.335286903 0.3328818701 0.002405032967 0.09599469612 0.001524144768 0.000196597056 0.002646230867 5032.918481 20567.08152 1.596954157e-13 2.950500941e-06 2.415932791e-05 0.09400635431 1.290230493 39.90438268 3.405941169 0.1308616255 12
11000 39.90993244 39.92701399 39.87086319 0.3353750263 0.332831948 0.002543078339 0.1014940847 0.001518214836 0.0002029819696 0.002493108901 5032.918481 20567.08152 1.797794856e-13 8.216255503e-07 8.468437993e-06 0.1020276162 1.29025142 39.90009638 3.405885928 0.1308120931 12
11500 39.9076875 39.92468119 39.86878711 0.3354241579 0.3328076514 0.002616506559 0.1044187261 0.001534002587 0.0001907354736 0.002448479381 5032.918481 20567.08152 2.446929883e-13 3.221995331e-06 2.099777701e-05 0.1059915334 1.290276148 39.89775222 3.405820653 0.1307143915 12
12000 39.90980517 39.92675483 39.87062254 0.3353782661 0.3328313624 0.00254690368 0.1016464296 0.001548529311 0.0001975199432 0.002539078051 5032.918481 20567.08152 2.890927055e-13 1.071696252e-06 7.698709064e-06 0.1021434406 1.290272869 39.89991514 3.405829309 0.1307162118 12
12500 39.91270803 39.92970664 39.8732089 0.3353156087 0.33286439 0.002451218742 0.09783477799 0.001544312612 0.0001936938717 0.002630817391 5032.918481 20567.08152 2.396039442e-13 1.834592193e-06 1.165717867e-05 0.09679155263 1.290253538 39.90292268 3.405880336 0.1307877092 12
13000 39.91278678 39.9298413 39.87330879 0.3353141834 0.3328657235 0.002448459849 0.09772485588 0.001529698395 0.0001916734946 0.00260885248 5032.918481 20567.08152 2.603653385e-13 1.846491072e-06 1.297225438e-05 0.09658824404 1.290245755 39.90333213 3.405900882 0.1312220212 12
13500 39.91065441 39.92771056 39.87145862 0.3353598225 0.3328408198 0.002519002698 0.1005350461 0.00152582564 0.0001943658062 0.002529508696 5032.918481 20567.08152 2.87985281e-13 2.142491892e-07 2.43112819e-06 0.1006065245 1.290255559 39.90113695 3.405875003 0.1311991371 12
14000 39.90923548 39.9262445 39.87015948 0.3353907098 0.3328251788 0.002565531069 0.1023883836 0.001532726754 0.0001908128414 0.002494955483 5032.918481 20567.08152 3.049602394e-13 1.67134728e-06 1.087607712e-05 0.1031509244 1.290266036 39.89935171 3.405847346 0.1307460678 12
14500 39.91013574 39.92711887 39.87094424 0.3353710431 0.3328349718 0.00253607131 0.1012149502 0.001541345317 0.0001923206047 0.002538072544 5032.918481 20567.08152 3.12078722e-13 7.218067095e-07 5.779044766e-06 0.101554898 1.290269423 39.90057488 3.405838405 0.1311428555 12
15000 39.91168453 39.92868668 39.87230432 0.3353378595 0.332853031 0.002484828465 0.09917368982 0.001540226232 0.0001917907185 0.002588432198 5032.918481 20567.08152 3.183197528e-13 7.786005404e-07 5.384721938e-06 0.09863903323 1.290259303 39.90217706 3.405865119 0.1311730966 12
15500 39.91197454 39.92900901 39.87259275 0.3353314724 0.3328560752 0.002475397193 0.09879798974 0.001532942903 0.0001908085871 0.002585988687 5032.918481 20567.08152 3.71362938e-13 1.096810323e-06 6.805279266e-06 0.09814099374 1.290250361 39.90218129 3.405888723 0.130801953 12
16000 39.91090177 39.92794048 39.87165049 0.3353546855 0.3328439962 0.002510689294 0.1002038738 0.001529839882 0.0001917148749 0.002544545475 5032.918481 20567.08152 4.186454249e-13 1.051511662e-07 1.918449892e-07 0.1001003208 1.290254258 39.90107854 3.405878435 0.1307895206 12
16500 39.91007004 39.92708604 39.87090595 0.3353725617 0.3328344139 0.002538147836 0.1012976579 0.001533025427 0.0001907821339 0.002522311406 5032.918481 20567.08152 4.560101475e-13 8.101537354e-07 5.837441669e-06 0.1016493612 1.2902615 39.90021343 3.405859321 0.1307639116 12
17000 39.91039001 39.92738973 39.87117313 0.3353656802 0.3328380928 0.002527587468 0.1008770016 0.001537804253 0.0001910482143 0.00254072489 5032.918481 20567.08152 5.019684725e-13 5.019819467e-07 3.642632099e-06 0.1010544356 1.290262825 39.90053661 3.405855821 0.1307570797 12
17500 39.91122827 39.9282353 39.87191294 0.3353476176 0.3328476766 0.002499940966 0.09977571454 0.001537841799 0.0001910613486 0.00256883118 5032.918481 20567.08152 5.651118896e-13 3.528892095e-07 2.035591548e-06 0.09950296426 1.290260547 39.90170908 3.405861835 0.131171479 12
18000 39.91148094 39.92850546 39.87214958 0.3353421546 0.3328505243 0.002491630292 0.09944465492 0.001534285379 0.0001906897392 0.002571422567 5032.918481 20567.08152 6.523700996e-13 6.018263162e-07 3.655726738e-06 0.09904137334 1.290254086 39.90166932 3.405878891 0.1307881975 12
18500 39.91097663 39.92800542 39.87170934 0.3353530506 0.3328448136 0.002508236925 0.1001061853 0.001532127099 0.0001909543518 0.002550836552 5032.918481 20567.08152 7.287238175e-13 1.382646528e-07 3.912047578e-07 0.09996704522 1.290258142 39.90145837 3.405868183 0.1311827382 12
19000 39.91048935 39.92750751 39.87127526 0.3353635264 0.3328392047 0.002524321665 0.1007469129 0.001533545947 0.0001907328512 0.002536961022 5032.918481 20567.08152 7.60773156e-13 4.019632853e-07 3.016238066e-06 0.1008739167 1.290259383 39.90064597 3.405864908 0.1307708795 12
19500 39.91058221 39.92759051 39.87134769 0.3353615462 0.3328403039 0.002521242262 0.1006242466 0.001536087993 0.0001907574301 0.002544264173 5032.918481 20567.08152 7.457934758e-13 3.197052696e-07 2.319108265e-06 0.1006968173 1.290260539 39.9007378 3.405861856 0.1307652119 12
20000 39.91102084 39.92803165 39.87173506 0.3353520748 0.3328452815 0.002506793311 0.1000486801 0.001536486093 0.000190804387 0.002559564157 5032.918481 20567.08152 7.404758032e-13 1.712086841e-07 6.075637052e-07 0.09989023482 1.290258248 39.90119035 3.405867903 0.130772864 12
20500 39.91120452 39.92822437 39.87190259 0.3353481282 0.3328473987 0.002500729584 0.09980712987 0.001534741139 0.0001906807625 0.002562844861 5032.918481 20567.08152 6.728827028e-13 3.32542312e-07 1.860534109e-06 0.09954803354 1.290255986 39.90138295 3.405873875 0.1307812129 12
21000 39.9109779 39.92800121 39.87170702 0.3353530069 0.3328448001 0.002508206756 0.1001049844 0.001533411941 0.0001907485212 0.002553006309 5032.918481 20567.08152 7.767689972e-13 1.370619026e-07 3.534376637e-07 0.0999685266 1.290256408 39.90115096 3.405872761 0.1307806324 12
21500 39.91069916 39.92771753 39.87145864 0.3353590171 0.3328416228 0.002517394284 0.1004709659 0.001533959226 0.0001907023273 0.002544614443 5032.918481 20567.08152 7.693314076e-13 2.108500238e-07 1.566893389e-06 0.1004829824 1.290258417 39.90086207 3.405867457 0.1307736255 12
22000 39.91070976 39.9277225 39.87146351 0.3353587878 0.3328417433 0.002517044439 0.1004570301 0.001535307151 0.0001906954538 0.002547203765 5032.918481 20567.08152 6.920501753e-13 2.007969529e-07 1.498695741e-06 0.1004634144 1.290261924 39.90117743 3.405858199 0.1311686299 12
22500 39.91093148 39.92794473 39.87165834 0.3353540074 0.3328442722 0.002509735116 0.1001658663 0.00153569845 0.0001907193455 0.002555259105 5032.918481 20567.08152 7.602976099e-13 1.124885612e-07 1.769278927e-07 0.1000539236 1.290260885 39.9014059 3.405860943 0.1311719014 12
23000 39.91105467 39.92807254 39.87176984 0.3353513547 0.3328456822 0.002505672514 0.1000040327 0.001534867483 0.0001906816077 0.002558009315 5032.918481 20567.08152 7.964479914e-13 1.970470662e-07 8.512920728e-07 0.09982578496 1.290256953 39.9012279 3.405871323 0.1307779499 12
23500 39.91095695 39.92797721 39.8716862 0.3353534591 0.3328445629 0.002508896197 0.1001324481 0.001534088302 0.0001906960289 0.002553431864 5032.918481 20567.08152 7.780181553e-13 1.275817509e-07 2.448765791e-07 0.1000069428 1.290256996 39.90112822 3.40587121 0.1307782963 12
24000 39.91080299 39.92782106 39.8715494 0.3353567793 0.3328428087 0.002513970631 0.1003345866 0.001534255946 0.0001906883112 0.002548566083 5032.918481 20567.08152 7.277059879e-13 1.294048416e-07 8.776782115e-07 0.1002910014 1.290260659 39.90127546 3.405861539 0.1311734252 12
24500 39.9107877 39.92780265 39.87153362 0.3353571071 0.3328426311 0.002514475945 0.1003547156 0.001534961893 0.0001906832064 0.002549227314 5032.918481 20567.08152 7.442128734e-13 1.427212927e-07 9.827960368e-07 0.1003196523 1.290258585 39.90095191 3.405867015 0.1307725076 12
25000 39.91089718 39.92791195 39.87162939 0.3353547483 0.3328438832 0.002510865136 0.1002108803 0.001535252585 0.0001906924689 0.002553369754 5032.918481 20567.08152 8.245038051e-13 1.041313714e-07 2.896030739e-07 0.1001169913 1.290258137 39.90106457 3.405868196 0.1307738111 12
25500 39.91097443 39.92799151 39.87169897 0.3353530828 0.3328447636 0.002508319162 0.1001094619 0.00153487499 0.0001906816875 0.002555327872 5032.918481 20567.08152 8.589971656e-13 1.342939624e-07 3.405752094e-07 0.09997443475 1.29025743 39.90114499 3.405870064 0.1307763883 12
26000 39.91093539 39.92795399 39.87166592 0.3353539248 0.3328443189 0.002509605901 0.100160719 0.001534429918 0.0001906835989 0.002553279592 5032.918481 20567.08152 8.510786983e-13 1.14189094e-07 1.817268238e-07 0.1000464786 1.290257354 39.90110538 3.405870263 0.1307768852 12
26500 39.91085261 39.92787031 39.87159266 0.3353557089 0.3328433734 0.002512335437 0.1002694493 0.001534454291 0.0001906829126 0.002550551374 5032.918481 20567.08152 8.611291055e-13 1.087973633e-07 5.576749119e-07 0.1001995271 1.290257857 39.9010198 3.405868936 0.1307751997 12
27000 39.91083355 39.92784956 39.87157462 0.3353561194 0.3328431559 0.002512963504 0.1002944681 0.001534814369 0.0001906809733 0.002550513499 5032.918481 20567.08152 8.83302903e-13 1.167628664e-07 6.793790489e-07 0.100234734 1.290258214 39.90099953 3.405867993 0.1307738114 12
27500 39.91088626 39.92790195 39.87162056 0.3353549834 0.3328437578 0.002511225631 0.1002252405 0.001535008975 0.0001906842305 0.002552598805 5032.918481 20567.08152 9.099905282e-13 1.043219233e-07 3.526712937e-07 0.1001372862 1.290258037 39.90105367 3.405868461 0.1307742869 12
28000 39.91093234 39.92794915 39.87166185 0.3353539901 0.3328442835 0.002509706536 0.1001647278 0.001534845863 0.0001906813187 0.002553869507 5032.918481 20567.08152 9.62324591e-13 1.118736038e-07 1.771703906e-07 0.1000521659 1.290257656 39.90110155 3.405869466 0.1307756494 12
28500 39.91091891 39.92793663 39.87165078 0.33535428 0.3328441305 0.002510149484 0.1001823725 0.00153459859 0.0001906809737 0.002553008332 5032.918481 20567.08152 9.836016762e-13 1.098359477e-07 1.961973094e-07 0.1000769614 1.290257566 39.90108807 3.405869703 0.1307760838 12
29000 39.91087534 39.92789274 39.87161234 0.3353552188 0.3328436329 0.002511585979 0.1002395949 0.00153457781 0.0001906811105 0.00255151638 5032.918481 20567.08152 9.697705539e-13 1.015226244e-07 4.166253393e-07 0.1001575215 1.290257808 39.90104309 3.405869066 0.1307752952 12
29500 39.9108598 39.9278763 39.87159801 0.3353555538 0.3328434557 0.002512098141 0.1002599967 0.001534756444 0.0001906805947 0.002551294126 5032.918481 20567.08152 9.950287035e-13 1.079458978e-07 5.124214776e-07 0.1001862047 1.290258021 39.90102674 3.405868504 0.1307744847 12
29999 39.9108849 39.92790112 39.87161979 0.3353550126 0.3328437421 0.002511270507 0.1002270282 0.001534879712 0.0001906817425 0.002552338326 5032.918481 20567.08152 1.012624181e-12 1.020209471e-07 3.585049365e-07 0.1001398268 1.290257957 39.90105248 3.405868671 0.1307746272 12
