# 1:passo  2:sigma_pop  3:int_grad  4:K  5:espessura_10_90  6:residuo  7:d0  8:|u|max  9:|u|rms  10:|u_n|max  11:|u_t|max  12:massa_R  13:massa_B  14:qx  15:qy  16:soma_Fx  17:soma_Fy  18:min_f  19:neg_total  20:neg_cor
0 0.0999996643 2.000000971 1.273753378 3.45 8.393286066e-14 3.900276625e-16 2.453269467e-17 6.798699778e-18 2.103661213e-17 1.935368316e-17 20000 20000 2.775557562e-15 -5.551115123e-15 0 0 0.02211639493 0 0
500 0.09999984693 2.000001289 1.3004634 3.37914097 0.1021083597 1.394757158e-08 5.704204315e-05 1.744588169e-05 3.53353459e-05 4.477954909e-05 20000 20000 -3.795574965e-13 1.389860449e-12 0 0 0.02227498668 0 0
1000 0.09999984693 2.000001289 1.300463457 3.379140821 0.1021083847 1.391008714e-08 5.704483232e-05 1.744603724e-05 3.533940937e-05 4.477989548e-05 20000 20000 -1.06997744e-12 9.353628982e-13 0 0 0.02227498768 0 0
1500 0.09999984693 2.000001289 1.300463457 3.37914082 0.1021083848 1.38999959e-08 5.704484794e-05 1.744603815e-05 3.533943363e-05 4.47798963e-05 20000 20000 -2.99343883e-12 4.613670557e-12 0 0 0.02227498768 0 0
2000 0.09999984693 2.000001289 1.300463457 3.37914082 0.1021083848 1.389748217e-08 5.704484793e-05 1.744603816e-05 3.53394337e-05 4.477989619e-05 20000 20000 8.139322549e-13 1.250735626e-11 0 0 0.02227498768 0 0
2500 0.09999984693 2.000001289 1.300463457 3.37914082 0.1021083848 1.389682697e-08 5.704484792e-05 1.744603816e-05 3.533943369e-05 4.477989616e-05 20000 20000 4.173050794e-12 1.763658664e-11 0 0 0.02227498768 0 0
3000 0.09999984693 2.000001289 1.300463457 3.37914082 0.1021083848 1.389656676e-08 5.704484791e-05 1.744603816e-05 3.533943369e-05 4.477989616e-05 20000 20000 6.370598493e-12 1.814035033e-11 0 0 0.02227498768 0 0
3500 0.09999984693 2.000001289 1.300463457 3.37914082 0.1021083848 1.389636634e-08 5.704484791e-05 1.744603816e-05 3.53394337e-05 4.477989615e-05 20000 20000 6.327577351e-12 1.689412499e-11 0 0 0.02227498768 0 0
4000 0.09999984693 2.000001289 1.300463457 3.37914082 0.1021083848 1.389621262e-08 5.704484791e-05 1.744603816e-05 3.53394337e-05 4.477989615e-05 20000 20000 7.940870184e-12 1.510458425e-11 0 0 0.02227498768 0 0
4500 0.09999984693 2.000001289 1.300463457 3.37914082 0.1021083848 1.389602847e-08 5.704484791e-05 1.744603816e-05 3.53394337e-05 4.477989615e-05 20000 20000 5.673933545e-12 1.330394128e-11 0 0 0.02227498768 0 0
5000 0.09999984693 2.000001289 1.300463457 3.37914082 0.1021083848 1.389591644e-08 5.704484791e-05 1.744603816e-05 3.53394337e-05 4.477989615e-05 20000 20000 1.795785742e-12 7.849276784e-12 0 0 0.02227498768 0 0
5500 0.09999984693 2.000001289 1.300463457 3.37914082 0.1021083848 1.389589737e-08 5.704484791e-05 1.744603816e-05 3.53394337e-05 4.477989615e-05 20000 20000 -2.307182223e-12 5.48588952e-12 0 0 0.02227498768 0 0
6000 0.09999984693 2.000001289 1.300463457 3.37914082 0.1021083848 1.389588991e-08 5.704484791e-05 1.744603816e-05 3.53394337e-05 4.477989615e-05 20000 20000 -2.860212067e-12 5.752343046e-12 0 0 0.02227498768 0 0
6500 0.09999984693 2.000001289 1.300463457 3.37914082 0.1021083848 1.389588497e-08 5.704484791e-05 1.744603816e-05 3.53394337e-05 4.477989615e-05 20000 20000 -4.766326223e-12 5.367928324e-12 0 0 0.02227498768 0 0
7000 0.09999984693 2.000001289 1.300463457 3.37914082 0.1021083848 1.389593269e-08 5.704484791e-05 1.744603816e-05 3.53394337e-05 4.477989615e-05 20000 20000 -8.014422459e-12 7.271266922e-12 0 0 0.02227498768 0 0
7500 0.09999984693 2.000001289 1.300463457 3.37914082 0.1021083848 1.389600222e-08 5.704484791e-05 1.744603816e-05 3.53394337e-05 4.477989615e-05 20000 20000 -1.549038675e-11 8.501532811e-12 0 0 0.02227498768 0 0
8000 0.09999984693 2.000001289 1.300463457 3.37914082 0.1021083848 1.389610764e-08 5.704484791e-05 1.744603816e-05 3.53394337e-05 4.477989615e-05 20000 20000 -1.592961874e-11 6.986772272e-12 0 0 0.02227498768 0 0
8500 0.09999984693 2.000001289 1.300463457 3.37914082 0.1021083848 1.389622321e-08 5.704484791e-05 1.744603816e-05 3.53394337e-05 4.477989615e-05 20000 20000 -1.42774681e-11 8.66251515e-12 0 0 0.02227498768 0 0
9000 0.09999984693 2.000001289 1.300463457 3.37914082 0.1021083848 1.389628871e-08 5.704484791e-05 1.744603816e-05 3.53394337e-05 4.477989615e-05 20000 20000 -1.434061203e-11 1.1229212e-11 0 0 0.02227498768 0 0
9500 0.09999984693 2.000001289 1.300463457 3.37914082 0.1021083848 1.389632261e-08 5.704484791e-05 1.744603816e-05 3.53394337e-05 4.477989615e-05 20000 20000 -1.060956878e-11 6.661338148e-12 0 0 0.02227498768 0 0
10000 0.09999984693 2.000001289 1.300463457 3.37914082 0.1021083848 1.389632576e-08 5.704484791e-05 1.744603816e-05 3.53394337e-05 4.477989615e-05 20000 20000 -7.074896224e-12 5.568462358e-12 0 0 0.02227498768 0 0
10500 0.09999984693 2.000001289 1.300463457 3.37914082 0.1021083848 1.38963274e-08 5.704484791e-05 1.744603816e-05 3.53394337e-05 4.477989615e-05 20000 20000 -5.6114835e-12 7.028405635e-12 0 0 0.02227498768 0 0
11000 0.09999984693 2.000001289 1.300463457 3.37914082 0.1021083848 1.38963381e-08 5.704484791e-05 1.744603816e-05 3.53394337e-05 4.477989615e-05 20000 20000 -5.384581669e-12 7.902706267e-12 0 0 0.02227498768 0 0
11500 0.09999984693 2.000001289 1.300463457 3.37914082 0.1021083848 1.389632013e-08 5.704484791e-05 1.744603816e-05 3.53394337e-05 4.477989615e-05 20000 20000 2.491062912e-13 6.820238818e-12 0 0 0.02227498768 0 0
12000 0.09999984693 2.000001289 1.300463457 3.37914082 0.1021083848 1.389623891e-08 5.704484791e-05 1.744603816e-05 3.53394337e-05 4.477989615e-05 20000 20000 6.054184931e-12 8.09283196e-12 0 0 0.02227498768 0 0
12500 0.09999984693 2.000001289 1.300463457 3.37914082 0.1021083848 1.389607997e-08 5.704484791e-05 1.744603816e-05 3.53394337e-05 4.477989615e-05 20000 20000 8.636841242e-12 9.101747134e-12 0 0 0.02227498768 0 0
13000 0.09999984693 2.000001289 1.300463457 3.37914082 0.1021083848 1.389589642e-08 5.704484791e-05 1.744603816e-05 3.53394337e-05 4.477989615e-05 20000 20000 1.302638553e-11 7.840950111e-12 0 0 0.02227498768 0 0
13500 0.09999984693 2.000001289 1.300463457 3.37914082 0.1021083848 1.389568423e-08 5.704484791e-05 1.744603816e-05 3.53394337e-05 4.477989615e-05 20000 20000 1.292577156e-11 7.926992396e-12 0 0 0.02227498768 0 0
14000 0.09999984693 2.000001289 1.300463457 3.37914082 0.1021083848 1.389547915e-08 5.704484791e-05 1.744603816e-05 3.53394337e-05 4.477989615e-05 20000 20000 1.254066295e-11 7.734785035e-12 0 0 0.02227498768 0 0
14500 0.09999984693 2.000001289 1.300463457 3.37914082 0.1021083848 1.389531239e-08 5.704484791e-05 1.744603816e-05 3.53394337e-05 4.477989615e-05 20000 20000 1.219441215e-11 1.105643355e-11 0 0 0.02227498768 0 0
15000 0.09999984693 2.000001289 1.300463457 3.37914082 0.1021083848 1.389516151e-08 5.704484791e-05 1.744603816e-05 3.53394337e-05 4.477989615e-05 20000 20000 1.05561393e-11 1.189395804e-11 0 0 0.02227498768 0 0
15500 0.09999984693 2.000001289 1.300463457 3.37914082 0.1021083848 1.389500156e-08 5.704484791e-05 1.744603816e-05 3.53394337e-05 4.477989615e-05 20000 20000 9.466732953e-12 1.184261023e-11 0 0 0.02227498768 0 0
16000 0.09999984693 2.000001289 1.300463457 3.37914082 0.1021083848 1.389486442e-08 5.704484791e-05 1.744603816e-05 3.53394337e-05 4.477989615e-05 20000 20000 7.805561753e-12 1.199040867e-11 0 0 0.02227498768 0 0
16500 0.09999984693 2.000001289 1.300463457 3.37914082 0.1021083848 1.389476331e-08 5.704484791e-05 1.744603816e-05 3.53394337e-05 4.477989615e-05 20000 20000 4.857919622e-12 1.142627659e-11 0 0 0.02227498768 0 0
17000 0.09999984693 2.000001289 1.300463457 3.37914082 0.1021083848 1.389468191e-08 5.704484791e-05 1.744603816e-05 3.53394337e-05 4.477989615e-05 20000 20000 6.260963969e-12 1.062969157e-11 0 0 0.02227498768 0 0
17500 0.09999984693 2.000001289 1.300463457 3.37914082 0.1021083848 1.389452812e-08 5.704484791e-05 1.744603816e-05 3.53394337e-05 4.477989615e-05 20000 20000 6.689093723e-12 1.13013765e-11 0 0 0.02227498768 0 0
18000 0.09999984693 2.000001289 1.300463457 3.37914082 0.1021083848 1.389443133e-08 5.704484791e-05 1.744603816e-05 3.53394337e-05 4.477989615e-05 20000 20000 2.76584311e-12 1.243588565e-11 0 0 0.02227498768 0 0
18500 0.09999984693 2.000001289 1.300463457 3.37914082 0.1021083848 1.389437727e-08 5.704484791e-05 1.744603816e-05 3.53394337e-05 4.477989615e-05 20000 20000 -5.238864897e-13 1.283140261e-11 0 0 0.02227498768 0 0
19000 0.09999984693 2.000001289 1.300463457 3.37914082 0.1021083848 1.389438784e-08 5.704484791e-05 1.744603816e-05 3.53394337e-05 4.477989615e-05 20000 20000 -3.003153282e-12 1.255662241e-11 0 0 0.02227498768 0 0
19500 0.09999984693 2.000001289 1.300463457 3.37914082 0.1021083848 1.389437723e-08 5.704484791e-05 1.744603816e-05 3.53394337e-05 4.477989615e-05 20000 20000 -4.372890938e-12 1.362937541e-11 0 0 0.02227498768 0 0
19999 0.09999984693 2.000001289 1.300463457 3.37914082 0.1021083848 1.389434807e-08 5.704484791e-05 1.744603816e-05 3.53394337e-05 4.477989615e-05 20000 20000 -5.062616992e-12 1.471184286e-11 0 0 0.02227498768 0 0
