# 1:passo  2:R0  3:|a2|/R0  4:|a4|/R0  5:|a8|/R0  6:rmin  7:rmax
0 24.99530979 9.196997287e-17 9.52226216e-05 8.27724819e-05 24.98429581 25.00965244
500 24.95295999 2.556897738e-16 0.002859287048 0.0003603971799 24.87437515 25.01739345
1000 24.90654071 2.413642705e-16 0.00210104401 0.000209790073 24.85015409 24.95389659
1500 24.85261772 3.505456973e-16 0.001417335493 0.0001690388786 24.81281864 24.88728734
2000 24.81850342 2.377982079e-16 0.0010256793 0.0001037004008 24.7895752 24.84698465
2500 24.81292203 2.933217926e-16 0.0004832853349 9.954234024e-05 24.79701814 24.83149459
3000 24.83329875 2.495365375e-16 2.580895839e-05 8.517967699e-05 24.82193833 24.84590268
3500 24.87605355 4.257318922e-16 0.0002542795772 0.0001110556037 24.85750879 24.88838505
4000 24.9186454 1.608114331e-16 0.0004080047777 0.0001136111551 24.89530198 24.936326
4500 24.94065649 2.728251529e-16 0.000883466226 0.0001032397298 24.9053474 24.97243412
5000 24.9303006 5.426096796e-17 0.001388708369 0.000110135046 24.88272633 24.9745156
5500 24.90553914 4.969276208e-16 0.001848367755 0.0001041950921 24.84776629 24.96041194
6000 24.87735015 2.832436368e-16 0.002017120083 9.967821594e-05 24.81643261 24.93511812
6500 24.85773471 2.60675449e-16 0.002104802381 8.415005544e-05 24.79541312 24.9173079
7000 24.85113761 2.798081012e-16 0.002148113159 7.074016879e-05 24.78811549 24.91200575
7500 24.86683945 3.416979866e-16 0.001977164752 5.222046701e-05 24.80796297 24.92451915
8000 24.89269921 6.888858483e-16 0.00152743552 6.204334591e-05 24.84393394 24.93961377
8500 24.91376145 5.45952387e-16 0.001135669022 6.721239055e-05 24.87389607 24.95139225
9000 24.91582047 2.145453075e-16 0.001129090228 8.362275142e-05 24.87566114 24.95296307
9500 24.89663605 6.297757669e-16 0.001241409998 0.0001122057905 24.85362446 24.93482513
10000 24.87487855 6.982516287e-16 0.00139887638 0.0001253857426 24.82839428 24.91569049
10500 24.85639646 3.344252441e-16 0.001465397449 0.0001289091122 24.8085828 24.89807748
11000 24.84912442 5.315750399e-16 0.001594248694 0.0001184597346 24.79837067 24.89433816
11500 24.85789518 6.46994463e-16 0.00171923818 0.0001006672023 24.80417771 24.90739599
12000 24.88429038 3.655567886e-16 0.00163148993 7.922874993e-05 24.83254833 24.93337142
12500 24.91442556 9.542816585e-16 0.0013370453 7.786253221e-05 24.86922816 24.95735509
13000 24.93285199 1.656750044e-16 0.001138811084 6.926336539e-05 24.8923173 24.97176139
13500 24.92818488 5.062789118e-16 0.001152906131 7.784739558e-05 24.88735076 24.96679437
14000 24.90433273 7.92492655e-16 0.001165596593 9.665007708e-05 24.86355773 24.9412023
14500 24.87589778 1.954875776e-16 0.001171428775 0.0001079812232 24.83555505 24.91106427
15000 24.85018783 5.81237753e-16 0.001185424173 0.000114942428 24.8098556 24.88445449
15500 24.83648018 9.256184874e-16 0.001326453165 0.0001139045643 24.79283796 24.87408866
16000 24.84294637 3.019990523e-16 0.001456927527 0.0001055222212 24.79602846 24.8846194
16500 24.8697036 1.028623444e-15 0.001392500061 9.898879648e-05 24.82376482 24.91118943
17000 24.9026148 9.159707559e-16 0.00121397403 9.888032252e-05 24.86017476 24.94115578
17500 24.92619031 2.40545762e-16 0.001197622106 8.7562384e-05 24.88381207 24.9659228
18000 24.92894378 7.349075189e-16 0.001332151642 8.930686533e-05 24.88327708 24.97220059
18500 24.9143334 5.341033471e-16 0.001420342156 9.927903962e-05 24.86688671 24.95856946
19000 24.89192498 3.183919293e-16 0.001443336007 0.0001060489286 24.84449066 24.93521391
19500 24.86772172 6.038347903e-16 0.001440686198 0.0001067015362 24.82090314 24.90972215
20000 24.85133053 9.194269057e-16 0.001503329802 0.0001004784085 24.80342265 24.89447265
20500 24.85153971 2.533138141e-16 0.001495551369 9.009287657e-05 24.8039866 24.89484311
21000 24.86831259 5.547891357e-16 0.001319632264 9.065684532e-05 24.82455086 24.90784772
21500 24.89098837 6.314315351e-16 0.001113551584 9.585089886e-05 24.85149617 24.92618915
22000 24.90747654 6.661760445e-16 0.001102526555 9.668397171e-05 24.86777956 24.94328061
22500 24.90984896 5.502139981e-16 0.001221739707 0.000104925598 24.86704382 24.94863244
23000 24.90147741 5.435306023e-16 0.001327055508 0.000113760501 24.85624324 24.94221653
23500 24.88786721 4.451192102e-16 0.001402585298 0.0001173030887 24.84112114 24.9297246
24000 24.87290469 8.133644893e-16 0.001485242665 0.0001143416304 24.82452535 24.916303
24500 24.86404647 7.056811456e-16 0.001604392354 0.0001050885089 24.81313402 24.91044974
25000 24.8677845 4.90418713e-16 0.001607975055 9.20871595e-05 24.81697718 24.91482977
25500 24.88254236 6.160470116e-16 0.001433820343 8.862815342e-05 24.83568543 24.9258465
26000 24.89911523 6.147942238e-16 0.001226662407 8.706896427e-05 24.85692243 24.93789694
26500 24.90776459 4.86750771e-16 0.001165009768 8.773406017e-05 24.86685009 24.94535289
27000 24.90389607 9.129951798e-16 0.001193013596 9.816140443e-05 24.86223034 24.94163924
27500 24.89190666 3.187327265e-16 0.001231673515 0.0001100874621 24.84942156 24.92961925
28000 24.87704483 8.678126486e-16 0.001282443337 0.0001175392273 24.83353097 24.91514359
28500 24.86393657 1.005155977e-15 0.001377601109 0.0001181467988 24.81831468 24.90397564
29000 24.85942087 2.366829949e-16 0.001506279458 0.0001118313206 24.81082646 24.90288798
29500 24.86785683 6.928648299e-16 0.001532974918 0.0001016825305 24.81858653 24.91275525
29999 24.88658223 8.207081477e-16 0.001416355132 9.731533958e-05 24.83975572 24.9295056
