# step v0 Mach sigma R umax_ref urms_ref umax_mean urms_mean umax_lab mean_x mean_y mean_z drop_ux drop_uy x0 y0 x_unwrapped center_dx center_dy axis_ratio mass_R mass_B min_f negative_total negative_color min_rho min_phi max_phi qx qy qz p_in p_out delta_p urms_lab
0 0 0 -5.560112678108922e-15 25.040521385269312 2.5018537765542006e-17 7.3699416046927415e-18 2.5023445579676493e-17 7.3699388444755862e-18 2.5018537765542006e-17 0 5.8980598183211438e-21 2.4286128663675299e-21 5.8604432264893098e-21 7.6822906186758248e-21 50.000000000000007 50.000000000000007 50.000000000000007 7.1054273576010019e-15 7.1054273576010019e-15 1.0000000000000007 1969.8656512480634 8030.1343487520398 0.027684005743577753 0 0 0.99999999999999956 5.1710809399147485e-26 0.99999999999998512 1.1804791965174616e-16 2.4677926071049318e-17 1.8743386376481419e-18 0.33333333333333387 0.33333333333333409 -2.2204460492503131e-16 7.3699416046927415e-18
500 0 0 0.0018910604900990553 25.038106600064172 9.4693039495090462e-05 2.5789188301940826e-05 9.4693039495091303e-05 2.5789188301940836e-05 9.4693039495090462e-05 -7.3205330686222769e-19 4.3055836673745239e-19 -1.3183898417424005e-20 2.586091509293474e-18 4.2513770669883006e-20 49.999999999999993 50.000000000000014 49.999999999999993 -7.1054273576010019e-15 1.4210854715202004e-14 1.0000000000000004 1969.8656512479968 8030.1343487517861 0.027642524027700691 0 0 0.9998085656237502 4.0481998098801112e-18 0.99999999999999978 -7.5620943714430804e-15 4.1082247789059464e-15 -1.117228693471893e-16 0.33339733659900217 0.33332180930293681 7.5527296065358573e-05 2.5789188301940826e-05
1000 0 0 0.0029089028968870001 25.037299459233719 9.7321472017066951e-05 2.2002746291736922e-05 9.7321472017069838e-05 2.2002746291736962e-05 9.7321472017066951e-05 1.0810796702287841e-18 -2.6832702726410195e-18 1.3877787807814945e-21 1.7828042303706987e-18 -1.0017728233418123e-18 49.999999999999993 50.000000000000014 49.999999999999993 -7.1054273576010019e-15 1.4210854715202004e-14 1.0000000000000011 1969.8656512479768 8030.1343487516169 0.027643474971696384 0 0 0.99983244513706637 4.7000192824870469e-18 0.99999999999999978 1.0706280459892806e-14 -2.6316324336708719e-14 9.3521427847266867e-19 0.33342689076400917 0.33331070799031892 0.00011618277369024321 2.2002746291736922e-05
1500 0 0 0.0032018635670452065 25.037071142716588 9.9452332319865971e-05 1.6912344093544307e-05 9.945233231986528e-05 1.69123440935443e-05 9.9452332319865971e-05 5.1694759584111795e-20 -2.3484686417775353e-18 6.9388939039076237e-22 9.5599527326961865e-19 -1.0063854846249895e-17 49.999999999999993 50.000000000000014 49.999999999999993 -7.1054273576010019e-15 1.4210854715202004e-14 1.000000000000002 1969.8656512479222 8030.134348751475 0.027643708084919234 0 0 0.99983957456054162 4.7598045055500925e-18 0.99999999999999978 8.5917590570701958e-16 -2.3558417247700712e-14 1.9348951059870982e-17 0.33343508086083118 0.33330719595173802 0.00012788490909315664 1.6912344093544307e-05
2000 0 0 0.0031853344537712603 25.037083229567482 0.00010093562208726296 1.5525560865588339e-05 0.0001009356220872637 1.5525560865588332e-05 0.00010093562208726296 4.68028393818577e-19 -1.2670420268535532e-18 -8.6736173798846751e-21 -4.1028079001228649e-18 3.4317934423951602e-18 50.000000000000007 50.000000000000007 50.000000000000007 7.1054273576010019e-15 7.1054273576010019e-15 1.000000000000002 1969.8656512478917 8030.1343487512795 0.027643634618697545 0 0 0.99983888452371605 4.7900073399403097e-18 0.99999999999999978 4.8412744215072567e-15 -1.3326857978048465e-14 -8.5740203315668693e-17 0.33343469196681058 0.33330746730471378 0.00012722466209680316 1.5525560865588339e-05
2500 0 0 0.0030997074924825588 25.037148445527453 0.00010155418322832005 1.5551090495929249e-05 0.00010155418322831819 1.5551090495929236e-05 0.00010155418322832005 -1.4807599590939343e-18 -2.0490553698239868e-18 0 3.469240627280323e-18 -3.5367417636384581e-18 50.000000000000007 50.000000000000014 50.000000000000007 7.1054273576010019e-15 1.4210854715202004e-14 1.0000000000000007 1969.8656512478497 8030.1343487511658 0.027643520678944818 0 0 0.99983647345231386 4.811331912669003e-18 0.99999999999999978 -1.4711502002388686e-14 -2.0562257571704519e-14 5.5150994596773874e-18 0.33343243882781159 0.33330863449365483 0.00012380433415676295 1.5551090495929249e-05
3000 0 0 0.0030373859814586605 25.037195880623369 0.00010162278144190601 1.5616733694199861e-05 0.0001016227814419046 1.5616733694199885e-05 0.00010162278144190601 -1.260103132949693e-18 -1.6885798315160121e-18 -1.0408340855862002e-21 -3.3873485057643472e-20 -5.3528238705901414e-18 50.000000000000007 50.000000000000007 50.000000000000007 7.1054273576010019e-15 7.1054273576010019e-15 1.0000000000000024 1969.8656512478121 8030.1343487510285 0.027643458209241523 0 0 0.99983470158921683 4.8262634758294956e-18 0.99999999999999978 -1.2433471192460342e-14 -1.670425882577091e-14 -2.0682621332601798e-17 0.33343080156304022 0.33330948662042681 0.00012131494261341524 1.5616733694199861e-05
3500 0 0 0.0030110600127199326 25.037215906866585 0.00010151860521346024 1.5643996933663496e-05 0.00010151860521345925 1.5643996933663513e-05 0.00010151860521346024 -1.2878587085653616e-18 -1.2750217548431313e-18 -8.6736173798852469e-21 2.3315512354280653e-18 -1.135226629027757e-19 49.999999999999993 50.000000000000007 49.999999999999993 -7.1054273576010019e-15 7.1054273576010019e-15 1.0000000000000022 1969.8656512477755 8030.1343487508148 0.027643442905861279 0 0 0.99983389140813894 4.7484967150356781e-18 0.99999999999999978 -1.343749353056122e-14 -1.254244884341497e-14 -7.8610005774652e-17 0.33343011069658413 0.33330984732449354 0.0001202633720905899 1.5643996933663496e-05
4000 0 0 0.0030068764051581908 25.037219092241301 0.00010142607606384729 1.5677234345287563e-05 0.00010142607606384718 1.5677234345287566e-05 0.00010142607606384729 -6.6856242764156299e-19 -2.4841240175991651e-19 -2.4286128663678989e-21 -5.2327406823229786e-18 3.4465150060340746e-18 50.000000000000007 50.000000000000007 50.000000000000007 7.1054273576010019e-15 7.1054273576010019e-15 1.0000000000000002 1969.8656512477332 8030.1343487507065 0.027643445391068291 0 0 0.9998336793933289 4.7569114931440255e-18 0.99999999999999978 -6.554781452617185e-15 -2.6561826638987786e-15 8.0400705274076385e-18 0.33343000004774115 0.33330990378648784 0.00012009626125331074 1.5677234345287563e-05
4500 0 0 0.0030105955386342566 25.037216269667113 0.00010138480973227181 1.5712935180892352e-05 0.00010138480973227195 1.5712935180892345e-05 0.00010138480973227181 3.6776137690714817e-20 1.3045120539347899e-19 -2.7755575615633827e-21 -1.5908409112541553e-18 -3.7657583250541043e-18 49.999999999999993 50.000000000000014 49.999999999999993 -7.1054273576010019e-15 1.4210854715202004e-14 1.0000000000000016 1969.8656512476966 8030.1343487505765 0.027643454747968168 0 0 0.99983369130001176 4.7643172409297595e-18 0.99999999999999978 7.6159104145322578e-16 1.6502929264743161e-15 -2.3574701394031997e-17 0.33343009625776926 0.33330985143876829 0.00012024481900096973 1.5712935180892352e-05
5000 0 0 0.0030146552181088289 25.037213187357438 0.00010137966658482439 1.5744553778980721e-05 0.00010137966658482357 1.5744553778980704e-05 0.00010137966658482439 -1.2150003225743866e-18 1.1112638587109538e-18 3.4694469519542736e-22 1.2456051041483351e-18 -3.4850273777808208e-18 49.999999999999993 50.000000000000014 49.999999999999993 -7.1054273576010019e-15 1.4210854715202004e-14 1.0000000000000009 1969.8656512476523 8030.1343487504873 0.027643462727953292 0 0 0.99983372684985039 4.7633677951536243e-18 0.99999999999999978 -1.1848669571443293e-14 1.0971367045686926e-14 7.5778294734587626e-18 0.33343020158378917 0.33330979460416449 0.0001204069796246765 1.5744553778980721e-05
5500 0 0 0.0030168739046668529 25.037211502645896 0.00010138908881253888 1.5771365661192872e-05 0.00010138908881253923 1.5771365661192875e-05 0.00010138908881253888 -4.6178338930512224e-19 2.5188184871188486e-19 5.8980598183223723e-21 -1.4423769839079214e-18 -5.055375622863028e-18 49.999999999999993 50.000000000000007 49.999999999999993 -7.1054273576010019e-15 7.1054273576010019e-15 1.0000000000000002 1969.86565124761 8030.1343487502681 0.027643467583376539 0 0 0.99983372652224212 4.768398447775177e-18 0.99999999999999978 -4.906224889704743e-15 2.4192328235096358e-15 3.0513886174391261e-17 0.33343025903751794 0.33330976343422969 0.00012049560328825093 1.5771365661192872e-05
6000 0 0 0.0030175456971794599 25.037210991754847 0.00010140006415717221 1.5794085148697614e-05 0.00010140006415717435 1.5794085148697617e-05 0.00010140006415717221 -1.9401147355328956e-18 1.1581013925623758e-18 6.9388939039087828e-21 1.1265130513712068e-18 2.12988418657487e-18 49.999999999999993 50.000000000000014 49.999999999999993 -7.1054273576010019e-15 1.4210854715202004e-14 1.0000000000000036 1969.8656512475779 8030.1343487501208 0.027643470169514094 0 0 0.99983369586303805 4.7727473158808145e-18 0.99999999999999978 -1.9323958944351846e-14 1.1810651337194105e-14 1.8746434146567327e-17 0.33343027627145783 0.33330975383394779 0.00012052243751003999 1.5794085148697614e-05
6500 0 0 0.0030174879742627665 25.037211035228264 0.0001014080387476261 1.5813298290553563e-05 0.00010140803874762656 1.5813298290553549e-05 0.0001014080387476261 -1.3399004128448141e-18 1.8006429680643669e-19 -1.7347234759772322e-21 -7.0303435031841082e-19 -1.3809742979110577e-17 49.999999999999993 50.000000000000007 49.999999999999993 -7.1054273576010019e-15 7.1054273576010019e-15 1.0000000000000029 1969.8656512475363 8030.1343487500108 0.027643471655641915 0 0 0.99983365440982641 4.7761790363890045e-18 0.99999999999999978 -1.400226099350522e-14 2.2449972992006296e-15 -5.3169861646024109e-17 0.33343027453177415 0.33330975439995847 0.00012052013181568233 1.5813298290553563e-05
7000 0 0 0.0030172655231505445 25.0372112033393 0.00010141292838881863 1.5829481938875313e-05 0.00010141292838881966 1.5829481938875299e-05 0.00010141292838881863 -2.1527918336878094e-18 1.5151074839185598e-18 1.0408340855863703e-20 -7.4778538784985296e-18 -6.120848923988902e-18 49.999999999999993 50.000000000000014 49.999999999999993 -7.1054273576010019e-15 1.4210854715202004e-14 1 1969.8656512474863 8030.134348749858 0.027643472759104865 0 0 0.99983361549878758 4.778994658259584e-18 0.99999999999999978 -2.1853185766122176e-14 1.4880071736522548e-14 1.0481217605609846e-16 0.33343026855651364 0.33330975731032708 0.00012051124618656095 1.5829481938875313e-05
7500 0 0 0.0030171088859759962 25.037211322094986 0.00010141592964349061 1.5843073709040462e-05 0.00010141592964349108 1.5843073709040452e-05 0.00010141592964349061 -1.8700319071035201e-19 5.3464177529620126e-19 3.4694469519545832e-21 -6.4049145445700599e-18 2.985921629822167e-19 49.999999999999986 50.000000000000014 49.999999999999986 -1.4210854715202004e-14 1.4210854715202004e-14 1.000000000000004 1969.8656512474486 8030.1343487497088 0.02764347375284619 0 0 0.99983358393238042 4.7832298098630694e-18 0.99999999999999978 -1.6030810117181389e-15 5.0234381688000398e-15 4.5807082991005449e-17 0.33343026430935624 0.33330975931991624 0.00012050498943999566 1.5843073709040462e-05
8000 0 0 0.0030170467997843197 25.037211368889789 0.0001014180509480735 1.5854465870794362e-05 0.0001014180509480753 1.5854465870794383e-05 0.0001014180509480735 -6.9284855630534587e-19 2.0049933935345987e-18 1.5265566588600511e-20 -4.4076202618514234e-18 8.7925535880927607e-18 49.999999999999986 50.000000000000014 49.999999999999986 -1.4210854715202004e-14 1.4210854715202004e-14 1.0000000000000002 1969.8656512474013 8030.1343487495069 0.027643474676740595 0 0 0.999833559517048 4.7855193343825212e-18 0.99999999999999978 -7.1393154554770647e-15 2.014738675923409e-14 1.4583029705415691e-16 0.33343026256028852 0.33330976005083041 0.00012050250945810914 1.5854465870794362e-05
8500 0 0 0.0030170415045838272 25.037211372359423 0.00010141980422719137 1.5863999365201538e-05 0.00010141980422719322 1.5863999365201528e-05 0.00010141980422719137 -3.9829251008439836e-19 2.0039525594490289e-18 6.9388939039093794e-22 -1.667622635878535e-18 5.4148208790359174e-18 49.999999999999986 50.000000000000021 49.999999999999986 -1.4210854715202004e-14 2.1316282072803006e-14 1.0000000000000011 1969.8656512473665 8030.1343487493623 0.027643475502979513 0 0 0.99983354046743333 4.7911328050422393e-18 0.99999999999999978 -3.9862115821123497e-15 1.9811098595474302e-14 -1.9303501151158559e-17 0.33343026232193479 0.3333097600239866 0.00012050229794818845 1.5863999365201538e-05
9000 0 0 0.0030170563484265313 25.037211361135874 0.00010142135408227963 1.5871967008202694e-05 0.00010142135408228116 1.5871967008202721e-05 0.00010142135408227963 -1.877317745702744e-18 1.9938911632884254e-18 2.0816681711728819e-21 -1.2561392837691173e-17 3.0297678712057958e-18 49.999999999999986 50.000000000000014 49.999999999999986 -1.4210854715202004e-14 1.4210854715202004e-14 1.0000000000000056 1969.8656512473347 8030.134348749224 0.027643476210550272 0 0 0.99983352513735224 4.7926072693289119e-18 0.99999999999999978 -1.906136516907687e-14 1.9962840313689054e-14 4.0611960171524184e-18 0.33343026260783248 0.33330975971695903 0.00012050289087345289 1.5871967008202694e-05
9500 0 0 0.0030170705828456647 25.037211350139646 0.00010142271850014875 1.5878618821600448e-05 0.00010142271850014877 1.5878618821600475e-05 0.00010142271850014875 -2.8432117771270157e-18 6.6439909129935749e-19 -3.4694469519548691e-21 -3.4029661106474802e-18 1.0964363269140903e-19 49.999999999999986 50.000000000000014 49.999999999999986 -1.4210854715202004e-14 1.4210854715202004e-14 1.0000000000000004 1969.8656512472926 8030.134348749174 0.027643476800122729 0 0 0.99983351246621999 4.7936830708791123e-18 0.99999999999999978 -2.8831625947217644e-14 6.585016251483216e-15 -2.1497751385568578e-17 0.33343026290265704 0.33330975944320013 0.00012050345945691099 1.5878618821600448e-05
10000 0 0 0.003017079172621897 25.037211343460125 0.00010142388829844757 1.5884167216810865e-05 0.00010142388829844785 1.5884167216810879e-05 0.00010142388829844757 3.3653635433962932e-20 -1.4134526882264432e-18 -1.0408340855864823e-21 5.3554029300717994e-19 -2.5222463787835751e-18 49.999999999999986 50.000000000000014 49.999999999999986 -1.4210854715202004e-14 1.4210854715202004e-14 1.000000000000002 1969.8656512472471 8030.1343487489376 0.027643477286134258 0 0 0.99983350185986131 4.7947125695423232e-18 0.99999999999999978 -2.6009333727170488e-16 -1.390248474492431e-14 -2.266809042261223e-17 0.33343026306329093 0.33330975926072148 0.00012050380256944937 1.5884167216810865e-05
10500 0 0 0.0030170831599438852 25.037211340300715 0.00010142486858300449 1.5888791881134953e-05 0.00010142486858300386 1.5888791881134959e-05 0.00010142486858300449 4.3715031594632878e-20 6.6439909129938069e-19 -3.4694469519549906e-22 6.3910523427870589e-18 1.4715197637372078e-18 49.999999999999986 50.000000000000014 49.999999999999986 -1.4210854715202004e-14 1.4210854715202004e-14 1.0000000000000007 1969.8656512472041 8030.1343487487948 0.027643477686774762 0 0 0.99983349296965107 4.7955387613506534e-18 0.99999999999999978 7.4234644136277829e-16 6.2682572619845306e-15 2.0244016149386426e-17 0.33343026311471652 0.33330975915287603 0.00012050396184049017 1.5888791881134953e-05
11000 0 0 0.003017084848635825 25.03721133890836 0.00010142568016265073 1.5892644304237997e-05 0.00010142568016265027 1.5892644304238e-05 0.00010142568016265073 -1.7378459782342868e-18 8.0144224590161767e-20 -2.775557561564044e-21 -1.7022945596685371e-18 -3.5722592151973868e-18 49.999999999999986 50.000000000000014 49.999999999999986 -1.4210854715202004e-14 1.4210854715202004e-14 1.0000000000000011 1969.8656512471657 8030.1343487486556 0.027643478018388578 0 0 0.99983348554399165 4.7936291192174388e-18 0.99999999999999978 -1.7410396312630628e-14 4.5065456227592949e-16 -9.1979435559133637e-19 0.33343026311513752 0.33330975908584304 0.00012050402929447701 1.5892644304237997e-05
11500 0 0 0.0030170858103549863 25.037211338086433 0.00010142635005227349 1.5895851859088859e-05 0.00010142635005227317 1.5895851859088866e-05 0.00010142635005227349 -3.6429192995528461e-19 1.3183898417429348e-19 7.6327832943012017e-21 -2.7565718393476236e-19 -8.3593313213038665e-18 49.999999999999986 50.000000000000014 49.999999999999986 -1.4210854715202004e-14 1.4210854715202004e-14 1.0000000000000022 1969.8656512471164 8030.1343487485101 0.027643478293904618 0 0 0.99983347936524614 4.7941948186733317e-18 0.99999999999999978 -4.0406385312228208e-15 1.6695883396558696e-15 5.2754489752786942e-17 0.33343026310399126 0.33330975903628124 0.00012050406771002553 1.5895851859088859e-05
12000 0 0 0.0030170866949981298 25.037211337338555 0.00010142690397958445 1.5898521407657643e-05 0.00010142690397958561 1.5898521407657656e-05 0.00010142690397958445 -8.6389229103684234e-19 -1.3811868315733611e-18 1.7347234759775952e-21 -1.2956822215892527e-18 3.0491650904838208e-18 49.999999999999986 50.000000000000014 49.999999999999986 -1.4210854715202004e-14 1.4210854715202004e-14 1.0000000000000016 1969.8656512470889 8030.13434874829 0.027643478523243933 0 0 0.99983347423569457 4.7946195280410982e-18 0.99999999999999978 -9.0284021963227511e-15 -1.3604745903055385e-14 2.1199271570230738e-17 0.33343026309695706 0.3333097589939103 0.00012050410304675907 1.5898521407657643e-05
12500 0 0 0.0030170876155878423 25.0372113365761 0.00010142736332976596 1.590074244465558e-05 0.00010142736332976818 1.59007424446556e-05 0.00010142736332976596 1.9047263766234492e-18 -2.7089441800866833e-18 6.2450045135195056e-21 -5.4659135466051534e-18 5.9689619014703743e-18 49.999999999999986 50.000000000000014 49.999999999999986 -1.4210854715202004e-14 1.4210854715202004e-14 1.0000000000000009 1969.8656512470491 8030.1343487481863 0.027643478714190581 0 0 0.99983346998006883 4.7950315177848656e-18 0.99999999999999978 1.911848907274576e-14 -2.7116980533139819e-14 3.3436582025383827e-17 0.33343026309594725 0.33330975895612797 0.00012050413981928854 1.590074244465558e-05
13000 0 0 0.0030170885040694422 25.037211335848852 0.00010142774501066025 1.5902589811541588e-05 0.00010142774501065979 1.5902589811541578e-05 0.00010142774501066025 7.1991024253072264e-19 -1.0755285551061398e-18 -3.4694469519552897e-22 2.9638338352436739e-18 6.2930772013465476e-18 49.999999999999986 50.000000000000014 49.999999999999986 -1.4210854715202004e-14 1.4210854715202004e-14 1.0000000000000002 1969.8656512470084 8030.1343487480663 0.027643478873079781 0 0 0.99983346644862725 4.7953203771518347e-18 0.99999999999999978 7.8742825519038205e-15 -1.0917599082832745e-14 1.6443481739684061e-17 0.33343026309832763 0.3333097589230184 0.00012050417530923285 1.5902589811541588e-05
13500 0 0 0.0030170889150581866 25.037211335208195 0.0001014280623944778 1.5904126021782428e-05 0.00010142806239447688 1.5904126021782418e-05 0.0001014280623944778 -2.0608514894615035e-19 9.0101537342281559e-19 3.122502256759854e-21 -2.0750012559821297e-18 1.8483261555670468e-18 49.999999999999986 50.000000000000021 49.999999999999986 -1.4210854715202004e-14 2.1316282072803006e-14 1.000000000000002 1969.8656512469709 8030.1343487478844 0.027643479005200922 0 0 0.99983346351666935 4.7954513864233354e-18 0.99999999999999978 -2.002338457548324e-15 9.3785571638106979e-15 -1.958379758587561e-17 0.33343026310155482 0.33330975890982739 0.00012050419172743299 1.5904126021782428e-05
14000 0 0 0.0030170895723552831 25.03721133467236 0.00010142832629221249 1.590540324091797e-05 0.00010142832629221253 1.5905403240917966e-05 0.00010142832629221249 -3.5041414214749997e-20 -2.5326962749274748e-20 9.7144514654752459e-21 7.2941007415649303e-18 6.3352311078782313e-18 49.999999999999986 50.000000000000021 49.999999999999986 -1.4210854715202004e-14 2.1316282072803006e-14 1.0000000000000007 1969.8656512469402 8030.1343487477498 0.027643479115009369 0 0 0.99983346108148774 4.7956715024120053e-18 0.99999999999999978 -3.6856077748594415e-17 -1.3708381171834687e-16 9.1232629190564271e-17 0.33343026310435769 0.33330975888637487 0.00012050421798281974 1.590540324091797e-05
14500 0 0 0.0030170904853274168 25.037211334234158 0.00010142854563345586 1.5906464964853152e-05 0.00010142854563345711 1.5906464964853186e-05 0.00010142854563345586 2.7443325389968102e-19 -1.344410693882761e-18 -7.632783294302127e-21 -1.3948387619933182e-18 -4.0478354353847266e-18 49.999999999999986 50.000000000000014 49.999999999999986 -1.4210854715202004e-14 1.4210854715202004e-14 1.0000000000000009 1969.8656512468835 8030.1343487475733 0.027643479206251393 0 0 0.99983345905855248 4.7961833309109809e-18 0.99999999999999978 3.3271657389881809e-15 -1.3319181437561507e-14 -4.4021484097388448e-17 0.33343026310644741 0.33330975885199787 0.00012050425444953827 1.5906464964853152e-05
15000 0 0 0.0030170909230950579 25.037211333876648 0.00010142872787738485 1.5907347436856071e-05 0.00010142872787738355 1.5907347436856082e-05 0.00010142872787738485 1.5282913823364316e-18 -8.7603535536878313e-19 -4.1633363423466922e-21 6.8907149893687204e-19 5.1854268189225937e-18 49.999999999999986 50.000000000000014 49.999999999999986 -1.4210854715202004e-14 1.4210854715202004e-14 1.0000000000000009 1969.8656512468403 8030.1343487475133 0.027643479282060707 0 0 0.99983345737804019 4.796325955055301e-18 0.99999999999999978 1.5566398810039342e-14 -8.5002119479408866e-15 6.1073296726367068e-19 0.33343026310795865 0.33330975883602271 0.00012050427193593949 1.5907347436856071e-05
15500 0 0 0.0030170912824414534 25.037211333582832 0.00010142887926828873 1.5908080840585895e-05 0.00010142887926829099 1.5908080840585878e-05 0.00010142887926828873 2.0646678811088032e-18 -1.1497747198781002e-18 8.6736173798891078e-21 6.2160049302392041e-18 -5.7357329593686093e-19 49.999999999999986 50.000000000000014 49.999999999999986 -1.4210854715202004e-14 1.4210854715202004e-14 1.0000000000000004 1969.8656512468058 8030.1343487473177 0.027643479345047357 0 0 0.99983345598205386 4.7964874137977575e-18 0.99999999999999978 2.0604794727606187e-14 -1.1311353361911871e-14 5.7244915979935808e-17 0.33343026310910107 0.33330975882281122 0.00012050428628984644 1.5908080840585895e-05
16000 0 0 0.0030170915798055174 25.037211333339798 0.00010142900502184308 1.5908690301915168e-05 0.0001014290050218451 1.5908690301915172e-05 0.00010142900502184308 -1.3516965324819414e-18 -1.765254609155061e-18 8.3266726846936838e-21 6.1632309426631172e-18 -8.7338775709914102e-19 49.999999999999986 50.000000000000014 49.999999999999986 -1.4210854715202004e-14 1.4210854715202004e-14 1.0000000000000009 1969.8656512467601 8030.1343487471931 0.02764347939738019 0 0 0.99983345482247965 4.7965848097421694e-18 0.99999999999999978 -1.3755970904288941e-14 -1.7822112769442398e-14 9.6817774062780509e-17 0.33343026311001867 0.33330975881185076 0.00012050429816790054 1.5908690301915168e-05
16500 0 0 0.0030170918270914595 25.037211333137609 0.00010142910948048114 1.5909196728804281e-05 0.00010142910948048199 1.5909196728804281e-05 0.00010142910948048114 -1.0776102232774685e-18 8.9130092195744245e-19 -3.816391647151369e-21 4.157123947570003e-18 9.306276880389699e-19 49.999999999999986 50.000000000000014 49.999999999999986 -1.4210854715202004e-14 1.4210854715202004e-14 1.0000000000000007 1969.8656512467342 8030.1343487469858 0.027643479440860437 0 0 0.99983345385930777 4.7966700190547827e-18 0.99999999999999978 -1.0363664945076079e-14 8.6568079982244744e-15 1.4171776310260343e-17 0.33343026311078655 0.33330975880274094 0.0001205043080456103 1.5909196728804281e-05
17000 0 0 0.0030170920329516148 25.037211332969324 0.00010142919625249569 1.5909617513964042e-05 0.0001014291962524967 1.5909617513964018e-05 0.00010142919625249569 6.4948046940613231e-19 -1.6490281362646084e-18 -6.5919492087160867e-21 5.7187286705611834e-18 -7.9152407278058643e-18 49.999999999999986 50.000000000000014 49.999999999999986 -1.4210854715202004e-14 1.4210854715202004e-14 1.0000000000000007 1969.8656512466944 8030.1343487468348 0.02764347947698436 0 0 0.99983345305927951 4.7967552512225469e-18 0.99999999999999978 6.5303868573624481e-15 -1.683221077947251e-14 -6.0233669197849869e-17 0.33343026311143553 0.33330975879516694 0.00012050431626858815 1.5909617513964042e-05
17500 0 0 0.0030170918268639046 25.037211332829351 0.0001014292683336109 1.5909967122251755e-05 0.00010142926833361208 1.5909967122251759e-05 0.0001014292683336109 -9.530570777022928e-19 -1.1653872311619955e-18 -4.8572257327382963e-21 -5.1659249807170814e-18 -9.8302042656941136e-18 49.999999999999986 50.000000000000007 49.999999999999986 -1.4210854715202004e-14 7.1054273576010019e-15 1.0000000000000007 1969.8656512466516 8030.1343487467311 0.027643479506995347 0 0 0.9998334523947543 4.7968116529112898e-18 0.99999999999999978 -9.8755164587399878e-15 -1.1957407418188848e-14 -5.2439306823752178e-17 0.33343026311198126 0.33330975880394326 0.00012050430803800527 1.5909967122251755e-05
18000 0 0 0.0030170919692255349 25.037211332712904 0.00010142932821104663 1.5910257580995513e-05 0.00010142932821104539 1.5910257580995502e-05 0.00010142932821104663 -9.8150654270835668e-19 -1.3766765505361466e-18 -1.2143064331846052e-20 -2.0342679970347699e-18 -3.733369107078073e-20 49.999999999999986 50.000000000000007 49.999999999999986 -1.4210854715202004e-14 7.1054273576010019e-15 1.0000000000000029 1969.865651246615 8030.1343487465574 0.027643479531926987 0 0 0.99983345184277861 4.7968638548896968e-18 0.99999999999999978 -9.3987385525106078e-15 -1.3664031433513199e-14 -1.0083951653564263e-16 0.33343026311243767 0.33330975879871311 0.0001205043137245676 1.5910257580995513e-05
18500 0 0 0.0030170920874896361 25.037211332616149 0.00010142937795033938 1.5910498889032392e-05 0.00010142937795034003 1.5910498889032389e-05 0.00010142937795033938 -6.0403071433554728e-19 1.9637069748071209e-19 7.9797279894989007e-21 2.3840265588198649e-18 -1.136331601027976e-18 49.999999999999986 50.000000000000007 49.999999999999986 -1.4210854715202004e-14 7.1054273576010019e-15 1.0000000000000011 1969.8656512465625 8030.1343487463573 0.027643479552638357 0 0 0.99983345138428625 4.7969165195346942e-18 0.99999999999999978 -6.5239493988466056e-15 1.4647630659129085e-15 3.2494960116306958e-17 0.33343026311281471 0.33330975879436614 0.00012050431844856657 1.5910498889032392e-05
19000 0 0 0.0030170921856238261 25.037211332535868 0.00010142941926743596 1.5910699357612449e-05 0.00010142941926743492 1.5910699357612452e-05 0.00010142941926743596 -7.063793994182644e-19 1.681987882308323e-18 -7.6327832943034466e-21 -2.9915233091583083e-18 3.0656623177704474e-19 49.999999999999986 50.000000000000007 49.999999999999986 -1.4210854715202004e-14 7.1054273576010019e-15 1.000000000000002 1969.8656512465377 8030.1343487462627 0.02764347956984347 0 0 0.99983345100344345 4.7969496807536359e-18 0.99999999999999978 -6.6168248681709282e-15 1.637809947000027e-14 -9.5201762199207105e-17 0.33343026311312707 0.33330975879075858 0.00012050432236848652 1.5910699357612449e-05
19500 0 0 0.0030170922671273826 25.037211332469155 0.00010142945358828623 1.5910865894414701e-05 0.00010142945358828608 1.5910865894414715e-05 0.00010142945358828623 -6.2033711500976637e-19 -1.5265566588607227e-20 2.0816681711737128e-21 -1.0915802949361315e-17 1.3320916413326134e-18 49.999999999999986 50.000000000000007 49.999999999999986 -1.4210854715202004e-14 7.1054273576010019e-15 1.0000000000000038 1969.8656512464891 8030.1343487461099 0.027643479584135669 0 0 0.9998334506870975 4.7969769123470814e-18 0.99999999999999978 -6.0092786316002422e-15 -4.0106586618735555e-16 1.4302006674108431e-17 0.33343026311338431 0.3333097587877602 0.00012050432562410451 1.5910865894414701e-05
20000 0 0 0.0030170923348533745 25.037211332413669 0.00010142948209732436 1.5911004240004985e-05 0.00010142948209732223 1.5911004240004954e-05 0.00010142948209732436 -2.2572221869427507e-18 1.6615181452918588e-18 -1.2836953722238207e-20 -3.2914733910551227e-18 -5.8008375588743913e-18 49.999999999999986 50.000000000000007 49.999999999999986 -1.4210854715202004e-14 7.1054273576010019e-15 1.000000000000002 1969.8656512464354 8030.134348745938 0.027643479596007971 0 0 0.9998334504243267 4.7969963102868172e-18 0.99999999999999978 -2.2909469737112275e-14 1.6831313767031874e-14 -1.3100234730138216e-16 0.33343026311359664 0.33330975878526725 0.00012050432832938496 1.5911004240004985e-05
20500 0 0 0.0030170923910878924 25.037211332367722 0.00010142950577833716 1.5911119164624031e-05 0.00010142950577833823 1.5911119164624051e-05 0.00010142950577833716 -3.4833247397641236e-19 1.1813466871411196e-18 -1.4918621893412082e-20 -4.0168121583855578e-18 5.2923114343409642e-18 49.999999999999986 50.000000000000007 49.999999999999986 -1.4210854715202004e-14 7.1054273576010019e-15 1.0000000000000016 1969.8656512464088 8030.134348745838 0.027643479605869988 0 0 0.99983345020605652 4.7970140861494557e-18 0.99999999999999978 -3.6688520478567234e-15 1.1801328043889316e-14 -1.3578100416168543e-16 0.33343026311377177 0.33330975878319613 0.00012050433057564369 1.5911119164624031e-05
21000 0 0 0.0030170924377598291 25.037211332329562 0.00010142952544912034 1.591121463194811e-05 0.00010142952544912035 1.59112146319481e-05 0.00010142952544912034 1.6653345369390495e-19 -6.9007299874411859e-19 2.4286128663694472e-21 -3.9293906370713616e-18 -7.1218622697932159e-18 49.999999999999979 50.000000000000014 49.999999999999979 -2.1316282072803006e-14 1.4210854715202004e-14 1.0000000000000018 1969.8656512463624 8030.1343487456443 0.027643479614062032 0 0 0.9998334500247501 4.7970298315771667e-18 0.99999999999999978 2.0114593026374916e-15 -6.8094477865165147e-15 3.0843654715377673e-17 0.33343026311391594 0.33330975878147601 0.0001205043324399302 1.591121463194811e-05
21500 0 0 0.0030170924766007644 25.037211332297808 0.00010142954178862931 1.5911293935267375e-05 0.00010142954178863038 1.5911293935267365e-05 0.00010142954178862931 -7.6674777638237327e-20 1.1084883011500826e-18 -3.46944695195644e-21 -2.4928457125891066e-18 -1.3228555802340807e-18 49.999999999999979 50.000000000000014 49.999999999999979 -2.1316282072803006e-14 1.4210854715202004e-14 1.0000000000000011 1969.8656512463206 8030.1343487454897 0.027643479620866829 0 0 0.99983344987414691 4.7970431843701593e-18 0.99999999999999978 -7.3368639212308438e-16 1.1190259839360863e-14 -7.8403645612281355e-17 0.33343026311403601 0.3333097587800446 0.00012050433399141136 1.5911293935267375e-05
22000 0 0 0.0030170921307625964 25.037211332271418 0.00010142955536102979 1.5911359810742457e-05 0.0001014295553610297 1.5911359810742454e-05 0.00010142955536102979 4.808653475411696e-19 -1.6944778913355501e-18 1.6653345369391156e-20 -4.4230047722946712e-18 -5.4952063630612808e-18 49.999999999999979 50.000000000000007 49.999999999999979 -2.1316282072803006e-14 7.1054273576010019e-15 1.0000000000000016 1969.8656512462833 8030.1343487454114 0.027643479626519214 0 0 0.99983344974904842 4.7970534744107898e-18 0.99999999999999978 5.0114196096260521e-15 -1.6784232286812812e-14 1.2731415121747126e-16 0.3334302631141341 0.33330975879395552 0.0001205043201785716 1.5911359810742457e-05
22500 0 0 0.0030170921574727621 25.037211332249477 0.00010142956663498421 1.5911414531577267e-05 0.00010142956663498536 1.5911414531577281e-05 0.00010142956663498421 -8.6840257207472079e-19 -1.3863910020018316e-18 -6.5919492087174175e-21 2.1973137872581406e-18 1.71090916572464e-18 49.999999999999979 50.000000000000007 49.999999999999979 -2.1316282072803006e-14 7.1054273576010019e-15 1.0000000000000036 1969.8656512462426 8030.1343487452314 0.027643479631214343 0 0 0.99983344964513277 4.79705794513555e-18 0.99999999999999978 -8.6222600666972829e-15 -1.3937174980209688e-14 -7.7302855549930761e-17 0.33343026311421325 0.33330975879296776 0.00012050432124549593 1.5911414531577267e-05
23000 0 0 0.0030170921797136332 25.037211332231227 0.00010142957599952428 1.591145998628107e-05 0.00010142957599952659 1.5911459986281064e-05 0.00010142957599952428 -2.0750762219652465e-18 -1.295491491860597e-18 -6.591949208717553e-21 3.2382651778785134e-18 -4.1214581455674009e-18 49.999999999999979 50.000000000000007 49.999999999999979 -2.1316282072803006e-14 7.1054273576010019e-15 1.0000000000000002 1969.8656512462123 8030.1343487451204 0.027643479635114279 0 0 0.99983344955881359 4.7970751741112179e-18 0.99999999999999978 -2.1255695485314248e-14 -1.2630397122653801e-14 -7.8814475977513491e-17 0.33343026311427953 0.33330975879214564 0.00012050432213389639 1.591145998628107e-05
23500 0 0 0.0030170925762566746 25.037211332216206 0.00010142958377815577 1.5911497743711492e-05 0.00010142958377815516 1.5911497743711489e-05 0.00010142958377815577 -6.5052130349187601e-19 4.9231452248265176e-19 -3.4694469519566717e-21 -2.1461686189143167e-18 4.8165913044996993e-18 49.999999999999979 50.000000000000014 49.999999999999979 -2.1316282072803006e-14 1.4210854715202004e-14 1.0000000000000022 1969.865651246171 8030.134348744944 0.027643479638353698 0 0 0.99983344948711061 4.7970818881462367e-18 0.99999999999999978 -6.8970775821943587e-15 4.9557051758641272e-15 1.8359229519111578e-18 0.3334302631143326 0.33330975877636049 0.00012050433797211602 1.5911497743711492e-05
24000 0 0 0.003017092213509921 25.037211332203523 0.00010142959023950893 1.5911529107176313e-05 0.00010142959023950914 1.5911529107176317e-05 0.00010142959023950893 2.7096380694782206e-19 -2.5049406993127724e-19 -1.7347234759783746e-21 -1.1960892209386718e-18 -3.7045171510159294e-18 49.999999999999979 50.000000000000007 49.999999999999979 -2.1316282072803006e-14 7.1054273576010019e-15 1.0000000000000007 1969.8656512461271 8030.1343487448275 0.027643479641044424 0 0 0.99983344942754815 4.7970870028161979e-18 0.99999999999999978 2.8030895188777827e-15 -1.8269136940441385e-15 -1.996852229707537e-17 0.33343026311437651 0.33330975879089264 0.00012050432348387208 1.5911529107176313e-05
24500 0 0 0.0030170926043454334 25.037211332193163 0.00010142959560650404 1.5911555159362102e-05 0.00010142959560650445 1.5911555159362129e-05 0.00010142959560650404 1.1757955720181724e-18 -1.6375789613236273e-19 4.5102810375438894e-21 -3.2864026651437434e-18 1.2118582923416032e-17 49.999999999999979 50.000000000000014 49.999999999999979 -2.1316282072803006e-14 1.4210854715202004e-14 1.0000000000000053 1969.8656512460909 8030.1343487446302 0.027643479643279394 0 0 0.99983344937807095 4.7970914052224906e-18 0.99999999999999978 1.1951207974638714e-14 -1.8547912448857139e-15 5.686001887475194e-17 0.33343026311441093 0.33330975877531682 0.0001205043390941074 1.5911555159362102e-05
25000 0 0 0.0030170922368417184 25.03721133218443 0.00010142960006460256 1.5911576799634901e-05 0.00010142960006460156 1.5911576799634921e-05 0.00010142960006460256 1.1001616284655303e-18 -2.6853519408146342e-19 5.8980598183267154e-21 4.5932788928085567e-18 6.0097542272071913e-18 49.999999999999979 50.000000000000007 49.999999999999979 -2.1316282072803006e-14 7.1054273576010019e-15 1.0000000000000009 1969.8656512460548 8030.1343487445247 0.027643479645135777 0 0 0.99983344933697027 4.7970953598358202e-18 0.99999999999999978 1.1150795721525074e-14 -2.7899588153185187e-15 6.4680226637382554e-17 0.33343026311443968 0.33330975879002384 0.0001205043244158488 1.5911576799634901e-05
25500 0 0 0.0030170922455704649 25.03721133217724 0.00010142960376761123 1.5911594775095295e-05 0.00010142960376761214 1.5911594775095305e-05 0.00010142960376761123 -1.1129985821877828e-18 -6.7688910032679694e-19 2.4286128663698504e-21 -3.6403502372929179e-18 -3.6447317010705178e-18 49.999999999999979 50.000000000000007 49.999999999999979 -2.1316282072803006e-14 7.1054273576010019e-15 1.0000000000000009 1969.8656512460034 8030.1343487443628 0.027643479646677668 0 0 0.99983344930282625 4.7970967167777756e-18 0.99999999999999978 -1.0898000440806427e-14 -6.5816831648416515e-15 2.1338556619324113e-17 0.33343026311446144 0.33330975878969693 0.00012050432476451434 1.5911594775095295e-05
26000 0 0 0.0030170922529289736 25.037211332171285 0.00010142960684352215 1.5911609706354083e-05 0.00010142960684352509 1.591160970635409e-05 0.00010142960684352215 -1.0741407763258868e-18 -3.2588515219732088e-18 4.5102810375440985e-21 4.2139285817768476e-19 5.6961178012719478e-18 49.999999999999979 49.999999999999993 49.999999999999979 -2.1316282072803006e-14 -7.1054273576010019e-15 1.000000000000002 1969.8656512459788 8030.1343487442791 0.027643479647958366 0 0 0.99983344927446205 4.79709932441662e-18 0.99999999999999978 -1.1075646964234936e-14 -3.2682586699649541e-14 2.1958494823478318e-17 0.33343026311447915 0.33330975878942071 0.00012050432505844588 1.5911609706354083e-05
26500 0 0 0.0030170922589366654 25.037211332166262 0.00010142960939856828 1.5911622108949825e-05 0.00010142960939856742 1.5911622108949849e-05 0.00010142960939856828 -1.1261824806052739e-18 1.0848960618769844e-18 -1.0408340855871293e-21 1.9836686707107087e-18 -3.974705166732943e-18 49.999999999999979 50.000000000000007 49.999999999999979 -2.1316282072803006e-14 7.1054273576010019e-15 1.0000000000000007 1969.8656512459256 8030.1343487440672 0.027643479649022064 0 0 0.99983344925089845 4.7971016152419962e-18 0.99999999999999978 -1.1107359878659017e-14 1.086917760316027e-14 9.3889202910171485e-18 0.33343026311449253 0.33330975878919411 0.00012050432529842059 1.5911622108949825e-05
27000 0 0 0.0030170922639910355 25.037211332162162 0.00010142961152084654 1.5911632411088951e-05 0.00010142961152084641 1.5911632411088945e-05 0.00010142961152084654 -3.1259717037133726e-19 -7.6223749534498107e-19 4.1633363423485534e-21 -1.1875383512375404e-18 2.5902656912751063e-18 49.999999999999979 50.000000000000007 49.999999999999979 -2.1316282072803006e-14 7.1054273576010019e-15 1.0000000000000038 1969.8656512458933 8030.1343487438953 0.027643479649905517 0 0 0.99983344923132311 4.7971032534898968e-18 0.99999999999999978 -3.3986553247512263e-15 -7.6103606368257657e-15 6.0375462283850107e-18 0.33343026311450191 0.3333097587890016 0.00012050432550031465 1.5911632411088951e-05
27500 0 0 0.003017092268149035 25.037211332158716 0.00010142961328360972 1.5911640968501048e-05 0.00010142961328360944 1.5911640968501051e-05 0.00010142961328360972 2.4182045255141578e-19 -2.491062911505259e-19 -3.1225022567614666e-21 -5.8618428075227875e-18 -4.1898644000667353e-18 49.999999999999979 49.999999999999993 49.999999999999979 -2.1316282072803006e-14 -7.1054273576010019e-15 1.0000000000000029 1969.8656512458481 8030.1343487436761 0.02764347965063927 0 0 0.99983344921505879 4.7971046451182949e-18 0.99999999999999978 2.1375249142757491e-15 -2.5549275024869553e-15 -1.4977196249531631e-17 0.33343026311450907 0.33330975878884267 0.00012050432566640401 1.5911640968501048e-05
28000 0 0 0.0030170922716163504 25.037211332155842 0.00010142961474781124 1.5911648076624596e-05 0.00010142961474781139 1.5911648076624599e-05 0.00010142961474781124 -1.3038181645455388e-18 -4.5345671662081408e-19 -5.2041704279358922e-21 -5.3874969244961706e-18 6.6442579068766078e-18 49.999999999999972 50.000000000000007 49.999999999999972 -2.8421709430404007e-14 7.1054273576010019e-15 1.0000000000000002 1969.8656512458022 8030.1343487435342 0.027643479651248665 0 0 0.99983344920154671 4.7971057619958345e-18 0.99999999999999978 -1.3233751393582115e-14 -4.3539323108988428e-15 -3.3195071106433566e-17 0.33343026311451424 0.33330975878870933 0.00012050432580490433 1.5911648076624596e-05
28500 0 0 0.0030170922745125024 25.037211332153486 0.00010142961596419421 1.5911653980945241e-05 0.00010142961596419406 1.5911653980945238e-05 0.00010142961596419421 -1.2594092435605093e-19 1.1858569681790141e-18 8.6736173798933162e-21 5.3616710440210709e-18 7.528476171044506e-18 49.999999999999979 50.000000000000007 49.999999999999979 -2.1316282072803006e-14 7.1054273576010019e-15 1.0000000000000031 1969.8656512457662 8030.1343487434442 0.027643479651754777 0 0 0.99983344919031991 4.7971068297975467e-18 0.99999999999999978 -9.4927999081310449e-16 1.1763902748006048e-14 7.4056223533802541e-17 0.33343026311451729 0.3333097587885967 0.00012050432592058957 1.5911653980945241e-05
29000 0 0 0.0030170922769222532 25.0372113321515 0.00010142961697450792 1.5911658885326426e-05 0.00010142961697451128 1.5911658885326393e-05 0.00010142961697450792 1.7152945730477321e-18 3.0683788843111127e-18 2.0816681711744321e-21 6.7873076717714649e-18 3.6679425660995339e-18 49.999999999999979 50.000000000000007 49.999999999999979 -2.1316282072803006e-14 7.1054273576010019e-15 1.0000000000000002 1969.8656512457324 8030.1343487433442 0.027643479652175069 0 0 0.99983344918099015 4.7971075804922875e-18 0.99999999999999978 1.7434411392353845e-14 3.0827526111418093e-14 -1.0555961231031016e-17 0.33343026311451812 0.33330975878850128 0.00012050432601684591 1.5911658885326426e-05
29500 0 0 0.0030170926571279001 25.037211332149891 0.00010142961781370148 1.5911662959076458e-05 0.00010142961781370156 1.5911662959076458e-05 0.00010142961781370148 -3.9551695252315066e-19 1.3877787807829848e-18 -4.8572257327404464e-21 -5.4461561459822375e-18 3.3502287866347612e-18 49.999999999999979 50.000000000000014 49.999999999999979 -2.1316282072803006e-14 1.4210854715202004e-14 1.0000000000000013 1969.8656512456957 8030.1343487431704 0.027643479652524075 0 0 0.99983344917323747 4.7971083822748999e-18 0.99999999999999978 -3.8109503092535728e-15 1.3743193419258947e-14 -1.9661120926171616e-17 0.33343026311451895 0.33330975877331648 0.00012050434120247644 1.5911662959076458e-05
29999 0 0 0.0030170922805785728 25.037211332148505 0.00010142961850941103 1.5911666336744981e-05 0.0001014296185094105 1.5911666336744968e-05 0.00010142961850941103 -4.2049697057725332e-19 5.0896786785217047e-19 -1.2143064331851375e-20 -6.5080013003492585e-18 4.7397361193776479e-18 49.999999999999979 50.000000000000007 49.999999999999979 -2.1316282072803006e-14 7.1054273576010019e-15 1.0000000000000016 1969.8656512456521 8030.1343487430868 0.027643479652813385 0 0 0.99983344916680694 4.7971091685973887e-18 0.99999999999999978 -3.7077884699566376e-15 5.191421732559755e-15 -1.0025393811540398e-16 0.3334302631145184 0.3333097587883555 0.00012050432616289575 1.5911666336744981e-05
