# 1:passo  2:raio_area  3:raio_grad  4:raio_linha  5:p_in  6:p_out  7:delta_p  8:sigma  9:|u-v0|max  10:|u-v0|rms  11:Ca  12:massa_R  13:massa_B  14:|q|  15:sd_p_in  16:sd_p_out  17:sigma_2pontos  18:K_perfil  19:r_perfil  20:espessura_10_90  21:residuo_ajuste  22:n_camadas
0 25.04052139 25.08111096 25 0.3333333333 0.3333333333 -2.220446049e-16 -5.560112678e-15 2.501853777e-17 7.397817704e-18 0 1969.865651 8030.134349 2.71568932e-16 2.731879552e-08 0 0 1.273345395 25.01411833 3.451105388 0.08159937045 12
500 24.97542962 25.00468205 24.92853265 0.3349091992 0.3331216685 0.001787530785 0.04464434931 0.001476772646 0.0009851935527 0.005513100274 1969.865651 8030.134349 1.184871167e-14 9.01066373e-05 8.638097603e-05 0.04393156165 1.295687722 24.95076773 3.391595891 0.07534361106 12
1000 24.93810855 24.96639448 24.89080159 0.3362576171 0.3326315968 0.003626020243 0.09042608642 0.001488760339 0.001048217959 0.002743972818 1969.865651 8030.134349 3.098244689e-14 2.210430372e-05 8.012694228e-05 0.09113802401 1.295875025 24.91227782 3.391105678 0.07402216568 12
1500 24.91791167 24.94539233 24.87053427 0.336994061 0.3323332756 0.004660785427 0.1161370396 0.0009290074509 0.0006570639459 0.001333205803 1969.865651 8030.134349 5.406999778e-14 1.898494313e-05 0.0001337728934 0.1225795808 1.296040026 24.89132024 3.390673951 0.07513867109 12
2000 24.91326763 24.94025407 24.86568145 0.3371645012 0.3322698672 0.004894633964 0.1219413259 0.0003209443608 0.0002010853508 0.0004386595473 1969.865651 8030.134349 6.212645385e-14 2.848018297e-05 0.0001379721358 0.1290220906 1.296208795 24.88638397 3.390232477 0.07564819698 12
2500 24.9179135 24.94474561 24.86973128 0.3370048881 0.3323553654 0.004649522673 0.1158564038 0.000391646733 0.0001508182338 0.0005634082654 1969.865651 8030.134349 4.026225179e-14 2.158493528e-05 9.016918711e-05 0.1204784383 1.296247016 24.89058988 3.390132513 0.07621525426 12
3000 24.9251972 24.95212066 24.87634933 0.3367478834 0.3324813107 0.004266572683 0.1063451655 0.0004800503084 0.0002457203985 0.0007523462338 1969.865651 8030.134349 3.776711376e-14 8.912148152e-06 2.606663374e-05 0.1076427365 1.296230687 24.89808879 3.390175221 0.07587111519 12
3500 24.93073678 24.95784647 24.88146963 0.3365516057 0.3325760382 0.003975567551 0.09911382815 0.0004338631668 0.000201194551 0.0007295705266 1969.865651 8030.134349 4.133455387e-14 9.828667383e-07 2.141932265e-05 0.09795495628 1.296191309 24.90383857 3.390278212 0.07551764974 12
4000 24.93307588 24.9603477 24.8837168 0.3364684092 0.3326151366 0.003853272627 0.09607393881 0.0003491454112 0.0001067993706 0.0006056887288 1969.865651 8030.134349 3.28326534e-14 5.2266557e-06 3.945479374e-05 0.09394960164 1.296171708 24.90679463 3.390329481 0.07468522546 12
4500 24.93282007 24.96017696 24.88359191 0.3364765461 0.3326089181 0.003867628078 0.09643087498 0.0003001539899 6.114804173e-05 0.0005187722811 1969.865651 8030.134349 7.127250916e-14 4.997049024e-06 3.3548764e-05 0.09456232087 1.296154171 24.90656503 3.390375354 0.07463766634 12
5000 24.93135745 24.95872561 24.88232918 0.3365270601 0.3325816839 0.003945376175 0.0983635837 0.000287890481 7.799116638e-05 0.0004877999056 1969.865651 8030.134349 8.530435932e-14 2.713881969e-06 1.685439945e-05 0.09731039331 1.2961528 24.90506934 3.39037894 0.07469364434 12
5500 24.92989608 24.9572331 24.8810248 0.336577727 0.3325549116 0.004022815342 0.1002883684 0.0002872166824 8.007042465e-05 0.0004773180361 1969.865651 8030.134349 7.321527598e-14 3.91040764e-07 1.161296469e-06 0.1000150059 1.296146117 24.90306285 3.39039642 0.07540264635 12
6000 24.92905154 24.95634848 24.8802516 0.3366070789 0.3325395707 0.004067508205 0.1013991217 0.0002910167187 6.883184067e-05 0.0004783353707 1969.865651 8030.134349 7.675080691e-14 9.830552686e-07 7.755526693e-06 0.1015662374 1.296170077 24.90267645 3.390333746 0.0748462658 12
6500 24.92888067 24.95614951 24.88007812 0.3366130705 0.332536563 0.004076507542 0.1016227701 0.0002980939036 6.156899777e-05 0.0004888896183 1969.865651 8030.134349 1.049362471e-13 1.273221176e-06 9.364048038e-06 0.1018715872 1.296161618 24.90199455 3.390355873 0.07549720748 12
7000 24.92912976 24.95638838 24.88028699 0.3366044673 0.3325411995 0.004063267776 0.1012937296 0.000304183866 6.1492657e-05 0.0005004980188 1969.865651 8030.134349 1.494241947e-13 8.866432699e-07 6.536977528e-06 0.1014040225 1.296163437 24.90224592 3.390351117 0.07549405631 12
7500 24.92949151 24.95675337 24.8806055 0.3365919333 0.3325478562 0.00404407715 0.100816787 0.0003063174897 6.229869194e-05 0.0005063929974 1969.865651 8030.134349 1.812653119e-13 3.182077128e-07 2.581952698e-06 0.100731644 1.29595656 24.90309816 3.390892327 0.07772650512 12
8000 24.92975977 24.95703046 24.88084688 0.3365826325 0.3325527789 0.004029853613 0.1004632825 0.0003051285504 6.181596601e-05 0.0005062024367 1969.865651 8030.134349 1.682762653e-13 1.392084545e-07 4.680130056e-07 0.100234331 1.296160018 24.90289678 3.390360059 0.07545760059 12
8500 24.92986714 24.95714586 24.88094699 0.3365789099 0.3325547463 0.004024163652 0.1003218652 0.0003027991045 6.117359373e-05 0.0005030460439 1969.865651 8030.134349 1.721059364e-13 3.000178256e-07 1.541628566e-06 0.1000356375 1.296158164 24.90301009 3.390364909 0.0754468518 12
9000 24.92984619 24.95712915 24.88093194 0.3365796375 0.3325543606 0.004025276943 0.1003495351 0.000300933848 6.101381583e-05 0.0004998094043 1969.865651 8030.134349 1.601701169e-13 2.682234565e-07 1.3164079e-06 0.1000746879 1.296157281 24.90299031 3.390367218 0.07544451372 12
9500 24.92976751 24.957051 24.88086351 0.3365823663 0.3325529174 0.004029448878 0.1004532237 0.0003000624529 6.10672145e-05 0.0004978477241 1969.865651 8030.134349 1.561676536e-13 1.51821246e-07 5.254163537e-07 0.1002205407 1.296157272 24.90290985 3.390367242 0.07544750621 12
10000 24.92969185 24.95697371 24.88079606 0.3365849901 0.3325515298 0.004033460326 0.100552923 0.0003000338357 6.10728002e-05 0.0004973066698 1969.865651 8030.134349 1.853864469e-13 7.640737083e-08 5.013252114e-07 0.1003607211 1.29615772 24.90283161 3.390366071 0.07545200729 12
10500 24.9296494 24.9569292 24.88075734 0.336586462 0.3325507514 0.004035710575 0.1006088497 0.0003004497068 6.10365483e-05 0.0004977191497 1969.865651 8030.134349 2.523052232e-13 9.530288358e-08 9.086555106e-07 0.1004393495 1.296158218 24.90278725 3.390364768 0.07545540781 12
11000 24.92964191 24.95692029 24.88074971 0.3365867213 0.332550614 0.004036107341 0.1006187107 0.0003009283923 6.101755875e-05 0.0004984632749 1969.865651 8030.134349 2.388493507e-13 1.039886992e-07 9.843052829e-07 0.1004532221 1.296158533 24.902779 3.390363943 0.07545681666 12
11500 24.92965566 24.95693354 24.88076137 0.3365862439 0.3325508657 0.004035378235 0.1006005899 0.0003012402442 6.101830544e-05 0.0004990697116 1969.865651 8030.134349 2.355048597e-13 8.824809259e-08 8.451900485e-07 0.1004277563 1.296158622 24.90279291 3.39036371 0.07545660493 12
12000 24.92967467 24.95695274 24.88077816 0.3365855845 0.3325512141 0.004034370448 0.1005755427 0.0003013329602 6.102035881e-05 0.0004993476411 1969.865651 8030.134349 2.809661339e-13 7.717413901e-08 6.577770094e-07 0.1003925645 1.296158557 24.90281247 3.390363881 0.07545564244 12
12500 24.92968845 24.95696699 24.88079058 0.3365851065 0.3325514664 0.004033640085 0.1005573906 0.0003012724071 6.101856559e-05 0.0004993374184 1969.865651 8030.134349 3.081755244e-13 7.52666182e-08 5.318917268e-07 0.1003670505 1.29617301 24.90332232 3.390326075 0.07483203944 12
13000 24.92969376 24.95697272 24.88079554 0.3365849223 0.3325515638 0.004033358557 0.1005503937 0.0003011580368 6.101647278e-05 0.000499182592 1969.865651 8030.134349 3.089806823e-13 7.635512362e-08 4.873012055e-07 0.1003572171 1.296172914 24.90332793 3.390326327 0.07483149428 12
13500 24.92969247 24.95697164 24.88079457 0.3365849674 0.3325515403 0.00403342712 0.1005520977 0.0003010638227 6.101586939e-05 0.0004990179712 1969.865651 8030.134349 3.688603585e-13 7.653509751e-08 4.979293587e-07 0.1003596165 1.296158298 24.90283116 3.390364557 0.0754540407 12
14000 24.92968829 24.95696748 24.88079093 0.3365851123 0.3325514638 0.004033648535 0.1005576006 0.0003010193582 6.1015975e-05 0.0004989169661 1969.865651 8030.134349 4.073393705e-13 7.527200921e-08 5.33221314e-07 0.1003673483 1.296158299 24.90282689 3.390364555 0.07545420423 12
14500 24.92968437 24.95696347 24.88078743 0.3365852484 0.3325513919 0.004033856446 0.100562768 0.0003010191544 6.101604137e-05 0.0004988909919 1969.865651 8030.134349 4.27388763e-13 7.432519857e-08 5.67987541e-07 0.1003746088 1.296158323 24.90282283 3.390364492 0.07545443998 12
15000 24.92968222 24.95696121 24.88078546 0.336585323 0.3325513525 0.004033970431 0.1005656009 0.0003010419509 6.101602874e-05 0.0004989147185 1969.865651 8030.134349 4.737158327e-13 7.789055537e-08 5.872919364e-07 0.1003785894 1.296158349 24.90282058 3.390364424 0.07545461456 12
15500 24.92968188 24.95696081 24.88078512 0.3365853345 0.3325513464 0.00403398811 0.1005660403 0.0003010671452 6.101604514e-05 0.0004989542929 1969.865651 8030.134349 5.046246794e-13 7.653733212e-08 5.909356519e-07 0.1003792068 1.296158365 24.90282021 3.390364382 0.07545468446 12
16000 24.92968263 24.95696153 24.88078575 0.3365853086 0.3325513601 0.004033948518 0.1005650563 0.0003010830485 6.101607517e-05 0.0004989855317 1969.865651 8030.134349 5.714731585e-13 7.669811445e-08 5.843790904e-07 0.1003778242 1.296158369 24.90282097 3.390364371 0.07545467092 12
16500 24.92968362 24.95696253 24.88078663 0.3365852741 0.3325513783 0.004033895819 0.1005637465 0.0003010874838 6.101607604e-05 0.0004989993813 1969.865651 8030.134349 6.352267562e-13 7.708293014e-08 5.749749983e-07 0.1003759839 1.296158366 24.90282199 3.390364381 0.07545461982 12
17000 24.92968433 24.95696326 24.88078727 0.3365852496 0.3325513912 0.004033858367 0.1005628157 0.0003010841226 6.101605209e-05 0.0004989984294 1969.865651 8030.134349 6.113697997e-13 7.781690884e-08 5.689526661e-07 0.1003746761 1.296158359 24.90282273 3.390364397 0.07545457064 12
17500 24.92968459 24.95696355 24.88078751 0.3365852405 0.332551396 0.004033844471 0.1005624704 0.0003010781297 6.101602807e-05 0.0004989902107 1969.865651 8030.134349 6.19125953e-13 7.337526222e-08 5.665193504e-07 0.1003741908 1.296158355 24.902823 3.39036441 0.07545454302 12
18000 24.92968451 24.95696348 24.88078745 0.3365852432 0.3325513946 0.004033848586 0.1005625726 0.0003010732801 6.101601604e-05 0.0004989816658 1969.865651 8030.134349 6.535758187e-13 7.675761892e-08 5.670116141e-07 0.1003743345 1.296158352 24.90282293 3.390364416 0.07545453811 12
18500 24.92968429 24.95696326 24.88078726 0.3365852509 0.3325513906 0.004033860308 0.100562864 0.0003010710502 6.101601432e-05 0.0004989765246 1969.865651 8030.134349 6.673128626e-13 7.567097558e-08 5.691382599e-07 0.1003747439 1.296158352 24.9028227 3.390364415 0.07545454701 12
19000 24.92968409 24.95696305 24.88078708 0.3365852579 0.3325513868 0.004033871069 0.1005631314 0.0003010711092 6.10160177e-05 0.0004989752954 1969.865651 8030.134349 7.019761143e-13 7.703387563e-08 5.703037293e-07 0.1003751197 1.296158354 24.90282249 3.390364412 0.07545455935 12
19500 24.92968398 24.95696294 24.88078698 0.3365852617 0.3325513848 0.004033876832 0.1005632746 0.000301072329 6.101602225e-05 0.0004989766063 1969.865651 8030.134349 7.442038035e-13 7.694964977e-08 5.717053425e-07 0.1003753209 1.296158355 24.90282238 3.390364408 0.07545456831 12
20000 24.92968397 24.95696292 24.88078697 0.3365852622 0.3325513846 0.004033877597 0.1005632937 0.00030107364 6.101602567e-05 0.0004989786846 1969.865651 8030.134349 8.605367964e-13 7.587110619e-08 5.716677349e-07 0.1003753476 1.296158356 24.90282236 3.390364406 0.07545457177 12
20500 24.92968401 24.95696296 24.880787 0.3365852608 0.3325513853 0.004033875454 0.1005632404 0.00030107445 6.101602709e-05 0.0004989802915 1969.865651 8030.134349 9.15489968e-13 7.38218242e-08 5.713608524e-07 0.1003752728 1.296158356 24.9028224 3.390364406 0.07545457094 12
21000 24.92968406 24.95696301 24.88078705 0.336585259 0.3325513863 0.004033872701 0.100563172 0.0003010746619 6.101602682e-05 0.0004989809822 1969.865651 8030.134349 9.241363559e-13 7.666530035e-08 5.707604694e-07 0.1003751766 1.296158356 24.90282246 3.390364406 0.07545456823 12
21500 24.9296841 24.95696305 24.88078708 0.3365852577 0.3325513869 0.004033870782 0.1005631243 0.0003010744754 6.101602575e-05 0.0004989809096 1969.865651 8030.134349 9.488030819e-13 7.700162297e-08 5.718334598e-07 0.1003751097 1.296158356 24.90282249 3.390364407 0.07545456568 12
22000 24.92968411 24.95696306 24.88078709 0.3365852573 0.3325513872 0.004033870099 0.1005631073 0.0003010741605 6.101602474e-05 0.000498980472 1969.865651 8030.134349 9.889008006e-13 7.969852678e-08 5.705887819e-07 0.1003750858 1.296158355 24.90282251 3.390364408 0.07545456428 12
22500 24.9296841 24.95696306 24.88078709 0.3365852574 0.3325513871 0.004033870341 0.1005631133 0.0003010739108 6.101602417e-05 0.0004989800284 1969.865651 8030.134349 9.93053994e-13 7.714969784e-08 5.701058512e-07 0.1003750942 1.296158355 24.9028225 3.390364408 0.07545456406 12
23000 24.92968409 24.95696305 24.88078708 0.3365852578 0.3325513869 0.004033870961 0.1005631287 0.0003010737993 6.101602408e-05 0.0004989797672 1969.865651 8030.134349 1.035182946e-12 7.549911044e-08 5.705366183e-07 0.1003751159 1.296158355 24.90282249 3.390364408 0.07545456455 12
23500 24.92968408 24.95696304 24.88078707 0.3365852582 0.3325513867 0.004033871517 0.1005631425 0.000301073806 6.101602426e-05 0.0004989797096 1969.865651 8030.134349 1.046236644e-12 7.677158e-08 5.712479769e-07 0.1003751353 1.296158355 24.90282248 3.390364408 0.07545456519 12
24000 24.92968408 24.95696303 24.88078706 0.3365852584 0.3325513866 0.004033871808 0.1005631498 0.0003010738711 6.101602451e-05 0.0004989797816 1969.865651 8030.134349 1.065603753e-12 7.915294996e-08 5.709596768e-07 0.1003751455 1.296158355 24.90282247 3.390364408 0.07545456565 12
24500 24.92968408 24.95696303 24.88078706 0.3365852584 0.3325513866 0.00403387184 0.1005631506 0.0003010739392 6.10160247e-05 0.0004989798905 1969.865651 8030.134349 1.094034856e-12 7.618289588e-08 5.709180522e-07 0.1003751466 1.296158355 24.90282247 3.390364408 0.07545456582 12
25000 24.92968408 24.95696303 24.88078706 0.3365852583 0.3325513866 0.004033871724 0.1005631477 0.0003010739804 6.101602476e-05 0.0004989799731 1969.865651 8030.134349 1.093441658e-12 7.67884813e-08 5.708934917e-07 0.1003751425 1.296158355 24.90282248 3.390364408 0.07545456577 12
25500 24.92968408 24.95696304 24.88078707 0.3365852582 0.3325513867 0.00403387158 0.1005631441 0.0003010739905 6.101602475e-05 0.0004989800075 1969.865651 8030.134349 1.111796294e-12 7.571736849e-08 5.714272362e-07 0.1003751375 1.296158355 24.90282248 3.390364408 0.07545456563 12
26000 24.92968408 24.95696304 24.88078707 0.3365852582 0.3325513867 0.004033871482 0.1005631417 0.0003010739802 6.101602469e-05 0.0004989800025 1969.865651 8030.134349 1.173227891e-12 7.652430698e-08 5.706987583e-07 0.1003751341 1.296158355 24.90282248 3.390364408 0.0754545655 12
26500 24.92968408 24.95696304 24.88078707 0.3365852582 0.3325513867 0.004033871449 0.1005631409 0.0003010739636 6.101602464e-05 0.0004989799793 1969.865651 8030.134349 1.190507664e-12 7.509565788e-08 5.719081113e-07 0.1003751329 1.296158355 24.90282248 3.390364408 0.07545456543 12
27000 24.92968408 24.95696304 24.88078707 0.3365852582 0.3325513867 0.004033871463 0.1005631412 0.0003010739508 6.101602461e-05 0.0004989799563 1969.865651 8030.134349 1.248602594e-12 7.441927203e-08 5.711085734e-07 0.1003751334 1.296158355 24.90282248 3.390364408 0.07545456542 12
27500 24.92968408 24.95696304 24.88078707 0.3365852582 0.3325513867 0.004033871496 0.100563142 0.0003010739452 6.101602461e-05 0.000498979943 1969.865651 8030.134349 1.292161342e-12 7.564367577e-08 5.704159779e-07 0.1003751346 1.296158355 24.90282248 3.390364408 0.07545456544 12
28000 24.92968408 24.95696304 24.88078707 0.3365852582 0.3325513867 0.004033871524 0.1005631427 0.0003010739457 6.101602462e-05 0.0004989799403 1969.865651 8030.134349 1.326572239e-12 7.562077516e-08 5.717464408e-07 0.1003751356 1.296158355 24.90282248 3.390364408 0.07545456548 12
28500 24.92968408 24.95696304 24.88078707 0.3365852582 0.3325513867 0.004033871539 0.1005631431 0.0003010739492 6.101602463e-05 0.0004989799443 1969.865651 8030.134349 1.355841922e-12 7.324078037e-08 5.703632043e-07 0.1003751361 1.296158355 24.90282248 3.390364408 0.0754545655 12
29000 24.92968408 24.95696304 24.88078707 0.3365852582 0.3325513867 0.00403387154 0.1005631431 0.0003010739528 6.101602464e-05 0.00049897995 1969.865651 8030.134349 1.396108383e-12 7.355186199e-08 5.706117827e-07 0.1003751361 1.296158355 24.90282248 3.390364408 0.07545456551 12
29500 24.92968408 24.95696304 24.88078707 0.3365852582 0.3325513867 0.004033871534 0.100563143 0.0003010739548 6.101602464e-05 0.0004989799542 1969.865651 8030.134349 1.456704088e-12 7.561721254e-08 5.708758117e-07 0.1003751359 1.296158355 24.90282248 3.390364408 0.07545456551 12
29999 24.92968408 24.95696304 24.88078707 0.3365852582 0.3325513867 0.004033871526 0.1005631428 0.0003010739553 6.101602464e-05 0.000498979956 1969.865651 8030.134349 1.512172878e-12 7.613857665e-08 5.711095768e-07 0.1003751356 1.296158355 24.90282248 3.390364408 0.0754545655 12
