# 1:passo  2:sigma_pop  3:int_grad  4:K  5:espessura_10_90  6:residuo  7:d0  8:|u|max  9:|u|rms  10:|u_n|max  11:|u_t|max  12:massa_R  13:massa_B  14:qx  15:qy  16:soma_Fx  17:soma_Fy  18:min_f  19:neg_total  20:neg_cor
0 8.6953042e-06 2.000003301 1.273753378 3.45 5.86197757e-14 1.540890998e-16 0.001393557653 0.0003027487592 0.001393557412 2.163488089e-06 20000 20000 8.586881206e-16 -7.600961961e-15 -3.295974604e-16 -6.364266752e-17 0.02748482695 0 0
500 5.62690943e-07 2.000001957 1.299784251 3.380906601 0.09308543636 -5.751722597e-10 0.0003815973758 8.236783221e-05 0.0001656949483 0.0003525489451 20000 20000 -4.960035248e-07 -1.609161093e-07 -5.368516695e-10 -1.747497122e-10 0.0276479157 0 0
1000 5.488651368e-07 2.000001957 1.29978187 3.380912794 0.09308490699 5.026274169e-09 0.0003810044492 8.176668521e-05 0.0001648852392 0.0003525750307 20000 20000 -7.517429776e-07 -2.443084212e-07 -4.869327662e-10 -1.590760564e-10 0.02764857295 0 0
1500 5.485416636e-07 2.000001957 1.2997811 3.380914797 0.09308459095 1.393071187e-08 0.0003809871173 8.176651489e-05 0.000164860928 0.0003525761035 20000 20000 -9.837037862e-07 -3.202319884e-07 -4.416556244e-10 -1.448599814e-10 0.02764856953 0 0
2000 5.485425487e-07 2.000001957 1.299781081 3.380914846 0.09308458434 2.583240741e-08 0.0003809872084 8.176652557e-05 0.0001648610073 0.000352576148 20000 20000 -1.19408854e-06 -3.89380358e-07 -4.005662876e-10 -1.319593081e-10 0.02764856884 0 0
2500 5.48542863e-07 2.000001957 1.299781082 3.380914845 0.09308458632 4.045368656e-08 0.0003809872322 8.176652595e-05 0.0001648610402 0.0003525761543 20000 20000 -1.384900121e-06 -4.523796168e-07 -3.63300774e-10 -1.20258524e-10 0.02764856882 0 0
3000 5.485428707e-07 2.000001957 1.299781082 3.380914845 0.09308458857 5.754253248e-08 0.0003809872385 8.176652597e-05 0.0001648610499 0.00035257616 20000 20000 -1.557936508e-06 -5.098011784e-07 -3.294793128e-10 -1.096400039e-10 0.02764856882 0 0
3500 5.485428707e-07 2.000001957 1.299781082 3.380914845 0.0930845911 7.687020129e-08 0.0003809872455 8.176652597e-05 0.0001648610592 0.0003525761665 20000 20000 -1.714852349e-06 -5.621691763e-07 -2.987883695e-10 -1.000037468e-10 0.02764856882 0 0
4000 5.485428706e-07 2.000001957 1.299781082 3.380914845 0.0930845939 9.82297424e-08 0.0003809872536 8.176652597e-05 0.0001648610686 0.0003525761736 20000 20000 -1.857198755e-06 -6.09948606e-07 -2.709300449e-10 -9.125666195e-11 0.02764856882 0 0
4500 5.485428705e-07 2.000001957 1.299781082 3.380914845 0.09308459693 1.214331555e-07 0.0003809872626 8.176652597e-05 0.0001648610782 0.0003525761814 20000 20000 -1.98625379e-06 -6.535799893e-07 -2.456624535e-10 -8.332379133e-11 0.02764856881 0 0
5000 5.485428707e-07 2.000001957 1.299781082 3.380914845 0.09308460018 1.463093435e-07 0.0003809872725 8.176652597e-05 0.0001648610879 0.0003525761896 20000 20000 -2.10323938e-06 -6.934317613e-07 -2.227303992e-10 -7.612384811e-11 0.02764856881 0 0
5500 5.485428705e-07 2.000001957 1.299781082 3.380914845 0.09308460363 1.727032657e-07 0.0003809872831 8.176652597e-05 0.0001648610977 0.0003525761984 20000 20000 -2.209295103e-06 -7.298711326e-07 -2.019283872e-10 -6.959232637e-11 0.02764856881 0 0
6000 5.485428706e-07 2.000001957 1.299781082 3.380914845 0.09308460726 2.004741416e-07 0.0003809872945 8.176652597e-05 0.0001648611076 0.0003525762077 20000 20000 -2.305433463e-06 -7.631750919e-07 -1.830608486e-10 -6.366832669e-11 0.02764856881 0 0
6500 5.485428705e-07 2.000001957 1.299781082 3.380914845 0.09308461105 2.294944195e-07 0.0003809873065 8.176652597e-05 0.0001648611176 0.0003525762173 20000 20000 -2.39257723e-06 -7.936773857e-07 -1.659361515e-10 -5.829199157e-11 0.0276485688 0 0
7000 5.485428707e-07 2.000001957 1.299781082 3.380914845 0.09308461498 2.59648474e-07 0.0003809873191 8.176652597e-05 0.0001648611277 0.0003525762274 20000 20000 -2.471581311e-06 -8.216010807e-07 -1.5039854e-10 -5.341324594e-11 0.0276485688 0 0
7500 5.48542871e-07 2.000001957 1.299781082 3.380914845 0.09308461906 2.908314294e-07 0.0003809873322 8.176652597e-05 0.0001648611379 0.0003525762378 20000 20000 -2.543182756e-06 -8.472140226e-07 -1.362918255e-10 -4.89843771e-11 0.0276485688 0 0
8000 5.485428707e-07 2.000001957 1.299781082 3.380914845 0.09308462325 3.229481758e-07 0.0003809873458 8.176652597e-05 0.0001648611481 0.0003525762485 20000 20000 -2.608083584e-06 -8.707137948e-07 -1.234922065e-10 -4.496532628e-11 0.0276485688 0 0
8500 5.485428708e-07 2.000001957 1.299781082 3.380914845 0.09308462755 3.559122341e-07 0.0003809873598 8.176652597e-05 0.0001648611584 0.0003525762594 20000 20000 -2.666875031e-06 -8.923000712e-07 -1.118812334e-10 -4.132001479e-11 0.02764856879 0 0
9000 5.485428705e-07 2.000001957 1.299781082 3.380914845 0.09308463195 3.896450273e-07 0.0003809873742 8.176652597e-05 0.0001648611688 0.0003525762707 20000 20000 -2.720128191e-06 -9.12135241e-07 -1.013481504e-10 -3.801252401e-11 0.02764856879 0 0
9500 5.485428706e-07 2.000001957 1.299781082 3.380914845 0.09308463645 4.240752605e-07 0.000380987389 8.176652597e-05 0.0001648611792 0.0003525762821 20000 20000 -2.768365949e-06 -9.303982533e-07 -9.179748194e-11 -3.501419825e-11 0.02764856879 0 0
10000 5.485428707e-07 2.000001957 1.299781082 3.380914845 0.09308464102 4.59138392e-07 0.0003809874041 8.176652597e-05 0.0001648611897 0.0003525762938 20000 20000 -2.812046204e-06 -9.472277541e-07 -8.312213287e-11 -3.229031192e-11 0.02764856878 0 0
10500 5.485428707e-07 2.000001957 1.299781082 3.380914845 0.09308464567 4.947758099e-07 0.0003809874195 8.176652597e-05 0.0001648612002 0.0003525763056 20000 20000 -2.85160553e-06 -9.627427256e-07 -7.524483033e-11 -2.981688171e-11 0.02764856878 0 0
11000 5.485428706e-07 2.000001957 1.299781082 3.380914845 0.09308465039 5.309343224e-07 0.0003809874352 8.176652597e-05 0.0001648612108 0.0003525763177 20000 20000 -2.887399459e-06 -9.770816251e-07 -6.810650481e-11 -2.757569813e-11 0.02764856878 0 0
11500 5.485428708e-07 2.000001957 1.299781082 3.380914845 0.09308465517 5.675656108e-07 0.0003809874511 8.176652597e-05 0.0001648612214 0.0003525763299 20000 20000 -2.919800459e-06 -9.903621284e-07 -6.163216985e-11 -2.554337286e-11 0.02764856877 0 0
12000 5.485428707e-07 2.000001957 1.299781082 3.380914845 0.09308466001 6.046259124e-07 0.0003809874672 8.176652597e-05 0.000164861232 0.0003525763422 20000 20000 -2.949111907e-06 -1.002664406e-06 -5.576111317e-11 -2.369954005e-11 0.02764856877 0 0
12500 5.485428708e-07 2.000001957 1.299781082 3.380914845 0.09308466489 6.420753209e-07 0.0003809874836 8.176652597e-05 0.0001648612427 0.0003525763546 20000 20000 -2.975596169e-06 -1.014084938e-06 -5.043224432e-11 -2.20262273e-11 0.02764856877 0 0
13000 5.485428706e-07 2.000001957 1.299781082 3.380914845 0.09308466982 6.798775416e-07 0.0003809875001 8.176652597e-05 0.0001648612534 0.0003525763672 20000 20000 -2.999535964e-06 -1.024698932e-06 -4.560325815e-11 -2.05103186e-11 0.02764856876 0 0
13500 5.485428706e-07 2.000001957 1.299781082 3.380914845 0.0930846748 7.179999538e-07 0.0003809875167 8.176652597e-05 0.0001648612641 0.0003525763799 20000 20000 -3.021183113e-06 -1.034581575e-06 -4.121402742e-11 -1.913146334e-11 0.02764856876 0 0
14000 5.485428706e-07 2.000001957 1.299781082 3.380914845 0.09308467981 7.564129797e-07 0.0003809875336 8.176652597e-05 0.0001648612748 0.0003525763927 20000 20000 -3.040746439e-06 -1.043823484e-06 -3.722961002e-11 -1.788094683e-11 0.02764856876 0 0
14500 5.485428707e-07 2.000001957 1.299781082 3.380914845 0.09308468485 7.950900104e-07 0.0003809875505 8.176652597e-05 0.0001648612856 0.0003525764055 20000 20000 -3.058424057e-06 -1.052488321e-06 -3.362059849e-11 -1.674798798e-11 0.02764856875 0 0
15000 5.485428704e-07 2.000001957 1.299781082 3.380914845 0.09308468993 8.34006584e-07 0.0003809875676 8.176652597e-05 0.0001648612964 0.0003525764185 20000 20000 -3.074376587e-06 -1.060619742e-06 -3.034289009e-11 -1.571860491e-11 0.02764856875 0 0
15500 5.485428706e-07 2.000001957 1.299781082 3.380914845 0.09308469503 8.731406471e-07 0.0003809875848 8.176652597e-05 0.0001648613072 0.0003525764315 20000 20000 -3.088773237e-06 -1.068260531e-06 -2.736508806e-11 -1.478400421e-11 0.02764856874 0 0
16000 5.485428707e-07 2.000001957 1.299781082 3.380914845 0.09308470016 9.124721928e-07 0.0003809876021 8.176652597e-05 0.000164861318 0.0003525764446 20000 20000 -3.101763826e-06 -1.075455393e-06 -2.465685165e-11 -1.393328595e-11 0.02764856874 0 0
16500 5.485428706e-07 2.000001957 1.299781082 3.380914845 0.09308470532 9.519831516e-07 0.0003809876195 8.176652597e-05 0.0001648613288 0.0003525764577 20000 20000 -3.11348293e-06 -1.082250362e-06 -2.221040973e-11 -1.316527931e-11 0.02764856874 0 0
17000 5.485428706e-07 2.000001957 1.299781082 3.380914845 0.09308471049 9.916569927e-07 0.000380987637 8.176652597e-05 0.0001648613396 0.0003525764709 20000 20000 -3.124020089e-06 -1.08867421e-06 -1.997251409e-11 -1.246253448e-11 0.02764856873 0 0
17500 5.485428706e-07 2.000001957 1.299781082 3.380914845 0.09308471569 1.031478556e-06 0.0003809876545 8.176652597e-05 0.0001648613505 0.0003525764842 20000 20000 -3.133486694e-06 -1.094779297e-06 -1.795560922e-11 -1.182934946e-11 0.02764856873 0 0
18000 5.485428707e-07 2.000001957 1.299781082 3.380914845 0.0930847209 1.071434019e-06 0.0003809876721 8.176652597e-05 0.0001648613613 0.0003525764975 20000 20000 -3.141976289e-06 -1.100558823e-06 -1.613452167e-11 -1.125760477e-11 0.02764856873 0 0
18500 5.485428705e-07 2.000001957 1.299781082 3.380914845 0.09308472613 1.111510727e-06 0.0003809876898 8.176652597e-05 0.0001648613722 0.0003525765108 20000 20000 -3.14958481e-06 -1.106053263e-06 -1.447032641e-11 -1.073503287e-11 0.02764856872 0 0
19000 5.485428705e-07 2.000001957 1.299781082 3.380914845 0.09308473137 1.15169745e-06 0.0003809877076 8.176652597e-05 0.0001648613831 0.0003525765242 20000 20000 -3.156401773e-06 -1.111286516e-06 -1.296537357e-11 -1.026222098e-11 0.02764856872 0 0
19500 5.485428707e-07 2.000001957 1.299781082 3.380914845 0.09308473662 1.191983846e-06 0.0003809877254 8.176652597e-05 0.0001648613939 0.0003525765376 20000 20000 -3.162498276e-06 -1.116299503e-06 -1.160297509e-11 -9.834598739e-12 0.02764856871 0 0
19999 5.485428708e-07 2.000001957 1.299781082 3.380914845 0.09308474188 1.232279936e-06 0.0003809877432 8.176652597e-05 0.0001648614048 0.000352576551 20000 20000 -3.16793453e-06 -1.121108282e-06 -1.037289048e-11 -9.448475205e-12 0.02764856871 0 0
