# 1:passo  2:R0  3:|a2|/R0  4:|a4|/R0  5:|a8|/R0  6:rmin  7:rmax
0 24.99530979 9.196997287e-17 9.52226216e-05 8.27724819e-05 24.98429581 25.00965244
500 23.35377443 4.658177369e-17 0.0008272843803 0.0001027964444 23.32840802 23.37658918
1000 22.94133917 1.349960852e-16 0.000648372068 8.746690303e-05 22.92188216 22.96151225
1500 22.8071791 1.260807299e-16 0.0004705281336 0.000100277929 22.78874147 22.82446026
2000 22.77837863 4.546642598e-17 0.0002684281662 9.504474606e-05 22.76419308 22.79111644
2500 22.78533044 1.239531563e-16 0.0001334774853 9.752081727e-05 22.77434127 22.79820786
3000 22.79846443 1.580077639e-16 6.417503882e-05 0.0001004135702 22.78928665 22.81236536
3500 22.80807945 5.726328148e-17 3.58338625e-05 0.0001019252367 22.7997422 22.82234196
4000 22.81310177 1.478333969e-16 2.788852164e-05 0.0001025194025 22.80505638 22.82740385
4500 22.81503632 1.827836878e-16 2.792596892e-05 0.0001027152282 22.80703268 22.829307
5000 22.81545053 6.065144029e-17 2.995287863e-05 0.0001027516558 22.80740877 22.82968556
5500 22.81532335 5.32688841e-17 3.170843279e-05 0.0001027360967 22.80723774 22.82953544
6000 22.81510901 9.87806942e-17 3.272270954e-05 0.0001027132871 22.80699494 22.82931014
6500 22.81495521 1.078474359e-16 3.316056424e-05 0.0001026973376 22.8068275 22.8291526
7000 22.8148758 9.607533601e-17 3.328496332e-05 0.0001026892571 22.80674343 22.8290727
7500 22.81484564 1.419999241e-16 3.328266701e-05 0.0001026862769 22.80671265 22.82904307
8000 22.81483947 6.301374534e-17 3.324939695e-05 0.0001026857297 22.80670712 22.82903747
8500 22.8148417 2.701966857e-16 3.32211389e-05 0.0001026860053 22.80671007 22.82904007
9000 22.81484519 2.10467647e-16 3.320501228e-05 0.0001026863818 22.80671401 22.82904373
9500 22.81484765 4.33575179e-17 3.319814003e-05 0.0001026866387 22.80671669 22.82904625
10000 22.81484891 1.437445898e-16 3.319623859e-05 0.0001026867668 22.80671802 22.82904751
10500 22.81484938 6.928892305e-17 3.319631859e-05 0.0001026868132 22.80671849 22.82904798
11000 22.81484947 2.248038753e-17 3.319686608e-05 0.0001026868212 22.80671857 22.82904806
11500 22.81484943 6.111259185e-17 3.319732052e-05 0.0001026868165 22.80671852 22.82904801
12000 22.81484938 9.311683356e-17 3.319757673e-05 0.0001026868104 22.80671846 22.82904795
12500 22.81484934 8.623288986e-17 3.319768454e-05 0.0001026868063 22.80671842 22.82904791
13000 22.81484932 1.209703735e-16 3.319771356e-05 0.0001026868042 22.8067184 22.82904789
13500 22.81484931 1.554682932e-16 3.31977116e-05 0.0001026868035 22.80671839 22.82904789
14000 22.81484931 1.177211226e-16 3.31977026e-05 0.0001026868034 22.80671839 22.82904789
14500 22.81484931 1.474049051e-16 3.31976953e-05 0.0001026868035 22.80671839 22.82904789
15000 22.81484931 9.106720461e-17 3.319769123e-05 0.0001026868036 22.80671839 22.82904789
15500 22.81484931 1.522467971e-16 3.319768954e-05 0.0001026868037 22.80671839 22.82904789
16000 22.81484931 7.108993213e-17 3.31976891e-05 0.0001026868037 22.80671839 22.82904789
16500 22.81484931 2.13216295e-16 3.319768914e-05 0.0001026868037 22.80671839 22.82904789
17000 22.81484931 1.31442523e-16 3.319768929e-05 0.0001026868037 22.80671839 22.82904789
17500 22.81484931 5.326006084e-17 3.319768941e-05 0.0001026868037 22.80671839 22.82904789
18000 22.81484931 1.787115731e-17 3.319768947e-05 0.0001026868037 22.80671839 22.82904789
18500 22.81484931 6.997246508e-17 3.31976895e-05 0.0001026868037 22.80671839 22.82904789
19000 22.81484931 2.069637548e-16 3.31976895e-05 0.0001026868037 22.80671839 22.82904789
19500 22.81484931 1.239999429e-16 3.31976895e-05 0.0001026868037 22.80671839 22.82904789
20000 22.81484931 1.739399765e-16 3.31976895e-05 0.0001026868037 22.80671839 22.82904789
20500 22.81484931 1.823514115e-16 3.31976895e-05 0.0001026868037 22.80671839 22.82904789
21000 22.81484931 1.689424951e-16 3.31976895e-05 0.0001026868037 22.80671839 22.82904789
21500 22.81484931 5.397677419e-17 3.31976895e-05 0.0001026868037 22.80671839 22.82904789
22000 22.81484931 5.625751006e-17 3.31976895e-05 0.0001026868037 22.80671839 22.82904789
22500 22.81484931 9.067152019e-17 3.31976895e-05 0.0001026868037 22.80671839 22.82904789
23000 22.81484931 3.08907859e-17 3.31976895e-05 0.0001026868037 22.80671839 22.82904789
23500 22.81484931 1.058310463e-16 3.31976895e-05 0.0001026868037 22.80671839 22.82904789
24000 22.81484931 9.238445319e-17 3.31976895e-05 0.0001026868037 22.80671839 22.82904789
24500 22.81484931 1.074216441e-16 3.31976895e-05 0.0001026868037 22.80671839 22.82904789
25000 22.81484931 1.511023015e-16 3.31976895e-05 0.0001026868037 22.80671839 22.82904789
25500 22.81484931 1.405007476e-16 3.31976895e-05 0.0001026868037 22.80671839 22.82904789
26000 22.81484931 8.061770391e-17 3.31976895e-05 0.0001026868037 22.80671839 22.82904789
26500 22.81484931 3.872919984e-17 3.31976895e-05 0.0001026868037 22.80671839 22.82904789
27000 22.81484931 8.763107163e-17 3.31976895e-05 0.0001026868037 22.80671839 22.82904789
27500 22.81484931 1.067985426e-16 3.31976895e-05 0.0001026868037 22.80671839 22.82904789
28000 22.81484931 1.274055274e-16 3.31976895e-05 0.0001026868037 22.80671839 22.82904789
28500 22.81484931 5.247155664e-17 3.31976895e-05 0.0001026868037 22.80671839 22.82904789
29000 22.81484931 2.112034853e-16 3.31976895e-05 0.0001026868037 22.80671839 22.82904789
29500 22.81484931 1.985284873e-17 3.31976895e-05 0.0001026868037 22.80671839 22.82904789
29999 22.81484931 1.37086769e-16 3.31976895e-05 0.0001026868037 22.80671839 22.82904789
