# 1:passo  2:raio_area  3:raio_grad  4:raio_linha  5:p_in  6:p_out  7:delta_p  8:sigma  9:|u-v0|max  10:|u-v0|rms  11:Ca  12:massa_R  13:massa_B  14:|q|  15:sd_p_in  16:sd_p_out  17:sigma_2pontos  18:K_perfil  19:r_perfil  20:espessura_10_90  21:residuo_ajuste  22:n_camadas
0 25.04052139 25.08111096 25 0.3333333333 0.3333333333 -2.220446049e-16 -5.560112678e-15 2.501853777e-17 7.628681937e-18 0 1969.865651 8030.134349 4.192465321e-17 2.78221524e-08 0 1.387778781e-15 1.273345395 25.01411833 3.451105388 0.08159937045 12
500 25.03913188 25.07461509 25.00876977 0.3333614463 0.3333315519 2.989440719e-05 0.0007485300039 0.0001325945559 4.547759123e-05 0.005904664485 1969.865651 8030.134349 5.537947423e-14 1.897005769e-06 9.975522014e-06 0.0008942257809 1.296249089 25.01576286 3.390127092 0.07696502451 12
1000 25.03772151 25.07317435 25.01122702 0.3334084357 0.3333149198 9.351597918e-05 0.002341427043 0.0001492661345 6.063100225e-05 0.002125002285 1969.865651 8030.134349 5.806269075e-14 1.647268415e-06 9.188402864e-06 0.002219733831 1.296465048 25.01370086 3.38956238 0.07548024414 12
1500 25.03636674 25.07176871 25.00870566 0.3334607311 0.3332963828 0.0001643482573 0.004114683244 0.0001377345726 5.332094074e-05 0.001115797291 1969.865651 8030.134349 6.575124617e-14 1.730783471e-06 9.774855272e-06 0.004764043464 1.296448906 25.01282363 3.389604585 0.07473763493 12
2000 25.0356247 25.07098666 25.00488522 0.3334814335 0.333285018 0.0001964155202 0.004917385248 0.0001354132428 3.210107932e-05 0.0009179217272 1969.865651 8030.134349 6.282800225e-14 1.108141502e-06 7.405413586e-06 0.005360138122 1.296457721 25.01214293 3.389581536 0.07427991618 12
2500 25.03562194 25.07096087 25.00266361 0.3334870059 0.3332883226 0.0001986832999 0.004974159982 0.0001386801069 2.843744348e-05 0.000929336862 1969.865651 8030.134349 6.24808345e-14 3.096545394e-06 2.957464428e-06 0.005263744558 1.296433505 25.01170219 3.38964485 0.0745483883 12
3000 25.03625252 25.07159409 25.00277504 0.3334687802 0.3333017365 0.0001670436741 0.004182147607 0.0001323649603 4.067938154e-05 0.001054999909 1969.865651 8030.134349 3.648721465e-14 3.138626734e-06 6.227298882e-06 0.004022953916 1.296436916 25.01236492 3.389635932 0.0744395775 12
3500 25.03717669 25.07254635 25.00425926 0.3334350454 0.3333166603 0.0001183851665 0.002964030332 0.0001250937332 4.124407552e-05 0.001406797718 1969.865651 8030.134349 2.016709596e-14 1.110838965e-06 1.28634185e-05 0.002398881008 1.296440771 25.01330482 3.389625855 0.07448242711 12
4000 25.03792418 25.0733349 25.00573748 0.3334070155 0.3333266006 8.041487964e-05 0.00201342166 0.0001202486059 2.971343103e-05 0.001990783621 1969.865651 8030.134349 4.130194966e-14 6.517222444e-07 1.475533352e-05 0.001385820727 1.296449387 25.01406443 3.389603326 0.0745502413 12
4500 25.03818288 25.07362729 25.00640045 0.3333952954 0.3333278438 6.745159763e-05 0.001688865437 0.0001254354239 2.323589814e-05 0.002475733534 1969.865651 8030.134349 1.925549302e-14 1.829776239e-06 1.171216615e-05 0.001120634958 1.296453322 25.01433073 3.389593039 0.07458357705 12
5000 25.03791549 25.07337215 25.00615875 0.3334045973 0.3333212299 8.336747353e-05 0.002087347757 0.0001331714699 3.132155455e-05 0.002126645636 1969.865651 8030.134349 9.953728674e-15 1.298952159e-06 3.779463774e-06 0.001863717094 1.296449876 25.01406118 3.389602047 0.07458538891 12
5500 25.03736529 25.07281276 25.00546196 0.3334224985 0.33330977 0.0001127284234 0.002822422715 0.0001353549178 3.490584978e-05 0.001598566568 1969.865651 8030.134349 1.461543357e-14 6.856119618e-07 4.86835698e-06 0.002961812142 1.296446064 25.01349834 3.389612014 0.07458520314 12
6000 25.03683396 25.07225781 25.00479431 0.3334404783 0.3332995681 0.0001409101979 0.003527945227 0.0001326563146 2.831169996e-05 0.001253385999 1969.865651 8030.134349 5.984678517e-14 1.105319113e-07 1.119700826e-05 0.004008697073 1.296443473 25.01294852 3.389618788 0.07459836499 12
6500 25.03656928 25.07196727 25.00448209 0.333449454 0.3332951857 0.0001542682572 0.003862347909 0.0001304492416 2.005751809e-05 0.001125819878 1969.865651 8030.134349 4.114905899e-14 4.662626149e-07 1.261583506e-05 0.004426698016 1.296444485 25.01266826 3.389616143 0.07462053129 12
7000 25.03665175 25.07203213 25.00456629 0.333447677 0.333298153 0.0001495240563 0.003743581726 0.0001311952006 2.342597278e-05 0.001168178946 1969.865651 8030.134349 1.012944103e-13 6.077659607e-07 9.260791748e-06 0.004166356807 1.296460933 25.01324046 3.389573139 0.07401086898 12
7500 25.03699695 25.07237452 25.00490542 0.3334367743 0.3333060039 0.0001307703808 0.003274097625 0.0001320406722 2.898469862e-05 0.001344295816 1969.865651 8030.134349 1.328170618e-13 2.948355881e-07 2.759369399e-06 0.003394962719 1.296461096 25.01359277 3.389572712 0.07400119583 12
8000 25.03740136 25.07278975 25.00527652 0.333423461 0.3333145183 0.000108942698 0.002727642055 0.0001309899081 2.743825213e-05 0.001600770989 1969.865651 8030.134349 1.73772598e-13 2.134763809e-07 3.878162549e-06 0.002546116352 1.296444274 25.013517 3.389616695 0.07459555638 12
8500 25.037656 25.07306164 25.00549551 0.3334149981 0.3333197996 9.519841985e-05 0.002383545288 0.0001293961197 2.134363621e-05 0.001809575011 1969.865651 8030.134349 2.143932459e-13 5.538183893e-07 7.984333014e-06 0.002017628594 1.29644384 25.01378609 3.389617829 0.07456692161 12
9000 25.03765071 25.07307088 25.00548196 0.3334152837 0.3333198947 9.538898547e-05 0.0023883161 0.0001297424331 1.994777582e-05 0.00181079371 1969.865651 8030.134349 2.113466498e-13 5.210817792e-07 8.288302994e-06 0.002008896738 1.296443057 25.01378729 3.389619876 0.07455306419 12
9500 25.03741609 25.0728419 25.00527263 0.3334232997 0.3333153958 0.0001079039539 0.002701636192 0.0001311593949 2.387864154e-05 0.001618271122 1969.865651 8030.134349 1.696170317e-13 1.535130992e-07 5.228645454e-06 0.002467098147 1.296458759 25.01404426 3.389578823 0.07393758678 12
10000 25.03709075 25.07251232 25.00499015 0.3334341291 0.3333088804 0.0001252487105 0.003135863331 0.0001312791917 2.502227334e-05 0.001395460387 1969.865651 8030.134349 2.043543784e-13 2.794345729e-07 6.694931033e-07 0.003116029153 1.296442744 25.01321316 3.389620694 0.07458031981 12
10500 25.03683914 25.07225021 25.0047751 0.333442375 0.3333036108 0.0001387642689 0.003474218679 0.0001296506209 2.197084408e-05 0.001243930726 1969.865651 8030.134349 1.591535488e-13 5.826237158e-07 3.303791709e-06 0.003640222793 1.296443856 25.01295015 3.389617787 0.07460345704 12
11000 25.03677351 25.07217376 25.0047236 0.3334443034 0.3333018578 0.0001424456026 0.003566378292 0.0001279595449 1.952451726e-05 0.001195980295 1969.865651 8030.134349 1.354548742e-13 6.072043537e-07 5.062691362e-06 0.003808312372 1.296445298 25.01287788 3.389614017 0.07461754355 12
11500 25.03690707 25.0723014 25.00484571 0.3334395697 0.3333039835 0.0001355861413 0.003394657621 0.0001274832871 2.108194572e-05 0.001251803091 1969.865651 8030.134349 1.286682613e-13 3.61820354e-07 4.291424584e-06 0.003590741524 1.296446288 25.01301217 3.389611428 0.0746169818 12
12000 25.03715901 25.07255462 25.00507071 0.3334308698 0.3333084946 0.0001223752378 0.003063928288 0.0001278253321 2.27729915e-05 0.001390647562 1969.865651 8030.134349 1.587964006e-13 5.387934239e-08 1.783939149e-06 0.003132725104 1.296446565 25.0132711 3.389610703 0.07460391987 12
12500 25.03740104 25.07280357 25.00528622 0.3334226052 0.3333130147 0.0001095905067 0.002743861466 0.0001282572325 2.171668374e-05 0.001558111128 1969.865651 8030.134349 1.395783031e-13 4.234042092e-07 1.030994145e-06 0.002676253509 1.296446065 25.01352233 3.389612011 0.07458616458 12
13000 25.03752267 25.07293374 25.00539478 0.333418553 0.3333154703 0.0001030827094 0.002580935673 0.0001288324819 1.971520296e-05 0.001663898914 1969.865651 8030.134349 1.766190265e-13 5.868204882e-07 2.792086488e-06 0.002430609871 1.29644505 25.01365077 3.389614666 0.07457274847 12
13500 25.03748093 25.07289779 25.0053571 0.3334201517 0.3333149937 0.0001051580577 0.002632892863 0.0001297378953 1.980389745e-05 0.00164252658 1969.865651 8030.134349 1.381112478e-13 4.808182402e-07 2.889742123e-06 0.002483097291 1.296443897 25.01361048 3.38961768 0.07456939662 12
14000 25.03731269 25.0727301 25.00520457 0.3334260714 0.3333121678 0.0001139036105 0.002851840313 0.0001304623831 2.113219309e-05 0.001524891167 1969.865651 8030.134349 1.621571775e-13 1.797848827e-07 1.56134524e-06 0.00277286498 1.296443099 25.01343825 3.389619767 0.07457634765 12
14500 25.03710838 25.07252139 25.00501762 0.3334331679 0.3333085883 0.0001245795956 0.003119112837 0.000130363891 2.117226678e-05 0.001393172757 1969.865651 8030.134349 2.320262501e-13 1.650380926e-07 3.265894748e-07 0.003137011949 1.296442958 25.01322696 3.389620135 0.07458905817 12
15000 25.03696424 25.07237047 25.00488362 0.333438143 0.3333060066 0.0001321363703 0.00330829358 0.0001295247148 1.996133763e-05 0.001305050591 1969.865651 8030.134349 2.931930515e-13 3.994284663e-07 1.760175667e-06 0.00339895289 1.296459742 25.01357162 3.389576253 0.0739790723 12
15500 25.03693799 25.07233849 25.00485634 0.3334390266 0.3333054931 0.0001335334659 0.003343269106 0.0001286099099 1.942156633e-05 0.001282276975 1969.865651 8030.134349 3.85602741e-13 4.371436345e-07 2.108743128e-06 0.003450444084 1.296444266 25.01304716 3.389616716 0.07460662123 12
16000 25.03702709 25.07242549 25.00493518 0.3334359186 0.3333070287 0.0001288899256 0.00322702056 0.0001280807108 2.009553396e-05 0.001323002735 1969.865651 8030.134349 3.999472252e-13 2.847658002e-07 1.338885444e-06 0.003293926393 1.296242069 25.01362899 3.390145453 0.07681227911 12
16500 25.03717706 25.0725776 25.00507183 0.333430702 0.3333096493 0.0001210526737 0.003030817225 0.0001279323167 2.053122266e-05 0.001407016735 1969.865651 8030.134349 4.072975671e-13 3.777836123e-08 3.776244901e-08 0.003026967195 1.296445428 25.01329235 3.389613678 0.0745957799 12
17000 25.03731246 25.07271795 25.00519784 0.3334259895 0.3333120123 0.0001139772391 0.00285368375 0.0001280694813 2.002113628e-05 0.001495955083 1969.865651 8030.134349 4.353298638e-13 2.007646332e-07 1.274245809e-06 0.002786198002 1.296445378 25.01343319 3.389613807 0.07458594982 12
17500 25.03737395 25.07278463 25.00525816 0.3334238357 0.333313059 0.0001107766242 0.002773555766 0.0001284956125 1.943827369e-05 0.001544294561 1969.865651 8030.134349 4.49045677e-13 3.084167423e-07 1.783474265e-06 0.002679190607 1.296444968 25.01349829 3.389614881 0.07457942305 12
18000 25.03734335 25.07275707 25.00523441 0.3334248694 0.3333124667 0.0001124026732 0.002814264321 0.0001290812741 1.960157199e-05 0.001528893041 1969.865651 8030.134349 4.976398539e-13 2.646452856e-07 1.388811221e-06 0.002738755261 1.29644443 25.01346806 3.389616287 0.07457880238 12
18500 25.0372467 25.07266018 25.00514863 0.3334281911 0.3333107073 0.0001174838343 0.002941471743 0.000129485054 2.000611943e-05 0.001467349968 1969.865651 8030.134349 4.937923265e-13 1.107093412e-07 3.655032108e-07 0.002916918735 1.296444027 25.01336879 3.38961734 0.07458365393 12
19000 25.03713678 25.0725472 25.00504807 0.3334319844 0.3333087346 0.0001232498359 0.003085823 0.0001294653342 1.991387019e-05 0.001398496006 1969.865651 8030.134349 5.023162746e-13 6.892326656e-08 7.41039994e-07 0.003117026059 1.296443917 25.01325479 3.389617628 0.07459108733 12
19500 25.03706552 25.07247181 25.00498046 0.3334344598 0.3333074846 0.0001269752198 0.003179086898 0.0001291201901 1.951587461e-05 0.001353849856 1969.865651 8030.134349 5.187626509e-13 1.89267674e-07 1.401888081e-06 0.003244242814 1.296444095 25.01318005 3.389617162 0.07459738187 12
20000 25.03706047 25.07246354 25.00497218 0.3334346633 0.3333074454 0.0001272179306 0.003185163022 0.0001287331154 1.943191207e-05 0.001347216395 1969.865651 8030.134349 5.285164945e-13 2.046225462e-07 1.354046655e-06 0.003248974277 1.296444425 25.01317363 3.3896163 0.07459978906 12
20500 25.03711525 25.07251735 25.00501897 0.3334328054 0.3333084868 0.0001243185919 0.003112578914 0.0001284866521 1.967101922e-05 0.001375993515 1969.865651 8030.134349 5.054649721e-13 1.231549944e-07 6.887861556e-07 0.003144151615 1.296444726 25.01322949 3.389615512 0.07459767717 12
21000 25.0371968 25.07260034 25.00509188 0.3334300166 0.3333099973 0.0001200192582 0.003004945786 0.0001284081801 1.975241852e-05 0.001424409282 1969.865651 8030.134349 5.226334471e-13 1.760139094e-08 2.248073693e-07 0.00299153635 1.296444863 25.01331377 3.389615155 0.07459256956 12
21500 25.03726397 25.0726704 25.00515375 0.3334277101 0.3333112247 0.0001164853622 0.002916474762 0.0001284881699 1.955303902e-05 0.001468532851 1969.865651 8030.134349 5.582463356e-13 1.091500706e-07 9.45880975e-07 0.002867292844 1.296444794 25.01338386 3.389615336 0.07458718167 12
22000 25.03728753 25.07269681 25.00517737 0.3334268925 0.3333116394 0.0001152530908 0.002885624772 0.0001287062788 1.940624487e-05 0.00148675231 1969.865651 8030.134349 4.878687475e-13 1.499796428e-07 1.166909554e-06 0.002825123602 1.296444581 25.01340916 3.389615893 0.07458402229 12
22500 25.03726212 25.0726729 25.00515674 0.3334277512 0.3333111499 0.0001166012499 0.002919376057 0.0001289615526 1.949539883e-05 0.00147247848 1969.865651 8030.134349 4.442630521e-13 1.127547481e-07 8.451485002e-07 0.002874327355 1.296444347 25.01338367 3.389616505 0.07458426363 12
23000 25.03720569 25.07261614 25.00510711 0.3334296735 0.3333100924 0.0001195811118 0.002993976892 0.000129097747 1.960530992e-05 0.001437305093 1969.865651 8030.134349 4.807382506e-13 3.276788826e-08 1.886825622e-07 0.002980982301 1.296444211 25.01332561 3.38961686 0.07458737034 12
23500 25.03714831 25.07255696 25.00505525 0.3334316322 0.3333090232 0.0001226090126 0.003069780031 0.0001290377008 1.954305294e-05 0.001401161206 1969.865651 8030.134349 4.828357721e-13 6.34446462e-08 4.649178324e-07 0.003088899319 1.296444229 25.01326599 3.389616813 0.07459155874 12
24000 25.0371167 25.07252313 25.0050256 0.3334327115 0.3333084356 0.0001242758907 0.003111509979 0.0001288480588 1.942315296e-05 0.001380337945 1969.865651 8030.134349 4.308390575e-13 1.111504714e-07 8.240419746e-07 0.003148236238 1.296444374 25.01323266 3.389616432 0.07459477001 12
24500 25.0371224 25.07252724 25.00502925 0.3334325163 0.3333085401 0.0001239761916 0.003104007085 0.0001286583117 1.942400206e-05 0.001381636791 1969.865651 8030.134349 4.459847547e-13 1.032464283e-07 7.621362551e-07 0.003137663856 1.296444564 25.01323787 3.389615936 0.07459564906 12
25000 25.03715823 25.07256276 25.00506046 0.3334312912 0.3333092033 0.0001220878634 0.003056733153 0.0001285533234 1.950163493e-05 0.001401859621 1969.865651 8030.134349 4.157073135e-13 4.870051878e-08 3.614930623e-07 0.003070670421 1.296444703 25.01327451 3.389615574 0.07459408132 12
25500 25.03720393 25.07260942 25.00510141 0.3334297288 0.3333100508 0.0001196780358 0.002996403388 0.0001285528963 1.950762181e-05 0.001430079995 1969.865651 8030.134349 4.289235115e-13 2.677725242e-08 1.535344753e-07 0.002985057365 1.29644473 25.01332181 3.389615503 0.07459109323 12
26000 25.03723716 25.07264427 25.00513192 0.3334285948 0.3333106702 0.0001179246446 0.002952507292 0.0001286439724 1.943817541e-05 0.001452369796 1969.865651 8030.134349 4.742986316e-13 7.460838448e-08 5.322242465e-07 0.002922538496 1.296444643 25.01335656 3.389615729 0.07458823819 12
26500 25.03724403 25.07265259 25.00513907 0.3334283637 0.3333108046 0.0001175590189 0.002943353844 0.0001287883215 1.940600999e-05 0.001458521224 1969.865651 8030.134349 5.281369076e-13 8.722237405e-08 6.229403287e-07 0.002909050854 1.296444494 25.0133642 3.389616119 0.07458681501 12
27000 25.03722455 25.07263372 25.00512232 0.3334290348 0.3333104524 0.0001185823897 0.002968973919 0.0001289168482 1.944263414e-05 0.00144737825 1969.865651 8030.134349 5.315271965e-13 5.566516802e-08 4.208990666e-07 0.002944758647 1.296444358 25.01334446 3.389616476 0.07458730125 12
27500 25.03719086 25.07259964 25.00509224 0.3334301909 0.3333098358 0.0001203551617 0.003013355155 0.0001289605196 1.946884918e-05 0.00142654409 1969.865651 8030.134349 5.946416652e-13 2.348053468e-08 5.462299811e-08 0.00300715488 1.296444296 25.01330973 3.389616638 0.07458923594 12
28000 25.0371602 25.07256789 25.0050643 0.3334312413 0.3333092714 0.0001219699244 0.003053780536 0.000128901434 1.944061006e-05 0.001407014819 1969.865651 8030.134349 6.307399007e-13 4.728950814e-08 2.776057017e-07 0.003064220093 1.296444329 25.01327783 3.389616552 0.07459154841 12
28500 25.03714632 25.07255282 25.00505111 0.3334317149 0.3333090126 0.0001227022866 0.003072115103 0.0001287838201 1.940736662e-05 0.001397341525 1969.865651 8030.134349 6.844058267e-13 7.350714387e-08 4.357378517e-07 0.003090337665 1.296444431 25.0132631 3.389616284 0.07459312627 12
29000 25.03715359 25.07255934 25.00505699 0.3334314628 0.3333091408 0.0001223220273 0.003062595383 0.0001286741812 1.94155394e-05 0.001400491686 1969.865651 8030.134349 6.81613875e-13 5.885832312e-08 3.677410783e-07 0.003077298704 1.296444548 25.01327026 3.389615977 0.07459333259 12
29500 25.0371761 25.07258186 25.00507694 0.3334306883 0.3333095491 0.0001211392285 0.003032984197 0.0001286183141 1.943861904e-05 0.001413550766 1969.865651 8030.134349 7.293990509e-13 3.000637586e-08 1.343631535e-07 0.003035934907 1.296444626 25.01329336 3.389615774 0.07459224096 12
30000 25.03720165 25.07260807 25.0051001 0.3334298103 0.3333100148 0.0001197954894 0.002999343826 0.0001286295667 1.943420816e-05 0.001429530081 1969.865651 8030.134349 7.497752542e-13 2.300927502e-08 1.397570154e-07 0.002988783659 1.296444634 25.01331984 3.389615753 0.07459051434 12
30500 25.03721814 25.07262548 25.00511546 0.3334292443 0.3333103163 0.0001189280329 0.002977627103 0.0001286957153 1.941187862e-05 0.001440696577 1969.865651 8030.134349 7.455733587e-13 5.305263168e-08 3.166019653e-07 0.00295826812 1.296444577 25.01333713 3.389615902 0.07458902679 12
31000 25.0372191 25.07262718 25.00511692 0.333429212 0.3333103351 0.0001188769295 0.00297634773 0.0001287845542 1.94065827e-05 0.001442310799 1969.865651 8030.134349 7.741581599e-13 4.97805531e-08 3.281011715e-07 0.002956387154 1.296444489 25.01333841 3.389616133 0.07458843446 12
31500 25.037206 25.07261432 25.00510552 0.3334296624 0.3333100973 0.0001195651533 0.002993577373 0.000128853229 1.941973657e-05 0.001434774217 1969.865651 8030.134349 7.820619198e-13 2.708790881e-08 1.910458189e-07 0.002980476074 1.296444413 25.01332507 3.389616331 0.07458890016 12
32000 25.0371866 25.07259459 25.00508807 0.3334303294 0.3333097441 0.0001205853616 0.0030191182 0.0001288695132 1.942476614e-05 0.001422816251 1969.865651 8030.134349 8.112541793e-13 2.75144295e-08 0 0.00301624156 1.296444383 25.01330503 3.38961641 0.0745900794 12
32500 25.03717057 25.0725779 25.00507332 0.3334308803 0.3333094524 0.0001214278802 0.003040210548 0.0001288312959 1.941385725e-05 0.001412526028 1969.865651 8030.134349 8.235330845e-13 3.38213219e-08 1.840149908e-07 0.003045776569 1.296444406 25.01328832 3.389616351 0.07459134151 12
33000 25.03716487 25.07257154 25.0050677 0.3334310767 0.333309349 0.0001217276255 0.003047714629 0.0001287650671 1.940541673e-05 0.001408323753 1969.865651 8030.134349 7.788324532e-13 3.540401669e-08 2.461630794e-07 0.003056250748 1.296444464 25.01328221 3.389616197 0.07459209515 12
33500 25.03717082 25.07257715 25.00507265 0.3334308725 0.3333094584 0.000121414142 0.003039866615 0.0001287059342 1.941008741e-05 0.001411311202 1969.865651 8030.134349 7.458765382e-13 3.412070181e-08 1.764361177e-07 0.003045191803 1.296444527 25.01328818 3.389616033 0.07459205571 12
34000 25.03718425 25.07259067 25.00508459 0.3334304115 0.3333097039 0.0001207076654 0.00302218006 0.000128678453 1.941636784e-05 0.001419267444 1969.865651 8030.134349 7.38070756e-13 0 1.887589763e-08 0.003020346575 1.296444565 25.01330199 3.389615934 0.07459133875 12
34500 25.03719805 25.07260489 25.00509715 0.3334299376 0.3333099557 0.0001199819124 0.003004010902 0.0001286895355 1.941315635e-05 0.001427974573 1969.865651 8030.134349 7.302768654e-13 1.448203671e-08 1.116281726e-07 0.002994854208 1.296444564 25.01331632 3.389615936 0.07459035767 12
35000 25.03720582 25.07261319 25.00510448 0.3334296703 0.3333100971 0.0001195731421 0.00299377737 0.0001287297812 1.940645918e-05 0.001433303876 1969.865651 8030.134349 7.55817314e-13 3.445429392e-08 1.951130653e-07 0.002980531752 1.296444529 25.01332451 3.389616027 0.07458959659 12
35500 25.03720475 25.07261248 25.00510387 0.3334297067 0.3333100766 0.0001196300531 0.002995202133 0.0001287782353 1.940630665e-05 0.00143316132 1969.865651 8030.134349 7.541691452e-13 2.721018401e-08 1.823502127e-07 0.002982596333 1.296444482 25.01332356 3.389616152 0.07458937872 12
36000 25.03719642 25.07260423 25.00509659 0.3334299921 0.3333099235 0.0001200685938 0.003006180966 0.0001288113054 1.941059453e-05 0.001428293982 1969.865651 8030.134349 7.874193437e-13 2.308390194e-08 9.416934694e-08 0.002998076835 1.296444444 25.01331504 3.389616249 0.07458973735 12
36500 25.03718557 25.07259315 25.00508682 0.3334303642 0.3333097247 0.0001206394864 0.003020473208 0.0001288146247 1.941106924e-05 0.001421572226 1969.865651 8030.134349 8.243264797e-13 1.984297893e-08 0 0.003018191489 1.296444434 25.01330381 3.389616277 0.07459043639 12
37000 25.03717752 25.07258471 25.00507938 0.3334306407 0.3333095773 0.0001210634164 0.003031086247 0.000128790322 1.940725597e-05 0.001416327476 1969.865651 8030.134349 8.536832137e-13 1.448167469e-08 1.143632023e-07 0.003033107683 1.296444451 25.01329539 3.389616232 0.07459111219 12
37500 25.03717562 25.07258246 25.00507739 0.3334307062 0.3333095429 0.000121163318 0.003033587271 0.0001287538933 1.94053704e-05 0.00141475951 1969.865651 8030.134349 9.026334511e-13 3.080293794e-08 1.338652498e-07 0.003036598683 1.296444485 25.0132933 3.389616144 0.0745914566 12
37999 25.03718031 25.072587 25.00508139 0.3334305455 0.3333096291 0.0001209163571 0.003027404635 0.0001287227472 1.94074868e-05 0.001417305831 1969.865651 8030.134349 9.226379223e-13 2.129610507e-08 8.194615828e-08 0.003027873791 1.296444519 25.01329805 3.389616055 0.07459133837 12
