# 1:passo  2:raio_area  3:raio_grad  4:raio_linha  5:p_in  6:p_out  7:delta_p  8:sigma  9:|u-v0|max  10:|u-v0|rms  11:Ca  12:massa_R  13:massa_B  14:|q|  15:sd_p_in  16:sd_p_out  17:sigma_2pontos  18:K_perfil  19:r_perfil  20:espessura_10_90  21:residuo_ajuste  22:n_camadas
0 25.04052139 25.08111096 25 0.3333333333 0.3333333333 -2.220446049e-16 -5.560112678e-15 0.00992315281 0.001210083441 0 1969.865651 8030.134349 5.252201794e-16 2.731879552e-08 0 -2.775557562e-15 1.273345395 25.01411833 3.451105388 0.08159937045 12
500 24.64121089 24.63514163 24.55522973 0.3433351799 0.3313063831 0.01202879685 0.2964041199 0.003745247594 0.002502876281 0.004211870824 1969.865651 8030.134349 3.417390181e-13 0.0002436788955 0.0002892973417 0.2736807873 1.297453283 24.61347417 3.386980642 0.08404816179 12
1000 24.53674742 24.52725847 24.45443188 0.3472710962 0.3298447706 0.01742632563 0.4275853505 0.003338186069 0.001718623133 0.002602354567 1969.865651 8030.134349 4.125890096e-13 3.247437443e-05 8.080802845e-05 0.4208693937 1.296685241 24.50499616 3.388986792 0.09585094903 12
1500 24.51184822 24.5008352 24.43264837 0.3481936902 0.3294361028 0.01875758738 0.459783135 0.002724595405 0.0007695649877 0.001975275732 1969.865651 8030.134349 5.283825439e-13 1.485031878e-05 7.884387029e-05 0.462317784 1.296720412 24.47880367 3.388894873 0.1002400013 12
2000 24.51196856 24.50041098 24.43342074 0.3481890763 0.3294327096 0.01875636666 0.4597554699 0.002566692842 0.0003059254329 0.001860911586 1969.865651 8030.134349 8.877405744e-13 1.5231969e-05 8.538650931e-05 0.462574372 1.296779055 24.47870545 3.388741618 0.1011346699 12
2500 24.51639701 24.50473981 24.43753716 0.3480271203 0.3295085393 0.01851858099 0.4540088837 0.002651918216 0.0002366279603 0.001947038418 1969.865651 8030.134349 1.532915306e-12 7.711999673e-06 4.695901847e-05 0.4548633772 1.296811845 24.48321993 3.388655935 0.1009075656 12
3000 24.51944317 24.5078222 24.44022291 0.3479162446 0.329562748 0.01835349661 0.4500175171 0.002668711517 0.0002397902232 0.001976746398 1969.865651 8030.134349 2.696900033e-12 2.535078091e-06 1.699118715e-05 0.4493779457 1.296826229 24.48636901 3.388618349 0.100571784 12
3500 24.52074692 24.5091717 24.44133522 0.3478689763 0.3295865281 0.01828244819 0.4482992854 0.002662888117 0.0002381862618 0.001979992833 1969.865651 8030.134349 4.708606179e-12 4.340705603e-07 3.278665117e-06 0.446981344 1.296830522 24.48772942 3.388607131 0.1003777885 12
4000 24.52108873 24.50953919 24.44161262 0.3478566348 0.3295929544 0.01826368048 0.4478453296 0.002655636552 0.0002369540635 0.001976602469 1969.865651 8030.134349 8.115351808e-12 4.278023999e-07 8.216872946e-07 0.4463374104 1.296830789 24.48809174 3.388606434 0.1003049781 12
4500 24.52108257 24.50954248 24.44159805 0.3478568783 0.3295929497 0.01826392859 0.4478513009 0.002651661171 0.0002366850648 0.001973617259 1969.865651 8030.134349 1.398452166e-11 4.278702599e-07 8.789645433e-07 0.4463400683 1.296830142 24.48808929 3.388608124 0.1002906072 12
5000 24.52101347 24.50947517 24.4415354 0.347859384 0.3295917218 0.01826766216 0.4479415897 0.002650236077 0.0002366607314 0.001972158974 1969.865651 8030.134349 2.407252722e-11 3.634485441e-07 5.260514901e-07 0.446464524 1.296829633 24.48801891 3.388609455 0.1002943452 12
5500 24.52096602 24.50942718 24.44149411 0.3478611001 0.3295908577 0.01827024246 0.4480039945 0.002649986576 0.0002366598217 0.001971698622 1969.865651 8030.134349 4.148220941e-11 3.337052307e-07 7.232667436e-07 0.4465516809 1.296829396 24.48796985 3.388610072 0.1002997154 12
6000 24.52094576 24.5094062 24.44147695 0.3478618318 0.3295904827 0.01827134903 0.4480307584 0.002650081909 0.0002366592209 0.001971651767 1969.865651 8030.134349 7.155412359e-11 3.258899033e-07 8.920559185e-07 0.4465893791 1.296829327 24.4879487 3.388610254 0.100302787 12
6500 24.52094052 24.50940055 24.44147273 0.3478620204 0.3295903831 0.0182716373 0.4480377313 0.002650196606 0.00023665912 0.001971706414 1969.865651 8030.134349 1.234216672e-10 3.237437105e-07 9.420766518e-07 0.4465993404 1.296829323 24.48794314 3.388610265 0.1003039283 12
7000 24.52094068 24.50940057 24.44147302 0.3478620141 0.3295903844 0.01827162971 0.4480375484 0.002650259257 0.0002366592346 0.001971753831 1969.865651 8030.134349 2.129194432e-10 3.240893454e-07 9.423942858e-07 0.4465991801 1.296829333 24.48794325 3.388610237 0.1003041475 12
7500 24.5209418 24.50940165 24.44147403 0.3478619737 0.3295904042 0.0182715695 0.4480360923 0.00265028155 0.000236659316 0.001971776824 1969.865651 8030.134349 3.671488655e-10 3.237631833e-07 9.335392779e-07 0.4465971708 1.296829341 24.48794438 3.388610216 0.1003040847 12
8000 24.52094255 24.50940242 24.44147468 0.3478619465 0.3295904179 0.01827152854 0.4480351015 0.002650285324 0.0002366593428 0.001971783993 1969.865651 8030.134349 6.3324263e-10 3.24678115e-07 9.267324666e-07 0.4465957861 1.296829345 24.48794516 3.388610207 0.1003039986 12
8500 24.52094287 24.50940275 24.44147495 0.347861935 0.3295904238 0.01827151114 0.4480346808 0.002650283739 0.000236659345 0.001971784665 1969.865651 8030.134349 1.09219187e-09 3.248636409e-07 9.238257368e-07 0.4465951932 1.296829346 24.48794549 3.388610204 0.10030395 12
9000 24.52094295 24.50940283 24.44147502 0.3478619321 0.3295904254 0.01827150669 0.4480345732 0.002650281903 0.0002366593415 0.001971783773 1969.865651 8030.134349 1.883700701e-09 3.242574014e-07 9.231655485e-07 0.4465950392 1.296829346 24.48794558 3.388610204 0.1003039321 12
9500 24.52094294 24.50940283 24.44147501 0.3478619322 0.3295904253 0.01827150687 0.4480345774 0.002650280913 0.0002366593386 0.001971783017 1969.865651 8030.134349 3.248767781e-09 3.247631894e-07 9.223098742e-07 0.4465950436 1.296829346 24.48794558 3.388610204 0.1003039288 12
10000 24.52094293 24.50940281 24.441475 0.3478619328 0.329590425 0.01827150784 0.4480346009 0.002650280564 0.0002366593373 0.001971782655 1969.865651 8030.134349 5.603022418e-09 3.24683425e-07 9.227187271e-07 0.4465950761 1.296829346 24.48794556 3.388610204 0.1003039298 12
10500 24.52094292 24.5094028 24.44147498 0.3478619333 0.3295904248 0.01827150849 0.4480346166 0.002650280508 0.0002366593369 0.001971782543 1969.865651 8030.134349 9.663301761e-09 3.241973442e-07 9.231444903e-07 0.4465950981 1.296829346 24.48794555 3.388610204 0.1003039312 12
11000 24.52094291 24.5094028 24.44147498 0.3478619335 0.3295904247 0.01827150876 0.4480346232 0.002650280534 0.0002366593368 0.001971782534 1969.865651 8030.134349 1.666586682e-08 3.247536132e-07 9.235329794e-07 0.4465951074 1.296829346 24.48794554 3.388610205 0.1003039319 12
11500 24.52094291 24.5094028 24.44147498 0.3478619335 0.3295904247 0.01827150883 0.4480346249 0.002650280565 0.0002366593369 0.00197178255 1969.865651 8030.134349 2.8743143e-08 3.244402842e-07 9.231630467e-07 0.4465951098 1.296829346 24.48794554 3.388610204 0.1003039322 12
12000 24.52094291 24.5094028 24.44147498 0.3478619335 0.3295904247 0.01827150883 0.4480346248 0.002650280582 0.0002366593369 0.001971782563 1969.865651 8030.134349 4.957268265e-08 3.239714676e-07 9.229911777e-07 0.4465951097 1.296829346 24.48794554 3.388610204 0.1003039321 12
12500 24.52094291 24.5094028 24.44147498 0.3478619335 0.3295904247 0.01827150881 0.4480346244 0.00265028059 0.0002366593369 0.001971782571 1969.865651 8030.134349 8.549742668e-08 3.239127044e-07 9.233086799e-07 0.4465951091 1.296829346 24.48794554 3.388610204 0.1003039319 12
13000 24.52094291 24.5094028 24.44147498 0.3478619335 0.3295904247 0.0182715088 0.4480346242 0.002650280596 0.000236659337 0.001971782576 1969.865651 8030.134349 1.474564877e-07 3.241551281e-07 9.237448105e-07 0.4465951088 1.296829346 24.48794554 3.388610204 0.1003039316 12
13500 24.52094291 24.5094028 24.44147498 0.3478619335 0.3295904247 0.0182715088 0.4480346241 0.002650280604 0.000236659337 0.001971782582 1969.865651 8030.134349 2.543148715e-07 3.24557889e-07 9.237485926e-07 0.4465951086 1.296829346 24.48794554 3.388610204 0.1003039311 12
14000 24.52094291 24.5094028 24.44147498 0.3478619335 0.3295904247 0.01827150879 0.448034624 0.002650280618 0.000236659337 0.001971782593 1969.865651 8030.134349 4.38610057e-07 3.24614624e-07 9.234960739e-07 0.4465951086 1.296829346 24.48794554 3.388610203 0.1003039303 12
14500 24.52094291 24.5094028 24.44147498 0.3478619335 0.3295904247 0.0182715088 0.448034624 0.002650280643 0.0002366593369 0.001971782611 1969.865651 8030.134349 7.564579402e-07 3.241946988e-07 9.230429242e-07 0.4465951086 1.296829347 24.48794554 3.388610202 0.1003039288 12
15000 24.52094291 24.5094028 24.44147498 0.3478619335 0.3295904247 0.0182715088 0.448034624 0.002650280686 0.0002366593369 0.001971782643 1969.865651 8030.134349 1.304640357e-06 3.245329894e-07 9.232537091e-07 0.4465951086 1.296829347 24.48794554 3.388610201 0.1003039262 12
15500 24.52094291 24.5094028 24.44147498 0.3478619335 0.3295904247 0.0182715088 0.448034624 0.00265028076 0.0002366593369 0.001971782699 1969.865651 8030.134349 2.250073684e-06 3.245495587e-07 9.231993459e-07 0.4465951086 1.296829348 24.48794554 3.388610198 0.1003039219 12
16000 24.52094291 24.5094028 24.44147498 0.3478619335 0.3295904247 0.0182715088 0.448034624 0.002650280889 0.0002366593369 0.001971782794 1969.865651 8030.134349 3.880633059e-06 3.245546115e-07 9.230969816e-07 0.4465951086 1.29682935 24.48794554 3.388610193 0.1003039143 12
16500 24.52094291 24.5094028 24.44147498 0.3478619335 0.3295904247 0.0182715088 0.448034624 0.00265028111 0.000236659337 0.001971782959 1969.865651 8030.134349 6.69280765e-06 3.244612013e-07 9.233635413e-07 0.4465951086 1.296829353 24.48794555 3.388610185 0.1003039013 12
17000 24.52094291 24.5094028 24.44147498 0.3478619335 0.3295904247 0.0182715088 0.448034624 0.002650281492 0.000236659337 0.001971783243 1969.865651 8030.134349 1.154287756e-05 3.244545906e-07 9.232424817e-07 0.4465951086 1.296829359 24.48794555 3.388610171 0.1003038789 12
17500 24.52094291 24.5094028 24.44147498 0.3478619335 0.3295904247 0.0182715088 0.448034624 0.00265028215 0.000236659337 0.001971783732 1969.865651 8030.134349 1.990764161e-05 3.235813623e-07 9.233901238e-07 0.4465951086 1.296829368 24.48794556 3.388610147 0.1003038401 12
18000 24.52094291 24.5094028 24.44147498 0.3478619335 0.3295904247 0.0182715088 0.448034624 0.002650283285 0.000236659337 0.001971784577 1969.865651 8030.134349 3.433408929e-05 3.24287684e-07 9.231711906e-07 0.4465951086 1.296829384 24.48794557 3.388610105 0.1003037733 12
18500 24.52094291 24.5094028 24.44147498 0.3478619335 0.3295904247 0.0182715088 0.448034624 0.002650285242 0.0002366593371 0.001971786033 1969.865651 8030.134349 5.92149333e-05 3.244652942e-07 9.234284067e-07 0.4465951086 1.296829412 24.4879456 3.388610032 0.1003036582 12
19000 24.52094291 24.5094028 24.44147498 0.3478619335 0.3295904247 0.0182715088 0.448034624 0.002650288618 0.0002366593373 0.001971788545 1969.865651 8030.134349 0.0001021261488 3.24502586e-07 9.231193926e-07 0.4465951086 1.29682946 24.48794564 3.388609907 0.1003034595 12
19500 24.52094291 24.5094028 24.44147498 0.3478619335 0.3295904247 0.0182715088 0.448034624 0.002650294439 0.0002366593379 0.001971792875 1969.865651 8030.134349 0.0001761337835 3.244864327e-07 9.231930228e-07 0.4465951086 1.296829542 24.48794571 3.388609692 0.1003031169 12
20000 24.52094291 24.5094028 24.44147498 0.3478619335 0.3295904247 0.0182715088 0.448034624 0.002650304473 0.0002366593396 0.001971800341 1969.865651 8030.134349 0.0003037724413 3.244009558e-07 9.231467349e-07 0.4465951086 1.296829684 24.48794582 3.388609321 0.100302526 12
20500 24.52094291 24.5094028 24.44147498 0.3478619335 0.3295904247 0.01827150879 0.448034624 0.002650321768 0.0002366593449 0.001971813208 1969.865651 8030.134349 0.0005239068498 3.245628148e-07 9.231508161e-07 0.4465951086 1.296829929 24.48794603 3.388608681 0.1003015069 12
21000 24.52094291 24.5094028 24.44147498 0.3478619335 0.3295904247 0.01827150879 0.448034624 0.00265035156 0.0002366593607 0.001971835373 1969.865651 8030.134349 0.0009035657833 3.242069635e-07 9.234070924e-07 0.4465951085 1.29683035 24.48794638 3.388607581 0.1002997494 12
21500 24.52094291 24.5094028 24.44147498 0.3478619335 0.3295904247 0.01827150879 0.4480346238 0.002650402836 0.0002366594074 0.001971873523 1969.865651 8030.134349 0.001558351634 3.247018076e-07 9.230008417e-07 0.4465951083 1.296831074 24.48794699 3.388605689 0.1002967184 12
22000 24.52094291 24.5094028 24.44147498 0.3478619335 0.3295904247 0.01827150876 0.4480346233 0.002650490957 0.0002366595466 0.001971939086 1969.865651 8030.134349 0.00268764002 3.241403174e-07 9.234477737e-07 0.4465951078 1.296832314 24.48794804 3.388602448 0.1002914915 12
22500 24.52094291 24.5094028 24.44147498 0.3478619334 0.3295904247 0.0182715087 0.4480346217 0.002650642004 0.0002366599607 0.001972051471 1969.865651 8030.134349 0.00463528671 3.249664042e-07 9.235966118e-07 0.4465951061 1.296834431 24.48794986 3.388596917 0.1002824782 12
23000 24.52094292 24.5094028 24.44147498 0.3478619332 0.3295904247 0.0182715085 0.448034617 0.00265089974 0.0002366611923 0.001972243244 1969.865651 8030.134349 0.007994323176 3.2439835e-07 9.233351142e-07 0.4465951012 1.296838013 24.48795298 3.388587557 0.1002669375 12
23500 24.52094293 24.50940282 24.44147499 0.3478619327 0.3295904248 0.01827150791 0.4480346027 0.002651336005 0.0002366648555 0.001972567884 1969.865651 8030.134349 0.01378750232 3.249834993e-07 9.232025428e-07 0.4465950864 1.296843988 24.48795837 3.388571944 0.1002401477 12
24000 24.52094298 24.50940287 24.44147501 0.3478619312 0.3295904251 0.01827150613 0.4480345601 0.002652063897 0.0002366757509 0.001973109617 1969.865651 8030.134349 0.02377858036 3.2633065e-07 9.233511013e-07 0.4465950426 1.296853689 24.48796764 3.388546596 0.1001939824 12
24500 24.52094312 24.50940302 24.44147508 0.3478619267 0.3295904259 0.01827150085 0.4480344329 0.002653246342 0.0002367081527 0.001973989904 1969.865651 8030.134349 0.04100866377 3.293210808e-07 9.233608481e-07 0.4465949124 1.295521067 24.49088447 3.392032185 0.1069208626 12
25000 24.52094353 24.50940348 24.44147526 0.3478619133 0.3295904282 0.01827148509 0.4480340542 0.00265506879 0.0002368044746 0.001975347458 1969.865651 8030.134349 0.07071860806 3.383536977e-07 9.238601804e-07 0.446594525 1.295043547 24.49201194 3.393282926 0.1114406486 12
25500 24.52094476 24.50940482 24.44147583 0.3478618735 0.3295904331 0.01827144047 0.4480329824 0.002657567341 0.0002370904824 0.001977211087 1969.865651 8030.134349 0.121926413 3.655954583e-07 9.221045692e-07 0.446593374 1.29518759 24.49262285 3.392905543 0.1180862997 12
26000 24.52094839 24.50940879 24.44147753 0.3478617556 0.3295904533 0.01827130224 0.4480296593 0.002659964254 0.0002379368123 0.001979009052 1969.865651 8030.134349 0.2100789775 4.350240031e-07 9.239047432e-07 0.4465899608 1.29687893 24.48400198 3.388480645 0.1282247366 12
26500 24.52095911 24.50942052 24.4414828 0.3478614077 0.3295905155 0.01827089221 0.4480198009 0.00265889012 0.00024041605 0.001978253428 1969.865651 8030.134349 0.3612760093 5.924906089e-07 9.325954849e-07 0.4465798997 1.292339971 24.48057903 3.400381675 0.1302307755 12
27000 24.52099018 24.5094545 24.44150024 0.3478603865 0.3295906917 0.0182696948 0.4479910067 0.002656481014 0.0002474709402 0.001976588052 1969.865651 8030.134349 0.6178084328 8.751194989e-07 9.521166983e-07 0.4465502129 1.292025489 24.48260408 3.401209336 0.1089335628 12
27500 24.52107588 24.50954825 24.44156576 0.3478575786 0.3295911859 0.0182663927 0.4479116014 0.002775236423 0.0002660222315 0.002065315577 1969.865651 8030.134349 1.039426709 1.3552686e-06 1.002728072e-06 0.4464696781 1.287381915 24.46973833 3.413477465 0.09167937827 12
28000 24.52128258 24.50977437 24.44184218 0.3478507615 0.3295923713 0.01825839019 0.4477191453 0.002932361489 0.0003062920097 0.00218318524 1969.865651 8030.134349 1.671984335 1.784401742e-06 1.067786095e-06 0.4462772528 1.295151754 24.47447019 3.392999424 0.08409062886 12
28500 24.52164349 24.51016908 24.44283914 0.3478388475 0.3295944335 0.01824441399 0.4473830156 0.002930860216 0.0003646248516 0.002183706961 1969.865651 8030.134349 2.412484982 1.613563662e-06 9.427828207e-07 0.4459484095 1.294783984 24.47458377 3.393963169 0.09132801356 12
29000 24.52197286 24.5105288 24.44453263 0.3478278845 0.3295963073 0.01823157723 0.4470742421 0.003039993877 0.0003996136848 0.002266583929 1969.865651 8030.134349 2.846605017 7.780672128e-07 3.362477996e-07 0.4456592197 1.302375496 24.48491477 3.374179848 0.1198362833 12
29500 24.52203974 24.51060147 24.4464058 0.3478256212 0.3295966803 0.01822894089 0.4470108128 0.002947398119 0.0003791890475 0.002197857438 1969.865651 8030.134349 2.604943164 2.144866346e-06 6.260069766e-07 0.4456279227 1.295294334 24.4932653 3.392625938 0.1490321022 12
29999 24.5219644 24.51051911 24.44708729 0.3478281497 0.3295962535 0.0182318962 0.4470819097 0.002897991727 0.0003357180238 0.002160671728 1969.865651 8030.134349 1.885602826 2.681481434e-06 1.016552574e-06 0.4457171572 1.30152351 24.48615738 3.37638861 0.1157274178 12
