# 1:passo  2:raio_area  3:raio_grad  4:raio_linha  5:p_in  6:p_out  7:delta_p  8:sigma  9:|u-v0|max  10:|u-v0|rms  11:Ca  12:massa_R  13:massa_B  14:|q|  15:sd_p_in  16:sd_p_out  17:sigma_2pontos  18:K_perfil  19:r_perfil  20:espessura_10_90  21:residuo_ajuste  22:n_camadas
0 25.04052139 25.08111096 25 0.3333333333 0.3333333333 -2.220446049e-16 -5.560112678e-15 2.862293735e-17 7.610091278e-18 0 1969.865651 8030.134349 5.371151864e-16 2.731879552e-08 0 -2.775557562e-15 1.273345395 25.01411833 3.451105388 0.08159937045 12
500 23.24467627 23.15593348 23.0697674 0.3909244329 0.325153409 0.06577102391 1.528826159 0.03798303042 0.009945334744 0.01242228562 1969.865651 8030.134349 1.070109795e-14 0.0006044584594 0.001951494213 1.409643869 1.342007174 23.23071502 3.274534771 0.07997738436 11
1000 22.98163481 22.89948666 22.37700416 0.4012636616 0.3198902538 0.0813734078 1.870093941 0.1407468228 0.01447198377 0.03763094988 1969.865651 8030.134349 2.787115499e-14 0.0003505214618 0.0006443414193 1.79571102 1.338095921 22.96655018 3.284106232 0.1202834966 12
1500 22.93169589 22.8452151 22.38648838 0.4031116008 0.3186361223 0.0844754785 1.937165983 0.1536744004 0.01527812684 0.03966474783 1969.865651 8030.134349 2.833723977e-14 0.0003917367699 6.932763257e-05 1.893262682 1.325323239 22.92631237 3.315756509 0.08015950463 11
2000 22.935712 22.84017244 22.39909384 0.4028303177 0.3186138403 0.08421647737 1.931564871 0.1831406711 0.01670144695 0.04740733119 1969.865651 8030.134349 2.435775487e-14 0.0004363350813 0.0003016830186 1.888883765 1.342007011 22.89864018 3.274535168 0.09957242283 12
2500 22.94193824 22.63752945 22.1213803 0.4021177089 0.3187310534 0.08338665555 1.913051502 0.3121734864 0.02464165053 0.08159045539 1969.865651 8030.134349 8.377692969e-14 0.0006493314909 0.0004891457181 1.843616069 1.357939171 22.90735439 3.236116351 0.06997603605 12
3000 22.94884612 22.5601571 22.07774148 0.4015829353 0.3187764925 0.08280644281 1.900312314 0.3132215753 0.02562275118 0.08241318364 1969.865651 8030.134349 7.880269247e-14 0.000598325557 0.0005087166881 1.823477122 1.333233163 22.90626428 3.296084492 0.09670298795 12
3500 22.94251664 22.52896986 22.08761425 0.4020431521 0.318778081 0.08326507106 1.910310278 0.252968626 0.02604837452 0.06621139741 1969.865651 8030.134349 1.605390052e-13 0.0006072589121 0.0003316847157 1.836400581 1.336711776 22.92642533 3.287506876 0.06144060343 12
4000 22.9459692 22.51994241 21.20947547 0.4018540207 0.3187568681 0.08309715255 1.906744703 0.3184101863 0.02644903911 0.08349575739 1969.865651 8030.134349 4.291098071e-13 0.0005830060856 0.0004225694384 1.760450692 1.341044916 22.91692561 3.276884393 0.06573645023 12
4500 22.95136796 22.53164325 23.42950393 0.401448941 0.3187670526 0.08268188843 1.897662445 0.2980404852 0.02652004539 0.0785283194 1969.865651 8030.134349 9.826626764e-14 0.0005862567597 0.000421643382 1.932249307 1.341311687 22.9215388 3.276232659 0.1766420885 12
5000 22.94261731 22.54548387 23.09852357 0.4019527904 0.3187304032 0.0832223872 1.909339381 0.2986789352 0.02565050647 0.07821525555 1969.865651 8030.134349 2.591124538e-13 0.0005615661709 0.0002975287295 1.919524626 1.347124188 22.90930698 3.262096542 0.1068388169 12
5500 22.94702416 22.52482297 21.34728843 0.4017845954 0.3188110998 0.08297349563 1.903994809 0.2867946946 0.02620383832 0.07531393816 1969.865651 8030.134349 3.003487486e-13 0.0005902207168 0.0004101986863 1.765898245 1.353714386 22.91846443 3.246215893 0.1080385706 12
6000 22.95347065 22.5320319 22.13706389 0.4014735561 0.3188203841 0.08265317205 1.897177159 0.2416316431 0.02580695462 0.06368188706 1969.865651 8030.134349 4.950203653e-13 0.0006220368253 0.0005292815974 1.822416785 1.349997661 22.9209549 3.255153163 0.09907497876 12
6500 22.94405335 22.52533786 21.96803348 0.4021497541 0.3188839122 0.08326584192 1.91045592 0.2722413258 0.02539454984 0.07125035521 1969.865651 8030.134349 5.288601593e-13 0.0006060714814 0.0004534428622 1.825869983 1.329630187 22.91481547 3.305016085 0.08877438778 12
7000 22.95320156 22.529725 22.17409443 0.4014205211 0.318859594 0.08256092705 1.895037599 0.3015500382 0.02649768635 0.07956307524 1969.865651 8030.134349 7.87004274e-13 0.0005998981594 0.0005333829179 1.823437211 1.32846793 22.92261601 3.307907595 0.09544100227 12
7500 22.95168983 22.54049103 23.28654611 0.401758922 0.3188576563 0.08290126565 1.902724136 0.2625417144 0.02528015627 0.06899100858 1969.865651 8030.134349 7.10268165e-13 0.0006167869697 0.0005506521076 1.924466168 1.339287713 22.92086624 3.281183806 0.09961852797 12
8000 22.94201395 22.54549351 23.13681503 0.4021300895 0.3188110727 0.08331901683 1.911506047 0.3097815564 0.02551859142 0.08103075503 1969.865651 8030.134349 4.798311811e-13 0.0005859481415 0.0003198952512 1.922513577 1.349955823 22.92509452 3.255254047 0.09982445104 12
8500 22.94604183 22.54253958 23.05740847 0.4020191265 0.318845132 0.08317399454 1.908513958 0.2725597462 0.02526930722 0.07140627531 1969.865651 8030.134349 6.530280261e-13 0.0006007447074 0.0005224912515 1.915474128 1.346481162 22.91992676 3.26365439 0.1102918582 12
9000 22.94772114 22.52577547 22.02167252 0.4016802867 0.3187937485 0.0828865382 1.902057165 0.3046107359 0.02625686636 0.08007402235 1969.865651 8030.134349 6.614296163e-13 0.0005704822875 0.000462742388 1.820195043 1.340906093 22.93013586 3.277223645 0.09117907157 12
9500 22.94818032 22.51576856 20.75425633 0.4017377903 0.3188220665 0.08291572379 1.902764981 0.3086768177 0.02638917365 0.08111270199 1969.865651 8030.134349 4.612374572e-13 0.0005585287766 0.000411165935 1.715778947 1.345707635 22.91214334 3.265530373 0.0779003491 12
10000 22.94202043 22.50876345 21.42206929 0.4020747039 0.3187502488 0.08332445509 1.911631351 0.2618003922 0.02613352811 0.06847564832 1969.865651 8030.134349 1.019321581e-12 0.0005708382094 0.000332682205 1.781344405 1.348748571 22.9133104 3.258167792 0.1560494288 12
10500 22.94721152 22.52273643 22.19055032 0.4019650741 0.3188155689 0.08314950525 1.908049285 0.3006337381 0.02575870453 0.07878039116 1969.865651 8030.134349 1.000172928e-12 0.0006702579856 0.0005351014653 1.841499888 1.365546471 22.92546732 3.218088324 0.1055382842 12
11000 22.94839536 22.52475451 22.0322921 0.4017699925 0.3188265521 0.08294344043 1.903418864 0.2689086701 0.02627492136 0.07063833276 1969.865651 8030.134349 8.567399203e-13 0.0005579218687 0.0004086597597 1.821501095 1.345170069 22.91754541 3.266835367 0.05811213281 12
11500 22.94337336 22.52016733 23.08990953 0.4019911501 0.3188172254 0.08317392472 1.908290409 0.2653313319 0.02583718179 0.06952069001 1969.865651 8030.134349 7.532259593e-13 0.0006780870284 0.0004120819402 1.915547646 1.353489121 22.93098041 3.246756171 0.1376866201 12
12000 22.94979725 22.55389599 23.15376092 0.4018988116 0.3188675718 0.08303123982 1.905550119 0.3210138163 0.0254444884 0.08423127082 1969.865651 8030.134349 9.380994592e-13 0.0006117922172 0.0006074840997 1.921067214 1.342847477 22.91690467 3.272485692 0.1106228159 11
12500 22.94861371 22.5474699 23.44597059 0.4017635808 0.3188712733 0.08289230752 1.902263545 0.2683967447 0.02563728102 0.07054667726 1969.865651 8030.134349 1.131925471e-12 0.0005784162098 0.0005172377471 1.939413028 1.356551757 22.91993291 3.239426089 0.08012145085 12
13000 22.94624257 22.52985784 22.07300086 0.4017627795 0.3188070137 0.08295576586 1.903523126 0.2871446161 0.02586968471 0.0754245147 1969.865651 8030.134349 1.085648564e-12 0.0006078876225 0.0003883992161 1.826251068 1.353122158 22.92220809 3.24763668 0.1181241406 12
13500 22.94893347 22.51214702 21.95053552 0.4016563801 0.3187923027 0.08286407739 1.901642199 0.3112413972 0.02639738654 0.08183489968 1969.865651 8030.134349 1.004995979e-12 0.0005656930857 0.0004427848887 1.811988041 1.343421333 22.92436533 3.271087817 0.09502772713 12
14000 22.94299916 22.51669706 22.0533835 0.4020339997 0.3188063363 0.0832276634 1.909492212 0.2750368659 0.02545950475 0.0720183262 1969.865651 8030.134349 1.069906858e-12 0.0006088313541 0.0005114763176 1.830461968 1.353356338 22.90509166 3.247074723 0.1349401563 12
14500 22.95153094 22.53110879 21.88113516 0.4015584732 0.3188024495 0.08275602372 1.899377439 0.3452903248 0.02616443116 0.09089565814 1969.865651 8030.134349 1.352118273e-12 0.0006275433746 0.0005316780559 1.804064066 1.353102028 22.93890374 3.247684995 0.09091208059 12
15000 22.94806472 22.52599664 22.02377741 0.4017540732 0.3188546313 0.08289944188 1.902381758 0.2658328044 0.02618242962 0.06986841713 1969.865651 8030.134349 1.482348576e-12 0.000627335783 0.0004561630304 1.8223617 1.340411643 22.90798275 3.278432545 0.1018740587 12
15500 22.94485008 22.52745091 23.08952964 0.4018507056 0.3187776604 0.08307304524 1.906098569 0.2995678711 0.02612984563 0.07858142176 1969.865651 8030.134349 1.313596805e-12 0.0006125696423 0.000441705056 1.913566634 1.348651724 22.90559278 3.258401763 0.09887921722 12
16000 22.94844076 22.54181754 23.111836 0.4019694327 0.3189043858 0.08306504696 1.906213309 0.3099433427 0.02568754204 0.08129817928 1969.865651 8030.134349 1.253464759e-12 0.0006369820199 0.000553862315 1.916583942 1.343805796 22.91472439 3.270151958 0.1076406554 12
16500 22.94839963 22.5350901 23.33752304 0.4017411635 0.3187938382 0.08294732528 1.903508369 0.3005193193 0.02598436017 0.07893827109 1969.865651 8030.134349 1.801885223e-12 0.0005509739028 0.000438159474 1.927166134 1.346478768 22.9184085 3.263660192 0.05292889269 12
17000 22.94866658 22.52839082 22.16472749 0.4018209068 0.3188328445 0.08298806231 1.904465372 0.2999947852 0.02582485852 0.07876089258 1969.865651 8030.134349 1.346851603e-12 0.0006521636243 0.0004474947727 1.839495089 1.354818388 22.91998053 3.243570647 0.115423246 12
17500 22.9472324 22.51369291 22.09135105 0.4017248755 0.3187965433 0.08292833224 1.902975712 0.2765347951 0.02623089543 0.07265851931 1969.865651 8030.134349 1.149457232e-12 0.0005766531293 0.0004218405441 1.82741543 1.345817535 22.91265082 3.265263708 0.1019381448 12
18000 22.94363435 22.51086351 21.96016421 0.4019883253 0.3187928029 0.0831955224 1.908807646 0.262766981 0.02607316059 0.06883013634 1969.865651 8030.134349 1.448993708e-12 0.0005815605798 0.0003808830086 1.823495901 1.349344559 22.91814949 3.256728703 0.1010687653 12
18500 22.95172698 22.5151557 21.52643994 0.4015563774 0.3188512287 0.08270514871 1.898225993 0.3037141548 0.02643456168 0.07999947211 1969.865651 8030.134349 1.900764144e-12 0.0006077087158 0.000485926306 1.774703792 1.342217196 22.92097104 3.274022393 0.1101336421 12
19000 22.94978806 22.52940155 22.16545627 0.4015781916 0.318801477 0.08277671458 1.899708056 0.2730595247 0.02572232142 0.07186881263 1969.865651 8030.134349 1.516639264e-12 0.0005572318525 0.0004598912451 1.826958122 1.349948963 22.919791 3.255270588 0.08338269512 12
19500 22.94225226 22.52865658 23.04499456 0.4020770679 0.3188181537 0.08325891415 1.910147012 0.2778857515 0.02559076593 0.07273936242 1969.865651 8030.134349 1.793390294e-12 0.0006296124431 0.00036202604 1.915326606 1.350217255 22.91830709 3.254623757 0.06465285061 11
20000 22.94655428 22.5407457 23.10305452 0.4019086424 0.3188398403 0.08306880214 1.906142777 0.2858324918 0.0255237343 0.07497667417 1969.865651 8030.134349 1.539365054e-12 0.0006251378965 0.0005177472944 1.916039251 1.333217314 22.90934242 3.296123677 0.09306177313 12
20500 22.94416293 22.53974522 23.64253902 0.4020043182 0.3187623462 0.08324197203 1.909917369 0.2849325458 0.02554743077 0.07459289873 1969.865651 8030.134349 1.70977684e-12 0.000595227954 0.0004068848133 1.96189785 1.336966852 22.91129569 3.286879663 0.08302282071 12
21000 22.94964646 22.5219589 21.9222575 0.4017438512 0.3188517133 0.08289213797 1.90234526 0.3199344535 0.02628068917 0.08408948159 1969.865651 8030.134349 1.92443882e-12 0.0005956645794 0.0004197905878 1.812443347 1.348299398 22.91049895 3.259253219 0.1377803836 12
21500 22.94359355 22.50690313 22.16341721 0.4020536806 0.3188316263 0.08322205437 1.90941299 0.2503297463 0.02588696706 0.06555149347 1969.865651 8030.134349 1.598377346e-12 0.0006359054483 0.0003925347877 1.840206475 1.351034748 22.91425545 3.252654426 0.08178408013 12
22000 22.95066636 22.51941233 21.86911068 0.4015791498 0.3188634717 0.08271567812 1.898379931 0.3228838955 0.02634008431 0.08504195873 1969.865651 8030.134349 1.758935436e-12 0.0005974485079 0.0005222811435 1.804015676 1.344274204 22.9164886 3.269012484 0.07478197374 12
22500 22.95072235 22.5202823 22.1127822 0.4015655762 0.3188527015 0.08271287475 1.898320223 0.2554477372 0.02627900985 0.06728257279 1969.865651 8030.134349 2.160887233e-12 0.0005972564713 0.000475021568 1.823171043 1.343299878 22.92112668 3.271383574 0.07111203205 12
23000 22.94662437 22.52442602 21.59772819 0.4017148596 0.318797559 0.0829173006 1.902672151 0.2471745635 0.0259112274 0.06495458594 1969.865651 8030.134349 2.010974597e-12 0.0006035015535 0.0004241159876 1.785447494 1.33973257 22.90654594 3.28009429 0.09163013172 12
23500 22.94371295 22.5266312 23.44043478 0.4021216866 0.3187966193 0.08332506729 1.911786425 0.309667081 0.02599017963 0.08098893184 1969.865651 8030.134349 2.018962659e-12 0.0005829160954 0.000408196488 1.954063468 1.333913065 22.90116076 3.294404464 0.05934433828 12
24000 22.95093603 22.54907797 23.1292693 0.4014055182 0.3188161739 0.08258934425 1.895502756 0.2788753084 0.02586041023 0.07356235898 1969.865651 8030.134349 2.247122659e-12 0.0005681686351 0.0004101777204 1.904878289 1.349389898 22.92386669 3.256619278 0.1091108383 12
24500 22.94368931 22.53796152 23.1476137 0.4020868599 0.3188058648 0.08328099514 1.910773278 0.2746210041 0.02547183914 0.07186122166 1969.865651 8030.134349 2.266330104e-12 0.0006214292446 0.0003143717736 1.924318941 1.345224467 22.91704868 3.266703263 0.05119365354 12
25000 22.94840159 22.52246872 23.12733527 0.4016670557 0.3187913854 0.0828756703 1.901864164 0.310546092 0.0261610405 0.08164255309 1969.865651 8030.134349 2.213022331e-12 0.0005596250214 0.0004978309483 1.911909784 1.362285153 22.92925125 3.225792446 0.1594917657 12
25500 22.94543656 22.5197348 21.51204284 0.4018483509 0.318763901 0.08308444992 1.906408975 0.2930662701 0.02607655166 0.07686343119 1969.865651 8030.134349 2.200870034e-12 0.0005837556915 0.0004181719008 1.783585237 1.339829943 22.9129234 3.279855908 0.08003430457 12
26000 22.94479673 22.50053067 21.8313672 0.4019604827 0.3188110342 0.08314944854 1.907847195 0.2979125492 0.02643369876 0.0780755791 1969.865651 8030.134349 2.458971017e-12 0.0006261028705 0.0004438290868 1.812431712 1.346920181 22.91109015 3.262590624 0.0999128893 12
26500 22.94339299 22.51394215 22.15127581 0.4018901341 0.3187482244 0.0831419097 1.907557508 0.2757311927 0.02604951459 0.07227336309 1969.865651 8030.134349 2.207566266e-12 0.0005893204066 0.0003093026147 1.839033423 1.341251117 22.90457971 3.276380612 0.07236890465 12
27000 22.94969071 22.52604121 22.12866302 0.4018477528 0.3188425503 0.08300520252 1.904943725 0.3128896635 0.02588715931 0.08212569731 1969.865651 8030.134349 2.441502522e-12 0.0006704372393 0.0005930566574 1.834924515 1.336755741 22.90440883 3.287398753 0.1173382092 12
27500 22.95132013 22.52394625 23.46423594 0.4015487224 0.3188378385 0.08271088391 1.898323975 0.3235287395 0.02629048089 0.08521431109 1969.865651 8030.134349 2.593450329e-12 0.0005833771874 0.0004442631376 1.932953314 1.351846403 22.92053336 3.250701519 0.1190611293 12
28000 22.94854273 22.53750671 23.39667227 0.4018292407 0.3188218708 0.08300736987 1.904898175 0.311879264 0.02583428448 0.08186245021 1969.865651 8030.134349 2.503127246e-12 0.0005733294631 0.0003741869648 1.938047065 1.345695536 22.9196782 3.265559732 0.1044515172 12
28500 22.95053913 22.5513421 23.04702755 0.401554732 0.3188367348 0.0827179972 1.898422631 0.3145233086 0.02607653925 0.08283806341 1969.865651 8030.134349 2.695747438e-12 0.0006074300543 0.0004947312168 1.902129861 1.347209369 22.91459479 3.261890287 0.1324233648 11
29000 22.94743436 22.53151233 23.74782651 0.4017613961 0.3188350397 0.08292635633 1.902947118 0.2827609139 0.0259505083 0.07429552594 1969.865651 8030.134349 2.745640195e-12 0.0005844968625 0.0004870717291 1.962915612 1.358212365 22.91598 3.235465432 0.09573093718 12
29500 22.94877679 22.52939795 22.08341117 0.4016965434 0.3188260722 0.08287047121 1.901775946 0.283985359 0.02570607042 0.07466320089 1969.865651 8030.134349 2.592718693e-12 0.000615441356 0.0004574256539 1.82334419 1.355057952 22.91607535 3.242997207 0.1431699446 12
29999 22.94925664 22.51307736 22.05999224 0.401609905 0.3187959328 0.08281397226 1.900519103 0.3009255517 0.02641930332 0.07916930466 1969.865651 8030.134349 2.733513197e-12 0.0005572817618 0.0004158335995 1.820150926 1.343791284 22.92469164 3.270187274 0.08657244331 12
