# step v0 Mach sigma R umax_ref urms_ref umax_mean urms_mean umax_lab mean_x mean_y mean_z drop_ux drop_uy x0 y0 x_unwrapped center_dx center_dy axis_ratio mass_R mass_B min_f negative_total negative_color min_rho min_phi max_phi qx qy qz p_in p_out delta_p urms_lab
0 0 0 -5.560112678108922e-15 25.040521385269312 0.0016987059170457451 0.00033036911880962588 0.0016987059170457451 0.00033036911880962588 0.0016987059170457451 -4.6506859953234703e-21 -8.9186794756658047e-21 6.9463225222203292e-22 -2.8668321771450078e-20 -9.381969401621054e-21 50.000000000000007 50.000000000000007 50.000000000000007 7.1054273576010019e-15 7.1054273576010019e-15 1.0000000000000007 1969.8656512480641 8030.1343487520417 0.027381300537206447 0 0 0.99999999999999967 5.1710809399147474e-26 0.99999999999998501 -6.1877662654293424e-17 -7.3828361392442822e-17 -5.8217330615011597e-18 0.33333333333333387 0.33333333333333409 -2.2204460492503131e-16 0.00033036911880962588
500 0 0 0.071582519644420917 24.906202359437199 0.0073671477437140913 0.0044145044999363238 0.0073671477437140956 0.0044145044999363246 0.0073671477437140913 4.006864284811421e-18 -3.5624281302661418e-18 4.4962297670688847e-19 3.6362121777981683e-17 -4.2573310377890544e-17 50.000000000000014 49.999999999999986 50.000000000000014 1.4210854715202004e-14 -1.4210854715202004e-14 1.0000000000000031 1969.865651247949 8030.1343487515342 0.026793292862479348 0 0 0.98421626263308282 4.1225547819142763e-18 1 4.0457288669366875e-14 -3.0182006525124316e-14 4.3683604971920659e-15 0.33626997179327917 0.33339588771529055 0.0028740840779886145 0.0044145044999363238
1000 0 0 0.21079295584070351 24.771853273627098 0.010640406815404541 0.0062680866572303439 0.010640406815404537 0.006268086657230343 0.010640406815404541 -2.8435587218214684e-18 -2.4577562207641877e-18 4.9543792495603246e-19 5.5692128820703912e-17 9.0084722673686598e-18 50.000000000000007 50.000000000000014 50.000000000000007 7.1054273576010019e-15 1.4210854715202004e-14 1.000000000000002 1969.8656512478556 8030.1343487510767 0.026253175537195573 0 0 0.98653279194679955 5.6633949519194212e-18 1 -2.9448882568616774e-14 3.5660710495655223e-14 4.9253851014577671e-15 0.34031976657032431 0.33181039290690445 0.0085093736634198613 0.0062680866572303439
1500 0 0 0.41350074463128456 24.625892109200663 0.0096659565343596952 0.0058825910720322625 0.0096659565343596796 0.0058825910720322607 0.0096659565343596952 -8.3436729747545673e-18 -1.0945064299329799e-17 -3.9795579245956516e-19 9.9375336065761081e-17 1.1433606846265973e-16 49.999999999999986 50.000000000000014 49.999999999999986 -1.4210854715202004e-14 1.4210854715202004e-14 1.0000000000000024 1969.8656512477439 8030.1343487506911 0.026418991506568047 0 0 0.97796880814876952 5.5318089900667948e-18 1 -8.3555233044985133e-14 -9.4903251923739163e-14 -3.9974275722069689e-15 0.34652450669281598 0.32973320659299976 0.01679130009981622 0.0058825910720322625
2000 0 0 0.5014683052774519 24.537483542361098 0.007005044912314377 0.0034079435393891441 0.0070050449123143857 0.0034079435393891454 0.007005044912314377 -1.9818521823648568e-17 -1.9475046575405092e-17 6.7317121063941633e-20 5.1980612899940329e-17 1.9847255653880479e-16 49.999999999999972 50.000000000000007 49.999999999999972 -2.8421709430404007e-14 7.1054273576010019e-15 1.0000000000000022 1969.8656512476491 8030.1343487502909 0.026741984362835449 0 0 0.98059792302520477 5.1809146055592139e-18 1 -1.9893467298817691e-13 -2.103491534601043e-13 7.4030142593270807e-16 0.34867171918929446 0.32823489222569302 0.02043682696360144 0.0034079435393891441
2500 0 0 0.54660566163333912 24.510969555398635 0.0039554913496480174 0.0023138794240036881 0.0039554913496479991 0.0023138794240036885 0.0039554913496480174 -1.8504295318249383e-17 -2.0954071811024466e-17 -3.7455363072564414e-20 -2.9677784416192873e-18 2.6105274359282511e-16 49.99999999999995 50.000000000000014 49.99999999999995 -4.9737991503207013e-14 1.4210854715202004e-14 1.000000000000002 1969.8656512475616 8030.1343487498416 0.027087915618478915 0 0 0.98480936740208025 5.2697442540418453e-18 1 -1.8486590296767913e-13 -1.7360678866706891e-13 -4.9881935147731077e-16 0.35085419815696411 0.3285537477240294 0.022300450432934715 0.0023138794240036881
3000 0 0 0.49727262283165657 24.563292502945949 0.0060162242403310352 0.0039072722899799028 0.0060162242403310343 0.0039072722899799036 0.0060162242403310352 -2.4227148065499596e-17 -2.6130486663341939e-17 1.5330388481198114e-19 -5.6146258375650328e-17 1.172539868472608e-16 49.999999999999929 50.000000000000007 49.999999999999929 -7.1054273576010019e-14 7.1054273576010019e-15 1.0000000000000002 1969.8656512474449 8030.1343487493841 0.026814844777046432 0 0 0.98609727832453475 5.481885765631029e-18 1 -2.4121693141185285e-13 -2.544318922215183e-13 1.3119746062182946e-15 0.35016464684027004 0.32992010418492296 0.020244542655347086 0.0039072722899799028
3500 0 0 0.33304412825592694 24.673166818545244 0.006173040551623204 0.0047596600947791366 0.0061730405516232248 0.0047596600947791374 0.006173040551623204 -1.6363299604199937e-17 -2.0492982311111817e-17 1.9671913298752006e-19 -5.4020434323227795e-17 -3.9765810707375283e-17 49.999999999999915 49.999999999999993 49.999999999999915 -8.5265128291212022e-14 -7.1054273576010019e-15 1.0000000000000016 1969.8656512473583 8030.1343487489321 0.026861527283973199 0 0 0.98549198925961112 6.3806440013799965e-18 1 -1.6313339568085894e-13 -1.6456627727201578e-13 1.9589161636989958e-15 0.34491158590431981 0.33141335397060634 0.013498231933713467 0.0047596600947791366
4000 0 0 0.19079753869744678 24.779795585957903 0.0062517573371690957 0.0036907377230036773 0.0062517573371690793 0.0036907377230036799 0.0062517573371690957 -1.5828310884209314e-17 -1.6108295253232085e-17 2.2964896119952622e-19 -8.8516772063435127e-17 -1.5599035113843318e-16 49.999999999999901 50.000000000000007 49.999999999999901 -9.9475983006414026e-14 7.1054273576010019e-15 1.0000000000000009 1969.865651247243 8030.1343487485865 0.027082998999822021 0 0 0.98419434121202409 6.3095572493014679e-18 1 -1.5739498463243629e-13 -1.0887471479925637e-13 2.432201036491421e-15 0.34037362729810539 0.33267390523883356 0.0076997220592718296 0.0036907377230036773
4500 0 0 0.12841746568909537 24.84019452156922 0.0039619339836883243 0.0024098196949657842 0.0039619339836883434 0.0024098196949657851 0.0039619339836883243 -1.3985340663331421e-17 -1.2696441120680064e-17 1.9221883741980904e-19 -8.3326576693998432e-17 -2.0525036791579124e-16 49.999999999999879 50.000000000000014 49.999999999999879 -1.2079226507921703e-13 1.4210854715202004e-14 1.0000000000000009 1969.8656512471596 8030.134348748169 0.027274782133622732 0 0 0.98934504911482346 6.2251167244665832e-18 1 -1.4007534281795797e-13 -1.2060838439076349e-13 2.1487557993463035e-15 0.33832388991654222 0.33315414514753133 0.0051697447690108866 0.0024098196949657842
5000 0 0 0.16302363304660622 24.824076204853025 0.0048801771003603358 0.0028510953738373184 0.0048801771003603531 0.0028510953738373175 0.0048801771003603358 -1.4049525431943381e-17 -1.1462011895175046e-17 -3.3752516438963219e-19 -3.3229602857541336e-17 -1.8938713859447622e-16 49.999999999999865 50.000000000000007 49.999999999999865 -1.3500311979441904e-13 7.1054273576010019e-15 1.0000000000000013 1969.8656512470584 8030.1343487477588 0.026895527720789458 0 0 0.98752354021552813 5.948171995725381e-18 1 -1.3958625921794976e-13 -1.2395507255173743e-13 -3.3568881772658889e-15 0.33960624491864944 0.33303908682175576 0.0065671580968936771 0.0028510953738373184
5500 0 0 0.22117772688460766 24.775022378476635 0.0049774241550536273 0.0038058597648179026 0.0049774241550536464 0.0038058597648179021 0.0049774241550536273 -9.0830121202197384e-18 -1.8881077257237524e-17 -5.9123855209473855e-21 -3.6373472401329226e-17 -7.5039179510499144e-17 49.999999999999844 50.000000000000007 49.999999999999844 -1.5631940186722204e-13 7.1054273576010019e-15 1.0000000000000022 1969.8656512469586 8030.1343487473641 0.026991937352617391 0 0 0.99131679090044011 5.3527073014463743e-18 1 -9.0941414555151256e-14 -2.0181951812872634e-13 -1.627140283125856e-16 0.34061967374160823 0.33169222562447731 0.0089274481171309206 0.0038058597648179026
6000 0 0 0.31251229221913435 24.710932791455882 0.0052486640623846106 0.003473823302981089 0.0052486640623846227 0.0034738233029810899 0.0052486640623846106 -8.935907569457342e-18 -7.8635015166078053e-18 1.9255397088806997e-19 -3.8505936017320904e-17 3.1471266803918705e-17 49.999999999999829 50.000000000000007 49.999999999999829 -1.7053025658242404e-13 7.1054273576010019e-15 1.0000000000000004 1969.8656512468576 8030.134348746923 0.026941703012375119 0 0 0.9788833431136964 4.792006509830533e-18 1 -8.8873380226298093e-14 -1.1708163735399402e-13 1.8554255022029949e-15 0.34262844869581882 0.32998172690443467 0.012646721791384152 0.003473823302981089
6500 0 0 0.37495104011177666 24.652014565157614 0.0032744815188803598 0.001984466030610092 0.0032744815188803763 0.0019844660306100933 0.0032744815188803598 -1.7867651802573178e-18 -1.6297727056813106e-17 4.5474501677098883e-20 -7.2876600481284072e-17 1.1595427570344727e-16 49.999999999999822 50.000000000000014 49.999999999999822 -1.7763568394002505e-13 1.4210854715202004e-14 1.0000000000000033 1969.8656512467587 8030.1343487465492 0.027067544145022087 0 0 0.97565432891304493 4.7828583427211902e-18 1 -1.7506802214503625e-14 -1.756793495399922e-13 5.5083135586044438e-16 0.34424609904187081 0.32903634654392605 0.015209752497944762 0.001984466030610092
7000 0 0 0.41614498951364687 24.61975668074065 0.002780472859808742 0.0016048242083188467 0.0027804728598087589 0.0016048242083188473 0.002780472859808742 2.9198865547662938e-18 -1.703914787044703e-17 -6.9286979125792871e-19 -2.5055735248976388e-17 7.8048970251393781e-17 49.999999999999815 50.000000000000014 49.999999999999815 -1.8474111129762605e-13 1.4210854715202004e-14 1.0000000000000027 1969.865651246663 8030.1343487460808 0.027212827073262471 0 0 0.97970289645153796 5.1471845925943588e-18 1 2.9500697268066214e-14 -1.824421639288901e-13 -6.9182970289096579e-15 0.34609898974922138 0.32919610175930125 0.016902887989920123 0.0016048242083188467
7500 0 0 0.40182486035079945 24.639016473217438 0.004434818595193798 0.0028026684021160366 0.0044348185951938119 0.0028026684021160379 0.004434818595193798 7.9311557321721297e-19 -1.8640644583470873e-17 -2.7340283338080433e-19 1.1259350297386104e-16 -2.1885317310774835e-18 49.999999999999808 50.000000000000014 49.999999999999808 -1.9184653865522705e-13 1.4210854715202004e-14 1.0000000000000011 1969.8656512465716 8030.1343487456461 0.027070800918508584 0 0 0.98717936633747794 5.3163754092675253e-18 1 8.4021534846843993e-15 -2.0790878377642888e-13 -2.5548851311912625e-15 0.34625733117145696 0.32994885307990723 0.016308478091549727 0.0028026684021160366
8000 0 0 0.31936950154103699 24.692068836242026 0.0058090508600338667 0.003401031703743116 0.0058090508600338771 0.0034010317037431151 0.0058090508600338667 2.0882601203826148e-18 -1.7062046220331655e-17 -1.2667281856178961e-19 1.2908286921029116e-16 -1.5455661095511697e-16 49.999999999999794 50.000000000000014 49.999999999999794 -2.0605739337042905e-13 1.4210854715202004e-14 1.0000000000000002 1969.8656512464593 8030.1343487452777 0.02700215058354519 0 0 0.99097757617744409 5.6739875269770415e-18 1 2.1021365529359792e-14 -1.1266898872208664e-13 -1.3647228040160521e-15 0.34386918442925074 0.33093509196178283 0.012934092467467906 0.003401031703743116
8500 0 0 0.243492882454693 24.745832942034994 0.0040565598519086985 0.0025098207442573123 0.004056559851908682 0.0025098207442573136 0.0040565598519086985 -2.5014712523607448e-18 -2.5091734245940886e-17 -1.5961397756195545e-19 1.3820599696171705e-16 -1.0107133745255824e-16 49.999999999999787 50.000000000000021 49.999999999999787 -2.1316282072803006e-13 2.1316282072803006e-14 1.0000000000000002 1969.8656512463667 8030.1343487448221 0.027140414876321284 0 0 0.98739800822457247 5.4986544868076839e-18 1 -2.5097952145378133e-14 -3.0264419442760371e-13 -1.5711890996203892e-15 0.34175578772950832 0.33191603478908177 0.0098397529404265494 0.0025098207442573123
9000 0 0 0.21536186972123697 24.77139209336465 0.0016004721261394766 0.0010002319236196474 0.0016004721261394575 0.0010002319236196474 0.0016004721261394766 -2.1472407185660848e-18 -2.4436008772022377e-17 1.2834196896186214e-19 1.9778509582741674e-17 -4.0568204121667984e-17 49.999999999999766 50.000000000000021 49.999999999999766 -2.3447910280083306e-13 2.1316282072803006e-14 1.0000000000000007 1969.8656512462574 8030.1343487444074 0.027356162605466132 0 0 0.9886385211915939 5.6590694019318849e-18 1 -2.1711799025325718e-14 -2.4260368020057044e-13 1.3379866658449506e-15 0.34127258853215126 0.33257861328402927 0.0086939752481219879 0.0010002319236196474
9500 0 0 0.23049464048757734 24.758741294316518 0.0020604226159984832 0.0012599158280868483 0.002060422615998465 0.001259915828086847 0.0020604226159984832 -2.7410365643936474e-18 -2.2989379497318334e-17 -7.9802047078105563e-21 -4.6094444902508805e-17 1.2440492385136363e-16 49.999999999999744 50.000000000000036 49.999999999999744 -2.5579538487363607e-13 3.5527136788005009e-14 1.0000000000000011 1969.8656512461616 8030.1343487439617 0.027246656806612968 0 0 0.98909146166477813 5.6123905971005371e-18 1 -2.7833624619520714e-14 -2.2253759842912404e-13 -1.689702425977176e-16 0.34196595345193609 0.3326563266923363 0.0093096267595997872 0.0012599158280868483
10000 0 0 0.26839445377828119 24.728741321252542 0.0036200598287853356 0.0025637572210282624 0.0036200598287853343 0.0025637572210282619 0.0036200598287853356 -1.2136125437946442e-18 -2.3786528302618871e-17 4.1599810309435032e-19 -1.2796903985068378e-16 1.6315014572085219e-16 49.99999999999973 50.000000000000028 49.99999999999973 -2.7000623958883807e-13 2.8421709430404007e-14 1.0000000000000013 1969.8656512460689 8030.1343487435397 0.027159673715026547 0 0 0.99121679910006411 5.3036084240821486e-18 1 -1.2358224252967398e-14 -2.7109914248375777e-13 4.0632677916125972e-15 0.34267390657415009 0.33182036371519286 0.010853542858957232 0.0025637572210282624
10500 0 0 0.32279401796967822 24.692596551318019 0.0039520263975293931 0.0027025686648487588 0.003952026397529367 0.002702568664848757 0.0039520263975293931 -4.6282422339111382e-18 -2.6266488983878893e-17 1.2035080272592755e-19 -2.8880304814413868e-16 1.3815503029253607e-16 49.999999999999716 50.000000000000021 49.999999999999716 -2.8421709430404007e-13 2.1316282072803006e-14 1.0000000000000018 1969.8656512459693 8030.1343487431695 0.027196914100605565 0 0 0.98934152441779277 4.9372095586499896e-18 1 -4.6712633761103461e-14 -2.5787184887438031e-13 1.2640453400062331e-15 0.34366470255094433 0.33059220054416577 0.013072502006778564 0.0027025686648487588
11000 0 0 0.36475219734020092 24.660142159541422 0.0031100695910071092 0.0017740133948752834 0.0031100695910071183 0.0017740133948752829 0.0031100695910071092 -8.9376422929378646e-18 -2.2306809177611117e-17 1.618479239609092e-18 -3.0235414059310775e-16 5.5240759649228269e-17 49.999999999999702 50.000000000000014 49.999999999999702 -2.9842794901924208e-13 1.4210854715202004e-14 1.0000000000000002 1969.8656512458831 8030.1343487427448 0.027335621358184733 0 0 0.98425954182329156 4.9283999860206651e-18 1 -8.8710289114501961e-14 -2.4121676878152698e-13 1.6044172853160308e-14 0.34457914390214178 0.32978798029163225 0.014791163610509528 0.0017740133948752834
11500 0 0 0.38561431170730437 24.647253479840508 0.0012958006702150561 0.00069865119895421725 0.0012958006702150778 0.00069865119895421682 0.0012958006702150561 -4.1730507938147517e-18 -2.6408736308911812e-17 2.3050989305621461e-18 -1.2922127096945089e-16 -7.320654695624999e-17 49.999999999999687 50.000000000000007 49.999999999999687 -3.1263880373444408e-13 7.1054273576010019e-15 1.0000000000000036 1969.8656512457587 8030.1343487423546 0.0272474341646603 0 0 0.98368630952293623 4.9460416246969091e-18 1 -4.2205876380624341e-14 -2.6562606281199663e-13 2.3171212876838223e-14 0.34532214347094403 0.32967681763280526 0.015645325838138768 0.00069865119895421725
12000 0 0 0.36470515788152319 24.667282875891807 0.0022293920216607168 0.0014577354522609977 0.0022293920216607315 0.0014577354522609964 0.0022293920216607168 -5.3845816694386962e-18 -2.6001770181448651e-17 3.5436723814720938e-18 1.1605693065484825e-16 -1.4879928139547369e-16 49.99999999999968 49.999999999999986 49.99999999999968 -3.1974423109204508e-13 -1.4210854715202004e-14 1.0000000000000024 1969.8656512456619 8030.134348741949 0.02727594761630231 0 0 0.98561377657027527 5.1980114543529529e-18 1 -5.3332379203012426e-14 -2.2843140953018176e-13 3.5338784868137339e-14 0.3448381031924358 0.3300531283041816 0.014784974888254199 0.0014577354522609977
12500 0 0 0.30235642795297796 24.709346669057357 0.0035427791671359008 0.0022172057142047937 0.00354277916713589 0.0022172057142047933 0.0035427791671359008 -9.3852009497418746e-18 -2.4501581319423346e-17 5.219401801379109e-18 2.5213954854734274e-16 -1.2398943147177355e-16 49.999999999999666 49.999999999999986 49.999999999999666 -3.3395508580724709e-13 -1.4210854715202004e-14 1.0000000000000042 1969.8656512455825 8030.1343487415315 0.027194987969448428 0 0 0.98903865192312113 5.3836685063556783e-18 1 -9.3824308131790213e-14 -2.5972365263245839e-13 5.221490223540681e-14 0.34294471402945631 0.33070819349321695 0.012236520536239359 0.0022172057142047937
13000 0 0 0.24396275972993972 24.750701327441881 0.003086966987310182 0.0019618904128295132 0.003086966987310169 0.0019618904128295149 0.003086966987310182 -1.6679366221539548e-17 -3.5128150388577829e-17 6.2338811199868126e-18 2.3992358412059384e-16 -1.4142716313316205e-16 49.999999999999645 49.999999999999964 49.999999999999645 -3.5527136788005009e-13 -3.5527136788005009e-14 1.0000000000000022 1969.8656512454804 8030.1343487411241 0.027228335015353843 0 0 0.99212749732615324 5.6439913296277633e-18 1 -1.6709206175809233e-13 -2.8606544216769336e-13 6.2266931804774299e-14 0.3413026004094879 0.33144579851517347 0.0098568018943144264 0.0019618904128295132
13500 0 0 0.22167983298291272 24.770058910377923 0.0018149731096996158 0.0011096467108321494 0.0018149731096995872 0.0011096467108321492 0.0018149731096996158 -2.1952578643821987e-17 -2.8621202630181348e-17 8.2194926896685313e-18 1.5826065138626158e-16 -2.7857278215105062e-17 49.999999999999616 49.999999999999957 49.999999999999616 -3.836930773104541e-13 -4.2632564145606011e-14 1.0000000000000002 1969.8656512453747 8030.1343487405684 0.027379430415578353 0 0 0.99117572271668275 5.6724396083656368e-18 1 -2.1959776390963887e-13 -2.887243429636286e-13 8.2204024549031716e-14 0.34097530797296138 0.3320258002715471 0.0089495077014142832 0.0011096467108321494
14000 0 0 0.23399743043527155 24.7601123549092 0.0014412768307964807 0.00079814983428332879 0.0014412768307964566 0.00079814983428332868 0.0014412768307964807 -1.9068427392659691e-17 -2.4027307921094127e-17 1.0321614371588906e-17 -2.1403171922824309e-17 1.0149057871953293e-17 49.999999999999602 49.999999999999943 49.999999999999602 -3.979039320256561e-13 -5.6843418860808015e-14 1.0000000000000009 1969.8656512452762 8030.1343487402519 0.027446014134733472 0 0 0.99042704691737882 5.609006514495708e-18 1 -1.9074673752398491e-13 -2.3949549618875257e-13 1.0320995033775865e-13 0.34163152853197915 0.33218094821630151 0.0094505803156776369 0.00079814983428332879
14500 0 0 0.26917362300932079 24.731556375918267 0.0025298418421818994 0.0016183993956751319 0.0025298418421819085 0.001618399395675133 0.0025298418421818994 -1.7005841179721428e-17 -2.9731425654811239e-17 1.0596446489888282e-17 -1.1423206841421441e-16 7.0608868103473178e-17 49.999999999999581 49.999999999999943 49.999999999999581 -4.1922021409845911e-13 -5.6843418860808015e-14 1.0000000000000013 1969.8656512451867 8030.1343487398117 0.02731499813829829 0 0 0.99119459189857106 5.3901817767121161e-18 1 -1.6958662122160129e-13 -2.8634126320037367e-13 1.0598821192004103e-13 0.34260570741964796 0.33172189489616999 0.010883812523477976 0.0016183993956751319
15000 0 0 0.31640991335020341 24.695602589916518 0.0027203514085964112 0.0018606418384261646 0.0027203514085964052 0.0018606418384261648 0.0027203514085964112 -1.5998660729568606e-17 -2.4528989950350236e-17 1.3431633761196761e-17 -2.2174886287672367e-16 1.1473731662296094e-16 49.999999999999559 49.999999999999929 49.999999999999559 -4.4053649617126212e-13 -7.1054273576010019e-14 1.0000000000000031 1969.8656512450671 8030.134348739427 0.02728938149601149 0 0 0.99053507198073931 5.1455861354466822e-18 1 -1.5997267529752057e-13 -3.014706539961054e-13 1.3433353661850816e-13 0.34373567768253305 0.33092327870590726 0.012812398976625783 0.0018606418384261646
15500 0 0 0.35714036113844572 24.66319046238916 0.0020237860598380591 0.0013306534305679144 0.002023786059838069 0.0013306534305679131 0.0020237860598380591 -1.2215575773153085e-17 -2.6132568331546953e-17 1.6792076434969113e-17 -1.6287613508392262e-16 2.9912226946912081e-17 49.999999999999538 49.999999999999929 49.999999999999538 -4.6185277824406512e-13 -7.1054273576010019e-14 1.0000000000000004 1969.8656512449822 8030.1343487390504 0.027381916620765816 0 0 0.98967914772052035 5.1260979550226658e-18 1 -1.2182616027089921e-13 -2.6279912084372151e-13 1.6798899362488111e-13 0.34478009179890978 0.33029938778443618 0.0144807040144736 0.0013306534305679144
16000 0 0 0.37854633256953268 24.648075605615588 0.0010884140940834548 0.0005049978743524138 0.0010884140940834661 0.00050499787435241293 0.0010884140940834548 -9.584347204787637e-18 -2.5473199938328162e-17 2.0314673256140188e-17 -3.5415114322801526e-17 -1.3719984461166415e-19 49.999999999999531 49.999999999999922 49.999999999999531 -4.6895820560166612e-13 -7.815970093361102e-14 1.000000000000006 1969.8656512448777 8030.1343487385402 0.027423695158107577 0 0 0.98859995974101944 5.2446235313771273e-18 1 -9.6143606314116892e-14 -2.5547564687670651e-13 2.0327927491347277e-13 0.34545502616175006 0.33009697798685367 0.015358048174896388 0.0005049978743524138
16500 0 0 0.36680311398972637 24.660050603592996 0.0014322994746649024 0.00094308522618996571 0.0014322994746649195 0.00094308522618996549 0.0014322994746649024 -1.7088414017181592e-17 -3.2642985536901867e-17 2.4377749223388875e-17 -3.4743322453421737e-17 -5.1399625535979907e-17 49.999999999999517 49.999999999999908 49.999999999999517 -4.8316906031686813e-13 -9.2370555648813024e-14 1.0000000000000011 1969.8656512447808 8030.1343487381155 0.02734785596471398 0 0 0.98917820276411828 5.4289388232969636e-18 1 -1.7142537389602808e-13 -3.3777364585874103e-13 2.4381775938517258e-13 0.3451399792378812 0.33026559313519077 0.014874386102690429 0.00094308522618996571
17000 0 0 0.32239738741774682 24.693238038320576 0.0021427316520135371 0.001569511663729985 0.0021427316520135722 0.0015695116637299842 0.0021427316520135371 -2.1849883014051745e-17 -2.8027233312015977e-17 2.8773142461384813e-17 3.3563488838934074e-17 -1.3373732205668373e-16 49.999999999999496 49.999999999999901 49.999999999999496 -5.0448534238967113e-13 -9.9475983006414026e-14 1.000000000000002 1969.8656512446821 8030.1343487377362 0.027323783598615859 0 0 0.9907853282412219 5.6075989826943214e-18 1 -2.1884576128280292e-13 -2.9350564405110358e-13 2.8772575016572087e-13 0.34374396387540451 0.3306878637836535 0.013056100091751011 0.001569511663729985
17500 0 0 0.27183311314799691 24.730928063152497 0.0021925980616111238 0.0014932129210724527 0.0021925980616110882 0.0014932129210724527 0.0021925980616111238 -2.6279325937620018e-17 -2.401065457573346e-17 3.5412999503292234e-17 1.2571640641483644e-16 -2.2569872312299189e-16 49.999999999999474 49.999999999999901 49.999999999999474 -5.2580162446247414e-13 -9.9475983006414026e-14 1.0000000000000044 1969.8656512445846 8030.134348737336 0.027348020239473431 0 0 0.99255663238058167 5.7601793155126719e-18 1 -2.6277939514044585e-13 -2.394915998371952e-13 3.5401727049129347e-13 0.34221081368050954 0.33121918763017094 0.010991626050338599 0.0014932129210724527
18000 0 0 0.24156017605826202 24.755548294615018 0.0013424242504713653 0.00083224915340682909 0.0013424242504713644 0.00083224915340682952 0.0013424242504713653 -2.4949139976240075e-17 -2.3617219291382603e-17 4.0710090252003171e-17 4.5777817487407364e-17 -2.0345596353366685e-16 49.99999999999946 49.999999999999879 49.99999999999946 -5.4001247917767614e-13 -1.2079226507921703e-13 1.0000000000000004 1969.8656512444948 8030.1343487369113 0.027434090364067642 0 0 0.99190120445451557 5.7583425882433818e-18 1 -2.4910978770227576e-13 -2.2664379054071482e-13 4.0709913303789062e-13 0.34143075394010031 0.33167293427141586 0.0097578196686844421 0.00083224915340682909
18500 0 0 0.23834472878848004 24.758161840277122 0.0003987073744707697 0.00022831552886472831 0.000398707374470742 0.00022831552886472872 0.0003987073744707697 -2.2205501326631197e-17 -2.7714636141648881e-17 4.8973314139634399e-17 -7.5193085981359e-18 -1.1349720245508352e-16 49.999999999999439 49.999999999999872 49.999999999999439 -5.6132876125047915e-13 -1.2789769243681803e-13 1.0000000000000013 1969.8656512443779 8030.1343487365893 0.027507961058643587 0 0 0.99119081853377711 5.6274336474543715e-18 1 -2.2161005669429912e-13 -2.7595926845730423e-13 4.8979566925374513e-13 0.34146478571216232 0.33183787034073375 0.0096269153714285682 0.00022831552886472831
19000 0 0 0.25853235522687679 24.741876844012122 0.0015517083012321045 0.0010284362518430195 0.0015517083012321119 0.0010284362518430186 0.0015517083012321045 -1.7094312077004309e-17 -2.7824270665332378e-17 5.5479227785659471e-17 -6.7779350344961967e-17 1.3104069075528668e-17 49.999999999999417 49.999999999999865 49.999999999999417 -5.8264504332328215e-13 -1.3500311979441904e-13 1.0000000000000007 1969.8656512442783 8030.1343487360555 0.027413535224831184 0 0 0.99178138395573845 5.3877563188743849e-18 1 -1.7076265531809631e-13 -2.6750651661248265e-13 5.5487294581405526e-13 0.34203339890878254 0.33158421767419705 0.010449181234585492 0.0010284362518430195
19500 0 0 0.29388081559224283 24.714548544860445 0.0020705271834716376 0.0013815572578684825 0.0020705271834716341 0.0013815572578684827 0.0020705271834716376 -2.3275825711313344e-17 -2.7533531010759404e-17 6.4609741075099936e-17 -1.4846573335699236e-16 8.8578353399418913e-17 49.999999999999396 49.999999999999858 49.999999999999396 -6.0396132539608516e-13 -1.4210854715202004e-13 1.0000000000000044 1969.8656512441833 8030.1343487357008 0.027353368963228195 0 0 0.99277119446364792 5.2241291543558551e-18 1 -2.3261953344469455e-13 -2.4837339758672361e-13 6.4597203558830643e-13 0.34294259293642465 0.33105158812770613 0.011891004808718519 0.0013815572578684825
20000 0 0 0.3305008763222676 24.685806595356787 0.0015769434514804202 0.0011193567145283546 0.0015769434514804205 0.0011193567145283527 0.0015769434514804202 -2.2565976864943212e-17 -2.1335017086387534e-17 7.3660901525550293e-17 -1.1681984670753723e-16 1.5460722447633815e-16 49.999999999999375 49.999999999999844 49.999999999999375 -6.2527760746888816e-13 -1.5631940186722204e-13 1.0000000000000016 1969.8656512440778 8030.1343487352315 0.027384243655463467 0 0 0.99024044340708184 5.1652139143990517e-18 1 -2.2568747001447398e-13 -2.1774854868424759e-13 7.3664395608734889e-13 0.34395366227517804 0.33056536665495584 0.013388295620222201 0.0011193567145283546
20500 0 0 0.35485262310777876 24.667154148671468 0.0007245783246571766 0.00044639451446186674 0.00072457832465718224 0.00044639451446186755 0.0007245783246571766 -2.0099893971490461e-17 -2.367619988957179e-17 8.3651823790264255e-17 -1.2363331115157111e-16 1.0809975298138281e-16 49.999999999999353 49.999999999999829 49.999999999999353 -6.4659388954169117e-13 -1.7053025658242404e-13 1.0000000000000024 1969.8656512439882 8030.1343487348986 0.027466834442493017 0 0 0.98961671558409703 5.2423808355812937e-18 1 -2.0113077869865492e-13 -2.3080311533502096e-13 8.3651168883467097e-13 0.34473086928876001 0.33034523643589642 0.014385632852863595 0.00044639451446186674
21000 0 0 0.35544750669873126 24.667414297963347 0.00073564327385811491 0.00045843726765967206 0.00073564327385811513 0.00045843726765967151 0.00073564327385811491 -1.9271043094667882e-17 -1.9024018471688251e-17 9.2981547458773527e-17 -4.9557715029545315e-17 1.4087004232605551e-17 49.999999999999339 49.999999999999829 49.999999999999339 -6.6080474425689317e-13 -1.7053025658242404e-13 1.0000000000000002 1969.8656512438947 8030.1343487344957 0.027470810452423479 0 0 0.99036472725861457 5.3784837654599406e-18 1 -1.9268961087641999e-13 -1.8714110461477175e-13 9.2968805452028369e-13 0.34482564012530265 0.3304160428158644 0.014409597309438249 0.00045843726765967206
21500 0 0 0.33078608006960092 24.685587973579835 0.0015464704101280245 0.0010354963683833075 0.0015464704101279965 0.0010354963683833073 0.0015464704101280245 -2.0885723706111966e-17 -1.87384829875431e-17 1.0191432257338814e-16 -9.0381756812401892e-19 -9.237860477986346e-17 49.999999999999318 49.999999999999815 49.999999999999318 -6.8212102632969618e-13 -1.8474111129762605e-13 1.0000000000000013 1969.8656512437969 8030.1343487340619 0.02740615458459433 0 0 0.99192368020154165 5.5305898977997609e-18 1 -2.0956152123937505e-13 -2.2151984429728475e-13 1.0192077665005536e-12 0.34410817560637647 0.33070820796438105 0.013399967641995414 0.0010354963683833075
22000 0 0 0.29550152872486424 24.711710694482271 0.0016599345402390265 0.0011308147726134732 0.0016599345402390276 0.0011308147726134725 0.0016599345402390265 -1.9057672107124382e-17 -2.0563065139580467e-17 1.0916855926179775e-16 1.1128559829600819e-16 -1.7284627273925019e-16 49.999999999999297 49.999999999999808 49.999999999999297 -7.0343730840249918e-13 -1.9184653865522705e-13 1.0000000000000018 1969.8656512436889 8030.1343487336771 0.02739797022707784 0 0 0.99209745335181088 5.6917989993848747e-18 1 -1.9058365996471593e-13 -2.0456639854282699e-13 1.0915710749688492e-12 0.34306513561088253 0.3311071804382022 0.011957955172680335 0.0011308147726134732
22500 0 0 0.26845294461759539 24.733104804722821 0.0012043510889202459 0.00075212252561187871 0.001204351088920216 0.00075212252561187827 0.0012043510889202459 -1.7678913888415605e-17 -2.4725013703154452e-17 1.1882405863558705e-16 1.1456085634084495e-16 -1.2776379330153638e-16 49.999999999999282 49.999999999999794 49.999999999999282 -7.1764816311770119e-13 -2.0605739337042905e-13 1.0000000000000033 1969.8656512435991 8030.1343487332078 0.027457089935360973 0 0 0.99203436410453472 5.7313038317181711e-18 1 -1.7653928449309908e-13 -2.5109473148713507e-13 1.1883546436774603e-12 0.34231889532965315 0.33146490240247589 0.010853992927177258 0.00075212252561187871
23000 0 0 0.25887211108961328 24.741234745952841 0.00035641274388589225 0.00020527000804231577 0.0003564127438859251 0.00020527000804231645 0.00035641274388589225 -1.9840032394793623e-17 -2.6682822618147904e-17 1.2565815492895471e-16 -1.1631581362684932e-17 -4.8988801268058452e-17 49.999999999999268 49.999999999999801 49.999999999999268 -7.3185901783290319e-13 -1.9895196601282805e-13 1.0000000000000004 1969.8656512435002 8030.1343487328095 0.027533145044328595 0 0 0.99184178996099037 5.6410190674266628e-18 1 -1.9823206254656126e-13 -2.6752916627349223e-13 1.2569117631150142e-12 0.34208618472912672 0.33162299993872496 0.010463184790401758 0.00020527000804231577
23500 0 0 0.26707663574532303 24.735142052949588 0.00087005878070888865 0.00063560591750759596 0.00087005878070892226 0.00063560591750759586 0.00087005878070888865 -2.1167963215658269e-17 -2.6417062981629207e-17 1.2977812560494782e-16 -1.3847867730071138e-16 2.2025503126367157e-17 49.999999999999247 49.99999999999978 49.999999999999247 -7.531752999057062e-13 -2.2026824808563106e-13 1.000000000000004 1969.8656512434045 8030.1343487324066 0.027461327889903301 0 0 0.99209126876486708 5.4436126461972058e-18 1 -2.1165535957993337e-13 -2.6822944906856883e-13 1.2976978830138173e-12 0.34228419738536819 0.33148674026247793 0.010797457122890264 0.00063560591750759596
24000 0 0 0.2884390385481122 24.718972979296453 0.0013236557436814608 0.00097091203770740013 0.0013236557436814634 0.00097091203770740034 0.0013236557436814608 -2.0692128566197765e-17 -2.4441212942488121e-17 1.3628680195947381e-16 -2.2435298361937513e-16 9.4518571690940598e-17 49.999999999999226 49.999999999999758 49.999999999999226 -7.744915819785092e-13 -2.4158453015843406e-13 1.000000000000002 1969.8656512433024 8030.1343487319728 0.027433422551477033 0 0 0.99289538563303015 5.3109658430755819e-18 1 -2.0733061263916025e-13 -2.4936649967166602e-13 1.3629374178135701e-12 0.34279410764078666 0.33112537695405075 0.011668730686735906 0.00097091203770740013
24500 0 0 0.31384076975478414 24.699442306732156 0.00119967676842509 0.00086995963473981139 0.0011996767684250629 0.00086995963473981074 0.00119967676842509 -1.7686199727018453e-17 -2.0462104233283527e-17 1.4387276397876114e-16 -1.8278103525734918e-16 1.1931062298053324e-16 49.999999999999211 49.999999999999758 49.999999999999211 -7.8870243669371121e-13 -2.4158453015843406e-13 1.0000000000000024 1969.8656512432074 8030.1343487315953 0.027439855240745523 0 0 0.99079854629070307 5.2345668423040902e-18 1 -1.7697645513783597e-13 -2.1501095175124885e-13 1.4385272506615213e-12 0.34345121881109619 0.33074482787897208 0.012706390932124112 0.00086995963473981139
25000 0 0 0.33300634145557173 24.684790158126269 0.00057476497775568421 0.00042121898131301474 0.00057476497775569863 0.00042121898131301539 0.00057476497775568421 -1.4401674297596427e-17 -1.9402188189460008e-17 1.4824112140238026e-16 -1.2016705653455438e-16 3.7138838308661638e-17 49.999999999999197 49.999999999999758 49.999999999999197 -8.0291329140891321e-13 -2.4158453015843406e-13 1.000000000000002 1969.8656512431205 8030.1343487311451 0.027474605167805664 0 0 0.98974629464951336 5.2524856863469938e-18 1 -1.436593899395433e-13 -1.9168575147304745e-13 1.4827263281289377e-12 0.34401566595190503 0.33052532071006202 0.013490345241843005 0.00042121898131301474
25500 0 0 0.3372548653556609 24.681792932998039 0.00040567925871258536 0.00024468136718055496 0.00040567925871260504 0.00024468136718055442 0.00040567925871258536 -1.7900112815652069e-17 -1.9699866737939255e-17 1.5633644508779876e-16 -2.7509766234968482e-18 -8.3523901277099677e-17 49.999999999999183 49.999999999999744 49.999999999999183 -8.1712414612411521e-13 -2.5579538487363607e-13 1.0000000000000011 1969.8656512430171 8030.1343487307759 0.027501313551553733 0 0 0.99006941273856564 5.3418274130533249e-18 1 -1.7896935933833357e-13 -1.9380368705392221e-13 1.5636371145407682e-12 0.3441911050352055 0.330526989698399 0.013664115336806504 0.00024468136718055496
26000 0 0 0.32423562455448018 24.691340824082218 0.0011143416554160808 0.00070144407879437767 0.0011143416554160823 0.00070144407879437756 0.0011143416554160808 -1.8827647774216898e-17 -1.6517689993600019e-17 1.6245026968331037e-16 3.3044670552270192e-17 -1.1149087088887233e-16 49.999999999999162 49.999999999999737 49.999999999999162 -8.3844042819691822e-13 -2.6290081223123707e-13 1.0000000000000004 1969.8656512429302 8030.1343487302811 0.027461699377914907 0 0 0.99137188897960771 5.4557210503116441e-18 1 -1.881324990812925e-13 -1.5842535955518967e-13 1.6245298629722422e-12 0.34385005944770242 0.33071850750548293 0.013131551942219488 0.00070144407879437767
26500 0 0 0.30159718870574531 24.707862568199651 0.0013065698366191006 0.00084552786025580181 0.0013065698366190757 0.00084552786025580127 0.0013065698366191006 -2.0846518955565165e-17 -1.4209813881155053e-17 1.6593113534037956e-16 1.5435800378237572e-17 -2.0209409775736269e-17 49.99999999999914 49.99999999999973 49.99999999999914 -8.5975671026972122e-13 -2.7000623958883807e-13 1.0000000000000002 1969.8656512428129 8030.1343487298973 0.027435541241790453 0 0 0.99262958315876271 5.5762365446444947e-18 1 -2.0807315560204126e-13 -1.5326975799645481e-13 1.6592609744261769e-12 0.3432222886174992 0.33101576173265579 0.012206526884843416 0.00084552786025580181
27000 0 0 0.28176347380647437 24.722894173230181 0.00094348319171501556 0.00061998215144373455 0.00094348319171498932 0.00061998215144373563 0.00094348319171501556 -2.2874063754293675e-17 -1.4154996619314844e-17 1.7043519101171317e-16 -1.8401134744534076e-17 7.5433381613389967e-17 49.999999999999126 49.999999999999723 49.999999999999126 -8.7396756498492323e-13 -2.7711166694643907e-13 1.0000000000000011 1969.8656512427351 8030.1343487295626 0.02746722422455352 0 0 0.99232520252315004 5.6441430854640901e-18 1 -2.2910492269599333e-13 -1.3633864680675026e-13 1.704292241990969e-12 0.34269979485760182 0.33130293040345687 0.01139686445414495 0.00061998215144373455
27500 0 0 0.27299453573808141 24.729796573517728 0.00026801812246127487 0.00015479653786736495 0.00026801812246130224 0.00015479653786736516 0.00026801812246127487 -2.6838687522476993e-17 -1.1877998584741861e-17 1.7485143143736569e-16 -9.0264698256466481e-18 1.7172989010190781e-16 49.999999999999098 49.999999999999723 49.999999999999098 -9.0238927441532724e-13 -2.7711166694643907e-13 1.0000000000000002 1969.8656512426298 8030.1343487291015 0.027536822428515368 0 0 0.99206342613315657 5.6034547963843445e-18 1 -2.6893504784242239e-13 -1.1929790922488026e-13 1.7485679595114721e-12 0.34249681056028158 0.33145771709558153 0.011039093464700056 0.00015479653786736495
28000 0 0 0.27717034491910697 24.726691825806594 0.00051897792286774522 0.00037158303974799633 0.00051897792286772105 0.00037158303974799595 0.00051897792286774522 -2.5101795642151667e-17 -9.5180807680168743e-18 1.7772169462380244e-16 -6.3421812050565281e-17 1.1292789444687822e-16 49.999999999999076 49.999999999999723 49.999999999999076 -9.2370555648813024e-13 -2.7711166694643907e-13 1.0000000000000018 1969.8656512425366 8030.1343487287359 0.027510932714105513 0 0 0.99220201447857548 5.4733276814955416e-18 1 -2.50788972921967e-13 -1.0764371504074811e-13 1.7774718530591897e-12 0.3426122478695639 0.33140288970423781 0.011209358165326089 0.00037158303974799633
28500 0 0 0.29144674154827344 24.715925938970816 0.00091099066376252192 0.00068767657824412957 0.00091099066376249568 0.00068767657824412947 0.00091099066376252192 -2.5538252068710066e-17 -1.149497164124634e-17 1.8085079369350126e-16 -1.0774749468317579e-16 8.3457904361980972e-17 49.999999999999055 49.99999999999973 49.999999999999055 -9.4502183856093325e-13 -2.7000623958883807e-13 1.0000000000000011 1969.8656512424413 8030.1343487283384 0.027473913368702817 0 0 0.99269410650345813 5.3792493601511612e-18 1 -2.5538252068635359e-13 -1.0314015944480961e-13 1.8085893872248864e-12 0.34295873712602898 0.33116687700037878 0.0117918601256502 0.00068767657824412957
29000 0 0 0.30951454941875894 24.702283906581243 0.00095627546253794298 0.0006852044110382461 0.00095627546253791978 0.00068520441103824654 0.00095627546253794298 -2.3488849754186065e-17 -9.2929136608353337e-18 1.8244571698459146e-16 -8.9576726285777804e-17 5.6816338371823272e-17 49.999999999999041 49.99999999999973 49.999999999999041 -9.5923269327613525e-13 -2.7000623958883807e-13 1.0000000000000044 1969.8656512423506 8030.1343487279055 0.027480216419573714 0 0 0.99213288422621415 5.3049674434667211e-18 1 -2.3495786615141193e-13 -9.3629314371068695e-14 1.8245728135485174e-12 0.34340873158662227 0.33087893674703267 0.012529794839589603 0.0006852044110382461
29500 0 0 0.32374737652531982 24.691643867789672 0.00061698518584728029 0.00039234124144917911 0.00061698518584727303 0.00039234124144917851 0.00061698518584728029 -2.1254525917122541e-17 -1.0326808852521178e-17 1.8151970281919959e-16 -1.3327079974211703e-16 -5.5866810576612816e-17 49.999999999999019 49.999999999999737 49.999999999999019 -9.8054897534893826e-13 -2.6290081223123707e-13 1.0000000000000024 1969.8656512422317 8030.134348727498 0.027512504263462797 0 0 0.99087044223440346 5.2973578308638721e-18 1 -2.1270311731283031e-13 -1.071030200291978e-13 1.8150913242507376e-12 0.34379025335914476 0.33067863639841055 0.013111616960734207 0.00039234124144917911
29999 0 0 0.32770246285542709 24.688946319395939 0.00018694401648853149 0.00010123764096595736 0.00018694401648853835 0.00010123764096595747 0.00018694401648853149 -2.268536920820052e-17 -1.2970700902266048e-17 1.8729357521627483e-16 -1.4298477797558635e-17 -9.0138840396604623e-17 49.999999999998998 49.999999999999744 49.999999999998998 -1.0018652574217413e-12 -2.5579538487363607e-13 1.0000000000000042 1969.8656512421289 8030.1343487270442 0.027512994340136647 0 0 0.99065456749329639 5.3515112711903677e-18 1 -2.2699680168587841e-13 -1.3010111481789443e-13 1.8731555026410664e-12 0.34391212089616324 0.33063887469861369 0.013273246197549549 0.00010123764096595736
