# 1:passo  2:raio_area  3:raio_grad  4:raio_linha  5:p_in  6:p_out  7:delta_p  8:sigma  9:|u-v0|max  10:|u-v0|rms  11:Ca  12:massa_R  13:massa_B  14:|q|  15:sd_p_in  16:sd_p_out  17:sigma_2pontos  18:K_perfil  19:r_perfil  20:espessura_10_90  21:residuo_ajuste  22:n_camadas
0 25.04052139 25.08111096 25 0.3333333333 0.3333333333 -2.220446049e-16 -5.560112678e-15 0.001698705917 0.0003303691188 0 1969.865651 8030.134349 9.650577525e-17 2.78221524e-08 0 0 1.273345395 25.01411833 3.451105388 0.08159937045 12
500 24.90620236 24.92307609 24.83594546 0.3362699718 0.3333958877 0.002874084078 0.07158251964 0.007367147744 0.0044145045 0.001715304188 1969.865651 8030.134349 5.066387567e-14 0.0001933256128 0.001306277739 0.1367657326 1.294970294 24.87964762 3.393474874 0.07290468295 12
1000 24.77185327 24.78649999 24.72635427 0.3403197666 0.3318103929 0.008509373663 0.2107929558 0.01064040682 0.006268086657 0.0008412999992 1969.865651 8030.134349 4.651002447e-14 0.0002547304165 0.001215603458 0.1573005772 1.289197244 24.74617962 3.408670919 0.07670267836 11
1500 24.62589211 24.63453912 24.57806074 0.3465245067 0.3297332066 0.0167913001 0.4135007446 0.009665956534 0.005882591072 0.0003895985138 1969.865651 8030.134349 1.265072473e-13 0.0001901069933 0.001093775704 0.5129242633 1.287062428 24.59653059 3.41432479 0.08716278774 12
2000 24.53748354 24.54291915 24.47098737 0.3486717192 0.3282348922 0.02043682696 0.5014683053 0.007005044912 0.003407943539 0.0002328178019 1969.865651 8030.134349 2.89520843e-13 0.0001167463433 0.0007596234976 0.524659661 1.291723566 24.50573634 3.402004323 0.09400807629 12
2500 24.51096956 24.51288553 24.44027666 0.3508541982 0.3285537477 0.02230045043 0.5466056616 0.00395549135 0.002313879424 0.0001206077076 1969.865651 8030.134349 2.536039589e-13 0.0004392711671 0.0001656262984 0.5609049589 1.291552726 24.47740928 3.402454323 0.09906200426 12
3000 24.5632925 24.56471959 24.49599671 0.3501646468 0.3299201042 0.02024454266 0.4972726228 0.00601622424 0.00390727229 0.0002016407085 1969.865651 8030.134349 3.506036467e-13 0.0007227036803 0.0009012703478 0.4743853976 1.291198351 24.53045395 3.40338814 0.09577662301 12
3500 24.67316682 24.67753078 24.59088424 0.3449115859 0.331413354 0.01349823193 0.3330441283 0.006173040552 0.004759660095 0.0003089200513 1969.865651 8030.134349 2.31729156e-13 0.0001459903508 0.001642357145 0.2645002252 1.291677624 24.6446271 3.402125323 0.07999401434 12
4000 24.77979559 24.78950265 24.68454041 0.3403736273 0.3326739052 0.007699722059 0.1907975387 0.006251757337 0.003690737723 0.0005461074411 1969.865651 8030.134349 1.913969705e-13 0.0002506199761 0.001843080674 0.1344748883 1.290942708 24.75329666 3.404062108 0.06744793445 11
4500 24.84019452 24.85527485 24.76067763 0.3383238899 0.3331541451 0.005169744769 0.1284174657 0.003961933984 0.002409819695 0.0005141997836 1969.865651 8030.134349 1.84856975e-13 0.0002417166851 0.001568482097 0.06040149812 1.297867721 24.81170313 3.385899104 0.07552487567 12
5000 24.8240762 24.84042104 24.76010974 0.3396062449 0.3330390868 0.006567158097 0.163023633 0.0048801771 0.002851095374 0.0004989232756 1969.865651 8030.134349 1.867095404e-13 4.835408089e-05 0.0005538518835 0.1312335942 1.29539567 24.7953837 3.39236054 0.07635132629 12
5500 24.77502238 24.79114385 24.7261883 0.3406196737 0.3316922256 0.008927448117 0.2211777269 0.004977424155 0.003805859765 0.0003750697252 1969.865651 8030.134349 2.21362791e-13 0.0001622836461 0.0009262865402 0.2034143172 1.288450525 24.74933327 3.410646409 0.07341460716 11
6000 24.71093279 24.72523294 24.66713704 0.3426284487 0.3299817269 0.01264672179 0.3125122922 0.005248664062 0.003473823303 0.0002799177394 1969.865651 8030.134349 1.470035038e-13 0.0001053451821 0.001598073574 0.3985135741 1.291997203 24.68593251 3.401283799 0.07628984526 12
6500 24.65201457 24.66302523 24.60899958 0.344246099 0.3290363465 0.0152097525 0.3749510401 0.003274481519 0.001984466031 0.0001455515151 1969.865651 8030.134349 1.76550348e-13 0.0001717503862 0.001935534327 0.4606818109 1.292909798 24.62436026 3.398883018 0.0847667624 12
7000 24.61975668 24.62633158 24.57813476 0.3460989897 0.3291961018 0.01690288799 0.4161449895 0.00278047286 0.001604824208 0.0001113583378 1969.865651 8030.134349 1.849413344e-13 1.767427141e-05 0.00169656481 0.4796328245 1.291381508 24.58964124 3.402905437 0.09263971795 12
7500 24.63901647 24.6436322 24.59032785 0.3462573312 0.3299488531 0.01630847809 0.4018248604 0.004434818595 0.002802668402 0.0001839449236 1969.865651 8030.134349 2.080941758e-13 0.0003238272204 0.0008302455468 0.4372936109 1.290191744 24.60867189 3.406043463 0.0919099897 12
8000 24.69206884 24.6970877 24.6191873 0.3438691844 0.330935092 0.01293409247 0.3193695015 0.00580905086 0.003401031704 0.0003031520351 1969.865651 8030.134349 1.146213824e-13 3.128334862e-05 0.0003550200517 0.3000724641 1.291066258 24.66373382 3.403736353 0.08074145068 12
8500 24.74583294 24.75344188 24.65582371 0.3417557877 0.3319160348 0.00983975294 0.2434928825 0.004056559852 0.002509820744 0.0002776645058 1969.865651 8030.134349 3.036871487e-13 0.0001091061175 0.001298866649 0.194973214 1.293638025 24.72024488 3.396969684 0.06878259192 12
9000 24.77139209 24.78185877 24.68548743 0.3412725885 0.3325786133 0.008693975248 0.2153618697 0.001600472126 0.001000231924 0.0001238591375 1969.865651 8030.134349 2.435769654e-13 1.270628692e-05 0.001764141148 0.1458295125 1.290054865 24.74467972 3.406404853 0.06909647757 11
9500 24.75874129 24.7705938 24.68150461 0.3419659535 0.3326563267 0.00930962676 0.2304946405 0.002060422616 0.001259915828 0.0001489855767 1969.865651 8030.134349 2.242715361e-13 4.342041179e-05 0.001476317087 0.1588252766 1.28888584 24.73211116 3.40949448 0.0704808965 11
10000 24.72874132 24.74151631 24.65990643 0.3426739066 0.3318203637 0.01085354286 0.2683944538 0.003620059829 0.002563757221 0.0002247972327 1969.865651 8030.134349 2.714110921e-13 1.10429184e-06 0.0008067640034 0.2218526604 1.292874456 24.70450388 3.398975929 0.06899767307 12
10500 24.69259655 24.70552225 24.63120478 0.3436647026 0.3305922005 0.01307250201 0.322794018 0.003952026398 0.002702568665 0.0002040530585 1969.865651 8030.134349 2.620716665e-13 4.198387545e-07 0.0002899075383 0.3419634552 1.292659752 24.66725651 3.399540481 0.07402090998 12
11000 24.66014216 24.67177033 24.60631123 0.3445791439 0.3297879803 0.01479116361 0.3647521973 0.003110069591 0.001774013395 0.0001421087894 1969.865651 8030.134349 2.575120588e-13 1.3679427e-05 0.0008607215923 0.4051697035 1.293056449 24.6333714 3.398497535 0.08024244668 12
11500 24.64725348 24.65655992 24.60102997 0.3453221435 0.3296768176 0.01564532584 0.3856143117 0.00129580067 0.000698651199 5.600590326e-05 1969.865651 8030.134349 2.699545265e-13 7.159923838e-05 0.001253184898 0.4316213735 1.292260993 24.61912318 3.400589493 0.08615843152 12
12000 24.66728288 24.6751694 24.62139872 0.3448381032 0.3300531283 0.01478497489 0.3647051579 0.002229392022 0.001457735452 0.0001018810206 1969.865651 8030.134349 2.372215868e-13 0.0001441602585 0.001124269564 0.4077822902 1.291454023 24.63899223 3.402714363 0.08668584673 12
12500 24.70934667 24.71710508 24.6513574 0.342944714 0.3307081935 0.01223652054 0.302356428 0.003542779167 0.002217205714 0.0001952871313 1969.865651 8030.134349 2.810440758e-13 7.200492082e-05 0.0005953969385 0.3237596756 1.292020273 24.68226964 3.401223067 0.08030487418 12
13000 24.75070133 24.75958393 24.68039086 0.3413026004 0.3314457985 0.009856801894 0.2439627597 0.003086966987 0.001961890413 0.0002108905877 1969.865651 8030.134349 3.370910338e-13 0.0001956503251 0.0001894200581 0.2415363009 1.293434421 24.72532312 3.397504414 0.07228787832 12
13500 24.77005891 24.78032506 24.69712214 0.340975308 0.3320258003 0.008949507701 0.221679833 0.00181497311 0.001109646711 0.0001364560385 1969.865651 8030.134349 3.719441165e-13 0.0001072317845 0.0005812540429 0.1965946927 1.289644328 24.74308099 3.407489226 0.0728864409 11
14000 24.76011235 24.77107234 24.68861767 0.3416315285 0.3321809482 0.009450580316 0.2339974304 0.001441276831 0.0007981498343 0.0001026561722 1969.865651 8030.134349 3.231016936e-13 1.750943597e-05 0.000768878238 0.19246103 1.288809573 24.73311239 3.40969624 0.07299407332 11
14500 24.73155638 24.74284226 24.66152775 0.3426057074 0.3317218949 0.01088381252 0.269173623 0.002529841842 0.001618399396 0.0001566425054 1969.865651 8030.134349 3.492627123e-13 1.714763137e-05 0.0006461450237 0.233732733 1.292436853 24.70669229 3.40012678 0.07037616856 12
15000 24.69560259 24.70679192 24.62804 0.3437356777 0.3309232787 0.01281239898 0.3164099134 0.002720351409 0.001860641838 0.0001432925715 1969.865651 8030.134349 3.667714699e-13 3.80171306e-05 0.0003514192501 0.311297751 1.29236246 24.66975708 3.400322504 0.07401981555 12
15500 24.66319046 24.67351659 24.60029494 0.3447800918 0.3302993878 0.01448070401 0.3571403611 0.00202378606 0.001330653431 9.444400951e-05 1969.865651 8030.134349 3.348511508e-13 5.503476508e-05 0.0001778239384 0.3685047294 1.292563434 24.63617336 3.399793803 0.07880580214 12
16000 24.64807561 24.65707063 24.59060501 0.3454550262 0.330096978 0.01535804817 0.3785463326 0.001088414094 0.0005049978744 4.792077836e-05 1969.865651 8030.134349 3.403437421e-13 0.0001111469926 0.0003721987345 0.396172457 1.29227686 24.62010382 3.400547738 0.08308905621 12
16500 24.6600506 24.66827866 24.60414638 0.3451399792 0.3302655931 0.0148743861 0.366803114 0.001432299475 0.0009430852262 6.50803033e-05 1969.865651 8030.134349 4.504717466e-13 0.0001412733173 0.0004288747904 0.3853829257 1.291914929 24.63201471 3.401500404 0.08374776438 12
17000 24.69323804 24.70164789 24.63253126 0.3437439639 0.3306878638 0.01305610009 0.3223973874 0.002142731652 0.001569511664 0.0001107707308 1969.865651 8030.134349 4.656448621e-13 2.254447044e-05 0.0002636963402 0.333059309 1.292305301 24.66616766 3.400472899 0.07983161063 12
17500 24.73092806 24.74033052 24.66452685 0.3422108137 0.3312191876 0.01099162605 0.2718331131 0.002192598062 0.001493212921 0.0001344328533 1969.865651 8030.134349 5.017344564e-13 9.572615416e-05 8.061330458e-05 0.2710911017 1.293244168 24.70527251 3.398004231 0.07419316092 12
18000 24.75554829 24.76611529 24.68785706 0.3414307539 0.3316729343 0.009757819669 0.2415601761 0.00134242425 0.0008322491534 9.262179666e-05 1969.865651 8030.134349 5.283491253e-13 0.0001017290582 0.0002069042296 0.2302822224 1.289694418 24.72832945 3.407356885 0.07502634955 11
18500 24.75816184 24.76942687 24.69200831 0.3414647857 0.3318378703 0.009626915371 0.2383447288 0.0003987073745 0.0002283155289 2.788030153e-05 1969.865651 8030.134349 6.042882861e-13 7.607889802e-05 0.0002793965189 0.2196445463 1.289187222 24.73114898 3.408697417 0.07440953731 11
19000 24.74187684 24.75335363 24.67723393 0.3420333989 0.3315842177 0.01044918123 0.2585323552 0.001551708301 0.001028436252 0.0001000331467 1969.865651 8030.134349 6.392210939e-13 5.459152362e-05 0.0001944117848 0.2439304473 1.292810831 24.71721631 3.399143208 0.07098415353 12
19500 24.71454854 24.7257557 24.65114633 0.3429425929 0.3310515881 0.01189100481 0.2938808156 0.002070527183 0.001381557258 0.000117424427 1969.865651 8030.134349 7.30124005e-13 2.405053587e-05 4.573752342e-05 0.2952434672 1.292510603 24.68906937 3.399932769 0.0737824061 12
20000 24.6858066 24.69616316 24.62423918 0.3439536623 0.3305653667 0.01338829562 0.3305008763 0.001576943451 0.001119356715 7.952290823e-05 1969.865651 8030.134349 8.006207483e-13 1.791931485e-05 0.0002099890573 0.3423591479 1.292386708 24.65927469 3.400258706 0.07749562264 12
20500 24.66715415 24.67633439 24.60761622 0.3447308693 0.3303452364 0.01438563285 0.3548526231 0.0007245783247 0.0004463945145 3.403188993e-05 1969.865651 8030.134349 8.907724029e-13 7.592816561e-05 0.0002921520896 0.3688473214 1.292159794 24.639698 3.40085582 0.08088466134 12
21000 24.6674143 24.67576638 24.60773236 0.3448256401 0.3304160428 0.01440959731 0.3554475067 0.0007356432739 0.0004584372677 3.449376068e-05 1969.865651 8030.134349 9.677142956e-13 0.0001089293549 0.0002372667107 0.3665297516 1.291968323 24.63965259 3.40135983 0.08190225904 12
21500 24.68558797 24.69387707 24.62231838 0.3441081756 0.330708208 0.01339996764 0.3307860801 0.00154647041 0.001035496368 7.791895847e-05 1969.865651 8030.134349 1.063847519e-12 5.807341036e-05 5.07786236e-05 0.3340845186 1.292215294 24.65832975 3.400709755 0.07968973872 12
22000 24.71171069 24.72067651 24.644323 0.3430651356 0.3311071804 0.01195795517 0.2955015287 0.00165993454 0.001130814773 9.362244517e-05 1969.865651 8030.134349 1.126808304e-12 1.972757975e-05 0.0001796852357 0.288899745 1.292828839 24.68545433 3.399095859 0.07575901912 12
22500 24.7331048 24.7430779 24.66437538 0.3423188953 0.3314649024 0.01085399293 0.2684529446 0.001204351089 0.0007521225256 7.477108578e-05 1969.865651 8030.134349 1.227355467e-12 4.536864577e-05 0.0003256868675 0.2539120456 1.293255286 24.70779414 3.39797502 0.07246929557 12
23000 24.74123475 24.75204505 24.67381329 0.3420861847 0.3316229999 0.01046318479 0.2588721111 0.0003564127439 0.000205270008 2.294651352e-05 1969.865651 8030.134349 1.300267275e-12 4.358981369e-05 0.000333759542 0.2406599374 1.293230299 24.71641782 3.398040671 0.07110884483 12
23500 24.73514205 24.74640038 24.66996775 0.3422841974 0.3314867403 0.01079745712 0.2670766357 0.0008700587807 0.0006356059175 5.429520122e-05 1969.865651 8030.134349 1.341925789e-12 3.817061533e-05 0.0002049069972 0.2536501377 1.292889747 24.71079528 3.398935728 0.07248868753 12
24000 24.71897298 24.73021085 24.65613166 0.3427941076 0.331125377 0.01166873069 0.2884390385 0.001323655744 0.0009709120377 7.648385313e-05 1969.865651 8030.134349 1.400988237e-12 2.846921677e-05 1.924616456e-05 0.2877884106 1.292749586 24.69364542 3.399304243 0.07358235024 12
24500 24.69944231 24.71014129 24.63886278 0.3434512188 0.3307448279 0.01270639093 0.3138407698 0.001199676768 0.0008699596347 6.370941807e-05 1969.865651 8030.134349 1.46523412e-12 7.557462377e-06 0.0002324680868 0.3245187529 1.292568016 24.67337744 3.399781753 0.07636461463 12
25000 24.68479016 24.69460658 24.62592442 0.344015666 0.3305253207 0.01349034524 0.3330063415 0.0005747649778 0.0004212189813 2.876646809e-05 1969.865651 8030.134349 1.501951668e-12 2.645517298e-05 0.0003519115777 0.3483314034 1.292349761 24.65799566 3.400355917 0.07902756543 12
25500 24.68179293 24.69082805 24.62279243 0.344191105 0.3305269897 0.01366411534 0.3372548654 0.0004056792587 0.0002446813672 2.004810508e-05 1969.865651 8030.134349 1.585733561e-12 5.16304315e-05 0.0003272890975 0.3510633623 1.292168895 24.65462365 3.400831865 0.08020243254 12
26000 24.69134082 24.70007163 24.62960771 0.3438500594 0.3307185075 0.01313155194 0.3242356246 0.001114341655 0.0007014440788 5.72804452e-05 1969.865651 8030.134349 1.64304282e-12 3.559964806e-05 0.0001675877591 0.3313885907 1.292251839 24.66434406 3.400613582 0.07913249827 12
26500 24.70786257 24.71685218 24.64242069 0.3432222886 0.3310157617 0.01220652688 0.3015971887 0.001306569837 0.0008455278603 7.220280811e-05 1969.865651 8030.134349 1.679265625e-12 4.877087676e-06 5.890645528e-05 0.2992382139 1.292600578 24.6814564 3.39969611 0.0765360451 12
27000 24.72289417 24.7325021 24.65519463 0.3426997949 0.3313029304 0.01139686445 0.2817634738 0.0009434831917 0.0006199821514 5.580822684e-05 1969.865651 8030.134349 1.725018649e-12 2.490546937e-05 0.0002447364671 0.2707174359 1.292919643 24.69715243 3.398857135 0.07396323222 12
27500 24.72979657 24.74005009 24.66198969 0.3424968106 0.3314577171 0.01103909346 0.2729945357 0.0002680181225 0.0001547965379 1.636285025e-05 1969.865651 8030.134349 1.773146345e-12 2.417205368e-05 0.0003236327317 0.2570107997 1.292994316 24.70448387 3.398660845 0.07255279803 12
28000 24.72669183 24.73738738 24.66017106 0.3426122479 0.3314028897 0.01120935817 0.2771703449 0.0005189779229 0.0003715830397 3.120691736e-05 1969.865651 8030.134349 1.798301551e-12 1.821877529e-05 0.0002713946665 0.2628008734 1.292888236 24.70144752 3.398939701 0.07258038093 12
28500 24.71592594 24.726745 24.65135981 0.3429587371 0.331166877 0.01179186013 0.2914467415 0.0009109906638 0.0006876765782 5.209589117e-05 1969.865651 8030.134349 1.829440815e-12 1.010668934e-05 0.0001171592279 0.2852941389 1.292746361 24.69041868 3.399312724 0.07380937135 12
29000 24.70228391 24.71285498 24.63991495 0.3434087316 0.3308789367 0.01252979484 0.3095145494 0.0009562754625 0.000685204411 5.149329621e-05 1969.865651 8030.134349 1.842019978e-12 2.806457869e-06 7.418087838e-05 0.3129813863 1.292619935 24.67629829 3.399645197 0.07578307427 12
29500 24.69164387 24.70168472 24.63114542 0.3437902534 0.3306786364 0.01311161696 0.3237473765 0.0006169851858 0.0003923412414 3.176268652e-05 1969.865651 8030.134349 1.830647478e-12 2.073725928e-05 0.0002176364779 0.3333929908 1.292482478 24.6651551 3.400006755 0.07777787176 12
29999 24.68894632 24.69841925 24.62904376 0.3439121209 0.3306388747 0.0132732462 0.3277024629 0.0001869440165 0.000101237641 9.507812608e-06 1969.865651 8030.134349 1.891339574e-12 3.306833456e-05 0.0002622036862 0.3386780076 1.292364836 24.66215685 3.400316251 0.07887621114 12
