# 1:passo  2:raio_area  3:raio_grad  4:raio_linha  5:p_in  6:p_out  7:delta_p  8:sigma  9:|u-v0|max  10:|u-v0|rms  11:Ca  12:massa_R  13:massa_B  14:|q|  15:sd_p_in  16:sd_p_out  17:sigma_2pontos  18:K_perfil  19:r_perfil  20:espessura_10_90  21:residuo_ajuste  22:n_camadas
0 10.10087507 10.20274894 10 0.3333333333 0.3333333333 -2.442490654e-15 -2.467129295e-14 2.081668171e-17 7.772451716e-18 0 320.5294009 1279.470599 1.020645666e-16 1.203934316e-08 8.422049362e-09 2.775557562e-15 1.266703781 10.04238507 3.469200315 0.1993849299 12
500 10.00542403 10.07437831 9.891262183 0.3416030391 0.3314523605 0.01015067857 0.1015618433 0.001728161219 0.0007155081486 0.002835975208 320.5294009 1279.470599 5.634919645e-15 1.661897579e-05 2.75717685e-05 0.0999976899 1.292162602 9.930246962 3.40084843 0.2411366184 12
1000 10.00303823 10.07207536 9.889105678 0.3418224506 0.3313501059 0.01047234467 0.1047552641 0.001406155535 0.0003757382875 0.002237207437 320.5294009 1279.470599 6.199373635e-14 2.69356835e-05 2.459118792e-05 0.1042444486 1.292109525 9.927902573 3.400988127 0.2413980388 12
1500 10.00389678 10.07305395 9.889954589 0.3417456204 0.3313892188 0.01035640159 0.1036043726 0.001397844887 0.0003751776997 0.002248690301 320.5294009 1279.470599 1.307331023e-13 2.341729794e-05 1.448837809e-06 0.1026473898 1.292091029 9.928823675 3.401036814 0.2415177029 12
2000 10.0039623 10.07312196 9.890015094 0.3417397415 0.3313922181 0.0103475234 0.103516234 0.001400030613 0.0003750772644 0.002254124079 320.5294009 1279.470599 2.261133116e-13 2.315376234e-05 5.240283062e-07 0.1025244892 1.292091457 9.928890884 3.401035687 0.2415160714 12
2500 10.00395061 10.07310842 9.890003456 0.3417407835 0.3313916811 0.0103491024 0.1035319093 0.001400241274 0.0003750787848 0.002254121916 320.5294009 1279.470599 2.436785332e-13 2.320014249e-05 3.468762353e-07 0.1025463769 1.292091769 9.928878383 3.401034866 0.2415127945 12
3000 10.00394915 10.07310685 9.89000208 0.3417409142 0.3313916141 0.01034930011 0.103533872 0.001400212676 0.0003750786438 0.002254033148 320.5294009 1279.470599 2.513507807e-13 2.320598457e-05 3.397824372e-07 0.1025491168 1.292091759 9.92887701 3.401034891 0.2415114088 12
3500 10.00394929 10.07310702 9.890002223 0.3417409017 0.3313916206 0.01034928104 0.1035336827 0.001400208882 0.0003750786058 0.00225403116 320.5294009 1279.470599 2.432613135e-13 2.320542272e-05 3.405022836e-07 0.1025488525 1.292091741 9.928877311 3.401034939 0.2415101133 12
4000 10.00394932 10.07310705 9.89000225 0.3417408991 0.3313916219 0.01034927718 0.1035336443 0.001400209825 0.0003750786063 0.002254033513 320.5294009 1279.470599 2.535202765e-13 2.320530934e-05 3.398950265e-07 0.1025487989 1.292091727 9.928877486 3.401034975 0.2415087899 12
4500 10.00394932 10.07310705 9.890002248 0.3417408992 0.3313916219 0.01034927736 0.1035336461 0.001400210523 0.0003750786068 0.002254034599 320.5294009 1279.470599 1.500734425e-13 2.320531271e-05 3.403409146e-07 0.1025488014 1.292091714 9.92887763 3.40103501 0.241507464 12
5000 10.00394932 10.07310705 9.890002247 0.3417408993 0.3313916219 0.01034927743 0.1035336468 0.001400211136 0.0003750786067 0.002254035571 320.5294009 1279.470599 8.584870233e-14 2.320531827e-05 3.400771102e-07 0.1025488024 1.2920917 9.928877775 3.401035046 0.2415061384 12
5500 10.00394932 10.07310705 9.890002247 0.3417408993 0.3313916219 0.01034927742 0.1035336468 0.001400211751 0.0003750786066 0.00225403656 320.5294009 1279.470599 1.278052819e-13 2.320531789e-05 3.399256211e-07 0.1025488023 1.292091687 9.92887792 3.401035081 0.2415048128 12
6000 10.00394932 10.07310705 9.890002246 0.3417408993 0.3313916219 0.01034927742 0.1035336468 0.001400212366 0.0003750786064 0.002254037551 320.5294009 1279.470599 1.233987733e-13 2.320531629e-05 3.399616001e-07 0.1025488023 1.292091673 9.928878065 3.401035116 0.2415034872 12
6500 10.00394932 10.07310705 9.890002246 0.3417408993 0.3313916219 0.01034927742 0.1035336468 0.001400212982 0.0003750786063 0.002254038542 320.5294009 1279.470599 1.13183959e-13 2.320531852e-05 3.403686392e-07 0.1025488023 1.29209166 9.928878211 3.401035152 0.2415021614 12
7000 10.00394932 10.07310705 9.890002245 0.3417408993 0.3313916219 0.01034927742 0.1035336468 0.001400213597 0.0003750786062 0.002254039533 320.5294009 1279.470599 4.053471478e-14 2.32053194e-05 3.405831826e-07 0.1025488023 1.292091646 9.928878356 3.401035187 0.2415008355 12
7500 10.00394932 10.07310705 9.890002245 0.3417408993 0.3313916219 0.01034927742 0.1035336468 0.001400214213 0.000375078606 0.002254040524 320.5294009 1279.470599 1.108882233e-13 2.320531589e-05 3.409609774e-07 0.1025488023 1.292091633 9.928878502 3.401035223 0.2414995096 12
8000 10.00394932 10.07310705 9.890002244 0.3417408993 0.3313916219 0.01034927742 0.1035336468 0.001400214829 0.0003750786059 0.002254041515 320.5294009 1279.470599 3.537087795e-13 2.320531807e-05 3.403517133e-07 0.1025488023 1.292091619 9.928878647 3.401035258 0.2414981836 12
8500 10.00394932 10.07310705 9.890002244 0.3417408993 0.3313916219 0.01034927742 0.1035336468 0.001400215444 0.0003750786058 0.002254042506 320.5294009 1279.470599 3.548308211e-13 2.320531431e-05 3.401975047e-07 0.1025488023 1.292091606 9.928878792 3.401035294 0.2414968575 12
9000 10.00394932 10.07310705 9.890002244 0.3417408993 0.3313916219 0.01034927742 0.1035336468 0.00140021606 0.0003750786056 0.002254043497 320.5294009 1279.470599 3.682722832e-13 2.320531682e-05 3.401343208e-07 0.1025488023 1.292091592 9.928878938 3.40103533 0.2414955313 12
9500 10.00394932 10.07310705 9.890002243 0.3417408993 0.3313916219 0.01034927742 0.1035336468 0.001400216675 0.0003750786055 0.002254044488 320.5294009 1279.470599 3.666092326e-13 2.320531805e-05 3.402698929e-07 0.1025488023 1.292091579 9.928879083 3.401035365 0.2414942051 12
10000 10.00394932 10.07310705 9.890002243 0.3417408993 0.3313916219 0.01034927742 0.1035336468 0.001400217291 0.0003750786054 0.002254045479 320.5294009 1279.470599 2.883938179e-13 2.320531797e-05 3.402759698e-07 0.1025488023 1.292091565 9.928879229 3.401035401 0.2414928788 12
10500 10.00394932 10.07310705 9.890002242 0.3417408993 0.3313916219 0.01034927742 0.1035336468 0.001400217906 0.0003750786052 0.00225404647 320.5294009 1279.470599 1.987362367e-13 2.320531394e-05 3.406346847e-07 0.1025488023 1.292091552 9.928879374 3.401035437 0.2414915523 12
11000 10.00394932 10.07310705 9.890002242 0.3417408993 0.3313916219 0.01034927742 0.1035336468 0.001400218522 0.0003750786051 0.00225404746 320.5294009 1279.470599 2.651419814e-13 2.320531795e-05 3.400727659e-07 0.1025488023 1.292091538 9.928879519 3.401035473 0.2414902258 12
11500 10.00394932 10.07310705 9.890002241 0.3417408993 0.3313916219 0.01034927742 0.1035336468 0.001400219138 0.000375078605 0.002254048451 320.5294009 1279.470599 2.804059569e-13 2.320531604e-05 3.403492046e-07 0.1025488023 1.292091524 9.928879665 3.401035508 0.2414888993 12
12000 10.00394932 10.07310705 9.890002241 0.3417408993 0.3313916219 0.01034927742 0.1035336468 0.001400219753 0.0003750786048 0.002254049442 320.5294009 1279.470599 1.988988122e-13 2.320531626e-05 3.4030834e-07 0.1025488023 1.292091511 9.92887981 3.401035544 0.2414875726 12
12500 10.00394932 10.07310705 9.89000224 0.3417408993 0.3313916219 0.01034927742 0.1035336468 0.001400220369 0.0003750786047 0.002254050433 320.5294009 1279.470599 1.932013712e-13 2.320531868e-05 3.401868415e-07 0.1025488023 1.292091497 9.928879956 3.40103558 0.2414862459 12
13000 10.00394932 10.07310705 9.89000224 0.3417408993 0.3313916219 0.01034927742 0.1035336468 0.001400220984 0.0003750786046 0.002254051424 320.5294009 1279.470599 1.107866642e-13 2.320531692e-05 3.402062007e-07 0.1025488023 1.292091484 9.928880101 3.401035616 0.2414849191 12
13500 10.00394932 10.07310705 9.890002239 0.3417408993 0.3313916219 0.01034927742 0.1035336468 0.0014002216 0.0003750786044 0.002254052415 320.5294009 1279.470599 3.662757847e-14 2.320531809e-05 3.405384548e-07 0.1025488023 1.29209147 9.928880247 3.401035652 0.2414835922 12
14000 10.00394932 10.07310705 9.890002239 0.3417408993 0.3313916219 0.01034927742 0.1035336468 0.001400222215 0.0003750786043 0.002254053406 320.5294009 1279.470599 9.810331596e-14 2.320531815e-05 3.399417246e-07 0.1025488022 1.292091456 9.928880392 3.401035688 0.2414822652 12
14500 10.00394932 10.07310705 9.890002239 0.3417408993 0.3313916219 0.01034927742 0.1035336468 0.001400222831 0.0003750786042 0.002254054396 320.5294009 1279.470599 2.049653912e-13 2.320531932e-05 3.402590581e-07 0.1025488022 1.292091442 9.928880538 3.401035724 0.2414809381 12
15000 10.00394932 10.07310705 9.890002238 0.3417408993 0.3313916219 0.01034927742 0.1035336468 0.001400223446 0.000375078604 0.002254055387 320.5294009 1279.470599 2.42907732e-13 2.320531723e-05 3.403609207e-07 0.1025488022 1.292091429 9.928880683 3.40103576 0.241479611 12
15500 10.00394932 10.07310705 9.890002238 0.3417408993 0.3313916219 0.01034927742 0.1035336468 0.001400224062 0.0003750786039 0.002254056378 320.5294009 1279.470599 2.611074782e-13 2.320531729e-05 3.399077588e-07 0.1025488022 1.292091415 9.928880829 3.401035796 0.2414782838 12
16000 10.00394932 10.07310705 9.890002237 0.3417408993 0.3313916219 0.01034927742 0.1035336468 0.001400224677 0.0003750786038 0.002254057369 320.5294009 1279.470599 2.822886087e-13 2.320531768e-05 3.40284403e-07 0.1025488022 1.292091401 9.928880974 3.401035832 0.2414769565 12
16500 10.00394932 10.07310705 9.890002237 0.3417408993 0.3313916219 0.01034927742 0.1035336468 0.001400225293 0.0003750786036 0.00225405836 320.5294009 1279.470599 3.39148659e-13 2.320531486e-05 3.402843161e-07 0.1025488022 1.292091388 9.92888112 3.401035869 0.2414756291 12
17000 10.00394932 10.07310705 9.890002236 0.3417408993 0.3313916219 0.01034927742 0.1035336468 0.001400225908 0.0003750786035 0.002254059351 320.5294009 1279.470599 5.083660516e-13 2.320531361e-05 3.404525326e-07 0.1025488022 1.292091374 9.928881265 3.401035905 0.2414743016 12
17500 10.00394932 10.07310705 9.890002236 0.3417408993 0.3313916219 0.01034927742 0.1035336468 0.001400226524 0.0003750786033 0.002254060342 320.5294009 1279.470599 6.013041353e-13 2.320531596e-05 3.401617713e-07 0.1025488022 1.29209136 9.928881411 3.401035941 0.2414729741 12
18000 10.00394932 10.07310705 9.890002236 0.3417408993 0.3313916219 0.01034927742 0.1035336468 0.001400227141 0.0003750786032 0.002254061335 320.5294009 1279.470599 6.593179497e-13 2.320531721e-05 3.406490055e-07 0.1025488022 1.292091346 9.928881556 3.401035978 0.2414716464 12
18500 10.00394932 10.07310705 9.890002238 0.3417408993 0.3313916219 0.01034927742 0.1035336468 0.001400227762 0.0003750786031 0.002254062334 320.5294009 1279.470599 7.465507625e-13 2.320531813e-05 3.401739289e-07 0.1025488022 1.292091332 9.928881702 3.401036014 0.241470318 12
19000 10.00394932 10.07310705 9.890002245 0.3417408993 0.3313916219 0.01034927742 0.1035336468 0.001400228363 0.0003750786029 0.002254063301 320.5294009 1279.470599 8.56426322e-13 2.320531827e-05 3.402487458e-07 0.1025488023 1.292091318 9.928881848 3.401036051 0.2414689784 12
19500 10.00394932 10.07310705 9.890002234 0.3417408993 0.3313916219 0.01034927743 0.1035336468 0.001400228872 0.0003750786028 0.002254064121 320.5294009 1279.470599 1.041136286e-12 2.32053198e-05 3.403796968e-07 0.1025488022 1.292091302 9.928882008 3.401036094 0.2414675026 12
20000 10.00394932 10.07310705 9.890002223 0.3417408993 0.3313916219 0.01034927743 0.1035336468 0.001400229778 0.0003750786026 0.00225406558 320.5294009 1279.470599 1.165924196e-12 2.320531601e-05 3.399689193e-07 0.1025488022 1.292091282 9.928882203 3.401036145 0.241465707 12
20500 10.00394932 10.07310705 9.89000223 0.3417408993 0.3313916219 0.01034927743 0.1035336468 0.001400230638 0.0003750786024 0.002254066964 320.5294009 1279.470599 1.259580877e-12 2.320531933e-05 3.404121179e-07 0.1025488022 1.292091263 9.92888241 3.401036197 0.2414638192 12
21000 10.00394932 10.07310705 9.890002231 0.3417408993 0.3313916219 0.01034927743 0.1035336468 0.001400231503 0.0003750786022 0.002254068356 320.5294009 1279.470599 1.292273498e-12 2.320531869e-05 3.404212948e-07 0.1025488022 1.292091243 9.928882618 3.40103625 0.2414619251 12
21500 10.00394932 10.07310705 9.890002231 0.3417408993 0.3313916219 0.01034927743 0.1035336468 0.001400232378 0.000375078602 0.002254069765 320.5294009 1279.470599 1.310355996e-12 2.320531915e-05 3.402550425e-07 0.1025488022 1.292091223 9.928882825 3.401036302 0.2414600305 12
22000 10.00394932 10.07310705 9.89000223 0.3417408993 0.3313916219 0.01034927743 0.1035336468 0.001400233255 0.0003750786019 0.002254071177 320.5294009 1279.470599 1.303411769e-12 2.320531785e-05 3.401570297e-07 0.1025488022 1.292091203 9.928883033 3.401036354 0.2414581358 12
22500 10.00394932 10.07310705 9.89000223 0.3417408993 0.3313916219 0.01034927743 0.1035336468 0.001400234132 0.0003750786017 0.002254072589 320.5294009 1279.470599 1.331420369e-12 2.320532087e-05 3.402530116e-07 0.1025488022 1.292091183 9.928883241 3.401036407 0.2414562409 12
23000 10.00394932 10.07310705 9.890002229 0.3417408993 0.3313916219 0.01034927743 0.1035336468 0.00140023501 0.0003750786015 0.002254074002 320.5294009 1279.470599 1.367640068e-12 2.320532077e-05 3.400477699e-07 0.1025488022 1.292091163 9.928883448 3.401036459 0.2414543459 12
23500 10.00394932 10.07310705 9.890002228 0.3417408993 0.3313916219 0.01034927743 0.1035336468 0.001400235888 0.0003750786013 0.002254075415 320.5294009 1279.470599 1.477301371e-12 2.320531928e-05 3.40326382e-07 0.1025488022 1.292091143 9.928883656 3.401036512 0.2414524509 12
24000 10.00394932 10.07310705 9.890002227 0.3417408993 0.3313916219 0.01034927743 0.1035336468 0.001400236765 0.0003750786011 0.002254076828 320.5294009 1279.470599 1.557473445e-12 2.320532085e-05 3.404109436e-07 0.1025488022 1.292091123 9.928883864 3.401036564 0.2414505557 12
24500 10.00394932 10.07310705 9.890002227 0.3417408993 0.3313916219 0.01034927743 0.1035336468 0.001400237643 0.0003750786009 0.002254078241 320.5294009 1279.470599 1.628694944e-12 2.320531939e-05 3.403058623e-07 0.1025488022 1.292091103 9.928884071 3.401036617 0.2414486603 12
25000 10.00394932 10.07310705 9.890002226 0.3417408993 0.3313916219 0.01034927743 0.1035336468 0.00140023852 0.0003750786007 0.002254079653 320.5294009 1279.470599 1.675595341e-12 2.320531869e-05 3.397740561e-07 0.1025488022 1.292091083 9.928884279 3.40103667 0.2414467649 12
25500 10.00394932 10.07310705 9.890002225 0.3417408993 0.3313916219 0.01034927743 0.1035336468 0.001400239398 0.0003750786005 0.002254081066 320.5294009 1279.470599 1.711211624e-12 2.320532082e-05 3.400547943e-07 0.1025488022 1.292091063 9.928884487 3.401036723 0.2414448694 12
26000 10.00394932 10.07310705 9.890002225 0.3417408993 0.3313916219 0.01034927743 0.1035336468 0.001400240275 0.0003750786003 0.002254082478 320.5294009 1279.470599 1.65376142e-12 2.320532103e-05 3.405433838e-07 0.1025488022 1.292091043 9.928884694 3.401036776 0.2414429737 12
26500 10.00394932 10.07310705 9.890002224 0.3417408993 0.3313916219 0.01034927743 0.1035336468 0.001400241153 0.0003750786001 0.002254083891 320.5294009 1279.470599 1.554697005e-12 2.320532187e-05 3.404525645e-07 0.1025488022 1.292091023 9.928884902 3.401036829 0.2414410779 12
27000 10.00394932 10.07310705 9.890002223 0.3417408993 0.3313916219 0.01034927743 0.1035336468 0.00140024203 0.0003750785999 0.002254085303 320.5294009 1279.470599 1.4697215e-12 2.320532246e-05 3.403730951e-07 0.1025488022 1.292091003 9.92888511 3.401036882 0.241439182 12
27500 10.00394932 10.07310705 9.890002222 0.3417408993 0.3313916219 0.01034927743 0.1035336468 0.001400242908 0.0003750785997 0.002254086716 320.5294009 1279.470599 1.442157238e-12 2.320532199e-05 3.404382133e-07 0.1025488022 1.292090982 9.928885318 3.401036935 0.241437286 12
28000 10.00394932 10.07310705 9.890002222 0.3417408993 0.3313916219 0.01034927743 0.1035336468 0.001400243785 0.0003750785996 0.002254088128 320.5294009 1279.470599 1.492294804e-12 2.320532112e-05 3.402444618e-07 0.1025488022 1.292090962 9.928885525 3.401036989 0.2414353899 12
28500 10.00394932 10.07310705 9.890002221 0.3417408993 0.3313916219 0.01034927743 0.1035336468 0.001400244662 0.0003750785994 0.00225408954 320.5294009 1279.470599 1.589746502e-12 2.320532297e-05 3.39726811e-07 0.1025488022 1.292090942 9.928885733 3.401037042 0.2414334936 12
29000 10.00394932 10.07310705 9.89000222 0.3417408993 0.3313916219 0.01034927743 0.1035336468 0.00140024554 0.0003750785992 0.002254090952 320.5294009 1279.470599 1.632980468e-12 2.320532052e-05 3.404738007e-07 0.1025488022 1.292090922 9.928885941 3.401037095 0.2414315972 12
29500 10.00394932 10.07310705 9.890002219 0.3417408993 0.3313916219 0.01034927743 0.1035336468 0.001400246417 0.000375078599 0.002254092364 320.5294009 1279.470599 1.737602692e-12 2.32053215e-05 3.401657643e-07 0.1025488022 1.292090901 9.928886149 3.401037149 0.2414297008 12
29999 10.00394932 10.07310705 9.890002219 0.3417408993 0.3313916219 0.01034927743 0.1035336468 0.001400247292 0.0003750785988 0.002254093774 320.5294009 1279.470599 1.746435071e-12 2.320532093e-05 3.401901304e-07 0.1025488022 1.292090881 9.928886356 3.401037202 0.2414278079 12
