# 1:passo  2:raio_area  3:raio_grad  4:raio_linha  5:p_in  6:p_out  7:delta_p  8:sigma  9:|u-v0|max  10:|u-v0|rms  11:Ca  12:massa_R  13:massa_B  14:|q|  15:sd_p_in  16:sd_p_out  17:sigma_2pontos  18:K_perfil  19:r_perfil  20:espessura_10_90  21:residuo_ajuste  22:n_camadas
0 25.04052139 25.08111096 25 0.3333333333 0.3333333333 -2.220446049e-16 -5.560112678e-15 1.563796842e-05 3.175256911e-06 0 1969.865651 8030.134349 1.973325714e-16 2.731879552e-08 0 -1.387778781e-15 1.273345395 25.01411833 3.451105388 0.08159937045 12
500 25.03859029 25.07406773 25.0030461 0.3333796553 0.3333269828 5.267249294e-05 0.00131884497 4.359463799e-05 2.930863041e-05 0.005509194154 1969.865651 8030.134349 5.013773984e-14 2.82405964e-06 2.208577212e-06 0.001274445744 1.29647675 25.01536095 3.389531787 0.07333694189 12
1000 25.03745943 25.0729082 25.00308811 0.3334205502 0.3333122204 0.0001083297591 0.002712301948 4.58900115e-05 3.14107694e-05 0.002819868657 1969.865651 8030.134349 6.916441534e-14 6.582844574e-07 2.175787747e-06 0.002727537564 1.296477846 25.01415837 3.389528922 0.07359179633 12
1500 25.0368463 25.07227059 25.00324696 0.3334427729 0.3333031936 0.0001395792656 0.00349462462 2.926443184e-05 1.956007993e-05 0.001395687902 1969.865651 8030.134349 7.492965225e-14 6.007438545e-07 3.944499615e-06 0.00368592153 1.296482052 25.01349838 3.389517925 0.07376126809 12
2000 25.03671046 25.07211982 25.00361601 0.333447656 0.3333012886 0.0001463673967 0.003664558133 8.83679998e-06 5.6170119e-06 0.000401903843 1969.865651 8030.134349 1.097940275e-13 8.610522228e-07 4.111223992e-06 0.003878547619 1.296268271 25.01333481 3.390076925 0.07669399894 12
2500 25.03685754 25.07226245 25.00408476 0.3334426097 0.3333039424 0.0001386672811 0.003471792963 8.475378854e-06 4.538271184e-06 0.0004068684848 1969.865651 8030.134349 1.311626291e-13 6.305595921e-07 2.639882029e-06 0.003611070849 1.296474895 25.01298222 3.389536635 0.07453982397 12
3000 25.03708115 25.07248907 25.00451474 0.3334348166 0.3333078104 0.00012700622 0.003179865037 1.054432828e-05 7.37096405e-06 0.0005526612064 1969.865651 8030.134349 1.272351199e-13 2.493140807e-07 6.793737315e-07 0.003216816843 1.296476943 25.013206 3.389531282 0.07456559774 12
3500 25.03724753 25.07266122 25.00481907 0.3334289988 0.3333106635 0.0001183352818 0.002962789743 8.816493469e-06 5.838957943e-06 0.0004959567521 1969.865651 8030.134349 1.403907398e-13 3.743628523e-08 7.460517481e-07 0.002925424103 1.296494029 25.01386958 3.389486614 0.07395708409 12
4000 25.03731419 25.0727328 25.00498247 0.333426649 0.3333117731 0.0001148758739 0.002876183349 5.692753176e-06 2.792606768e-06 0.0003298788988 1969.865651 8030.134349 1.342845555e-13 1.618103193e-07 1.248541452e-06 0.002811615126 1.296478102 25.01344179 3.389528251 0.07458908922 12
4500 25.03730204 25.07272312 25.00503961 0.3334270393 0.3333115028 0.0001155365844 0.002892724361 3.685877959e-06 1.391236983e-06 0.0002123648563 1969.865651 8030.134349 1.03602161e-13 1.478505926e-07 1.02435907e-06 0.002838315553 1.296478118 25.01342832 3.389528211 0.07459895372 12
5000 25.03725514 25.07267642 25.00504144 0.3334286412 0.3333106305 0.0001180106919 0.002954663803 5.270734488e-06 2.08570398e-06 0.0002973115747 1969.865651 8030.134349 8.83664888e-14 7.407932392e-08 4.915771829e-07 0.002926383921 1.296494347 25.01387412 3.389485782 0.07398645316 12
5500 25.0372107 25.07263093 25.00502957 0.3334301665 0.3333098176 0.0001203488393 0.003013199248 5.264135402e-06 2.091174882e-06 0.0002911708879 1969.865651 8030.134349 1.439159598e-13 1.616361252e-08 1.938373439e-08 0.003008652535 1.296478213 25.01333211 3.389527962 0.07461603301 12
6000 25.03718666 25.07260565 25.00502588 0.3334309937 0.3333093817 0.0001216120104 0.003044822606 4.43733379e-06 1.655169639e-06 0.0002428895628 1969.865651 8030.134349 1.462995894e-13 3.804771168e-08 2.385302363e-07 0.003052817921 1.296478344 25.01330638 3.389527618 0.07462124269 12
6500 25.03718347 25.07260163 25.00503465 0.3334311053 0.333309327 0.000121778315 0.003048986015 3.539075668e-06 1.404300814e-06 0.0001934564284 1969.865651 8030.134349 1.546719776e-13 3.979532395e-08 2.63086386e-07 0.003058410697 1.296478475 25.01330241 3.389527277 0.07462405991 12
7000 25.03719242 25.07261033 25.00505046 0.3334307995 0.333309493 0.0001213065584 0.003037175645 3.936536089e-06 1.424902988e-06 0.0002160195606 1969.865651 8030.134349 1.828053024e-13 2.910508567e-08 1.599644532e-07 0.003041645302 1.296478568 25.01331125 3.389527032 0.07462517154 12
7500 25.03720381 25.07262187 25.00506603 0.3334304092 0.3333097026 0.0001207066822 0.003022157802 4.051614495e-06 1.45318754e-06 0.0002234393856 1969.865651 8030.134349 1.870018443e-13 0 3.506340788e-08 0.003020456652 1.296478616 25.01332283 3.389526907 0.07462541126 12
8000 25.03721159 25.07262994 25.00507672 0.3334301425 0.3333098453 0.0001202971715 0.003011905736 3.94342143e-06 1.428543615e-06 0.000218212973 1969.865651 8030.134349 2.164851803e-13 1.612060194e-08 4.671960495e-08 0.003006018326 1.296478629 25.01333083 3.389526875 0.07462541791 12
8500 25.03721417 25.07263276 25.00508157 0.3334300539 0.3333098926 0.00012016131 0.003008504454 3.766631031e-06 1.404783645e-06 0.0002086657501 1969.865651 8030.134349 2.05812336e-13 0 6.742265535e-08 0.003001235617 1.296478624 25.0133335 3.389526888 0.07462551291 12
9000 25.03721295 25.07263166 25.00508216 0.3334300955 0.3333098702 0.000120225248 0.003010105138 3.630204645e-06 1.401656906e-06 0.0002010009883 1969.865651 8030.134349 2.921788643e-13 1.608182384e-08 6.609307463e-08 0.003003493059 1.296478616 25.01333225 3.389526909 0.0746257531 12
9500 25.03721029 25.07262899 25.00508084 0.3334301868 0.3333098214 0.0001203653824 0.00301361339 3.573179057e-06 1.4045049e-06 0.000197613219 1969.865651 8030.134349 3.143948049e-13 8.453718109e-09 3.367549755e-08 0.00300843259 1.296478612 25.01332949 3.389526919 0.07462605852 12
10000 25.03720802 25.07262666 25.00507946 0.3334302649 0.3333097797 0.0001204851639 0.003016612112 3.581813221e-06 1.404247782e-06 0.000197893812 1969.865651 8030.134349 3.680021563e-13 0 0 0.003012653325 1.296478614 25.01332711 3.389526913 0.07462632858 12
10500 25.03720691 25.07262549 25.00507888 0.3334303027 0.3333097594 0.0001205432803 0.00301806705 3.620926587e-06 1.402691291e-06 0.0001999583689 1969.865651 8030.134349 4.302642589e-13 0 0 0.00301470104 1.296478619 25.01332594 3.389526899 0.07462650554 12
11000 25.03720689 25.07262542 25.00507912 0.3334303036 0.333309759 0.0001205446571 0.00301810152 3.659256712e-06 1.402156115e-06 0.0002020727648 1969.865651 8030.134349 5.029635563e-13 1.101992063e-08 2.319950204e-08 0.003014749922 1.296478625 25.01332588 3.389526885 0.07462658553 12
11500 25.03720743 25.07262596 25.00507979 0.333430285 0.3333097689 0.0001205160607 0.003017385611 3.680915354e-06 1.402321792e-06 0.0002033170338 1969.865651 8030.134349 5.727981941e-13 1.694542568e-08 0 0.003013743002 1.296493179 25.01381806 3.389488835 0.07400719894 12
12000 25.03720804 25.07262657 25.00508046 0.3334302642 0.33330978 0.0001204841432 0.003016586558 3.684761288e-06 1.402416876e-06 0.000203583378 1969.865651 8030.134349 6.319039743e-13 0 3.28630617e-08 0.003012619034 1.29647863 25.01332706 3.389526871 0.07462658366 12
12500 25.03720842 25.07262697 25.0050809 0.3334302511 0.333309787 0.0001204641237 0.003016085371 3.677783382e-06 1.402358455e-06 0.0002032316137 1969.865651 8030.134349 7.16941607e-13 0 2.062607386e-08 0.003011914027 1.29647863 25.01332745 3.389526871 0.0746265679 12
13000 25.03720852 25.07262708 25.00508105 0.3334302477 0.3333097888 0.0001204588067 0.003015952261 3.668204474e-06 1.402315659e-06 0.0002027112366 1969.865651 8030.134349 7.759151709e-13 8.936887705e-09 3.115843856e-08 0.003011726756 1.29647863 25.01332756 3.389526873 0.07462656369 12
13500 25.03720843 25.072627 25.00508102 0.3334302506 0.3333097873 0.0001204633713 0.003016066535 3.661382668e-06 1.402324736e-06 0.0002023265858 1969.865651 8030.134349 8.561505149e-13 6.010323116e-09 2.441255441e-08 0.003011887462 1.296478629 25.01332747 3.389526874 0.07462657061 12
14000 25.03720828 25.07262685 25.00508091 0.3334302557 0.3333097846 0.000120471105 0.003016260149 3.658909931e-06 1.402340272e-06 0.0002021769648 1969.865651 8030.134349 8.974715688e-13 1.882133035e-08 2.046541739e-08 0.003012159775 1.296478629 25.01332732 3.389526875 0.07462658259 12
14500 25.03720817 25.07262673 25.00508082 0.3334302596 0.3333097825 0.0001204771801 0.003016412237 3.659751133e-06 1.402343158e-06 0.0002022132501 1969.865651 8030.134349 9.489358601e-13 1.811442853e-08 3.79884398e-08 0.003012373688 1.296478629 25.0133272 3.389526875 0.07462659354 12
15000 25.03720812 25.07262668 25.00508079 0.3334302613 0.3333097815 0.0001204798043 0.003016477934 3.661953921e-06 1.402341853e-06 0.0002023305546 1969.865651 8030.134349 9.626704348e-13 2.025662031e-08 2.872202679e-08 0.003012466094 1.296478629 25.01332714 3.389526874 0.07462660026 12
15500 25.03720812 25.07262668 25.0050808 0.3334302612 0.3333097816 0.0001204795221 0.003016470869 3.663924892e-06 1.402342712e-06 0.0002024399291 1969.865651 8030.134349 1.051459732e-12 0 1.011798936e-08 0.00301245616 1.296478629 25.01332715 3.389526874 0.07462660257 12
16000 25.03720815 25.07262671 25.00508083 0.3334302601 0.3333097822 0.0001204778554 0.003016429143 3.664936902e-06 1.402344574e-06 0.0002024986459 1969.865651 8030.134349 1.092198214e-12 1.925149768e-08 6.505182986e-09 0.003012397474 1.296478629 25.01332718 3.389526873 0.07462660204 12
16500 25.03720819 25.07262675 25.00508086 0.333430259 0.3333097828 0.0001204761829 0.003016387274 3.665021932e-06 1.402345682e-06 0.000202506155 1969.865651 8030.134349 1.153980799e-12 0 4.493063839e-08 0.003012338585 1.296478629 25.01332721 3.389526873 0.07462660054 12
17000 25.0372082 25.07262677 25.00508088 0.3334302584 0.3333097831 0.0001204752211 0.003016363194 3.664591606e-06 1.402346156e-06 0.0002024839943 1969.865651 8030.134349 1.185895298e-12 0 2.776059744e-08 0.003012304718 1.296478629 25.01332723 3.389526873 0.07462659937 12
17500 25.03720821 25.07262677 25.00508089 0.3334302582 0.3333097832 0.0001204750376 0.0030163586 3.664078639e-06 1.40234653e-06 0.0002024559591 1969.865651 8030.134349 1.270957727e-12 0 8.275527111e-09 0.003012298256 1.296478629 25.01332724 3.389526873 0.07462659899 12
18000 25.0372082 25.07262677 25.00508088 0.3334302584 0.3333097831 0.0001204753354 0.003016366055 3.663742143e-06 1.402346885e-06 0.0002024368659 1969.865651 8030.134349 1.297453736e-12 0 0 0.003012308741 1.296478629 25.01332723 3.389526873 0.07462659926 12
18500 25.03720819 25.07262676 25.00508088 0.3334302587 0.3333097829 0.0001204757553 0.003016376568 3.663640852e-06 1.402347123e-06 0.0002024305636 1969.865651 8030.134349 1.343922579e-12 6.017776212e-09 0 0.003012323528 1.296478629 25.01332722 3.389526873 0.07462659981 12
19000 25.03720819 25.07262675 25.00508087 0.3334302589 0.3333097828 0.0001204760593 0.003016384178 3.663704734e-06 1.402347243e-06 0.0002024335826 1969.865651 8030.134349 1.368854072e-12 0 2.796762374e-08 0.003012334232 1.296478629 25.01332722 3.389526873 0.0746266003 12
19500 25.03720819 25.07262675 25.00508087 0.333430259 0.3333097828 0.0001204761736 0.003016387039 3.663826997e-06 1.402347306e-06 0.0002024401461 1969.865651 8030.134349 1.423315572e-12 1.60391531e-08 0 0.003012338256 1.296478629 25.01332721 3.389526873 0.07462660058 12
20000 25.03720819 25.07262675 25.00508087 0.333430259 0.3333097828 0.0001204761408 0.00301638622 3.663927397e-06 1.40234735e-06 0.0002024457485 1969.865651 8030.134349 1.49859992e-12 8.058023833e-09 1.824286183e-08 0.003012337104 1.296478629 25.01332721 3.389526873 0.07462660064 12
20500 25.03720819 25.07262675 25.00508087 0.3334302589 0.3333097828 0.000120476046 0.003016383845 3.663973688e-06 1.402347383e-06 0.0002024484657 1969.865651 8030.134349 1.573173148e-12 8.189275472e-09 3.494738974e-08 0.003012333763 1.296478629 25.01332722 3.389526873 0.07462660058 12
21000 25.03720819 25.07262675 25.00508087 0.3334302588 0.3333097829 0.0001204759594 0.003016381678 3.663972245e-06 1.402347408e-06 0.0002024485314 1969.865651 8030.134349 1.612529765e-12 1.162180085e-08 2.649086138e-08 0.003012330715 1.296478629 25.01332722 3.389526873 0.07462660048 12
21500 25.03720819 25.07262675 25.00508087 0.3334302588 0.3333097829 0.0001204759141 0.003016380543 3.663946723e-06 1.402347427e-06 0.0002024471974 1969.865651 8030.134349 1.61031378e-12 0 2.789995882e-08 0.003012329118 1.296478629 25.01332722 3.389526873 0.07462660041 12
22000 25.03720819 25.07262675 25.00508087 0.3334302588 0.3333097829 0.0001204759094 0.003016380426 3.663919638e-06 1.402347442e-06 0.0002024457086 1969.865651 8030.134349 1.662677978e-12 8.474156046e-09 1.420528555e-08 0.003012328955 1.296478629 25.01332722 3.389526873 0.07462660039 12
22500 25.03720819 25.07262675 25.00508087 0.3334302588 0.3333097829 0.0001204759278 0.003016380887 3.663903308e-06 1.402347451e-06 0.0002024447754 1969.865651 8030.134349 1.772089484e-12 4.272285965e-09 0 0.003012329603 1.296478629 25.01332722 3.389526873 0.07462660041 12
23000 25.03720819 25.07262675 25.00508087 0.3334302588 0.3333097829 0.0001204759503 0.00301638145 3.663899522e-06 1.402347457e-06 0.0002024445284 1969.865651 8030.134349 1.796430897e-12 8.564393591e-09 4.384055079e-08 0.003012330395 1.296478629 25.01332722 3.389526873 0.07462660043 12
23500 25.03720819 25.07262675 25.00508087 0.3334302588 0.3333097829 0.0001204759653 0.003016381826 3.663903849e-06 1.40234746e-06 0.0002024447423 1969.865651 8030.134349 1.857594783e-12 1.329743271e-08 1.036662374e-08 0.003012330924 1.296478629 25.01332722 3.389526873 0.07462660046 12
24000 25.03720819 25.07262675 25.00508087 0.3334302588 0.3333097829 0.0001204759701 0.003016381944 3.663910534e-06 1.402347461e-06 0.0002024451038 1969.865651 8030.134349 1.911566173e-12 1.261232797e-08 1.891798168e-08 0.00301233109 1.296478629 25.01332722 3.389526873 0.07462660047 12
24500 25.03720819 25.07262675 25.00508087 0.3334302588 0.3333097829 0.0001204759674 0.003016381879 3.66391559e-06 1.402347462e-06 0.0002024453875 1969.865651 8030.134349 1.930575039e-12 0 0 0.003012330998 1.296478629 25.01332722 3.389526873 0.07462660047 12
25000 25.03720819 25.07262675 25.00508087 0.3334302588 0.3333097829 0.0001204759622 0.003016381746 3.663917646e-06 1.402347463e-06 0.00020244551 1969.865651 8030.134349 2.026993975e-12 0 0 0.003012330812 1.296478629 25.01332722 3.389526873 0.07462660047 12
25500 25.03720819 25.07262675 25.00508087 0.3334302588 0.3333097829 0.0001204759577 0.003016381636 3.663917272e-06 1.402347463e-06 0.0002024454968 1969.865651 8030.134349 2.066759329e-12 0 0 0.003012330656 1.296478629 25.01332722 3.389526873 0.07462660046 12
26000 25.03720819 25.07262675 25.00508087 0.3334302588 0.3333097829 0.0001204759556 0.003016381583 3.6639158e-06 1.402347464e-06 0.000202445419 1969.865651 8030.134349 2.124609523e-12 0 2.941921818e-08 0.003012330582 1.296478629 25.01332722 3.389526873 0.07462660046 12
26500 25.03720819 25.07262675 25.00508087 0.3334302588 0.3333097829 0.0001204759556 0.003016381584 3.663914388e-06 1.402347464e-06 0.0002024453409 1969.865651 8030.134349 2.157066807e-12 0 1.958961896e-08 0.003012330583 1.296478629 25.01332722 3.389526873 0.07462660046 12
27000 25.03720819 25.07262675 25.00508087 0.3334302588 0.3333097829 0.0001204759567 0.003016381611 3.66391361e-06 1.402347464e-06 0.0002024452961 1969.865651 8030.134349 2.174373609e-12 0 5.684707728e-09 0.003012330621 1.296478629 25.01332722 3.389526873 0.07462660046 12
27500 25.03720819 25.07262675 25.00508087 0.3334302588 0.3333097829 0.0001204759579 0.003016381641 3.663913492e-06 1.402347465e-06 0.0002024452875 1969.865651 8030.134349 2.173117399e-12 2.228721544e-08 0 0.003012330663 1.296478629 25.01332722 3.389526873 0.07462660046 12
28000 25.03720819 25.07262675 25.00508087 0.3334302588 0.3333097829 0.0001204759587 0.003016381659 3.663913766e-06 1.402347465e-06 0.0002024453015 1969.865651 8030.134349 2.180039634e-12 0 0 0.003012330689 1.296478629 25.01332722 3.389526873 0.07462660046 12
28500 25.03720819 25.07262675 25.00508087 0.3334302588 0.3333097829 0.0001204759588 0.003016381664 3.663914127e-06 1.402347465e-06 0.0002024453211 1969.865651 8030.134349 2.255969344e-12 0 2.4262402e-08 0.003012330695 1.296478629 25.01332722 3.389526873 0.07462660046 12
29000 25.03720819 25.07262675 25.00508087 0.3334302588 0.3333097829 0.0001204759587 0.003016381659 3.663914378e-06 1.402347465e-06 0.0002024453353 1969.865651 8030.134349 2.351080271e-12 1.882639066e-08 2.701806065e-08 0.003012330689 1.296478629 25.01332722 3.389526873 0.07462660046 12
29500 25.03720819 25.07262675 25.00508087 0.3334302588 0.3333097829 0.0001204759584 0.003016381652 3.663914466e-06 1.402347465e-06 0.0002024453406 1969.865651 8030.134349 2.349963702e-12 1.579725205e-08 1.04806579e-08 0.003012330679 1.296478629 25.01332722 3.389526873 0.07462660046 12
29999 25.03720819 25.07262675 25.00508087 0.3334302588 0.3333097829 0.0001204759581 0.003016381646 3.66391443e-06 1.402347465e-06 0.000202445339 1969.865651 8030.134349 2.395266262e-12 1.421799019e-08 2.716008921e-08 0.00301233067 1.296478629 25.01332722 3.389526873 0.07462660046 12
