# step v0 Mach sigma R umax_ref urms_ref umax_mean urms_mean umax_lab mean_x mean_y mean_z drop_ux drop_uy x0 y0 x_unwrapped center_dx center_dy axis_ratio mass_R mass_B min_f negative_total negative_color min_rho min_phi max_phi qx qy qz p_in p_out delta_p urms_lab
0 0 0 -5.560112678108922e-15 25.040521385269312 0.019846305619504224 0.0024201668813258119 0.019846305619504224 0.0024201668813258119 0.019846305619504224 3.6588214128240639e-20 -1.1480130162274783e-19 1.0818303606793167e-21 1.8751275381402025e-20 -6.9331036454623736e-20 50.000000000000007 50.000000000000007 50.000000000000007 7.1054273576010019e-15 7.1054273576010019e-15 1.0000000000000007 1969.8656512480643 8030.1343487520408 0.023410307501509579 0 0 0.99999999999999967 5.1710809399147474e-26 0.99999999999998501 2.8245823588307415e-16 -9.0618171829434778e-16 1.2990415026176422e-17 0.33333333333333387 0.33333333333333409 -2.2204460492503131e-16 0.0024201668813258119
500 0 0 0.4401286608161129 24.381965934059092 0.056137895897660051 0.012264135394569766 0.056137895897660092 0.012264135394569763 0.056137895897660051 3.8347797159945291e-17 4.5679432458814054e-17 3.8063784668933171e-18 8.3006777537948627e-17 9.294703929369789e-17 50.000000000000028 50.000000000000036 50.000000000000028 2.8421709430404007e-14 3.5527136788005009e-14 1.0000000000000004 1969.8656512479531 8030.1343487514878 0.012097392730038254 0 32 0.9323325102014044 4.1214048154493433e-18 0.99999999999999956 3.8375205790863731e-13 4.3253942094700903e-13 3.8205335320450164e-14 0.34942447243901231 0.33137307075932665 0.018051401679685664 0.012264135394569766
1000 0 0 0.73531932048462456 24.098330635589409 0.049656171350286986 0.011544343293145281 0.049656171350286986 0.011544343293145279 0.049656171350286986 1.8223270115138295e-17 3.2468472355166153e-17 1.6399401257842197e-18 9.6782332256586888e-17 1.1190428102987448e-16 50.00000000000005 50.000000000000064 50.00000000000005 4.9737991503207013e-14 6.3948846218409017e-14 1.000000000000002 1969.8656512478424 8030.1343487510612 0.012491294848311636 0 40 0.95890185559448582 5.4850246391981738e-18 0.99999999999999956 1.8249551175797407e-13 2.9953470259691528e-13 1.6224044143293296e-14 0.35860734232123165 0.32809405359580124 0.03051328872543041 0.011544343293145281
1500 0 0 0.98281999731012448 23.934145808446839 0.053113655559440337 0.009725022112456112 0.05311365555944033 0.0097250221124561137 0.053113655559440337 -3.2075037070816351e-18 4.0221298514004751e-18 2.3607819719268348e-18 4.1253390898972549e-17 1.2171877978922717e-17 50.000000000000057 50.000000000000064 50.000000000000057 5.6843418860808015e-14 6.3948846218409017e-14 1.0000000000000009 1969.8656512477655 8030.134348750682 0.013001368238048407 0 32 0.9534175111506582 5.6162995498992796e-18 0.99999999999999956 -3.3615688357913065e-14 4.9297154899874407e-14 2.3619418067824546e-14 0.36780128703745102 0.326737778643378 0.041063508394073023 0.009725022112456112
2000 0 0 0.98625499687382623 23.943487519161017 0.057839359218612323 0.0089911083129549114 0.057839359218612302 0.0089911083129549148 0.057839359218612323 -3.0872179812575436e-17 -2.5594457109262472e-17 -2.004613233607954e-18 -8.656099963531817e-17 -1.0996844376022783e-16 50.000000000000028 50.000000000000021 50.000000000000028 2.8421709430404007e-14 2.1316282072803006e-14 1.0000000000000004 1969.8656512476484 8030.1343487502027 0.012880117883463865 0 32 0.96032922292556178 5.4040219177812926e-18 0.99999999999999956 -3.0878338080908563e-13 -2.633995452305804e-13 -2.0018905883413642e-14 0.36639813934514792 0.32520718935991433 0.041190949985233594 0.0089911083129549114
2500 0 0 0.95982732123714776 23.973665261385136 0.062775271576373276 0.0089294331857062773 0.062775271576373262 0.0089294331857062807 0.062775271576373276 7.5234957153134503e-18 2.0278917434174368e-17 -4.7436166102997847e-18 -2.6807490528330606e-17 -6.2549438640082245e-18 49.999999999999986 49.999999999999979 49.999999999999986 -1.4210854715202004e-14 -2.1316282072803006e-14 1.000000000000002 1969.8656512475634 8030.1343487497206 0.012374829390677446 0 32 0.9592412026974555 5.1412807138583325e-18 0.99999999999999944 7.405198416271519e-14 2.0443588770631405e-13 -4.7446947396666346e-14 0.36539178655877008 0.3253550499658403 0.040036736592929778 0.0089294331857062773
3000 0 0 0.89086085464679909 24.002434239783394 0.061705124096221968 0.0090113506023012761 0.06170512409622194 0.0090113506023012796 0.061705124096221968 2.2375157282546519e-17 3.6616196186235145e-17 -9.8093875168156675e-18 1.0274247627667714e-17 7.4099966446141258e-17 50.000000000000007 50.000000000000007 50.000000000000007 7.1054273576010019e-15 7.1054273576010019e-15 1.0000000000000069 1969.8656512474561 8030.1343487492804 0.012180609208056015 0 48 0.96003115239589587 5.1970540078038204e-18 0.99999999999999933 2.2407087036518947e-13 3.6633109740114023e-13 -9.8177782876784868e-14 0.36261166701773895 0.32549622923559013 0.037115437782148819 0.0090113506023012761
3500 0 0 0.89491958961936946 24.017336287345923 0.062542083507896057 0.0091490072992905982 0.062542083507896071 0.0091490072992905964 0.062542083507896057 1.3131509768454217e-17 1.1246559239457104e-17 -7.3551708832002262e-18 -3.2266422571204107e-18 4.3525855684748771e-17 50.000000000000007 50.000000000000014 50.000000000000007 7.1054273576010019e-15 1.4210854715202004e-14 1.0000000000000013 1969.8656512473674 8030.1343487488139 0.012069048214485087 0 48 0.95791373412495784 5.1540111192382492e-18 0.99999999999999933 1.3182876556876166e-13 1.0957901253050295e-13 -7.3363762422259705e-14 0.36316962803699199 0.32590822740069919 0.037261400636292796 0.0091490072992905982
4000 0 0 0.8761434799766149 24.020217328839177 0.063376544610895397 0.0092526524911861491 0.063376544610895411 0.0092526524911861474 0.063376544610895397 1.3138101717663493e-17 1.6186704754346421e-17 -1.1198163952346729e-17 -1.3476011312750482e-17 7.5145703875392394e-17 50.000000000000007 49.999999999999986 50.000000000000007 7.1054273576010019e-15 -1.4210854715202004e-14 1.0000000000000002 1969.8656512472744 8030.13434874836 0.012053478635228163 0 48 0.95774111563925179 5.3154736081087846e-18 0.99999999999999933 1.318042897047178e-13 1.6080531546093513e-13 -1.1196651280015944e-13 0.362572961144424 0.32609770915223246 0.036475251992191537 0.0092526524911861491
4500 0 0 0.87499323447100419 24.022248430414447 0.063856545214277929 0.0093568740580867692 0.063856545214277916 0.0093568740580867657 0.063856545214277929 2.4994936675971597e-17 1.9222470837308363e-17 -1.2941416967826449e-17 5.5643978007559148e-17 -2.4531656922691124e-17 50.000000000000007 49.999999999999993 50.000000000000007 7.1054273576010019e-15 -7.1054273576010019e-15 1.0000000000000024 1969.8656512471614 8030.1343487479762 0.01202303935523988 0 40 0.9565606457534469 5.1962453202734289e-18 0.99999999999999933 2.4955383625454436e-13 1.8788615140704484e-13 -1.2966305361859642e-13 0.36263711768029055 0.32621283220986058 0.036424285470429973 0.0093568740580867692
5000 0 0 0.87217451552774972 24.024847065802739 0.063789302206375936 0.0094520133816844761 0.063789302206375909 0.0094520133816844813 0.063789302206375936 3.1705540970445109e-17 1.6226603394295757e-17 -1.1155648356749736e-17 1.4982262757851637e-16 1.6779905654963973e-17 50.000000000000014 49.999999999999993 50.000000000000014 1.4210854715202004e-14 -7.1054273576010019e-15 1.0000000000000031 1969.8656512470816 8030.1343487475042 0.012013868759454665 0 48 0.95734357101834699 5.1174216696338462e-18 0.99999999999999933 3.1686805618074375e-13 1.6251935439233998e-13 -1.1144571255204886e-13 0.36247519704626308 0.32617217654673974 0.036303020499523331 0.0094520133816844761
5500 0 0 0.87423653540506741 24.02532248619568 0.063708251989760836 0.0095353000632248421 0.06370825198976085 0.0095353000632248386 0.063708251989760836 1.6940268632313809e-17 1.0490913693323468e-17 -1.5471951411048257e-17 4.9337685621019354e-17 -2.1567509332291779e-17 50.000000000000007 50.000000000000014 50.000000000000007 7.1054273576010019e-15 1.4210854715202004e-14 1.0000000000000013 1969.8656512469731 8030.1343487471131 0.012025643366852497 0 48 0.95718124061310639 4.8891224265517406e-18 0.99999999999999933 1.6912507635677421e-13 1.0475822954329056e-13 -1.5489897260903849e-13 0.36257100634576611 0.32618287728288337 0.036388129062882746 0.0095353000632248421
6000 0 0 0.87138928315425035 24.024071762539119 0.063594016822233868 0.0096160452402162568 0.063594016822233854 0.0096160452402162602 0.063594016822233868 1.5122278429489973e-17 1.545326366870656e-17 -1.5381533290987441e-17 -4.5236619105535377e-17 -9.1053174975112012e-18 49.999999999999993 50.000000000000007 49.999999999999993 -7.1054273576010019e-15 7.1054273576010019e-15 1.0000000000000024 1969.8656512468683 8030.1343487467075 0.012033543906908296 0 48 0.9570810171120494 4.5980168464145055e-18 0.99999999999999933 1.5279097431708522e-13 1.561580725839562e-13 -1.5373252314708919e-13 0.36248746043859897 0.32621595360298367 0.036271506835615308 0.0096160452402162568
6500 0 0 0.87362445814950207 24.023058922932641 0.063468077876142712 0.0096926852987028848 0.063468077876142753 0.0096926852987028796 0.063468077876142712 3.0354538327358734e-17 2.4959895261762263e-17 -1.3789873699910363e-17 -5.045673744969919e-17 2.0402268755732416e-17 50.000000000000007 50.000000000000007 50.000000000000007 7.1054273576010019e-15 7.1054273576010019e-15 1.0000000000000011 1969.8656512467835 8030.1343487461481 0.012044466043612726 0 48 0.95691478759804005 4.7937591998858431e-18 0.99999999999999933 3.0473888657737286e-13 2.5005504259009367e-13 -1.3802613498184117e-13 0.36258092819769683 0.32621484921699168 0.036366078980705152 0.0096926852987028848
7000 0 0 0.87596404356934199 24.023190464838692 0.06364895186562082 0.0097653358725433969 0.063648951865620806 0.0097653358725433952 0.06364895186562082 2.7861393747684533e-17 2.8508445604224371e-17 -1.5165200945243878e-17 -3.2347159894257169e-17 1.3861428290527935e-17 50.000000000000014 50.000000000000007 50.000000000000014 1.4210854715202004e-14 7.1054273576010019e-15 1.0000000000000031 1969.8656512466926 8030.1343487457507 0.012035946003292991 0 48 0.9570465502001011 4.5905199748910872e-18 0.99999999999999933 2.7955762704756637e-13 2.8480681897070925e-13 -1.5162528242247496e-13 0.36264491309560382 0.32618164461961024 0.036463268475993571 0.0097653358725433969
7500 0 0 0.87495705224085352 24.022539871453059 0.06375483596001319 0.0098331002277613627 0.063754835960013231 0.0098331002277613662 0.06375483596001319 1.7705281685224081e-17 2.8557364806248615e-17 -1.9824185407526101e-17 -4.5245743559017827e-17 4.5051548783807212e-17 50.000000000000007 50.000000000000014 50.000000000000007 7.1054273576010019e-15 1.4210854715202004e-14 1.0000000000000007 1969.8656512465948 8030.1343487452759 0.01203607142524101 0 48 0.95719737815914974 4.4379950779435688e-18 0.99999999999999933 1.7646990910658716e-13 2.8592057920492214e-13 -1.9812540044809996e-13 0.36259215176891879 0.32616981437566922 0.036422337393249571 0.0098331002277613627
8000 0 0 0.87479899660261318 24.022239544213498 0.063688246158914136 0.0098962972312115361 0.063688246158914108 0.0098962972312115361 0.063688246158914136 2.083298811241384e-17 2.1883536649466302e-17 -1.9555265588033734e-17 2.7259190458277787e-17 4.8905354853059336e-17 50.000000000000007 50.000000000000007 50.000000000000007 7.1054273576010019e-15 7.1054273576010019e-15 1.0000000000000013 1969.8656512464961 8030.1343487448512 0.012036896519414163 0 48 0.95723012966926369 5.2340087057459186e-18 0.99999999999999933 2.0746945827987417e-13 2.1907134309731569e-13 -1.9583825134518409e-13 0.3625774490339127 0.32616123584144474 0.036416213192467961 0.0098962972312115361
8500 0 0 0.87626110344671293 24.022009348019154 0.063676444084731332 0.0099566247828231629 0.06367644408473136 0.0099566247828231629 0.063676444084731332 2.9950347757462263e-17 2.212049987628616e-17 -1.9824078965766998e-17 2.1855957633397248e-17 8.3518826417230859e-17 49.999999999999993 49.999999999999993 49.999999999999993 -7.1054273576010019e-15 -7.1054273576010019e-15 1.0000000000000004 1969.8656512464065 8030.1343487444356 0.01203817919747065 0 48 0.95722343334803905 4.9884103208321122e-18 0.99999999999999933 3.0105788467651301e-13 2.2118070585773128e-13 -1.9801046741472324e-13 0.36263274927161609 0.32615532181116225 0.036477427460453848 0.0099566247828231629
9000 0 0 0.87673000130002865 24.021879173667045 0.063778510497436547 0.010012604611281128 0.063778510497436575 0.010012604611281129 0.063778510497436547 2.6758109616968382e-17 2.5774174461393376e-17 -1.8280841304604962e-17 6.1342701916659753e-17 2.0622136779060466e-17 50.000000000000007 49.999999999999993 50.000000000000007 7.1054273576010019e-15 -7.1054273576010019e-15 1.0000000000000004 1969.8656512463058 8030.1343487439381 0.012036904096454146 0 48 0.95721138503635506 5.18414960168131e-18 0.99999999999999933 2.7010686710297188e-13 2.5827097079912653e-13 -1.82654708901304e-13 0.36265537045590662 0.32615822570875019 0.036497144747156429 0.010012604611281128
9500 0 0 0.87600612312566295 24.021724729773627 0.063851638938890745 0.01006438945401571 0.063851638938890759 0.010064389454015707 0.063851638938890745 1.9639845305639265e-17 1.7011739239531692e-17 -1.6456017624696414e-17 2.122258405817352e-17 -1.2395439585096743e-17 50.000000000000007 50.000000000000007 50.000000000000007 7.1054273576010019e-15 7.1054273576010019e-15 1.0000000000000007 1969.8656512462042 8030.1343487435379 0.012033968458832155 0 48 0.95720860446469191 5.0978606412229775e-18 0.99999999999999933 1.9589885269510887e-13 1.6970279348438311e-13 -1.6452483044130756e-13 0.36263122159524741 0.32616397650855716 0.036467245086690248 0.01006438945401571
10000 0 0 0.87587908010751581 24.02190598207569 0.063870841468770284 0.010112197045219417 0.063870841468770256 0.010112197045219417 0.063870841468770284 2.1662879823326671e-17 1.8598317330662721e-17 -2.007803265261118e-17 1.1398549365281802e-17 -7.107696775029227e-17 49.999999999999993 50.000000000000014 49.999999999999993 -7.1054273576010019e-15 1.4210854715202004e-14 1.0000000000000036 1969.8656512461255 8030.1343487431141 0.012032794868078865 0 48 0.95724400626532014 5.0014106867729995e-18 0.99999999999999933 2.1718390974534429e-13 1.8724775283909464e-13 -2.0061648276255806e-13 0.36262494413174651 0.3261632628329742 0.036461681298772308 0.010112197045219417
10500 0 0 0.87601994174341491 24.022081074055667 0.063921988409617977 0.010156067614635863 0.063921988409618005 0.010156067614635863 0.063921988409617977 3.2963562435243847e-17 1.9634294190518146e-17 -2.2694477128703525e-17 -3.4530136258914508e-17 -1.113480471618696e-16 49.999999999999993 50.000000000000014 49.999999999999993 -7.1054273576010019e-15 1.4210854715202004e-14 1.0000000000000004 1969.8656512460227 8030.1343487426711 0.012030634511571313 0 48 0.95725602145478428 4.8768683937605233e-18 0.99999999999999933 3.2895559919695477e-13 1.9706635547575915e-13 -2.2697767925520718e-13 0.3626285725746079 0.32616129319765441 0.036467279376953488 0.010156067614635863
11000 0 0 0.8758189792637574 24.022065374557073 0.063966279825076425 0.010196001252400734 0.063966279825076466 0.01019600125240073 0.063966279825076425 2.905696516734122e-17 2.6066648839448852e-17 -2.1416246315432804e-17 -1.9268453229913069e-17 -2.1084797847891312e-17 50.000000000000007 50.000000000000007 50.000000000000007 7.1054273576010019e-15 7.1054273576010019e-15 1.0000000000000007 1969.8656512459256 8030.1343487421964 0.01202939393572788 0 48 0.95724620527034165 4.7136414525532142e-18 0.99999999999999933 2.9097210751949376e-13 2.6126149854643899e-13 -2.1410927909806224e-13 0.36262191737887817 0.32616297991418458 0.036458937464693586 0.010196001252400734
11500 0 0 0.87582745726109001 24.022053540661663 0.063997491901742087 0.010232319705394217 0.063997491901742073 0.010232319705394221 0.063997491901742087 2.7117197376502873e-17 1.9203735823782118e-17 -2.385648570993615e-17 -6.9376369375252725e-17 2.2071331602166929e-17 50.000000000000007 50.000000000000007 50.000000000000007 7.1054273576010019e-15 7.1054273576010019e-15 1.0000000000000002 1969.8656512458265 8030.1343487417234 0.012028079649056816 0 48 0.95723901532773004 4.5919226874413706e-18 0.99999999999999933 2.7175492216778563e-13 1.9261324577402733e-13 -2.3870232605820651e-13 0.36262389409970602 0.32616458574879448 0.036459308350911546 0.010232319705394217
12000 0 0 0.87592774582542454 24.022054237897915 0.0640352500580538 0.010265221429230876 0.064035250058053772 0.010265221429230878 0.0640352500580538 2.8708979638062754e-17 2.3303581286912059e-17 -2.4791250909210793e-17 -8.6448021545710356e-17 -4.4251302545881461e-17 50.000000000000014 50.000000000000007 50.000000000000014 1.4210854715202004e-14 7.1054273576010019e-15 1.0000000000000024 1969.8656512457321 8030.1343487413042 0.012027022167419582 0 48 0.95725062561546215 4.9064592446324574e-18 0.99999999999999933 2.8664568684161687e-13 2.3296470275883246e-13 -2.4783631704885564e-13 0.36262812190457344 0.32616463975809096 0.036463482146482484 0.010265221429230876
12500 0 0 0.87586513188139437 24.022047907052123 0.064073603493644229 0.010294758585275265 0.064073603493644202 0.010294758585275269 0.064073603493644229 2.500881446380091e-17 1.05877112632911e-17 -2.4113216041048334e-17 1.7476408825375822e-17 -5.1167379145470564e-17 50.000000000000007 50.000000000000007 50.000000000000007 7.1054273576010019e-15 7.1054273576010019e-15 1.0000000000000004 1969.8656512456364 8030.1343487408549 0.012026054636736876 0 56 0.9572606471450964 5.1146779278634667e-18 0.99999999999999933 2.5094858103428402e-13 1.061304296941061e-13 -2.41355692500521e-13 0.36262592116518921 0.32616503592882817 0.03646088523636104 0.010294758585275265
13000 0 0 0.87577194113270551 24.022034453742048 0.064098648572632977 0.010321249090872063 0.064098648572632977 0.010321249090872071 0.064098648572632977 3.948230631328758e-17 -2.0608514894633411e-19 -2.4333936927785681e-17 9.1007097838081111e-17 -3.3705234878260031e-17 50.000000000000007 50.000000000000007 50.000000000000007 7.1054273576010019e-15 7.1054273576010019e-15 1.0000000000000022 1969.8656512455509 8030.1343487404101 0.012025184733976185 0 56 0.95726175607611286 5.0143129805209729e-18 0.99999999999999933 3.9598881086070487e-13 -2.2446915203325202e-15 -2.4330254002819427e-13 0.36262238584702122 0.32616535957727988 0.036457026269741344 0.010321249090872063
13500 0 0 0.87584908900723812 24.022049075652493 0.064120052727021648 0.01034501277905784 0.064120052727021648 0.01034501277905784 0.064120052727021648 3.4508160218266236e-17 -9.6603280930336417e-18 -2.723720253253844e-17 1.1498403729312673e-16 -4.2181976188821875e-18 50.000000000000007 50.000000000000014 50.000000000000007 7.1054273576010019e-15 1.4210854715202004e-14 1.0000000000000004 1969.865651245454 8030.1343487399545 0.012024455090266574 0 56 0.95726277335049925 4.9225930175458025e-18 0.99999999999999933 3.442419824672624e-13 -9.7378810744175315e-14 -2.7219000193978703e-13 0.36262518515806053 0.32616496953494978 0.036460215623110748 0.01034501277905784
14000 0 0 0.87589918437433167 24.022047248578183 0.064147457818232306 0.010366236592166631 0.064147457818232334 0.010366236592166631 0.064147457818232306 3.3254649034525438e-17 -1.7664689155898413e-17 -2.8215939722929558e-17 4.0053271529491331e-17 8.1502097958541201e-17 50.000000000000007 50.000000000000007 50.000000000000007 7.1054273576010019e-15 7.1054273576010019e-15 1.0000000000000016 1969.8656512453642 8030.1343487395416 0.012023624821090467 0 56 0.95726610653591193 4.7925226532025813e-18 0.99999999999999933 3.3376769501426012e-13 -1.7644049334639492e-13 -2.820909799671629e-13 0.36262701240770356 0.32616470862024538 0.036462303787458183 0.010366236592166631
14500 0 0 0.87584215043073199 24.022024215509013 0.064169283378508704 0.010385127204148506 0.064169283378508732 0.01038512720414851 0.064169283378508704 3.5082006744124485e-17 -2.1772514347019117e-17 -2.6828097656150841e-17 1.4198395516419827e-17 7.9652823625983492e-17 50.000000000000007 50.000000000000014 50.000000000000007 7.1054273576010019e-15 1.4210854715202004e-14 1.0000000000000011 1969.8656512452762 8030.1343487390814 0.01202302405233352 0 56 0.95726910746995453 4.7419791883190402e-18 0.99999999999999933 3.4882169987768621e-13 -2.1790552083003276e-13 -2.6832059038426106e-13 0.36262535596698159 0.32616539145386308 0.036459964513118504 0.010385127204148506
15000 0 0 0.87583678152278222 24.022018754620021 0.064184686066002555 0.010401940280209458 0.064184686066002597 0.01040194028020945 0.064184686066002555 4.3742787170301736e-17 -3.6971814498858138e-17 -2.7531001579770509e-17 -2.3617856542212972e-17 6.5522258615397899e-17 50.000000000000007 50.000000000000014 50.000000000000007 7.1054273576010019e-15 1.4210854715202004e-14 1.0000000000000004 1969.8656512451864 8030.1343487386303 0.012022526594655795 0 56 0.95727218576159367 4.6675433911851411e-18 0.99999999999999933 4.3667843727937181e-13 -3.6979611267671381e-13 -2.7543012057676354e-13 0.3626252699967018 0.32616552069464377 0.036459749302058031 0.010401940280209458
15500 0 0 0.8758694927277566 24.022022556236447 0.064200391894538286 0.010416893732173587 0.0642003918945383 0.010416893732173589 0.064200391894538286 4.5513939839279314e-17 -3.3791719422694106e-17 -2.7189566526551838e-17 -3.259166819620055e-17 2.6040586198870889e-17 50.000000000000007 50.000000000000007 50.000000000000007 7.1054273576010019e-15 7.1054273576010019e-15 1.0000000000000009 1969.865651245073 8030.1343487382137 0.012022056368123226 0 56 0.9572747018461063 4.6115799847438707e-18 0.99999999999999933 4.5463284558452249e-13 -3.3799354238811183e-13 -2.7187161085197819e-13 0.3626262759214266 0.32616517067197004 0.03646110524945656 0.010416893732173587
16000 0 0 0.87586522784405907 24.022020058253467 0.064215695297930059 0.010430163545799065 0.064215695297930087 0.010430163545799061 0.064215695297930059 5.2157583807589204e-17 -4.5246792423980907e-17 -2.634092722610056e-17 -1.2511922061605105e-17 -4.17477296265178e-17 50.000000000000007 50.000000000000007 50.000000000000007 7.1054273576010019e-15 7.1054273576010019e-15 1.0000000000000029 1969.865651244995 8030.1343487378381 0.012021591783117909 0 56 0.95727562588106885 4.5616711965841349e-18 0.99999999999999933 5.2202688650753934e-13 -4.527333504833822e-13 -2.634256056803565e-13 0.36262616970726652 0.32616523820691462 0.036460931500351901 0.010430163545799065
16500 0 0 0.87585379689482412 24.022015230551965 0.064227624195709709 0.010441937030664506 0.064227624195709765 0.010441937030664501 0.064227624195709709 5.4628176982082544e-17 -4.6878126380794816e-17 -2.7790721819607201e-17 8.3216229328135956e-17 -1.4061834570520359e-17 50.000000000000007 50.000000000000007 50.000000000000007 7.1054273576010019e-15 7.1054273576010019e-15 1.0000000000000033 1969.8656512449068 8030.134348737316 0.012021202130918476 0 56 0.95727669604977805 4.5128332828047344e-18 0.99999999999999933 5.4594868935994162e-13 -4.6955321575392617e-13 -2.7796058949779031e-13 0.36262583912445318 0.32616537614960311 0.036460462974850061 0.010441937030664506
17000 0 0 0.87586258385790838 24.022014770844692 0.064237887479498129 0.010452381830494285 0.06423788747949806 0.010452381830494286 0.064237887479498129 5.05019637221202e-17 -5.0578985444453711e-17 -3.0192059432464168e-17 -2.782714628879372e-18 -2.8649585115135366e-17 50.000000000000007 50.000000000000007 50.000000000000007 7.1054273576010019e-15 7.1054273576010019e-15 1.0000000000000007 1969.8656512448008 8030.1343487368677 0.012020885168605904 0 56 0.95727858921303666 4.4874492590733949e-18 0.99999999999999933 5.0674038804075089e-13 -5.0607083898913247e-13 -3.0194141638454944e-13 0.36262622155202334 0.32616539209150136 0.036460829460521982 0.010452381830494285
17500 0 0 0.87585915277602411 24.022012947027964 0.064247778209335263 0.010461635353235459 0.064247778209335332 0.010461635353235464 0.064247778209335263 5.1812720780573208e-17 -5.8016091930677993e-17 -2.9923790268267506e-17 5.3968210142212547e-17 -1.8911102107372018e-17 50.000000000000007 50.000000000000014 50.000000000000007 7.1054273576010019e-15 1.4210854715202004e-14 1.0000000000000004 1969.8656512446996 8030.1343487363984 0.012020598148208682 0 56 0.95728017619978378 4.4554076216026655e-18 0.99999999999999933 5.1986193128072955e-13 -5.802512062415971e-13 -2.9909746508345914e-13 0.36262631094292036 0.32616562154493273 0.036460689397987633 0.010461635353235459
18000 0 0 0.87585166547817472 24.022009948819207 0.064256025201547981 0.01046983009665001 0.06425602520154805 0.01046983009665001 0.064256025201547981 5.0346185553982277e-17 -7.9868403557603317e-17 -2.9331000771853544e-17 4.7641696621144442e-19 -2.4524061485162901e-17 50.000000000000007 50.000000000000014 50.000000000000007 7.1054273576010019e-15 1.4210854715202004e-14 1.0000000000000027 1969.8656512446171 8030.1343487359609 0.012020347343536703 0 56 0.95728089009951389 4.4282398822296379e-18 0.99999999999999933 5.045721327735786e-13 -7.984291125386761e-13 -2.9318165881882824e-13 0.36262609257361927 0.32616571030984343 0.036460382263775848 0.01046983009665001
18500 0 0 0.87585901706363478 24.022009608319699 0.06426302013947123 0.01047709118643593 0.064263020139471314 0.010477091186435937 0.06426302013947123 4.4281939226653084e-17 -8.0929360435517011e-17 -3.1509981300404998e-17 2.9958524793380009e-17 -2.4034734727914571e-17 50.000000000000007 50.000000000000007 50.000000000000007 7.1054273576010019e-15 7.1054273576010019e-15 1.000000000000002 1969.8656512445127 8030.1343487354916 0.012020120445359406 0 56 0.95728160428753184 4.4033278957785789e-18 0.99999999999999933 4.4365903230933826e-13 -8.1020088506028251e-13 -3.1512530721798151e-13 0.36262623682378076 0.32616554800779207 0.036460688815988684 0.01047709118643593
19000 0 0 0.87585903972504131 24.022009290141167 0.064269661822602783 0.01048352148559069 0.064269661822602867 0.010483521485590683 0.064269661822602783 4.4174733315839643e-17 -8.2134646306632082e-17 -3.0515136865670889e-17 9.9483890867526601e-18 1.1090546050178434e-16 50.000000000000014 50.000000000000007 50.000000000000014 1.4210854715202004e-14 7.1054273576010019e-15 1.0000000000000047 1969.8656512444265 8030.1343487351451 0.012019917906613246 0 56 0.95728257724376487 4.3846766251878324e-18 0.99999999999999933 4.4117850648769941e-13 -8.2105492110046141e-13 -3.0526318869440036e-13 0.36262641340990642 0.3261657231676251 0.036460690242281324 0.01048352148559069
19500 0 0 0.8758595943552494 24.022007282978656 0.064275511145838016 0.010489211304584805 0.064275511145838127 0.010489211304584802 0.064275511145838016 4.3972117613847885e-17 -1.1019553325409712e-16 -2.8463144423521798e-17 -9.0022053261340365e-17 4.8452841387846926e-17 50.000000000000014 50.000000000000014 50.000000000000014 1.4210854715202004e-14 1.4210854715202004e-14 1.0000000000000011 1969.8656512443299 8030.1343487346257 0.012019743205502264 0 56 0.95728336612029252 4.3563858611489298e-18 0.99999999999999933 4.4110895491833446e-13 -1.1017575469573354e-12 -2.8480997762683761e-13 0.36262632449491738 0.32616560811773687 0.036460716377180513 0.010489211304584805
20000 0 0 0.87585374556375861 24.022005773367887 0.064280308803421185 0.010494246944711997 0.064280308803421213 0.010494246944711998 0.064280308803421185 3.648886748316507e-17 -1.0793900495654675e-16 -3.1481607900737416e-17 -3.7875353606552969e-17 -6.4453689017088464e-17 50.000000000000007 50.000000000000014 50.000000000000007 7.1054273576010019e-15 1.4210854715202004e-14 1.0000000000000007 1969.8656512442456 8030.1343487341419 0.01201959537856918 0 56 0.9572839784380679 4.3395744313009277e-18 0.99999999999999933 3.6416699598354127e-13 -1.0800562646930828e-12 -3.1501559267987955e-13 0.36262629532282237 0.32616582013074752 0.036460475192074848 0.010494246944711997
20500 0 0 0.87586067030515669 24.022005424726792 0.06428466157228023 0.01049870416523163 0.064284661572280299 0.010498704165231626 0.06428466157228023 5.1402979095562961e-17 -1.284534978388044e-16 -2.6344978014197941e-17 6.4638077679731532e-17 -1.9354840854216281e-17 50.000000000000007 50.000000000000007 50.000000000000007 7.1054273576010019e-15 7.1054273576010019e-15 1.0000000000000011 1969.8656512441435 8030.1343487337626 0.012019461770011283 0 56 0.95728454106332483 4.3276073164066453e-18 0.99999999999999933 5.1489021379858002e-13 -1.2841134744618656e-12 -2.6351808801101292e-13 0.36262641785473149 0.32616565386690893 0.036460763987822553 0.01049870416523163
21000 0 0 0.87586098511534061 24.022004676615705 0.064288710886411429 0.010502647318888338 0.064288710886411554 0.010502647318888345 0.064288710886411429 4.7858939034137538e-17 -1.3096052020629986e-16 -2.7132598870293544e-17 9.6522751079560671e-17 -7.1604116881111656e-17 50.000000000000007 50.000000000000007 50.000000000000007 7.1054273576010019e-15 7.1054273576010019e-15 1.0000000000000016 1969.8656512440614 8030.1343487332406 0.012019338920921456 0 56 0.95728502255817527 4.307380576983181e-18 0.99999999999999933 4.7735434854055681e-13 -1.3097769667892029e-12 -2.713408326667171e-13 0.36262644928433957 0.3261656710559534 0.03646077822838617 0.010502647318888338
21500 0 0 0.87585953044051212 24.022003671398345 0.064292167183141083 0.010506135019865153 0.064292167183141222 0.010506135019865144 0.064292167183141083 5.633861432942945e-17 -1.4698763040089335e-16 -2.6224332821013803e-17 2.9869205181547648e-17 1.1980314885141336e-17 50.000000000000007 50.000000000000007 50.000000000000007 7.1054273576010019e-15 7.1054273576010019e-15 1.0000000000000031 1969.8656512439575 8030.1343487328422 0.012019232447150313 0 56 0.95728544241362434 4.3001376251954313e-18 0.99999999999999933 5.6455159964203736e-13 -1.4694858285931034e-12 -2.6213264578615514e-13 0.36262641674476753 0.3261656975465872 0.036460719198180336 0.010506135019865153
22000 0 0 0.87585995101257863 24.022003128083131 0.064295148817040557 0.010509220292542077 0.064295148817040598 0.010509220292542074 0.064295148817040557 5.6282409288810682e-17 -1.5447469692323492e-16 -2.4787074099876363e-17 -5.2081742403095614e-18 9.4893166710000432e-17 50.000000000000007 49.999999999999993 50.000000000000007 7.1054273576010019e-15 -7.1054273576010019e-15 1.0000000000000038 1969.8656512438704 8030.1343487324111 0.012019140359332565 0 56 0.95728586347874445 4.29024241788874e-18 0.99999999999999933 5.627824934046656e-13 -1.5444103380066534e-12 -2.4778132270165892e-13 0.36262644834299701 0.32616571081238505 0.036460737530611964 0.010509220292542077
22500 0 0 0.87586055750267322 24.022002654518413 0.064297864964718399 0.010511948885183005 0.064297864964718482 0.010511948885183003 0.064297864964718399 5.8585081230830857e-17 -1.4505480150397094e-16 -2.5861074313260393e-17 -1.1312019960920433e-18 1.364297134829045e-16 50.000000000000007 50.000000000000007 50.000000000000007 7.1054273576010019e-15 7.1054273576010019e-15 1.0000000000000033 1969.8656512437783 8030.1343487319737 0.012019058508741264 0 56 0.95728623382245903 4.2816991691434922e-18 0.99999999999999933 5.8449770089057107e-13 -1.450365706440887e-12 -2.5878918895438762e-13 0.36262648538177467 0.32616572188510889 0.036460763496665771 0.010511948885183005
23000 0 0 0.87585597985852026 24.02200203067645 0.064300270951983166 0.01051436145112716 0.064300270951983193 0.010514361451127165 0.064300270951983166 5.3954063439354331e-17 -1.6081858067491276e-16 -2.6499127752722671e-17 -1.6078964502971609e-18 1.5467690089678139e-16 50.000000000000014 50.000000000000007 50.000000000000014 1.4210854715202004e-14 7.1054273576010019e-15 1.000000000000002 1969.865651243683 8030.1343487315416 0.012018985354053938 0 56 0.95728651257171915 4.2741993762022457e-18 0.99999999999999933 5.3909652485356965e-13 -1.6090095835558094e-12 -2.6511107033582618e-13 0.36262648370279987 0.32616590981973886 0.036460573883061009 0.01051436145112716
23500 0 0 0.87585594795787924 24.022001582340177 0.064302354254842556 0.01051649479856019 0.064302354254842722 0.010516494798560197 0.064302354254842556 5.3558893431529152e-17 -1.674996946703167e-16 -2.8642188094829154e-17 2.1291421270823071e-17 1.2637536263392153e-16 50.000000000000014 49.999999999999993 50.000000000000014 1.4210854715202004e-14 -7.1054273576010019e-15 1.0000000000000004 1969.8656512435939 8030.1343487311124 0.012018920849101658 0 56 0.95728676500719601 4.2811729182952726e-18 0.99999999999999933 5.3491587515778344e-13 -1.6748408215860877e-12 -2.8673123304612817e-13 0.36262649418774145 0.32616592095217201 0.036460573235569449 0.01051649479856019
24000 0 0 0.8758563497183407 24.022001287318769 0.064304218329037668 0.010518381098505654 0.064304218329037807 0.01051838109850565 0.064304218329037668 4.6634571204805286e-17 -1.6275002179308957e-16 -2.8049306119013883e-17 -1.5350484448336733e-17 3.2688411303484674e-17 50.000000000000014 49.999999999999993 50.000000000000014 1.4210854715202004e-14 -7.1054273576010019e-15 1.000000000000002 1969.8656512434986 8030.1343487306676 0.012018863764437475 0 56 0.95728701876081079 4.2728557979129441e-18 0.99999999999999933 4.6644971414024072e-13 -1.6277257319785576e-12 -2.8047445759626796e-13 0.36262651833468551 0.32616592792664545 0.036460590408040061 0.010518381098505654
24500 0 0 0.87586033772084382 24.022000908812096 0.064305880768010054 0.010520048529523205 0.064305880768010124 0.010520048529523204 0.064305880768010054 4.192861335916517e-17 -1.8644391586213646e-16 -2.7641082829895397e-17 -8.0090950186308817e-17 -1.2589615200287459e-16 50.000000000000007 50.000000000000007 50.000000000000007 7.1054273576010019e-15 7.1054273576010019e-15 1.0000000000000004 1969.865651243415 8030.1343487301547 0.012018813385599939 0 56 0.95728723725137865 4.2674767076005976e-18 0.99999999999999933 4.2078493467379019e-13 -1.8649283506366743e-12 -2.7642980188613755e-13 0.36262652275489632 0.32616576575777423 0.03646075699712209 0.010520048529523205
25000 0 0 0.87586014090239317 24.022000552906082 0.064307323316885934 0.01052152247232235 0.064307323316886114 0.010521522472322357 0.064307323316885934 4.3884340605989067e-17 -1.8653585620637402e-16 -2.8173251962800875e-17 -4.1283941445681725e-17 -1.1682339365843802e-16 50.000000000000007 50.000000000000007 50.000000000000007 7.1054273576010019e-15 7.1054273576010019e-15 1.0000000000000033 1969.8656512433167 8030.1343487297418 0.012018769256018198 0 56 0.95728741578698151 4.2626888025095734e-18 0.99999999999999933 4.3742789880736599e-13 -1.8646836597588715e-12 -2.8150740053423513e-13 0.36262652429107095 0.32616577494701038 0.036460749344060572 0.01052152247232235
25500 0 0 0.87586034252575384 24.02200031810316 0.064308598083433421 0.010522825468765878 0.064308598083433616 0.01052282546876588 0.064308598083433421 2.98497337959102e-17 -1.9360589520509514e-16 -2.6437383890104323e-17 -9.9357398543096269e-17 -6.6005339834134242e-17 50.000000000000007 50.000000000000007 50.000000000000007 7.1054273576010019e-15 7.1054273576010019e-15 1.0000000000000018 1969.8656512432344 8030.1343487292133 0.012018730118764431 0 56 0.9572875774282037 4.258761057080871e-18 0.99999999999999933 2.991773969947091e-13 -1.9360901499631405e-12 -2.6437882630175086e-13 0.3626265386839575 0.3261657805902321 0.036460758093725398 0.010522825468765878
26000 0 0 0.8758604418588638 24.02200009456995 0.064309742747528334 0.010523977181847227 0.064309742747528542 0.010523977181847216 0.064309742747528334 4.1096293035396261e-17 -2.0735912986738387e-16 -2.3880661422680583e-17 -6.4662319614825315e-17 -1.8293971652601893e-17 50.000000000000007 50.000000000000007 50.000000000000007 7.1054273576010019e-15 7.1054273576010019e-15 1.0000000000000038 1969.8656512431294 8030.1343487288223 0.012018695250806075 0 56 0.95728772423100694 4.2533557108461058e-18 0.99999999999999933 4.101303986096122e-13 -2.0735321960970929e-12 -2.3886466105170254e-13 0.36262654857064841 0.32616578600255369 0.036460762568094718 0.010523977181847227
26500 0 0 0.87586031986329771 24.021999855656141 0.064310748435106688 0.01052499506765364 0.064310748435106688 0.010524995067653635 0.064310748435106688 2.803972332107387e-17 -2.1202449518369866e-16 -2.0527145061787358e-17 -6.654807915043486e-17 2.9823838512168633e-17 50.000000000000014 50.000000000000014 50.000000000000014 1.4210854715202004e-14 1.4210854715202004e-14 1.0000000000000027 1969.8656512430466 8030.1343487283611 0.012018664541904084 0 56 0.95728785172972941 4.2332648122451201e-18 0.99999999999999933 2.8096619540500523e-13 -2.1204288731769758e-12 -2.0537375019394682e-13 0.36262654996114668 0.32616579210892022 0.036460757852226466 0.01052499506765364
27000 0 0 0.87585619296631745 24.021999668138914 0.064311627090770471 0.010525894719729581 0.064311627090770526 0.010525894719729579 0.064311627090770471 3.4267727544545437e-17 -2.2870177973710453e-16 -2.2563915271393621e-17 3.9323158904235762e-17 6.4134335499912855e-17 50.000000000000014 50.000000000000007 50.000000000000014 1.4210854715202004e-14 7.1054273576010019e-15 1.0000000000000036 1969.8656512429538 8030.1343487279382 0.012018637610723817 0 56 0.95728796549943418 4.2238426078158816e-18 0.99999999999999933 3.4251764022708714e-13 -2.2869952053016299e-12 -2.2573364002757463e-13 0.36262655501238056 0.32616596867210218 0.036460586340278378 0.010525894719729581
27500 0 0 0.87585627817888567 24.021999517411452 0.064312409296291229 0.010526689848478172 0.064312409296291451 0.010526689848478165 0.064312409296291229 3.2294653062965671e-17 -2.2452005532591654e-16 -2.1603402918474834e-17 5.4879082543140679e-17 3.5995448537855851e-17 50.000000000000014 50.000000000000007 50.000000000000014 1.4210854715202004e-14 7.1054273576010019e-15 1.0000000000000004 1969.8656512428631 8030.1343487274471 0.012018613752151026 0 56 0.95728806691838109 4.2186223422404668e-18 0.99999999999999933 3.2257878280431834e-13 -2.2451138916176026e-12 -2.1595689042318605e-13 0.36262656245157276 0.32616597233524819 0.036460590116324576 0.010526689848478172
28000 0 0 0.87585626488112234 24.021999363808696 0.064313103763115304 0.010527392534578356 0.064313103763115331 0.010527392534578359 0.064313103763115304 1.947157712850788e-17 -2.3497592760506012e-16 -2.2566928088509995e-17 7.4772081470267344e-17 1.7256988563557004e-17 50.000000000000014 49.999999999999993 50.000000000000014 1.4210854715202004e-14 -7.1054273576010019e-15 1.0000000000000007 1969.8656512427672 8030.1343487270187 0.012018592587168874 0 56 0.95728815394992151 4.2152973311873307e-18 0.99999999999999933 1.9485464403026093e-13 -2.3491816131260279e-12 -2.2588583230114176e-13 0.36262656596386694 0.32616597616797016 0.036460589795896781 0.010527392534578356
28500 0 0 0.87586037389991878 24.021999227795312 0.064313713017496985 0.010528013528845123 0.06431371301749722 0.010528013528845118 0.064313713017496985 6.7012367877189886e-18 -2.4251295416352176e-16 -2.2185907806487641e-17 7.9236959919462219e-17 9.082452011024886e-17 50.000000000000007 49.999999999999993 50.000000000000007 7.1054273576010019e-15 -7.1054273576010019e-15 1.000000000000002 1969.8656512426714 8030.1343487266022 0.012018573927911693 0 56 0.95728823068424496 4.2128307200245379e-18 0.99999999999999933 6.790066149316501e-14 -2.4248346589656432e-12 -2.2192998972235634e-13 0.36262656873465809 0.32616580767999614 0.03646076105466195 0.010528013528845123
29000 0 0 0.87585627903501406 24.021999119649159 0.064314251361598351 0.010528562333150249 0.064314251361598601 0.01052856233315025 0.064314251361598351 7.1623262876354328e-18 -2.4409051169259327e-16 -2.3969891532801256e-17 1.0489479620080665e-17 7.9593425811524585e-17 50.000000000000014 49.999999999999993 50.000000000000014 1.4210854715202004e-14 -7.1054273576010019e-15 1.0000000000000007 1969.8656512425785 8030.1343487261429 0.012018557460925733 0 56 0.95728830075591387 4.210763658250928e-18 0.99999999999999933 7.2074270651093647e-14 -2.4406759301315653e-12 -2.3964548944826047e-13 0.36262657298810247 0.32616598223241494 0.036460590755687527 0.010528562333150249
29500 0 0 0.87585628795649406 24.021999018854721 0.064314729285019828 0.010529047308839613 0.06431472928501987 0.010529047308839613 0.064314729285019828 5.2919474358316715e-18 -2.5180448004560435e-16 -2.2604432119459724e-17 -1.2121193448895329e-17 6.6990649121345386e-17 50.000000000000014 49.999999999999993 50.000000000000014 1.4210854715202004e-14 -7.1054273576010019e-15 1.0000000000000049 1969.8656512424905 8030.1343487257636 0.012018542899016103 0 56 0.95728836245400062 4.2091542177224691e-18 0.99999999999999933 5.355785937357152e-14 -2.5178972608611537e-12 -2.2602363419536068e-13 0.36262657601144094 0.3261659847313797 0.036460591280061239 0.010529047308839613
29999 0 0 0.87585627242638242 24.021998924628893 0.064315149393910989 0.010529475064925201 0.064315149393911239 0.010529475064925199 0.064315149393910989 -5.8335281050336317e-18 -2.5210146470470459e-16 -2.394934177942973e-17 -1.2014753203491471e-17 2.774803977962541e-17 50.000000000000014 49.999999999999993 50.000000000000014 1.4210854715202004e-14 -7.1054273576010019e-15 1.000000000000002 1969.86565124241 8030.134348725257 0.012018530067272907 0 56 0.95728841544658871 4.2078558493993038e-18 0.99999999999999933 -5.9348400217699993e-14 -2.5206330417555135e-12 -2.3939360903449286e-13 0.36262657787444591 0.3261659870978641 0.036460590776581814 0.010529475064925201
