# step v0 Mach sigma R umax_ref urms_ref umax_mean urms_mean umax_lab mean_x mean_y mean_z drop_ux drop_uy x0 y0 x_unwrapped center_dx center_dy axis_ratio mass_R mass_B min_f negative_total negative_color min_rho min_phi max_phi qx qy qz p_in p_out delta_p urms_lab
0 0 0 -5.560112678108922e-15 25.040521385269312 0.0099231528097521136 0.0012100834406629062 0.0099231528097521136 0.0012100834406629062 0.0099231528097521136 -2.1756299524060175e-21 -6.6247740538855582e-20 2.0498137546616873e-23 3.9705632628212061e-20 -1.5641610815215185e-19 50.000000000000007 50.000000000000007 50.000000000000007 7.1054273576010019e-15 7.1054273576010019e-15 1.0000000000000007 1969.8656512480638 8030.1343487520408 0.02555352010338343 0 0 0.99999999999999967 5.1710809399147474e-26 0.99999999999998501 1.2653892346072849e-17 -2.6224451457110936e-16 9.5512519222388171e-18 0.33333333333333387 0.33333333333333409 -2.2204460492503131e-16 0.0012100834406629062
500 0 0 0.13421207936312615 24.783830227314638 0.042234248187681525 0.0082177148761951452 0.042234248187681553 0.0082177148761951469 0.042234248187681525 1.8707257964934986e-17 2.6426777433032232e-17 3.7075913695863977e-18 3.0632494225009407e-17 1.943048240163467e-17 50.000000000000021 50.000000000000007 50.000000000000021 2.1316282072803006e-14 7.1054273576010019e-15 1.0000000000000011 1969.8656512479313 8030.1343487514941 0.019022265152378051 0 0 0.96436550050626524 4.1375224457266451e-18 0.99999999999999978 1.8796043280838726e-13 2.2881002648134086e-13 3.6949974843630598e-14 0.33829463577178354 0.33287932755944721 0.0054153082123363228 0.0082177148761951452
1000 0 0 0.31112319404243616 24.60684765270884 0.038800341197388739 0.0095265966561262194 0.03880034119738876 0.0095265966561262228 0.038800341197388739 1.8119186706579898e-17 2.0235202402576659e-17 3.1639788239816978e-18 1.2896363972434189e-16 5.0008110255846049e-17 50.000000000000036 50.000000000000028 50.000000000000036 3.5527136788005009e-14 2.8421709430404007e-14 1.0000000000000002 1969.8656512478397 8030.1343487510485 0.018098286157931392 0 0 0.97412166871492567 5.6296988884468457e-18 0.99999999999999978 1.8230545111713736e-13 1.4813671123103944e-13 3.1694289132228189e-14 0.34382065643125281 0.33117689163726116 0.012643764793991652 0.0095265966561262194
1500 0 0 0.53115569783209182 24.439684990666152 0.040161086006991351 0.0089954141058958392 0.040161086006991371 0.0089954141058958426 0.040161086006991351 2.362138262768481e-17 2.406443100344936e-17 5.4616465901316639e-18 1.8768456016632256e-16 2.9683265436227138e-17 50.000000000000064 50.00000000000005 50.000000000000064 6.3948846218409017e-14 4.9737991503207013e-14 1.0000000000000004 1969.8656512477314 8030.1343487505883 0.017812890358025215 0 0 0.97136530208906802 5.4820932321375622e-18 0.99999999999999978 2.3552047898750539e-13 1.6878859421254333e-13 5.4424589970060296e-14 0.35113140338664234 0.32939807507103813 0.021733328315604206 0.0089954141058958392
2000 0 0 0.58189178425951738 24.387727513828718 0.040194319361380376 0.0076537973653770753 0.040194319361380362 0.0076537973653770762 0.040194319361380376 3.0567215425498919e-17 2.7465182905756502e-17 -1.0380232489604068e-19 1.9982499047509392e-16 4.5214674806833505e-17 50.000000000000092 50.000000000000078 50.000000000000092 9.2370555648813024e-14 7.815970093361102e-14 1.0000000000000027 1969.8656512476216 8030.1343487501754 0.018174696795915036 0 0 0.97649377937610971 5.3619848222973546e-18 0.99999999999999978 3.05838687708615e-13 2.2076443320986905e-13 -1.0273984066949588e-15 0.35171097160133657 0.3278509467618117 0.023860024839524874 0.0076537973653770753
2500 0 0 0.63280858536420026 24.378567733119418 0.040622161182432955 0.0069298080977128829 0.040622161182432941 0.0069298080977128846 0.040622161182432955 6.0034963111926645e-17 4.2617298579029131e-17 3.5268946491133915e-18 1.6632308251595572e-16 8.2119223760044931e-17 50.000000000000149 50.000000000000114 50.000000000000149 1.4921397450962104e-13 1.1368683772161603e-13 1.0000000000000011 1969.8656512475254 8030.1343487497434 0.018145334785175105 0 0 0.97819873630198673 5.3177282340156315e-18 0.99999999999999978 6.0069657581429681e-13 4.2157206545101467e-13 3.5425648142478302e-14 0.3538129934998146 0.32785541501153859 0.025957578488276012 0.0069298080977128829
3000 0 0 0.58675719283475181 24.415881751563841 0.03977202216649281 0.0072355032432065217 0.039772022166492865 0.0072355032432065113 0.03977202216649281 1.066754323764479e-16 7.6868719722814247e-17 4.4615291851317864e-18 1.7658606384485103e-16 7.1337949585577042e-17 50.000000000000249 50.000000000000192 50.000000000000249 2.4868995751603507e-13 1.9184653865522705e-13 1.0000000000000009 1969.8656512474199 8030.1343487492431 0.017854814217666846 0 0 0.98024065449096209 5.8169688523901844e-18 0.99999999999999978 1.0662060969356124e-12 7.7586710927474156e-13 4.4489385443852152e-14 0.35232726869636216 0.32829548484333093 0.02403178385303123 0.0072355032432065217
3500 0 0 0.53916541624970582 24.473724660149387 0.042117170534582735 0.0075104455056018721 0.042117170534582846 0.0075104455056018652 0.042117170534582735 1.8433241044675645e-16 1.4469710152292799e-16 2.9295579260393831e-18 2.1754307202525322e-16 3.6470929380529347e-16 50.000000000000426 50.000000000000334 50.000000000000426 4.2632564145606011e-13 3.3395508580724709e-13 1.0000000000000022 1969.8656512473167 8030.1343487488348 0.017675580982652168 0 0 0.98049194049351618 5.9748519110359094e-18 0.99999999999999978 1.8433934934058982e-12 1.4404900883224769e-12 2.936451770606206e-14 0.35131415187750403 0.32928377343136461 0.02203037844613942 0.0075104455056018721
4000 0 0 0.42462904064621892 24.525252141957516 0.042426512497080453 0.0076594570053239259 0.042426512497080654 0.007659457005323932 0.042426512497080453 3.1839079983622872e-16 2.5132187997389819e-16 -6.23757836830054e-19 6.2745447730491179e-16 6.4288907145778029e-16 50.000000000000732 50.000000000000583 50.000000000000732 7.3185901783290319e-13 5.8264504332328215e-13 1.0000000000000009 1969.8656512472078 8030.1343487484291 0.017511466202085407 0 0 0.98121403603579127 5.979760665653636e-18 0.99999999999999978 3.1847057543193946e-12 2.4951516547355723e-12 -6.3452233683587745e-15 0.34706532488261538 0.32975137278995703 0.017313952092658347 0.0076594570053239259
4500 0 0 0.3917984970100668 24.565531515668638 0.041089400053666861 0.0075805106912964571 0.041089400053667208 0.0075805106912964597 0.041089400053666861 5.5506675644717584e-16 4.4200754167911164e-16 5.4448772997786917e-18 1.2692598783482369e-15 1.1697518154643967e-15 50.000000000001279 50.000000000001002 50.000000000001279 1.2789769243681803e-12 1.0018652574217413e-12 1.0000000000000009 1969.8656512471248 8030.1343487479535 0.017707790142811944 0 0 0.97983521441477983 5.7431029730212305e-18 0.99999999999999978 5.5507023131486088e-12 4.4155114135337181e-12 5.4467528079885076e-14 0.34589966347841633 0.32995054807824004 0.015949115400176295 0.0075805106912964571
5000 0 0 0.37872095135869838 24.576896287781373 0.04240341626804163 0.0075516934919823532 0.042403416268042227 0.0075516934919823749 0.04240341626804163 9.7772553941997506e-16 7.6739552212809973e-16 1.0239210121500045e-17 2.5709199464680969e-15 2.0632245966309553e-15 50.000000000002238 50.000000000001741 50.000000000002238 2.2382096176443156e-12 1.7408297026122455e-12 1.0000000000000009 1969.8656512470109 8030.1343487475488 0.017684786685704983 0 0 0.97899977185662457 5.4518856639547178e-18 0.99999999999999978 9.7772554077469112e-12 7.6669296047516058e-12 1.0254146023435066e-13 0.34545050110994019 0.3300408681390356 0.015409632970904585 0.0075516934919823532
5500 0 0 0.38978219240506695 24.557592854693905 0.04181657175790042 0.0076543210654284981 0.04181657175790144 0.0076543210654285059 0.04181657175790042 1.7283303260794816e-15 1.3585958746906001e-15 1.6993795194627779e-17 4.6336528301593721e-15 3.6461398369532612e-15 50.000000000003929 50.000000000003055 50.000000000003929 3.929301328753354e-12 3.0553337637684308e-12 1.0000000000000002 1969.8656512469113 8030.1343487470804 0.017722618976859332 0 0 0.97932238903333524 5.6350121895490698e-18 0.99999999999999978 1.7282734163064084e-11 1.3587618836606759e-11 1.6983858869931617e-13 0.34602453873731215 0.33015237265363329 0.015872166083678863 0.0076543210654284981
6000 0 0 0.42171497547967463 24.542968719494162 0.041761050162669108 0.0077722283191608487 0.041761050162670919 0.0077722283191608748 0.041761050162669108 3.0618979574035577e-15 2.386965972102557e-15 2.6159952204379477e-17 8.0402179103340399e-15 6.2618796929624393e-15 50.000000000006899 50.000000000005357 50.000000000006899 6.8993699642305728e-12 5.3574922276311554e-12 1.0000000000000007 1969.8656512468065 8030.1343487466474 0.017644118709626514 0 0 0.98079049560194576 5.3652496698772496e-18 0.99999999999999978 3.0619763696131466e-11 2.3870157505332182e-11 2.6144288450408379e-13 0.347108889348196 0.32992616869612135 0.017182720652074657 0.0077722283191608487
6500 0 0 0.44418504128267844 24.525079727594704 0.041697103571309894 0.0078706195818411227 0.041697103571313079 0.0078706195818411245 0.041697103571309894 5.4212311723128476e-15 4.2175436754140664e-15 3.3217907487141347e-17 1.3980206890739633e-14 1.0831764867241371e-14 50.000000000012143 50.000000000009422 50.000000000012143 1.2143175354140112e-11 9.4217966761789285e-12 1.0000000000000004 1969.8656512466919 8030.1343487461936 0.017624518164065423 0 0 0.98006388268130984 5.0975544279686381e-18 0.99999999999999978 5.4212283967514097e-11 4.2166586194936073e-11 3.3209310249911097e-13 0.34768924463816631 0.32957778297458207 0.018111461663584238 0.0078706195818411227
7000 0 0 0.45803390163367663 24.516004662111332 0.041086969552122835 0.0079339695145899808 0.041086969552128462 0.007933969514589986 0.041086969552122835 9.595984423745425e-15 7.4387444121194608e-15 3.7893228885372811e-17 2.4363307832256359e-14 1.8750529954388218e-14 50.000000000021359 50.000000000016563 50.000000000021359 2.1358914636948612e-11 1.6562751170567935e-11 1.0000000000000002 1969.865651246595 8030.1343487457189 0.017628497461152578 0 0 0.98211592822949523 4.8586327982455292e-18 0.99999999999999978 9.5959532000707871e-11 7.4390523309517814e-11 3.7898664976927398e-13 0.34808939446729908 0.32940633791112406 0.018683056556175026 0.0079339695145899808
7500 0 0 0.4692225921089942 24.507692710785953 0.040970360135307859 0.0080036128956826082 0.040970360135318053 0.0080036128956826168 0.040970360135307859 1.6929313506622289e-14 1.3119914529801857e-14 4.7283983068237223e-17 4.2332765219629745e-14 3.2768753022302915e-14 50.000000000037616 50.000000000029154 50.000000000037616 3.7616132431139704e-11 2.9153568448236911e-11 1.0000000000000013 1969.8656512464931 8030.1343487452987 0.017606037231347637 0 0 0.9816959561898877 5.1356934084290227e-18 0.99999999999999978 1.6929230245302587e-10 1.3119671322915031e-10 4.728588872967624e-13 0.34850200681019322 0.32935607587143589 0.019145930938757327 0.0080036128956826082
8000 0 0 0.47009720581765668 24.506123904723101 0.041095775206573058 0.0080755771157166693 0.041095775206590704 0.0080755771157166676 0.041095775206573058 2.9785528557506179e-14 2.3090027806447544e-14 5.3058340450144897e-17 7.4306613003251418e-14 5.7469455428046035e-14 50.000000000066201 50.000000000051315 50.000000000066201 6.6201266690768534e-11 5.1315396376594435e-11 1.0000000000000027 1969.8656512463826 8030.1343487448758 0.017602351006848899 0 0 0.98145181976767792 4.9101492267898671e-18 0.99999999999999978 2.9785584068631188e-10 2.3089804735895985e-10 5.3049545141252228e-13 0.3486419139901738 0.32945906779036926 0.019182846199804537 0.0080755771157166693
8500 0 0 0.45758744916180716 24.509603860296142 0.041716157296172229 0.0081517043013979752 0.04171615729620317 0.0081517043013979752 0.041716157296172229 5.2424136559640998e-14 4.0635017573047417e-14 5.6763122022866111e-17 1.304828302539444e-13 1.0110465960755022e-13 50.000000000116458 50.00000000009026 50.000000000116458 1.1645795439108042e-10 9.0260243723605527e-11 1.0000000000000004 1969.8656512462844 8030.1343487443919 0.017578371729483209 0 0 0.98156668018408355 4.726825914748814e-18 0.99999999999999978 5.2424033866673055e-10 4.063465727094373e-10 5.6784521174647139e-13 0.34825477924338327 0.32958505892599099 0.01866972031739228 0.0081517043013979752
9000 0 0 0.44510769514884613 24.517329074831707 0.041412298265006281 0.0082265501057431304 0.041412298265060474 0.0082265501057431582 0.041412298265006281 9.2212329785936462e-14 7.1467613424539952e-14 6.1036862780288935e-17 2.2992840722558552e-13 1.7830026096186649e-13 50.000000000204778 50.000000000158714 50.000000000204778 2.0477841644606087e-10 1.5871393088673358e-10 1.0000000000000011 1969.8656512461782 8030.1343487439644 0.01759955124468042 0 0 0.98156603385344798 4.3888542920985084e-18 0.99999999999999978 9.2212399872739891e-10 7.146735010428798e-10 6.1019302724157321e-13 0.34776987049102387 0.32961505053529827 0.018154819955725598 0.0082265501057431304
9500 0 0 0.44227782673752181 24.525659560912047 0.041484182325728175 0.008296691959034307 0.041484182325822537 0.0082966919590342809 0.041484182325728175 1.6203622298111244e-13 1.2558273448939106e-13 6.3144884544982217e-17 4.078349666361269e-13 3.1613734788122446e-13 50.000000000360025 50.000000000279023 50.000000000360025 3.6002489878228516e-10 2.7902302690563374e-10 1.0000000000000027 1969.865651246078 8030.134348743497 0.017630596882835508 0 0 0.98146390054536603 4.8325080161780514e-18 0.99999999999999978 1.6203629306241673e-09 1.2558255128077705e-09 6.3153972803629821e-13 0.34764460191142221 0.329611332484393 0.018033269427029208 0.008296691959034307
10000 0 0 0.4402633883136004 24.527904714441306 0.041491848273235592 0.0083685239755648903 0.041491848273401528 0.0083685239755648694 0.041491848273235592 2.846520706648394e-13 2.2063347295011437e-13 6.347263384286979e-17 7.1937185554138526e-13 5.5754741306903493e-13 50.000000000632809 50.000000000490438 50.000000000632809 6.3280936046794523e-10 4.9043791250369395e-10 1.0000000000000004 1969.8656512459652 8030.1343487430777 0.017628129315804375 0 0 0.98111772027332822 5.2157725060158417e-18 0.99999999999999978 2.846521567081658e-09 2.2063319799077961e-09 6.346426947592229e-13 0.3475933327213388 0.32964384239840933 0.017949490322929473 0.0083685239755648903
10500 0 0 0.44294757172309224 24.528033258054062 0.041468303289927025 0.008438543384471666 0.041468303290219659 0.008438543384471666 0.041468303289927025 5.0000683177233456e-13 3.8753608204478288e-13 7.2683444069343418e-17 1.2625461680641602e-12 9.7845839304011559e-13 50.000000001111793 50.000000000861675 50.000000001111793 1.1117933240711864e-09 8.616751756562735e-10 1.0000000000000002 1969.8656512458656 8030.1343487425847 0.017610583723007309 0 0 0.98099129226903481 5.0440758632743869e-18 0.99999999999999978 5.0000671659357495e-09 3.8753601420580749e-09 7.2682504638157143e-13 0.34772314082245637 0.32966431127575208 0.018058829546704291 0.008438543384471666
11000 0 0 0.44437295805940863 24.526571493197896 0.041669047253237439 0.0085105967349543305 0.041669047253753207 0.0085105967349543548 0.041669047253237439 8.782279830459913e-13 6.8065944755584157e-13 7.2486109985279442e-17 2.211478643439447e-12 1.714023783606145e-12 50.000000001952557 50.000000001513285 50.000000001952557 1.9525572270140401e-09 1.513285496912431e-09 1.0000000000000016 1969.8656512457696 8030.1343487421736 0.017586073407478846 0 0 0.98108939234479542 5.5863064891116133e-18 0.99999999999999978 8.7822794626201848e-09 6.8065955962222325e-09 7.250950334742024e-13 0.34776014667298744 0.32964212482950844 0.018118021843478993 0.0085105967349543305
11500 0 0 0.44197643339432735 24.523969730515145 0.04166127569404126 0.008581328292200447 0.041661275694945134 0.0085813282922004349 0.04166127569404126 1.542289023231112e-12 1.1953303902260738e-12 7.0863420508088097e-17 3.876879438342935e-12 3.0047007805385897e-12 50.000000003427765 50.000000002656641 50.000000003427765 3.4277647387170873e-09 2.656641129306081e-09 1.0000000000000011 1969.865651245668 8030.134348741728 0.017582618312070523 0 0 0.98135655865717386 5.2761713397453582e-18 0.99999999999999978 1.5422890260264124e-08 1.1953303728719136e-08 7.0847128226709504e-13 0.34764319911712332 0.32962097684841873 0.018022222268704591 0.008581328292200447
12000 0 0 0.44387985567910715 24.522216749534746 0.041522126561918248 0.0086503947908969838 0.041522126563505991 0.0086503947908969717 0.041522126561918248 2.7075439664633352e-12 2.0984503402321295e-12 7.0699436402954951e-17 6.8019118608914131e-12 5.2715888185732763e-12 50.000000006016855 50.000000004663271 50.000000006016855 6.0168545701344556e-09 4.6632706585114647e-09 1.0000000000000016 1969.8656512455609 8030.1343487412751 0.017587119342709005 0 0 0.98142910957578955 4.9060563336826982e-18 0.99999999999999978 2.7075440649934287e-08 2.098450312685218e-08 7.0687494473890272e-13 0.34769956361197163 0.32959843269820427 0.01810113091376736 0.0086503947908969838
12500 0 0 0.44755163310272089 24.520712226191666 0.041548416849070312 0.0087187823168307695 0.041548416851845328 0.0087187823168307609 0.041548416849070312 4.7510460246600774e-12 3.6822385158419589e-12 6.9326026169587757e-17 1.1931418568222639e-11 9.2471587124759128e-12 50.00000001056064 50.00000000818487 50.00000001056064 1.0560640362200502e-08 8.1848696709130309e-09 1.0000000000000004 1969.8656512454577 8030.134348740813 0.017588030940571771 0 0 0.98134384381847228 4.6025224765627882e-18 0.99999999999999978 4.7510460593453525e-08 3.682238502316932e-08 6.9308885199589945e-13 0.34783895879297622 0.32958697536874798 0.018251983424228235 0.0087187823168307695
13000 0 0 0.44948975256394341 24.520042087454922 0.041676271464773929 0.0087847573808506243 0.041676271469624021 0.0087847573808506208 0.041676271464773929 8.333686976278642e-12 6.4589153667924048e-12 6.502648879965407e-17 2.0915228324835254e-11 1.6210011168011602e-11 50.000000018531551 50.000000014362612 50.000000018531551 1.8531551404521451e-08 1.4362612432705646e-08 1.0000000000000018 1969.8656512453517 8030.1343487403774 0.017581430214453006 0 0 0.9812566978653624 4.5833270387484486e-18 0.99999999999999978 8.3336868145865027e-08 6.4589153705657348e-08 6.5055730500288464e-13 0.3479262113100135 0.32959468679791187 0.018331524512101627 0.0087847573808506243
13500 0 0 0.44927374233815304 24.520506529333812 0.041790216872867374 0.0088482465961921119 0.041790216881387593 0.008848246596192098 0.041790216872867374 1.4615505804595949e-11 1.1327546212500158e-11 6.3203599397231027e-17 3.6614045497010055e-11 2.8377235189651156e-11 50.000000032511814 50.000000025197792 50.000000032511814 3.251181368568723e-08 2.5197792297149135e-08 1.0000000000000018 1969.8656512452578 8030.1343487399781 0.017566915539285417 0 0 0.98127041326002007 4.4431163603054066e-18 0.99999999999999978 1.4615505797635486e-07 1.1327546255510005e-07 6.3219587586239104e-13 0.3479152809658701 0.32959291304085647 0.018322367925013627 0.0088482465961921119
14000 0 0 0.44807776271675387 24.521565832663651 0.041854804921802172 0.0089089844439884987 0.041854804936718414 0.0089089844439885213 0.041854804921802172 2.5624532927174092e-11 1.9859937214583455e-11 6.2345810349704709e-17 6.422783867442522e-11 4.9778782447611705e-11 50.00000005702725 50.00000004419811 50.00000005702725 5.7027250477403868e-08 4.4198110060733597e-08 1.0000000000000036 1969.8656512451421 8030.1343487395407 0.017562634181921406 0 0 0.98130981003013296 4.2037086953463893e-18 0.99999999999999978 2.5624533021505159e-07 1.9859937246471948e-07 6.2347485624972247e-13 0.34786405501501888 0.32959125115842758 0.018272803856591302 0.0089089844439884987
14500 0 0 0.44612487895792635 24.52218685443745 0.041918080040219401 0.0089671730226376818 0.041918080066332852 0.0089671730226376957 0.041918080040219401 4.4918805495385564e-11 3.4813661648674707e-11 6.4307937876663129e-17 1.1273155326937414e-10 8.7370752412632042e-11 50.000000100015086 50.000000077515153 50.000000100015086 1.0001508599088993e-07 7.7515153407148318e-08 1.0000000000000031 1969.8656512450459 8030.1343487390523 0.01756198613320252 0 0 0.98132714854297343 4.0056141531166943e-18 0.99999999999999978 4.4918805553595528e-07 3.481366178930415e-07 6.4298450674705338e-13 0.34779569201404453 0.32960298833691726 0.018192703677127275 0.0089671730226376818
15000 0 0 0.44535220147459764 24.522354323613818 0.041909740987921572 0.0090225678957038813 0.041909741033672607 0.009022567895703883 0.041909740987921572 7.8733342781651996e-11 6.1021108005185485e-11 6.7800564740197877e-17 1.9774715299980023e-10 1.532608048662613e-10 50.000000175393225 50.0000001359358 50.000000175393225 1.7539322527682089e-07 1.3593579950565982e-07 1.0000000000000004 1969.8656512449352 8030.134348738593 0.017560077442597653 0 0 0.98127087552120074 4.2766493701548706e-18 0.99999999999999978 7.8733342984141298e-07 6.1021107885052045e-07 6.7787371388410504e-13 0.34777742962903546 0.32961635930122662 0.018161070327808837 0.0090225678957038813
15500 0 0 0.4459002031207705 24.522651615986803 0.041994389727341624 0.0090751107881666369 0.041994389807341784 0.0090751107881666231 0.041994389727341624 1.379843861138828e-10 1.0694272375382053e-10 7.1493671337611998e-17 3.4685706068792575e-10 2.688262223123238e-10 50.00000030754498 50.000000238357991 50.00000030754498 3.0754497970519878e-07 2.3835799112248424e-07 1.0000000000000064 1969.865651244849 8030.1343487381819 0.017556645134548736 0 0 0.9812215165273418 4.1818812765921248e-18 0.99999999999999978 1.3798438612474417e-06 1.0694272369397005e-06 7.1491515747004392e-13 0.34780136955962537 0.32961817264832238 0.01818319691130299 0.0090751107881666369
16000 0 0 0.44568448712239034 24.522657539182564 0.042096866909582004 0.0091248555837756349 0.042096867049584902 0.0091248555837756418 0.042096866909582004 2.4181878388603697e-10 1.874179752426961e-10 7.8116374027744452e-17 6.0793825431582108e-10 4.7117324498903977e-10 50.000000539183581 50.0000004178859 50.000000539183581 5.3918358133842048e-07 4.1788590010582993e-07 1.0000000000000038 1969.865651244746 8030.1343487377353 0.017550831022099353 0 0 0.9812221100338161 5.1050894615121501e-18 0.99999999999999978 2.4181878399734099e-06 1.8741797522986198e-06 7.8111536016441218e-13 0.34778980409947724 0.32961540817969281 0.018174395919784425 0.0091248555837756349
16500 0 0 0.4455974105284492 24.522613458564049 0.042134332629313008 0.0091716745151995266 0.042134332874598834 0.0091716745151994971 0.042134332629313008 4.2377219058906195e-10 3.2843814668320296e-10 8.5370485016102888e-17 1.0653876987189812e-09 8.2571231900464378e-10 50.000000945175785 50.000000732543867 50.000000945175785 9.4517578475006303e-07 7.3254386734333821e-07 1.0000000000000113 1969.865651244635 8030.1343487372906 0.017548010974937363 0 0 0.98125537421442099 5.0638522541939115e-18 0.99999999999999978 4.2377219048906907e-06 3.2843814659396105e-06 8.5369742920843688e-13 0.34778006480547163 0.32960918708555093 0.018170877719920708 0.0091716745151995266
17000 0 0 0.44620039568464648 24.522472934696474 0.042162955960924627 0.0092158027885113208 0.042162956390625762 0.0092158027885112549 0.042162955960924627 7.4257185166507406e-10 5.7551889981399816e-10 8.8930255290725073e-17 1.867001335070674e-09 1.446990488893492e-09 50.000001656730085 50.000001284022972 50.000001656730085 1.6567300846759281e-06 1.2840229715038731e-06 1.0000000000000173 1969.8656512445198 8030.1343487368622 0.017545748873962801 0 0 0.98127296646851625 4.873338129555514e-18 0.99999999999999978 7.4257185158597565e-06 5.7551889981345e-06 8.894212467107921e-13 0.34779971325134856 0.32960414232043628 0.018195570930912286 0.0092158027885113208
17500 0 0 0.44645205809005639 24.52210125556541 0.042196386940861377 0.0092572147140691091 0.042196387693181597 0.0092572147140689703 0.042196386940861377 1.3010884838055029e-09 1.0083885709248561e-09 9.1374953661422927e-17 3.2714193654318497e-09 2.5354629086667377e-09 50.000002903666406 50.000002250441646 50.000002903666406 2.9036664059844952e-06 2.2504416463675625e-06 1.0000000000000566 1969.8656512444352 8030.1343487364211 0.017543624997245755 0 0 0.98127111748762841 4.6747558611545387e-18 0.99999999999999978 1.3010884838196541e-05 1.0083885709067739e-05 9.1341229659725397e-13 0.34781253787191363 0.32960642847544697 0.018206109396466663 0.0092572147140691091
18000 0 0 0.44667806088783413 24.521894468663469 0.042217654960981697 0.0092959824298826949 0.042217656279174946 0.0092959824298822664 0.042217654960981697 2.27952920708837e-09 1.7667138827136379e-09 9.8112765444848921e-17 5.7297925525830434e-09 4.440786858018706e-09 50.000005088635866 50.00000394386835 50.000005088635866 5.0886358664570253e-06 3.9438683501202831e-06 1.0000000000001679 1969.8656512443254 8030.1343487360118 0.017540190157292624 0 0 0.98125664268294255 5.1950608219154318e-18 0.99999999999999978 2.2795292067848125e-05 1.7667138827741477e-05 9.8125502985250073e-13 0.34782323911604013 0.32960775982431395 0.018215479291726178 0.0092959824298826949
18500 0 0 0.44679387768322748 24.521915985935422 0.042256385668833794 0.0093322685070475857 0.042256387977041322 0.0093322685070462569 0.042256385668833794 3.9933831957287804e-09 3.0950098487400832e-09 1.0347644877374186e-16 1.0036842220172927e-08 7.7788988095538555e-09 50.000008916906296 50.000006910910002 50.000008916906296 8.9169062960081646e-06 6.9109100024888903e-06 1.000000000000518 1969.8656512442294 8030.1343487355325 0.017536987660517721 0 0 0.98124942925850633 5.1598732915873951e-18 0.99999999999999978 3.9933831957317937e-05 3.0950098487669429e-05 1.0349531092669809e-12 0.34782593586974347 0.32960574957029254 0.018220186299450936 0.0093322685070475857
19000 0 0 0.44650732175777952 24.521961668525133 0.042298188357706358 0.0093662949280281637 0.042298192396781203 0.0093662949280241218 0.042298188357706358 6.9951544333368365e-09 5.4214861183754786e-09 1.0340781417531183e-16 1.7586559108361854e-08 1.3630189799389889e-08 50.000015623734278 50.000012108933042 50.000015623734278 1.5623734277880885e-05 1.2108933042043191e-05 1.0000000000016036 1969.8656512441189 8030.1343487350978 0.017535591403952163 0 0 0.98125260159774919 5.1156811580081349e-18 0.99999999999999978 6.9951544332612386e-05 5.4214861183317657e-05 1.0340188187027227e-12 0.34781467270800348 0.32960620603664054 0.018208466671362944 0.0093662949280281637
19500 0 0 0.44626371668563658 24.521997947153249 0.042315834336052162 0.0093981794077394529 0.042315841408103523 0.0093981794077271277 0.042315834336052162 1.2252722016161263e-08 9.4962823753271976e-09 1.0705394230026985e-16 3.0809892573243114e-08 2.387872940925245e-08 50.00002737301179 50.000021215028426 50.00002737301179 2.7373011789677548e-05 2.1215028425558558e-05 1.0000000000049225 1969.8656512440111 8030.1343487346267 0.017534543406819088 0 0 0.98125576139096182 5.0775443294335535e-18 0.99999999999999978 0.0001225272201632876 9.4962823752866676e-05 1.0703773582352258e-12 0.34780704439799215 0.32960853880936236 0.018198505588629788 0.0093981794077394529
20000 0 0 0.44634843804373858 24.522064496333616 0.042330906445725423 0.0094280544850518771 0.042330918825278577 0.0094280544850142024 0.042330906445725423 2.1460539806661075e-08 1.6632658832613804e-08 1.0155835542203881e-16 5.3976519784578888e-08 4.1833664760861508e-08 50.000047954797601 50.000037166622477 50.000047954797601 4.7954797601335031e-05 3.7166622476547673e-05 1.0000000000151106 1969.8656512439172 8030.1343487341819 0.017533750880674128 0 0 0.98125069524397746 5.0389228975275644e-18 0.99999999999999978 0.00021460539806747436 0.00016632658832664918 1.0155981845650372e-12 0.3478115650441288 0.32960965394033598 0.018201911103792823 0.0094280544850518771
20500 0 0 0.44637374914485445 24.522127433294262 0.042356827758582224 0.0094560418827661658 0.042356849427414134 0.00945604188265089 0.042356827758582224 3.758615847585693e-08 2.9130569715451424e-08 9.9874557714583357e-17 9.4549215973550865e-08 7.327890441023362e-08 50.00008400587808 50.000065107453544 50.00008400587808 8.4005878079551621e-05 6.5107453544044347e-05 1.0000000000463809 1969.8656512438138 8030.1343487337854 0.017532188215544944 0 0 0.98124588503114596 4.9965983994842949e-18 0.99999999999999978 0.00037586158475706017 0.00029130569715324367 9.9886789723409722e-13 0.34781297761589669 0.32961008105404282 0.018202896561853865 0.0094560418827661658
21000 0 0 0.4463094778942307 24.522165804023615 0.042373547667174959 0.0094822331258160725 0.042373585617689891 0.0094822331254635142 0.042373547667174959 6.5826654751941852e-08 5.1017929253483835e-08 9.8081660233986787e-17 1.6558627596717719e-07 1.2833507812480396e-07 50.000147149288821 50.000114045775568 50.000147149288821 0.00014714928882142431 0.0001140457755681723 1.0000000001423988 1969.8656512437108 8030.1343487333006 0.017529829070103309 0 0 0.98124242354480484 4.9550382017457401e-18 0.99999999999999978 0.00065826654751671395 0.00051017929253346743 9.8069608663384801e-13 0.34780972510440084 0.32960947797039769 0.018200247134003145 0.0094822331258160725
21500 0 0 0.44636715299101692 24.522198005405205 0.042391518294897686 0.0095067968953693842 0.042391584750613623 0.0095067968942909361 0.042391518294897686 1.1528016107417735e-07 8.9346106534264522e-08 1.0101198195588413e-16 2.9000224673455515e-07 2.2476175609677089e-07 50.000257740276304 50.000199757608371 50.000257740276304 0.00025774027630376395 0.00019975760837098733 1.0000000004370921 1969.865651243608 8030.1343487328731 0.017527507746289857 0 0 0.98124000914155873 4.9219283408492798e-18 0.99999999999999978 0.0011528016107378407 0.00089346106534001629 1.0099108431650492e-12 0.34781066311676534 0.32960808792784352 0.018202575188921821 0.0095067968953693842
22000 0 0 0.44633649384140234 24.522141824312502 0.042415837537453129 0.0095298444464920334 0.042415953885937843 0.0095298444431927646 0.042415837537453129 2.0187767236918773e-07 1.5646218603668878e-07 1.049314581882606e-16 5.0789278843577688e-07 3.9363448832318329e-07 50.000451421704661 50.000349867410158 50.000451421704661 0.00045142170466050402 0.00034986741015785583 1.0000000013414516 1969.8656512435145 8030.1343487324211 0.017524633545208751 0 0 0.98124075773420205 4.8799709623016429e-18 0.99999999999999978 0.002018776723684855 0.001564621860362915 1.0491512015433259e-12 0.34780997125972601 0.32960860463200015 0.018201366627725868 0.0095298444464920334
22500 0 0 0.44628325560164617 24.522058349662963 0.042435418430320837 0.0095514449172852556 0.042435622151733375 0.0095514449071910368 0.042435418430320837 3.5351346861890911e-07 2.7398527137261067e-07 1.0046326715157446e-16 8.8941624816504773e-07 6.8932857759865527e-07 50.000790608323918 50.000612748813104 50.000790608323918 0.00079060832391775193 0.00061274881310424689 1.0000000041164447 1969.8656512434088 8030.1343487320146 0.017520843887923493 0 0 0.98124050362959114 4.8394214432188676e-18 0.99999999999999978 0.0035351346861807152 0.002739852713718724 1.0045954882281405e-12 0.34780901339988352 0.32960975584825225 0.018199257551631265 0.0095514449172852556
23000 0 0 0.44636113582585057 24.522042146321549 0.042460040857297821 0.0095716844121018045 0.042460397577335322 0.009571684381216564 0.042460040857297821 6.1901984734360804e-07 4.7976247683942848e-07 9.4676993635397373e-17 1.557452117653394e-06 1.2070807455852229e-06 50.001384589800679 50.001073105335486 50.001384589800679 0.0013845898006792368 0.001073105335485991 1.0000000126302733 1969.865651243299 8030.1343487315735 0.017514990006325837 0 0 0.98123733403018343 4.8140327961501608e-18 0.99999999999999978 0.0061901984734232599 0.0047976247683820562 9.4672208045889486e-13 0.34781193560415469 0.32960949009972074 0.018202445504433951 0.0095716844121018045
23500 0 0 0.44639521821195183 24.522045154415938 0.042499878295900982 0.0095906570835040048 0.042500502933390243 0.0095906569890018851 0.042499878295900982 1.0838787116285745e-06 8.4004736840346201e-07 9.7526508656914861e-17 2.7272665170374072e-06 2.1137343641177697e-06 50.002424714537568 50.001879239966257 50.002424714537568 0.0024247145375682067 0.0018792399662572734 1.0000000387481029 1969.8656512431967 8030.134348731126 0.017505571505111679 0 0 0.98123084953664208 4.7675319950179451e-18 0.99999999999999978 0.010838787116257149 0.0084004736840138511 9.7531996427646095e-13 0.34781276547216816 0.32960893233341526 0.018203833138752901 0.0095906570835040048
24000 0 0 0.44639841637494782 24.522050414477015 0.042553139330410598 0.0096084337657905486 0.042554233589825817 0.0096084334766311681 0.042553139330410598 1.8977099562586273e-06 1.4708120222442961e-06 9.9482065212238973e-17 4.7752607119529427e-06 3.7010386245329224e-06 50.004245986157962 50.003290799451783 50.004245986157962 0.0042459861579615676 0.0032907994517827888 1.0000001188534324 1969.8656512430896 8030.134348730694 0.01748984507608211 0 0 0.98122002692608679 4.7271280328718357e-18 0.99999999999999978 0.018977099562538513 0.014708120222403927 9.9475880432529795e-13 0.34781276059916416 0.32960880094530876 0.018203959653855406 0.0096084337657905486
24500 0 0 0.44643573745866183 24.522057577156183 0.042635325104360751 0.0096250765583090064 0.042637242971540215 0.0096250756736221809 0.042635325104360751 3.3222034845973358e-06 2.5749368294030701e-06 1.0087901580479233e-16 8.3601026788617302e-06 6.4796192530325642e-06 50.007434775042206 50.005762280661465 50.007434775042206 0.0074347750422063541 0.0057622806614645583 1.0000003644437112 1969.8656512429909 8030.1343487302229 0.017463714086967765 0 0 0.9812030681466799 4.7098344310580145e-18 0.99999999999999978 0.033222034845883042 0.025749368293961582 1.0090978803688871e-12 0.34781434827511082 0.32960887199915001 0.018205476275960808 0.0096250765583090064
25000 0 0 0.44641737350544469 24.522051069633001 0.042767501420432487 0.0096406239696526074 0.042770864346384392 0.0096406212641590855 0.042767501420432487 5.8142037216561579e-06 4.5068229451818651e-06 1.0522538092930441e-16 1.4631951601613779e-05 1.1341615304861655e-05 50.01301669726984 50.010088783859942 50.01301669726984 0.013016697269840449 0.010088783859941941 1.0000011166415352 1969.8656512428881 8030.1343487297618 0.017421245132951589 0 0 0.98117801428438689 4.6730998214860159e-18 0.99999999999999978 0.058142037216401238 0.045068229451696362 1.0521130639945045e-12 0.34781406221437711 0.32960932998224063 0.018204732232136478 0.0096406239696526074
25500 0 0 0.44635495675213022 24.522047501629707 0.042970452089638587 0.0096550267806324967 0.042976352459446462 0.0096550185189531613 0.042970452089638587 1.0166684860365302e-05 7.8828280729888884e-06 1.0068788648056681e-16 2.5585619657760308e-05 1.9836972477877659e-05 50.022782136078021 50.017659057820673 50.022782136078021 0.022782136078021153 0.017659057820672786 1.0000034138010232 1969.8656512427856 8030.1343487293379 0.017354976566894352 0 0 0.98113931386126607 4.6779664089546173e-18 0.99999999999999978 0.1016668486033676 0.078828280729669048 1.0068217809956862e-12 0.34781199021784664 0.32960980066893292 0.018202189548913728 0.0096550267806324967
26000 0 0 0.44633764482320243 24.522067043552955 0.043269066120067146 0.0096680547138990949 0.043279411405665054 0.0096680296012112421 0.043269066120067146 1.7731317529696422e-05 1.3760060622881253e-05 1.0137781851266266e-16 4.4620948438646803e-05 3.4621645569719155e-05 50.039837692141717 50.030886950474077 50.039837692141717 0.03983769214171673 0.030886950474076968 1.0000103681853276 1969.8656512426783 8030.1343487289096 0.017262615738630614 0 0 0.98108120168128732 4.8223315595725494e-18 0.99999999999999978 0.17731317529646071 0.13760060622842207 1.0136261981504698e-12 0.34781118163152691 0.32960971256162858 0.018201469069898335 0.0096680547138990949
26500 0 0 0.44622663717252098 24.52210531966152 0.043636601905660329 0.0096788988649045248 0.04365462828784613 0.0096788235984315626 0.043636601905660329 3.0682588667485026e-05 2.387471646707118e-05 1.0502158716087212e-16 7.7193870652698745e-05 6.0037382502525416e-05 50.069473745295618 50.053905705221688 50.069473745295618 0.069473745295617562 0.053905705221687583 1.0000308675693153 1969.8656512425819 8030.134348728463 0.017172272794132144 0 0 0.98101428197470453 4.5840121786741916e-18 0.99999999999999978 0.30682588667395988 0.23874716467002149 1.0501642603273797e-12 0.34780647250603103 0.32960955868661512 0.018196913819415905 0.0096788988649045248
27000 0 0 0.4459860718648116 24.522186701661305 0.044062113559420496 0.0096853052618737084 0.044012571924607384 0.0096850889738084554 0.044062113559420496 5.1860210596200602e-05 4.0696505343451693e-05 1.0852272354457087e-16 0.00013034430566467156 0.00010215442346338481 50.120184253928677 50.0934774047928 50.120184253928677 0.12018425392867726 0.093477404792800201 1.0000865036451236 1969.8656512424743 8030.1343487279955 0.017139052926236013 0 0 0.98098065733709194 4.4040139446659557e-18 0.99999999999999978 0.5186021059604804 0.40696505343331579 1.0851904622145124e-12 0.34779712074000019 0.32961007741916137 0.018187043320838814 0.0096853052618737084
27500 0 0 0.44562747946514786 24.522404450711367 0.044279642040262815 0.0096830417111683862 0.044186703566165011 0.0096824899129347147 0.044279642040262815 8.1944823948196631e-05 6.6076489939549511e-05 1.0960570623818135e-16 0.00020527396989558031 0.00016509603329682636 50.203150201269828 50.159227140930192 50.203150201269828 0.2031502012698283 0.15922714093019152 1.0002027576435415 1969.8656512423793 8030.1343487275772 0.01705183367716279 0 0 0.98096953094648742 3.9498707790857662e-18 0.99999999999999978 0.81944823947949563 0.6607648993935139 1.096163931400486e-12 0.34778367936687848 0.32961142059181286 0.018172258775065619 0.0096830417111683862
28000 0 0 0.44522809381964057 24.522794911585109 0.044280006119260334 0.0096730166719238928 0.044153468592443637 0.0096719647576019672 0.044280006119260334 0.00010930810571483283 9.5618148959759598e-05 1.1155078817929226e-16 0.00027129905807059523 0.00023711016702150964 50.323727653976853 50.259752235603791 50.323727653976853 0.32372765397685299 0.25975223560379135 1.0002947418987804 1969.8656512422697 8030.1343487271215 0.016996837935101022 0 0 0.9811406002876033 3.9112430915943302e-18 0.99999999999999978 1.0930810571449701 0.9561814895946672 1.1155348722129401e-12 0.34776907884459485 0.32961339571692228 0.018155683127672573 0.0096730166719238928
28500 0 0 0.4450035477764161 24.523125497756393 0.043376973590519077 0.0096760955746450147 0.043293288835868284 0.0096749303346451501 0.043376973590519077 0.00010570848528980659 0.00011033446098758925 1.1383901547892763e-16 0.00025547952533363046 0.00027091222821317644 50.459960786269932 50.389585161449844 50.459960786269932 0.45996078626993153 0.38958516144984401 1.0001328632657287 1969.865651242169 8030.1343487267322 0.01698943674593632 0 0 0.98138474877270365 4.6088487900746811e-18 0.99999999999999956 1.0570848528947783 1.1033446098724571 1.1382381510642294e-12 0.34776151246468229 0.32961523058812747 0.018146281876554815 0.0096760955746450147
29000 0 0 0.44493482531591716 24.523179188937334 0.043391203354289185 0.0096988115628671955 0.04329065563754067 0.0096982097261281326 0.043391203354289185 6.5496292283400808e-05 8.8040592483835353e-05 1.1240696014509217e-16 0.00014150178481761897 0.00020646805681427316 50.561836020427357 50.513166643454682 50.561836020427357 0.56183602042735714 0.51316664345468155 1.0000524478776132 1969.8656512420623 8030.1343487262502 0.017193905906248572 0 0 0.98154510620595159 4.4924756270279052e-18 0.99999999999999933 0.65496292283192514 0.88040592483556424 1.1241614113123031e-12 0.34775914180101225 0.32961570200114193 0.01814343979987032 0.0096988115628671955
29500 0 0 0.44503876446419266 24.523125491155454 0.04329290366868193 0.0097266392489876296 0.043262255571854924 0.0097265332267816237 0.04329290366868193 1.8613657223551273e-05 4.1775153879939904e-05 1.1561499434834171e-16 8.4309851960202173e-06 7.5860790036161947e-05 50.598359067672199 50.584517620192528 50.598359067672199 0.59835906767219882 0.5845176201925284 1.0000362889710253 1969.8656512419577 8030.1343487257891 0.016981888348150023 0 0 0.98143762955555869 4.1252664614706268e-18 0.99999999999999933 0.18613657223491273 0.41775153879805554 1.1560107653386602e-12 0.34776313112076662 0.32961541317899362 0.018147717941773001 0.0097266392489876296
29999 0 0 0.44501969281555148 24.523138958901477 0.043284055583352125 0.0097463783768300723 0.043295428942367147 0.0097463716973364561 0.043284055583352125 -1.2072190306741651e-05 1.680695512348415e-06 1.1297372244664318e-16 -8.1408964796491753e-05 -3.9113262595380536e-05 50.5776813464635 50.59185115085775 50.5776813464635 0.57768134646349978 0.59185115085774953 1.0000515798537888 1969.8656512418545 8030.1343487253671 0.016995303374197676 0 0 0.98141722997155012 4.0772821798645514e-18 0.99999999999999933 -0.12072190306701967 0.016806955123430018 1.1296173841815748e-12 0.34776257357489748 0.32961564329972498 0.018146930275172501 0.0097463783768300723
