# step v0 Mach sigma R umax_ref urms_ref umax_mean urms_mean umax_lab mean_x mean_y mean_z drop_ux drop_uy x0 y0 x_unwrapped center_dx center_dy axis_ratio mass_R mass_B min_f negative_total negative_color min_rho min_phi max_phi qx qy qz p_in p_out delta_p urms_lab
0 0.14999999999999999 0.25980762113533162 -5.560112678108922e-15 25.040521385269312 0.0019846305619504404 0.00024201668813258177 0.0019846305619662121 0.0002420166881325818 0.15194623088634038 0.15000000000001609 1.9445355067525423e-21 -2.0829920515941684e-21 0.14999999999999861 9.5482710523614577e-21 50.000000000000007 50.000000000000007 50.000000000000007 7.1054273576010019e-15 7.1054273576010019e-15 1.0000000000000007 1969.8656512480634 8030.1343487520408 0.016867828383989772 0 3274 0.99999999999999944 5.1710809399147439e-26 0.99999999999998512 1500.000000000093 3.2120212075588005e-16 -3.8697007200513988e-17 0.33333333333333387 0.33333333333333409 -2.2204460492503131e-16 0.15000019524013619
500 0.14999999999999999 0.25980762113533162 0.036552656974219867 24.979451030169031 0.010153507604880763 0.0048552533347413114 0.0067846205365477419 0.0035011402100446473 0.15220791118546126 0.14663111293166697 -6.4817924985695613e-14 3.053013058364767e-22 0.14228803838811765 -1.2605172445456654e-13 22.962075403769624 50.000000000034518 122.96207540376963 -2.0379245962303685 3.4518166103225667e-11 1.0013650963236291 1969.8656512480013 8030.1343487517088 0.016974879065793064 0 89619 0.99352099607770494 -3.4175737897662924e-10 1.0000000334565295 1466.3111293166223 -6.4815330083397331e-10 -4.7516336123509969e-18 0.33458013262282543 0.3331168235641086 0.0014633090587168329 0.14667793519039882
1000 0.14999999999999999 0.25980762113533162 0.079634176346843374 24.944666170948327 0.017549103114032932 0.0086474572340616961 0.010904357456811758 0.0055511312469721935 0.15254014138690755 0.14335525434277882 -5.6846357482379468e-14 2.0544599475863938e-21 0.13636669021642348 -1.2366603922514161e-13 92.557992306901923 50.000000000000362 192.55799230690192 -7.442007693098077 3.6237679523765109e-13 1.0083776870746146 1969.8656512479508 8030.1343487514796 0.016965288959749605 0 10228 0.99477140382470919 -2.7985699650583081e-11 0.99999999999999978 1433.5525434277122 -5.6845923600929923e-10 2.3346097455623674e-17 0.33585920703096195 0.33266677399533412 0.0031924330356278285 0.14347691645442417
1500 0.14999999999999999 0.25980762113533162 0.1021571128363926 24.927017652476597 0.023070453334809088 0.011923724813999885 0.013246433967109922 0.0067887503515648593 0.15160162143069456 0.14017598063230083 -4.9316603925601478e-14 6.958152389349348e-22 0.13162270537002796 -8.0227878984398603e-14 59.545424998000492 49.999999999959549 259.5454249980005 -15.454575001999501 -4.0451197946822504e-11 1.0173953239951363 1969.8656512479097 8030.1343487512895 0.017015508945306599 0 1757 0.99497390094680749 -1.2837833168056735e-12 0.99999999999999978 1401.7598063229211 -4.9317650163075832e-10 -6.2645940019968013e-17 0.33650368477384185 0.33240543626852004 0.004098248505321811 0.1403617905744565
2000 0.14999999999999999 0.25980762113533162 0.10518897229602919 24.92457586008393 0.027394725759007879 0.014949150097326362 0.014472617708726057 0.0075586906181320896 0.1501108622752359 0.13707789194971817 -4.5620852928701455e-14 -9.9933353765301019e-22 0.12771173372545469 -5.4851596051185503e-14 24.369682790468016 49.999999999929912 324.369682790468 -25.630317209531995 -7.0087935455376282e-11 1.0227457184176973 1969.8656512478503 8030.1343487510112 0.017100011968805902 0 1758 0.99483130150099419 -3.0739670113924313e-14 0.99999999999999978 1370.7789194970217 -4.5620548782881673e-10 2.5732722593498723e-17 0.33659284258923255 0.33237255122353326 0.0042202913656992913 0.13731076376700199
2500 0.14999999999999999 0.25980762113533162 0.09858991215068319 24.929673686180795 0.030960761532359674 0.017825754128072073 0.01501885154782738 0.0080248577740934784 0.1482333084763357 0.1340580900154677 -4.4259864523394694e-14 2.4379013357691865e-21 0.12432378919902591 -4.1691184405758279e-14 87.317033695180285 49.999999999906244 387.31703369518027 -37.682966304819729 -9.375611398354522e-11 1.0249000171506273 1969.8656512477776 8030.1343487508357 0.017208229872183199 0 1724 0.9947900262439906 -3.5919996560588872e-16 0.99999999999999978 1340.580900154481 -4.4260017203448694e-10 8.9599965124752791e-17 0.33641525160200986 0.3324605302770639 0.0039547213249459534 0.13432264803040475
3000 0.14999999999999999 0.25980762113533162 0.091760653262292838 24.934990157912246 0.03415987971017978 0.020599382182115118 0.015272801711766953 0.0082763356296574522 0.1459206976589392 0.13111292200158717 -4.2009241224556798e-14 -2.1189123314677751e-21 0.12119337855633672 -3.6115215419184313e-14 48.584368391394207 49.999999999884466 548.58436839139426 48.584368391394207 -1.1553424883459229e-10 1.0260968883863293 1969.8656512477189 8030.1343487506083 0.017345096975269852 0 1694 0.99480204809216022 -4.595920666562476e-17 0.99999999999999978 1311.1292200156558 -4.2008999318038755e-10 -6.9628957832131602e-19 0.33623185188476912 0.33255185631704776 0.0036799955677213614 0.13139725633154448
3500 0.14999999999999999 0.25980762113533162 0.088410096290933951 24.937451311710031 0.037190711974766213 0.023299240305068736 0.015428531190305586 0.0083808181267403057 0.14323118458633818 0.12823781921553937 -3.9066032700437732e-14 3.4750164373049173e-21 0.11819165770898835 -3.0410932040715569e-14 8.311799291252326 49.999999999865352 608.31179929125233 33.311799291252328 -1.3464784842653899e-10 1.0268069210282442 1969.8656512476646 8030.1343487503982 0.017507174363359655 0 1659 0.99505445568788231 -1.6432886979215931e-17 0.99999999999999978 1282.3781921551406 -3.9065971115036062e-10 2.5662320840100782e-17 0.33614018264218287 0.33259490870115993 0.0035452739410229417 0.12853376136582503
4000 0.14999999999999999 0.25980762113533162 0.088191044366440249 24.937644905082671 0.040060752517989115 0.025942281711988469 0.015490541242903319 0.0083897925973351276 0.14033925530316965 0.1254297887249142 -3.6423065952203783e-14 -2.0581491453007432e-21 0.11531477134972506 -2.7252803336416903e-14 66.599947831333623 49.999999999849535 666.59994783133357 16.599947831333566 -1.5046452972455882e-10 1.0268079385110644 1969.8656512476114 8030.1343487501408 0.017682325644773272 0 1601 0.99500343879151931 -1.7894763288932261e-18 0.99999999999999978 1254.2978872488618 -3.6423376898668362e-10 -2.2625130548686365e-17 0.33613522995897577 0.33259876752629169 0.0035364624326840732 0.12573203123505156
4500 0.14999999999999999 0.25980762113533162 0.088731957539113296 24.937199113242485 0.04274009151962456 0.028536357171776851 0.01542676802741122 0.0083371815794095125 0.13741793507517117 0.12268667650778665 -3.3773425375813221e-14 3.4850836353053793e-21 0.11259167709924786 -2.5352594759450114e-14 23.523921511377136 49.999999999836007 723.52392151137713 -1.4760784886228748 -1.6399326341343112e-10 1.0262718585992165 1969.8656512475541 8030.1343487499389 0.01785869838948238 0 1554 0.99502937453007323 1.9730052698114951e-18 0.99999999999999978 1226.8667650775528 -3.3773477160011119e-10 5.6763280752542598e-17 0.33614878985666363 0.33259057318861796 0.0035582166680456773 0.12299158858120614
5000 0.14999999999999999 0.25980762113533162 0.088970811834577779 24.937018807673255 0.045238371098073799 0.031084658929071196 0.015244740210722252 0.0082440220226070362 0.13454616110992501 0.12000636911264845 -3.0799559430647255e-14 3.5304973822272983e-22 0.11001829592815808 -2.228764696531944e-14 79.142752277268357 49.999999999824368 779.1427522772683 -20.857247722731699 -1.7563195342518156e-10 1.0254942963788116 1969.865651247497 8030.1343487497306 0.018030874861093619 0 1504 0.99519996048871584 2.4459750382072833e-18 0.99999999999999978 1200.0636911261486 -3.0799535526691325e-10 8.3026995367851225e-18 0.33615504096537313 0.3325872202679287 0.0035678206974444349 0.12031125060882039
5500 0.14999999999999999 0.25980762113533162 0.088866594387433495 24.937107058867706 0.047604252565646474 0.033588430917427331 0.014991101282947811 0.0081243357390555632 0.13173044436132292 0.11738684871730133 -2.7612268721508224e-14 -4.1381618014472529e-21 0.10755756349930774 -1.7963402630015236e-14 33.5048619362979 49.999999999814861 833.50486193629786 -41.495138063702143 -1.851390152296517e-10 1.024614840904768 1969.8656512474402 8030.1343487494978 0.018200446025435579 0 1476 0.99512621148704372 2.5499653531193667e-18 0.99999999999999978 1173.8684871726559 -2.7612172921395728e-10 -6.7206065973653845e-17 0.33615229849527634 0.33258866963577588 0.0035636288595004562 0.11768967402794599
6000 0.14999999999999999 0.25980762113533162 0.088812308535790779 24.937174280701928 0.049890444799731495 0.036047971986570677 0.014716787737242193 0.0079880215631215647 0.12894611258189961 0.11482634293751069 -2.4319024571903081e-14 -4.4902642429429884e-21 0.1051717334741113 -1.3379049120707103e-14 86.651396044095875 49.999999999807493 986.65139604409592 36.651396044095918 -1.9250734339948394e-10 1.0236980325104559 1969.8656512473929 8030.134348749245 0.018370152291881232 0 1430 0.99516921041858075 2.6538735123572804e-18 0.99999999999999978 1148.263429374721 -2.4319091995717544e-10 -3.8598433324077653e-17 0.33615127697137376 0.33258983462285074 0.003561442348523014 0.11512566858259653
6500 0.14999999999999999 0.25980762113533162 0.088897273557613427 24.937103188372628 0.052121571319371812 0.038463095405000827 0.014444834017176084 0.0078418125168947597 0.12618700672832167 0.11232326269780427 -2.0912353099208184e-14 2.4079103631407172e-21 0.10284300865221357 -8.8593317719807777e-15 38.61844545068957 49.999999999802128 1038.6184454506897 13.618445450689592 -1.978719410544727e-10 1.0227963417433328 1969.8656512473351 8030.1343487490367 0.018540830284424863 0 1376 0.99521842990417808 2.5537245538089763e-18 0.99999999999999978 1123.2326269776302 -2.0912333498180561e-10 -2.0125521549390727e-17 0.33615323310082856 0.33258837342622677 0.0035648596746017946 0.11261812243691303
7000 0.14999999999999999 0.25980762113533162 0.089023084016350923 24.936977687865937 0.054296574752002544 0.040833505914634131 0.014172680042891544 0.0076901302574957746 0.12346439661913992 0.109876105290889 -1.7399264320989841e-14 -7.6225712318592093e-21 0.10057063773180903 -4.548802690063977e-15 89.438411547026533 49.999999999798789 1089.4384115470266 -10.56158845297341 -2.0121149191254517e-10 1.0219256278069446 1969.8656512472835 8030.1343487487638 0.01871127484303594 0 1311 0.99531248826451257 2.7529917249304512e-18 0.99999999999999978 1098.7610529084554 -1.739932744052302e-10 -1.4869301110181644e-17 0.33615585022954247 0.33258592747744936 0.0035699227520931132 0.1101658933987206
7500 0.14999999999999999 0.25980762113533162 0.089096596601378794 24.936904632242861 0.056408912050301893 0.04315897126180792 0.013892369029380111 0.0075358753907338863 0.1207917939553589 0.10748345697907821 -1.3850600874560043e-14 6.5578433033606268e-21 0.09835809522939537 -5.4486821140698622e-16 39.140911562005343 49.999999999797446 1139.1409115620054 -35.859088437994615 -2.0255441768313176e-10 1.0210722278877835 1969.8656512472287 8030.1343487485901 0.018879905176002597 0 1271 0.99540120165844592 2.9301868901059703e-18 0.99999999999999978 1074.8345697903342 -1.385048109122061e-10 9.5654638718984666e-17 0.33615760046278004 0.33258471930871014 0.0035728811540698957 0.10776782730794424
8000 0.14999999999999999 0.25980762113533162 0.089126585232012126 24.936899256992398 0.058460020678446425 0.045439392724405503 0.013604009976132023 0.0073809767790819093 0.11818035854093206 0.10514398929768559 -1.031587107403389e-14 1.3463686236678645e-20 0.096204680629183484 3.100413943422258e-15 87.75350257566754 49.999999999797993 1287.7535025756674 37.753502575667426 -2.0200729977659648e-10 1.0202277015263701 1969.8656512471657 8030.1343487483318 0.019045737281244795 0 1216 0.9952957950341732 2.8201703875877817e-18 0.99999999999999978 1051.4398929763811 -1.0315877817766717e-10 1.0122803289092205e-16 0.33615893600773639 0.33258485150294292 0.0035740845047934622 0.1054227750240096
8500 0.14999999999999999 0.25980762113533162 0.089037470922308695 24.936906700357529 0.060460051887226141 0.047674904215277161 0.01331642458848957 0.0072267869483722737 0.11562488569505139 0.10285637270126342 -6.8305042177951212e-15 -4.8752807448897439e-21 0.09410517287838352 6.522349393155211e-15 35.302240266534675 49.999999999800394 1335.3022402665347 10.302240266534682 -1.9960566532972734e-10 1.01939829779144 1969.8656512471152 8030.1343487481272 0.019208633858045724 0 1157 0.99539045350977751 2.7835311268929791e-18 0.99999999999999978 1028.5637270121447 -6.8305070353622509e-11 1.9620499245355439e-18 0.33615533219627697 0.332584822349479 0.0035705098467979646 0.10312952782602954
9000 0.14999999999999999 0.25980762113533162 0.089133912523075468 24.936876082634246 0.062409687661298466 0.049865683252615409 0.013029114148490104 0.007074115442408567 0.11312404601446659 0.10061942648719163 -3.4518041203152803e-15 -6.2343792647891077e-21 0.092053985253053694 9.7212704215313102e-15 81.812016149770002 49.999999999804452 1381.81201614977 -18.187983850230012 -1.9554846630853717e-10 1.0185936533393745 1969.8656512470577 8030.1343487478907 0.019369126885485626 0 1111 0.99539758238226483 3.0265965039018519e-18 0.99999999999999978 1006.1942648714032 -3.4518248258645287e-11 -6.8857520250607035e-17 0.33615899638584629 0.33258461472602213 0.0035743816598241551 0.10088696189245525
9500 0.14999999999999999 0.25980762113533162 0.089161025288269677 24.936801428227433 0.064321420458579151 0.052012151390405312 0.012753321030994372 0.0069235674684419504 0.11067116706644865 0.098431900572415215 -2.1459362065112975e-16 3.8927156083002786e-21 0.090047513302942916 1.2618959797961383e-14 27.306775844844765 49.999999999810086 1427.3067758448447 -47.693224155155349 -1.8991386241395958e-10 1.017819053083822 1969.8656512470011 8030.1343487476943 0.019527382776582065 0 1041 0.99546598550398824 2.9521878097060752e-18 0.99999999999999978 984.31900572362963 -2.146052026407233e-12 1.2160915438619194e-17 0.33615849555684552 0.33258301593709994 0.0035754796197455807 0.098693866757049845
10000 0.14999999999999999 0.25980762113533162 0.089333005280752803 24.936712821505836 0.066187723095752327 0.054114712837456808 0.012480416068976333 0.0067754437977818223 0.10827128710244573 0.096292692973224001 2.8505500043756656e-15 -1.7423874595040371e-21 0.088084804391047558 1.5263856465228683e-14 71.809623374350508 49.999999999817128 1571.8096233743504 21.809623374350394 -1.8287238390257698e-10 1.0170751643655844 1969.8656512469518 8030.1343487474242 0.019683402289631311 0 973 0.99544034992176966 2.9043530772366282e-18 0.99999999999999978 962.92692973170324 2.8505399267148707e-11 -8.4498288550453781e-18 0.33616409449082829 0.3325817055079584 0.0035823889828698885 0.096549148704315302
10500 0.14999999999999999 0.25980762113533162 0.089378097196118167 24.936640041130655 0.068016460176063873 0.056173954293574593 0.012217092513055486 0.0066300090495929427 0.10591894466756589 0.094200632336991608 5.7117373331061442e-15 -4.1293456726444781e-21 0.086165615928496087 1.7573815978815376e-14 15.342938029391613 49.999999999825398 1615.3429380293917 -9.6570619706083107 -1.7460166645832942e-10 1.0163613235420201 1969.8656512468883 8030.1343487472432 0.019837118535088707 0 923 0.99551486761053565 3.125026313530924e-18 0.99999999999999978 942.00632336937497 5.7117348204642829e-11 -8.6715912666727038e-17 0.33616430900928418 0.33258010131134663 0.003584207697937547 0.094451654451941647
11000 0.14999999999999999 0.25980762113533162 0.089460485672787388 24.936595937491411 0.069800555898083233 0.058190418909367485 0.011955230445006113 0.0064873412105660019 0.1036218780380196 0.092154674546922874 8.3422286439922721e-15 -6.2212558524305926e-21 0.084289678020101358 1.9547807771553101e-14 57.928438339411585 49.999999999834699 1657.9284383394115 -42.071561660588486 -1.6530066204722971e-10 1.0156759556919801 1969.8656512468369 8030.1343487470103 0.019988288294627683 0 837 0.99565634712476014 3.0045503030993798e-18 0.99999999999999978 921.54674546866215 8.3421908243048667e-11 -2.6467888111195747e-17 0.33616704371917344 0.3325795257637541 0.0035875179554193393 0.092400343405270799
11500 0.14999999999999999 0.25980762113533162 0.089511714395430347 24.936571124963375 0.071546188216906101 0.060164761085560098 0.011699928962831313 0.0063475236240112219 0.10137270564940538 0.090153740745925207 1.0736467964685146e-14 2.0849140916441997e-21 0.082455905443140062 2.115196155523789e-14 99.587258739824478 49.999999999844924 1799.5872587398244 24.587258739824392 -1.5507595207964187e-10 1.015018520852796 1969.865651246778 8030.1343487467648 0.020136985514004817 0 795 0.99548847623523384 3.2149336788747899e-18 0.99999999999999978 901.53740745867378 1.0736520185275836e-10 2.8518876852266785e-18 0.33616860457086623 0.33257902868463612 0.0035895758862301008 0.090394149662712808
12000 0.14999999999999999 0.25980762113533162 0.089475992071742158 24.936552654908731 0.073252644338741735 0.062097663350480031 0.011449432646722865 0.0062105893488927548 0.099173762141288105 0.088196788307981125 1.2873129645604989e-14 4.510490346465171e-21 0.080662961064921254 2.2469753130667764e-14 40.339993140523077 49.999999999855845 1840.3399931405231 -9.66000685947688 -1.4415491023100913e-10 1.0143881620247825 1969.8656512467298 8030.1343487465738 0.020283330272617479 0 712 0.99560754851976341 3.0716260644309547e-18 0.99999999999999978 881.96788307922407 1.2873052319619825e-10 6.7370332114887511e-17 0.33616673878754827 0.33257859277113694 0.003588146016411331 0.088432038564532106
12500 0.14999999999999999 0.25980762113533162 0.089511952484797749 24.936530820769292 0.074920742476520738 0.063989797372989154 0.011203579819734813 0.0060765057043637646 0.097023643880858379 0.086282837343214069 1.4753630955831911e-14 -3.5195884207816868e-22 0.078909657233411881 2.3455052688666498e-14 80.206722404868117 49.99999999986737 1880.2067224048681 -44.79327759513194 -1.326299070569803e-10 1.0137841890611261 1969.8656512466739 8030.1343487462736 0.020427106704956084 0 624 0.99565632615669453 3.2126499948481528e-18 0.99999999999999978 862.82837343153551 1.4753617736686618e-10 -4.2505557116385272e-17 0.33616781934176632 0.33257822810599408 0.0035895912357722382 0.086513031170827856
13000 0.14999999999999999 0.25980762113533162 0.089543269889000673 24.936502871411733 0.076552253757946068 0.06584188528181803 0.010963158875883991 0.0059452543324754392 0.094919737337357757 0.084410905117937918 1.6376530687101949e-14 -6.9233873384413179e-21 0.077194971573090868 2.4177710521030747e-14 19.207043068367742 49.999999999879321 2019.2070430683677 19.207043068367739 -1.2067857824149542e-10 1.0132057581918963 1969.8656512466218 8030.1343487460917 0.020568540203269845 0 549 0.9956830793393161 3.3615338937275109e-18 0.99999999999999978 844.10905117876143 1.6376480510213454e-10 -5.3041158985712818e-17 0.33616858978754222 0.33257773864250628 0.0035908511450359337 0.084636146682830829
13500 0.14999999999999999 0.25980762113533162 0.089562786777565212 24.93647146180831 0.078147944897158345 0.067654655832017879 0.010727984755215664 0.005816797403454344 0.092861353892009502 0.082580039858057314 1.7743815791684478e-14 -6.2478578357496354e-21 0.075518074966750059 2.4636727570004967e-14 57.360083752010851 49.999999999891521 2057.3600837520107 -17.639916247989049 -1.084785594684945e-10 1.0126517456133119 1969.8656512465661 8030.1343487458762 0.020707653478981011 0 444 0.9956783829464203 3.342546529542469e-18 0.99999999999999978 825.80039857994711 1.7743850529508554e-10 -4.3421085206380139e-17 0.33616877711556453 0.33257713878314304 0.0035916383324214873 0.082800432377363703
14000 0.14999999999999999 0.25980762113533162 0.089648493126771367 24.936441038128436 0.079707058183891635 0.06942884263454259 0.010496373932849454 0.0056910834180032462 0.09084720278790466 0.080789315748957813 1.8859094147464584e-14 1.7083877837135076e-21 0.073878195120213194 2.4812838441729367e-14 94.684523169377542 49.999999999903913 2194.6845231693774 44.684523169377371 -9.6086694156838348e-11 1.0121208735901694 1969.8656512465111 8030.1343487456279 0.020844323646651303 0 322 0.9955852645597234 3.3071167771967145e-18 0.99999999999999978 807.89315748894137 1.8859055219170792e-10 1.2514823108666949e-17 0.33617190335193103 0.33257682364550073 0.0035950797064303042 0.081004960023663225
14500 0.14999999999999999 0.25980762113533162 0.089650916640813802 24.936411546077625 0.081234061223396686 0.071165219984846775 0.010271855224700296 0.0055681074217457079 0.088879856467971349 0.079037794001303605 1.9740813844720204e-14 -1.7129967275681466e-21 0.072274395702441332 2.4756256987274237e-14 31.198605760280635 49.999999999916319 2231.1986057602808 6.1986057602807705 -8.3680617990466999e-11 1.0116125277532542 1969.8656512464561 8030.1343487454087 0.020978655389571679 0 227 0.99576902506154408 3.5228788715505078e-18 0.99999999999999978 790.3779400123924 1.974080708063786e-10 8.0165498035864943e-18 0.3361713077572534 0.3325761266111949 0.0035951811460585015 0.079248793899537248
15000 0.14999999999999999 0.25980762113533162 0.089694671796398451 24.936385535061593 0.082725253322673178 0.072864476365438094 0.010049892017654105 0.005447754968683759 0.086953344046178063 0.077324638694980921 2.0398199795951764e-14 -1.7357859465042267e-21 0.070705969242532238 2.448878902505744e-14 66.920151327688387 49.999999999928647 2266.9201513276885 -33.079848672311527 -7.1352701525029261e-11 1.011125402169776 1969.8656512463995 8030.1343487452014 0.021110696900532508 0 131 0.99573529941775596 3.3888045793586576e-18 0.99999999999999978 773.24638694916337 2.0398200706664427e-10 3.0870088488103769e-17 0.33617275828298188 0.33257581871568637 0.0035969395672955096 0.077531089618377999
15500 0.14999999999999999 0.25980762113533162 0.089717502941985883 24.936360627035775 0.084184467559684284 0.074527377260280039 0.0098334270409451141 0.005330011897845037 0.085069170241870731 0.075648959481260825 2.0848223147869451e-14 2.0591001562109569e-21 0.069171973879519177 2.4109130232070016e-14 1.8665746663824767 49.999999999940819 2401.8665746663823 26.866574666382348 -5.9181104461458744e-11 1.0106589732571973 1969.8656512463454 8030.1343487449431 0.021240468217911614 0 68 0.99568403600595812 3.5020418943350937e-18 0.99999999999999978 756.48959481194493 2.0848275182779302e-10 2.0638171638040239e-17 0.33617323435681157 0.33257537562017159 0.0035978587366399806 0.075850959326699385
16000 0.14999999999999999 0.25980762113533162 0.089729139998103474 24.936336302380425 0.085612988811578722 0.076154657815955082 0.0096228993311227445 0.0052148299020600116 0.083227242851110189 0.074009910519544017 2.1093976912430809e-14 -1.7083850354742743e-21 0.067671587905385841 2.3528800812408498e-14 36.054892910299671 49.999999999952749 2436.0548929102997 -13.945107089700286 -4.7251091928046662e-11 1.0102123848386415 1969.8656512463003 8030.1343487447139 0.02136793703472422 0 2 0.99585307528134825 3.4761643941333886e-18 0.99999999999999978 740.0991051947758 2.1094036325335682e-10 -1.7342444648831597e-17 0.33617322713820247 0.33257489822131431 0.0035983289168881605 0.074207555955556559
16500 0.14999999999999999 0.25980762113533162 0.089768465712604287 24.936313263130081 0.087008950324505924 0.07774701502232409 0.0094156465278243395 0.0051021227618164907 0.081425183718962013 0.07240669620331841 2.1168032951510197e-14 -1.3902766215543283e-21 0.066204128459561376 2.2889198862934969e-14 69.501733731789059 49.999999999964352 2569.501733731789 44.501733731789045 -3.5647929053084226e-11 1.0097846352791393 1969.8656512462385 8030.1343487445029 0.021493232200892467 0 0 0.99577092494212627 3.2998573312161539e-18 0.99999999999999978 724.0669620325134 2.1167985487830117e-10 -1.1061682774321903e-17 0.33617437067302797 0.33257446138550179 0.0035999092875261818 0.072600078716696825
17000 0.14999999999999999 0.25980762113533162 0.089783471821494779 24.936290844346463 0.088375088658011192 0.079305199708917556 0.0092135698139015135 0.004991878010521744 0.079662005012809359 0.070838481155890323 2.1074960179798864e-14 4.4601006545609906e-21 0.064768756843161857 2.2085493989788338e-14 2.2233530015536882 49.999999999975593 2602.2233530015537 2.2233530015537326 -2.4407142973359441e-11 1.0093750210989891 1969.8656512461905 8030.1343487442582 0.021616237399676361 0 0 0.99587375001804357 3.5538459640699991e-18 0.99999999999999978 708.38481155823126 2.1075004209906685e-10 2.2000336390411443e-17 0.33617448790047055 0.33257397359856705 0.0036005143019035013 0.071027694573294414
17500 0.14999999999999999 0.25980762113533162 0.089804455443388664 24.936269766193021 0.089710755032537282 0.080829889735335544 0.0090152654148808395 0.0048840096558003905 0.077937308110855766 0.069304510382343545 2.0841449746587446e-14 -3.4504167564580605e-21 0.063364845829128241 2.1207039090288707e-14 34.235633099301126 49.999999999986407 2634.2356330993011 -40.76436690069886 -1.3592682535090717e-11 1.0089826561446626 1969.8656512461307 8030.1343487440572 0.021737100080621088 0 0 0.99588652151217483 3.6783918417959612e-18 0.99999999999999978 693.04510382275237 2.0841397271181838e-10 -3.379005581244212e-17 0.33617497236719984 0.33257361353184028 0.0036013588353595583 0.069489643180734501
18000 0.14999999999999999 0.25980762113533162 0.089841394368249824 24.936250458560824 0.091016485665890684 0.082321781058643448 0.0088205060282496028 0.00477846335018878 0.076250509053660043 0.067804020362358913 2.0476073614460087e-14 6.9513266630767562e-22 0.061991699902650028 2.0191141631474569e-14 65.554101084336921 49.99999999999676 2765.5541010843367 15.554101084336708 -3.2400748750660568e-12 1.0086067376444021 1969.865651246078 8030.1343487438144 0.021855828307462404 0 0 0.99581402928974017 3.5177302380631737e-18 0.99999999999999978 678.04020362290623 2.0476103322934151e-10 4.6089176438328795e-18 0.33617618640586017 0.3325733434476717 0.003602842958188468 0.067985158922947667
18500 0.14999999999999999 0.25980762113533162 0.089858885134202676 24.936230505551478 0.092295062872208899 0.083781592880243047 0.008631296152326412 0.004675235821703338 0.074599666274533349 0.066336233280117507 1.998732637733389e-14 -3.4339506361691514e-21 0.060648503895259352 1.9189102547881423e-14 96.193935878396374 50.000000000006622 2796.1939358783966 -28.806064121603413 6.6222582972841337e-12 1.0082469665717824 1969.86565124602 8030.1343487435497 0.021972386097043422 0 0 0.99596732049534586 3.8005816515614169e-18 0.99999999999999978 663.36233280048646 1.9987373600755215e-10 -5.9596785190455388e-17 0.33617646988391231 0.33257292262306237 0.0036035472608499375 0.066513466709206923
19000 0.14999999999999999 0.25980762113533162 0.08987403926723915 24.936212149985852 0.093544996593937391 0.085209965878138283 0.008445449829667516 0.0045742297086632001 0.072985126530797154 0.064900453235730127 1.9395573341872241e-14 3.8048418482059334e-21 0.059334707005842861 1.8122285836074711e-14 26.169972270853755 50.000000000015959 2926.1699722708536 26.169972270853577 1.595878984517185e-11 1.0079022934537154 1969.8656512459618 8030.1343487433414 0.022086865751180809 0 0 0.99596926715222545 3.813666112732289e-18 0.99999999999999978 649.00453235660825 1.9395620439593975e-10 2.8348055737897163e-17 0.33617678419119867 0.3325726265618576 0.003604157629341076 0.065073864172936147
19500 0.14999999999999999 0.25980762113533162 0.089904419283358225 24.93619525087696 0.094767278648375725 0.086607565220946592 0.0082632457777728277 0.004475399476735786 0.071406769741302542 0.063495967129397105 1.8728510756147903e-14 -5.5966612652505094e-21 0.058049646700384122 1.7058452849038361e-14 55.496714059013634 50.000000000024755 2955.4967140590138 -19.503285940986189 2.475530891388189e-11 1.0075720973104292 1969.865651245914 8030.1343487431268 0.022199246268426769 0 0 0.99587845161878008 3.710008615276895e-18 0.99999999999999978 634.95967129327789 1.8728465524568087e-10 -2.9716772958496652e-17 0.33617772862657253 0.33257235024471227 0.0036053783818602581 0.063665636717474536
20000 0.14999999999999999 0.25980762113533162 0.089910518193221753 24.936177604464902 0.095963587907660769 0.087975070136021433 0.0080856414694735063 0.0043787369759304851 0.069860983915965832 0.062122053561812739 1.7979213604044786e-14 2.7697410330278376e-21 0.056792566071656787 1.5926579940564536e-14 84.18834224935695 50.000000000033005 3084.188342249357 34.188342249356992 3.3004710076056654e-11 1.0072561199018315 1969.8656512458565 8030.1343487429012 0.022309622684274819 0 0 0.99600544330621754 3.4364287242605401e-18 0.99999999999999978 621.22053561742916 1.7979256114236588e-10 1.6856087129613516e-17 0.33617761140338154 0.33257198588934433 0.0036056255140372029 0.062288064991098291
20500 0.14999999999999999 0.25980762113533162 0.089924580836227064 24.936161462774141 0.097133469707322104 0.089313091425714836 0.0079115314821049942 0.0042841549884096294 0.068349995869046942 0.060778061774782885 1.7170484478709937e-14 1.0391717715648571e-21 0.055562958523406009 1.4853900546161801e-14 12.258717431703126 50.000000000040693 3112.2587174317032 -12.74128256829681 4.0692782476980938e-11 1.0069533983362733 1969.8656512457958 8030.1343487426793 0.022417948438985761 0 0 0.99599358365894952 3.4528646925848465e-18 0.99999999999999978 607.7806177471283 1.7170504989084782e-10 1.9245984138384192e-17 0.33617788212909006 0.33257169033527806 0.0036061917938119969 0.060940492590220829
21000 0.14999999999999999 0.25980762113533162 0.089980881679879457 24.93614739847477 0.098276855387687573 0.090622258563642491 0.0077401823305202899 0.0041916039746072069 0.066872579126119186 0.059463326942832712 1.6312657474834394e-14 -2.4622702375408701e-21 0.054360204764258804 1.3715713029308047e-14 39.721393945275778 50.000000000047827 3239.7213939452758 39.72139394527585 4.7826631544012344e-11 1.0066632724015532 1969.8656512457499 8030.1343487424429 0.022524285455392618 0 0 0.99586626407042167 3.8335605030476141e-18 0.99999999999999978 594.63326942762058 1.6312667666315561e-10 -9.461241217177438e-18 0.33617999436419471 0.33257154273604211 0.003608451628152598 0.05962225287192191
21500 0.14999999999999999 0.25980762113533162 0.089996696335939361 24.936132510917282 0.099396884307942024 0.09190320490577733 0.0075740696045279998 0.0041010780488217992 0.065426323311543119 0.05817718529658597 1.541739062806613e-14 1.765395323321266e-21 0.053183634891024484 1.2589910069632307e-14 66.589621625913665 50.000000000054385 3266.5896216259139 -8.4103783740861218 5.4384940995078068e-11 1.0063856664018631 1969.8656512456926 8030.1343487422273 0.02262865295374784 0 0 0.99592910277085112 3.9171237754599134e-18 0.99999999999999978 581.77185296515734 1.5417405762154553e-10 3.5607215845631351e-17 0.33618029867184929 0.33257121068290241 0.0036090879889468797 0.058332683646725371
22000 0.14999999999999999 0.25980762113533162 0.089998018263408003 24.936117985967655 0.10049177866665356 0.093156528672863323 0.0074107877151475959 0.0040125160054923946 0.064011648959535983 0.056919009048494035 1.4495106157048788e-14 -1.0679827299495878e-20 0.052032676812323715 1.1501319602487241e-14 92.876358291408678 50.000000000060403 3392.8763582914089 42.876358291408906 6.0403237966966117e-11 1.006119862671494 1969.8656512456371 8030.1343487419917 0.022731130456159196 0 0 0.99588487597706155 3.8775242506883448e-18 0.99999999999999978 569.19009048423391 1.4495109485531538e-10 -1.2415580037444762e-16 0.33618015027706982 0.33257100717331756 0.0036091431037522659 0.057071154213353806
22500 0.14999999999999999 0.25980762113533162 0.09002606560623154 24.93610492588472 0.10156313212952658 0.094382808726792722 0.0072513253834390334 0.0039258624919556442 0.062627525795698566 0.055688193253912451 1.356166359768918e-14 -4.1387952106866241e-21 0.050906836658783039 1.0414956299410318e-14 18.594270096288962 50.000000000065903 3418.5942700962892 -6.4057299037108351 6.5902838741749292e-11 1.0058651868831332 1969.8656512455864 8030.1343487417844 0.02283164482209879 0 0 0.99596158671823365 3.5407943373400338e-18 0.99999999999999978 556.88193253842019 1.3561652755650355e-10 6.9610091305024602e-18 0.33618101018392621 0.33257074042151513 0.003610269762411078 0.05583705655609067
23000 0.14999999999999999 0.25980762113533162 0.090036419753455055 24.936091925298328 0.10261043685000096 0.09558263832630795 0.007094557734894695 0.0038410898410632856 0.061273788315441051 0.054484120884893725 1.2612848959719553e-14 4.4971042596720313e-21 0.049805474693083732 9.3764871309663546e-15 43.755746252353148 50.000000000070848 3543.7557462523532 43.755746252353219 7.084821618263959e-11 1.005621381954716 1969.8656512455241 8030.1343487415552 0.022930315127346571 0 0 0.9959254141022198 3.4558195654415236e-18 0.99999999999999978 544.84120884823562 1.2612829834376948e-10 2.7522864454304714e-17 0.33618123402397043 0.33257054715197865 0.0036106868719917862 0.054629773719563929
23500 0.14999999999999999 0.25980762113533162 0.090024402972381568 24.936078670812723 0.10363663291565284 0.096756583331331442 0.0069428379277033866 0.0037581656934440625 0.059948177704495967 0.05330620501205055 1.1662634052960087e-14 -2.8031587831092206e-21 0.048728077894094279 8.3571390562469715e-15 68.372897133146168 50.000000000075268 3568.3728971331461 -6.6271028668538747 7.5267791999067413e-11 1.0053880417360384 1969.8656512454718 8030.1343487413405 0.023027164518816413 0 0 0.99604487501915484 3.8634568148868341e-18 0.99999999999999978 533.06205011979625 1.1662640169200159e-10 -5.7944188763234765e-17 0.33618038970261083 0.33257018281479916 0.0036102068878116622 0.053448717570385065
24000 0.14999999999999999 0.25980762113533162 0.090053509036433652 24.93606731526069 0.10463927991439076 0.097905190446655313 0.0067931579731857136 0.0036770191506338328 0.05865266763630874 0.052153878058794956 1.0713212261773705e-14 3.1461223496668426e-21 0.04767414691382655 7.3881089712525457e-15 92.457568812255687 50.000000000079204 3692.4575688122559 42.457568812255886 7.9204198755178368e-11 1.0051643804197805 1969.8656512454247 8030.1343487411004 0.023122151566078428 0 0 0.996051666709315 3.8827605663947307e-18 0.99999999999999978 521.5387805872474 1.0713196023798841e-10 2.3856916718386848e-17 0.33618142486913061 0.33257004910975729 0.0036113757593733142 0.052293316740064863
24500 0.14999999999999999 0.25980762113533162 0.090059575624788404 24.936054829015408 0.1056200785359744 0.099029018443301253 0.0066466424615490363 0.0035976420895121783 0.057385887653283528 0.051026563925574635 9.773856377029013e-15 8.6997679023900998e-21 0.046643082701993126 6.4678010643205838e-15 16.021343131840002 50.000000000082643 3716.0213431318398 -8.9786568681602148 8.2643225596257253e-11 1.0049504617458433 1969.865651245364 8030.1343487408139 0.023215359606826098 0 0 0.9960735355860233 3.7879620065354848e-18 0.99999999999999978 510.26563925504831 9.7738294888016775e-11 7.3630973121877612e-17 0.33618149620155818 0.33256987534804627 0.0036116208535119099 0.051162996310605259
25000 0.14999999999999999 0.25980762113533162 0.090071013670987687 24.936043756062357 0.10657990527161267 0.10012858908631975 0.0065036294316343918 0.0035199782348845497 0.056145742172945337 0.049923724160021721 8.8450542029673812e-15 7.0536752346995348e-22 0.045634471285093028 5.5384247219458529e-15 39.075545246667247 50.000000000085642 3839.0755452466674 39.075545246667389 8.5641715941164875e-11 1.0047454757538892 1969.8656512453074 8030.1343487406702 0.023306803909997446 0 0 0.99615830598535871 3.5179666615291252e-18 0.99999999999999978 499.23724159951985 8.8450723741834159e-11 2.7913879583258414e-17 0.33618173073994151 0.33256964958736934 0.0036120811525721663 0.050057214559490686
25500 0.14999999999999999 0.25980762113533162 0.090106446796310621 24.936035216368786 0.10751791272176106 0.10120442092336689 0.0063627372600240789 0.0034439747633904934 0.054932015818857607 0.048844824538263013 7.9326354513023457e-15 -7.1604955009140689e-22 0.044647830053573472 4.6498764555161615e-15 61.631252280124166 50.000000000088157 3861.631252280124 -13.368747719875955 8.815703722575563e-11 1.0045488567016307 1969.8656512452524 8030.1343487403901 0.023396493293501373 0 0 0.99603388863013265 3.9745039654692034e-18 0.99999999999999978 488.44824538193103 7.9326337585803285e-11 -3.7935826766811473e-18 0.33618299841902938 0.33256949506877898 0.0036135033502504021 0.048975434752473034
26000 0.14999999999999999 0.25980762113533162 0.090121565539008269 24.936025081087411 0.10843589187460367 0.10225704175907706 0.0062252159547260266 0.0033696334591301652 0.053745235986883626 0.047789324080122354 7.0449601014091375e-15 -5.276919347561641e-21 0.043682569813936631 3.8132590279693049e-15 83.699295847122258 50.000000000090282 3983.6992958471224 33.699295847122357 9.028156000567833e-11 1.0043608951215635 1969.8656512452042 8030.1343487401609 0.023484483747876896 0 0 0.99603297437592331 3.9853317663285681e-18 0.99999999999999978 477.8932408005258 7.0449452830656858e-11 -2.8642416526047605e-17 0.33618342258640055 0.332569311466206 0.0036141111201945519 0.047917117819753385
26500 0.14999999999999999 0.25980762113533162 0.090091830653352648 24.936014409026921 0.10933579657209583 0.10328694886248267 0.0060925094555532994 0.0032969181471167223 0.052584230835986137 0.046756712883457473 6.1800554257510434e-15 -1.0432878848419313e-20 0.042738262592399726 2.9834508757765281e-15 5.2902684865045009 50.00000000009198 4005.2902684865044 -19.709731513495626 9.1979757144144969e-11 1.0041810546686598 1969.8656512451423 8030.1343487399417 0.023570846166112991 0 0 0.99616769074134282 3.8821350361006125e-18 0.99999999999999978 467.56712883388002 6.1800506389892568e-11 -7.9073218339918555e-17 0.33618196873725903 0.33256904851770946 0.0036129202195495647 0.046881752214554324
27000 0.14999999999999999 0.25980762113533162 0.090105500408983644 24.936006050486426 0.11021443043410434 0.10429461963042845 0.0059609310113274069 0.0032257521085648595 0.05144802242343384 0.045746500577223063 5.3354924645169108e-15 8.6584254630398801e-21 0.041814494188265799 2.2145342191838005e-15 26.414531510544659 50.000000000093273 4126.4145315105452 26.414531510544748 9.3272944923228351e-11 1.0040085608283398 1969.8656512450866 8030.1343487397817 0.023655521655108071 0 0 0.9961340805155573 4.1309248119051615e-18 0.99999999999999978 457.46500577153398 5.3354505045294896e-11 1.0375051409588641e-16 0.33618237865429068 0.33256890903022368 0.0036134696240670006 0.045868843109651544
27500 0.14999999999999999 0.25980762113533162 0.09012475355782136 24.935995835276533 0.11107460348726356 0.1052805478570864 0.0058327867982768608 0.0031561412048971677 0.050337072189457883 0.044758183311013305 4.523672755836538e-15 -2.0859890033087948e-21 0.040910724217681972 1.4875443194555025e-15 47.082216333297545 50.000000000094204 4147.0822163332978 -27.917783666702235 9.4203755907074083e-11 1.0038437372806528 1969.8656512450357 8030.1343487395043 0.023738489153211091 0 0 0.99620513977739023 3.898661371781993e-18 0.99999999999999978 447.5818331094415 4.5237088380778445e-11 -1.2608140389977822e-17 0.33618302158957725 0.33256877838256149 0.0036142432070157549 0.044877888645068253
28000 0.14999999999999999 0.25980762113533162 0.090121884127090629 24.935988281453934 0.11191568572315685 0.1062451913223483 0.0057069787374142006 0.0030880254451710418 0.049249690512347212 0.043791293014257333 3.7445411355033931e-15 -6.8894785313923447e-21 0.040026624749770791 8.1813348803703255e-16 67.303232128226909 50.000000000094779 4267.3032321282271 17.303232128227137 9.4779295523039764e-11 1.0036855624428669 1969.86565124498 8030.1343487392896 0.023819947905971511 0 0 0.99619736050827268 3.7379145957069876e-18 0.99999999999999978 437.91293014188358 3.7444917595753045e-11 -8.4167584836917958e-17 0.33618269058058003 0.332568561350574 0.0036141292300060357 0.043908417020453991
28500 0.14999999999999999 0.25980762113533162 0.090143100841841142 24.935979373255851 0.11273879376086529 0.1071890177268498 0.0055841463684309992 0.0030213877971594495 0.04818601884899408 0.042845352607565709 2.9970591980447491e-15 5.5562953889839745e-21 0.039161661983433245 2.0638898017825564e-16 87.087271172542899 50.000000000095035 4287.0872711725433 -37.912728827456704 9.50350909079134e-11 1.0035343654521087 1969.8656512449204 8030.1343487390714 0.023899772787838874 0 0 0.99622647553714883 3.9755808820998134e-18 0.99999999999999978 428.45352607497142 2.9970287956557727e-11 1.2718527476028295e-17 0.33618345308249625 0.33256847171390719 0.0036149813685890653 0.042959951596996268
29000 0.14999999999999999 0.25980762113533162 0.09016038550988735 24.935973554092435 0.11354324699383853 0.10811246865444922 0.0054631589253638924 0.0029561778543548143 0.047145116524234733 0.041919911931525354 2.2833211016408133e-15 2.1198955042524792e-21 0.038315521965499318 -4.0737014571579427e-16 6.4438119965990541 50.000000000094992 4406.4438119965989 6.4438119965989245 9.4992458343767794e-11 1.003389183954718 1969.8656512448758 8030.1343487388358 0.023978123491168533 0 0 0.9961815799414796 3.7101468324210262e-18 0.99999999999999978 419.19911931456852 2.283281405607426e-11 5.5380140481344083e-18 0.33618399425140044 0.33256831887725447 0.0036156753741459768 0.042032039157558085
29500 0.14999999999999999 0.25980762113533162 0.090157210437408208 24.93596589040283 0.11433103958284555 0.10901599367770491 0.0053455532936694874 0.0028923927649465867 0.046127086980916228 0.04101451371082393 1.5976032996549554e-15 2.4498365223229435e-21 0.037487685011914837 -9.7846125917015885e-16 25.38212605009037 50.000000000094637 4425.3821260500899 -49.617873949910063 9.4637186975887744e-11 1.0032504835245095 1969.8656512448122 8030.1343487385921 0.024054889009973653 0 0 0.99619018205709653 3.8785123650524067e-18 0.99999999999999978 410.14513710755961 1.5976077868940473e-11 2.9436025886330446e-18 0.33618369942963477 0.33256815027330122 0.0036155491563335529 0.041124223789333059
29999 0.14999999999999999 0.25980762113533162 0.090179156142543751 24.935957952374611 0.11510028653852344 0.10989826881552518 0.0052307639850364199 0.0028301030994463201 0.045132550323933852 0.04013047744651297 9.5102883901514976e-16 -3.9726390900043121e-22 0.036679377256481176 -1.4776545424112518e-15 43.874625864358308 50.000000000094012 4543.8746258643587 -5.9753741356407772 9.4011909368418856e-11 1.00311802079935 1969.8656512447556 8030.134348738382 0.024130011980581501 0 0 0.99608402320291001 4.2494246308790079e-18 0.99999999999999978 401.30477446445173 9.5105678906792605e-12 -1.9896293555683498e-18 0.33618451609775019 0.33256808570775764 0.0036164303899925421 0.040237826848382507
