# step v0 Mach sigma R umax_ref urms_ref umax_mean urms_mean umax_lab mean_x mean_y mean_z drop_ux drop_uy x0 y0 x_unwrapped center_dx center_dy axis_ratio mass_R mass_B min_f negative_total negative_color min_rho min_phi max_phi qx qy qz p_in p_out delta_p urms_lab
0 0 0 -5.560112678108922e-15 25.040521385269312 2.5018537765542006e-17 7.3957021587268834e-18 2.5029700889715156e-17 7.3956903262449507e-18 2.5018537765542006e-17 -1.3183898417423734e-20 -3.4694469519536144e-22 -1.0408340855860842e-21 -3.5480549969138254e-20 -8.7125086703037891e-21 50.000000000000007 50.000000000000007 50.000000000000007 7.1054273576010019e-15 7.1054273576010019e-15 1.0000000000000007 1969.8656512480634 8030.1343487520389 0.027465204330444359 0 0 0.99999999999999944 5.1710809399147485e-26 0.99999999999998512 -3.445447832564617e-16 1.9172928076746001e-16 -8.4495785132984451e-18 0.33333333333333387 0.33333333333333409 -2.2204460492503131e-16 7.3957021587268834e-18
500 0 0 0.0063045159003640499 25.03247192267829 0.00031623966930492263 8.6218859829429627e-05 0.00031623966930492339 8.6218859829429587e-05 0.00031623966930492263 5.367234434672327e-19 -7.6778861046734713e-19 -6.9388939039073397e-22 1.5058804576083224e-18 -8.5104898873104994e-20 49.999999999999986 50.000000000000014 49.999999999999986 -1.4210854715202004e-14 1.4210854715202004e-14 1.0000000000000002 1969.8656512479895 8030.1343487517634 0.027327153157947939 0 0 0.99935822389216566 4.0389903784567312e-18 0.99999999999999978 5.5966516143701739e-15 -8.1946177071128869e-15 -2.1777218093670911e-18 0.33354678484897554 0.3332949313396682 0.00025185350930734263 8.6218859829429627e-05
1000 0 0 0.0096953019799155306 25.02978257445589 0.00032542842703083208 7.4363442290277691e-05 0.00032542842703083398 7.4363442290277732e-05 0.00032542842703083208 -7.9762585425416698e-19 -1.756234047078988e-18 -6.5919492087121235e-21 5.1864887668216751e-18 3.6530499568871206e-18 49.999999999999993 50.000000000000007 49.999999999999993 -7.1054273576010019e-15 7.1054273576010019e-15 1.0000000000000004 1969.8656512479854 8030.1343487516378 0.027330425678639976 0 0 0.99943646928421126 4.7327824275129666e-18 0.99999999999999978 -7.693503698154823e-15 -1.8715998497916605e-14 -8.2316952411162558e-17 0.33364528126598403 0.33325793063874326 0.00038735062724076785 7.4363442290277691e-05
1500 0 0 0.010672363906714258 25.029021025771286 0.0003316539527592336 5.8237915929996621e-05 0.00033165395275923669 5.8237915929996641e-05 0.0003316539527592336 1.4706985629332256e-18 -3.6751851562046851e-18 1.4571677198206057e-20 -1.9735574645224067e-18 1.6517363249341632e-18 49.999999999999993 50.000000000000007 49.999999999999993 -7.1054273576010019e-15 7.1054273576010019e-15 1.0000000000000011 1969.8656512479395 8030.1343487514578 0.027331248794062551 0 0 0.99945991842051563 4.7239328671775558e-18 0.99999999999999978 1.444395733525344e-14 -3.7331364187743478e-14 1.0334917832797494e-16 0.33367261017747302 0.33324621060332565 0.00042639957414736251 5.8237915929996621e-05
2000 0 0 0.010618552420616927 25.029060340187698 0.00033627509892609152 5.4009257876104467e-05 0.00033627509892609234 5.400925787610448e-05 0.00033627509892609152 3.0222352398470109e-18 -1.5674961328927559e-18 3.1225022567584776e-21 3.636312042766799e-18 2.2456049541823397e-18 49.999999999999993 49.999999999999993 49.999999999999993 -7.1054273576010019e-15 -7.1054273576010019e-15 1.0000000000000033 1969.8656512478826 8030.1343487513268 0.027331047204841613 0 0 0.99945774061610582 4.7493908332606669e-18 0.99999999999999978 3.0092302453757415e-14 -1.5757995068773262e-14 -2.1207280056462211e-18 0.33367134637908274 0.33324709743500364 0.00042424894407910863 5.4009257876104467e-05
2500 0 0 0.010333874772302874 25.029277153375205 0.00033822388591570756 5.4138989199521078e-05 0.00033822388591570914 5.4138989199521078e-05 0.00033822388591570756 1.9064611000987059e-18 -1.2805728699662099e-18 2.1510571102114607e-20 8.0614176103757839e-18 7.0321752346260165e-18 49.999999999999993 50.000000000000007 49.999999999999993 -7.1054273576010019e-15 7.1054273576010019e-15 1.000000000000002 1969.8656512478583 8030.1343487511886 0.027330674076227305 0 0 0.99944999406605439 4.7655184269576e-18 0.99999999999999978 1.8935672257622271e-14 -1.3155380512155576e-14 1.6878623938253467e-16 0.33366385073699739 0.33325097925417435 0.00041287148282304065 5.4138989199521078e-05
3000 0 0 0.010126232168382428 25.029435200412806 0.00033845759023428594 5.4304470725667688e-05 0.0003384575902342873 5.4304470725667742e-05 0.00033845759023428594 1.7506829319559953e-18 -1.6098233857066623e-18 4.1633363423448166e-21 5.7229029175679519e-18 1.5980989623663065e-18 49.999999999999993 49.999999999999993 49.999999999999993 -7.1054273576010019e-15 -7.1054273576010019e-15 1.0000000000000004 1969.8656512478178 8030.1343487510258 0.027330437380214942 0 0 0.99944441765671799 4.7757399634230771e-18 0.99999999999999978 1.7774057917672404e-14 -1.5453218241260841e-14 7.5322040470352755e-17 0.3336583927921874 0.33325381985287411 0.00040457293931328575 5.4304470725667688e-05
3500 0 0 0.010038228592192333 25.029502146473906 0.00033813625883544543 5.4304989720637504e-05 0.00033813625883544435 5.4304989720637531e-05 0.00033813625883544543 1.2944506577740702e-18 7.7056416802900294e-19 1.5265566588597989e-20 -5.7500799916822694e-19 2.0428934630903236e-18 50.000000000000007 49.999999999999993 50.000000000000007 7.1054273576010019e-15 -7.1054273576010019e-15 1.0000000000000002 1969.8656512477833 8030.1343487509375 0.027330352402125266 0 0 0.99944203496779338 4.7796563797347166e-18 0.99999999999999978 1.2901761907088694e-14 8.2849038224634496e-15 1.3391485378500497e-16 0.33365608328996665 0.33325502742663193 0.00040105586333472054 5.4304989720637504e-05
4000 0 0 0.010023992181906444 25.029512988654119 0.00033783670365283814 5.431093810293046e-05 0.00033783670365283706 5.4310938102930467e-05 0.00033783670365283814 4.5519144009638076e-19 -1.0155071228369714e-18 1.0408340855862365e-21 2.5042174663780365e-18 -9.0962993685493238e-19 50.000000000000007 50.000000000000007 50.000000000000007 7.1054273576010019e-15 7.1054273576010019e-15 1.0000000000000038 1969.8656512477323 8030.134348750752 0.027330349793597945 0 0 0.9994416169205792 4.7813629307582365e-18 0.99999999999999978 4.6718542927641303e-15 -9.7886244267429496e-15 6.9335134867178485e-18 0.33365570823067681 0.33325522132601948 0.00040048690465732673 5.431093810293046e-05
4500 0 0 0.010036193301811613 25.029503733384811 0.00033768979152821278 5.4326113449896885e-05 0.00033768979152821202 5.4326113449896939e-05 0.00033768979152821278 1.137631655545781e-18 1.5321077739829733e-18 -1.7347234759770983e-21 -6.9647470573977303e-19 7.6853057019330134e-18 50.000000000000007 50.000000000000007 50.000000000000007 7.1054273576010019e-15 7.1054273576010019e-15 1.0000000000000013 1969.8656512477037 8030.1343487505656 0.027330371133498253 0 0 0.99944191089176182 4.7821340275787002e-18 0.99999999999999978 1.1367561629530525e-14 1.5374217198806106e-14 6.1759663815821315e-18 0.33365602549410295 0.33325505097184643 0.0004009745222565142 5.4326113449896885e-05
5000 0 0 0.010049627833802375 25.029493536061178 0.00033765438932426115 5.4336165368076013e-05 0.0003376543893242638 5.4336165368076e-05 0.00033765438932426115 1.8578888427715012e-18 3.2120139881192456e-18 6.5919492087130767e-21 4.668016074991797e-18 -1.607402204809483e-20 50.000000000000007 50.000000000000007 50.000000000000007 7.1054273576010019e-15 7.1054273576010019e-15 1.0000000000000007 1969.8656512476657 8030.1343487504455 0.027330389053352406 0 0 0.99944224878629273 4.7825007555426552e-18 0.99999999999999978 1.8408587363196637e-14 3.1932996430092001e-14 8.3929118617987185e-17 0.33365637556875299 0.33325486413507882 0.00040151143367417319 5.4336165368076013e-05
5500 0 0 0.010056982835705157 25.029487952856297 0.0003376662510496499 5.4341131779319709e-05 0.00033766625104964735 5.4341131779319709e-05 0.0003376662510496499 -4.909267437015341e-19 2.7849250683337203e-18 -6.9388939039086098e-21 1.8926313229760063e-19 3.5109654684420893e-18 50.000000000000007 50.000000000000007 50.000000000000007 7.1054273576010019e-15 7.1054273576010019e-15 1.0000000000000016 1969.8656512476234 8030.1343487502227 0.027330397692578161 0 0 0.9994424340734176 4.7826984975066225e-18 0.99999999999999978 -4.9094570665154306e-15 2.8025826572882971e-14 -5.3559224033551276e-17 0.33365656726805598 0.33325476189134801 0.00040180537670797545 5.4341131779319709e-05
6000 0 0 0.010059203609233704 25.0294862669443 0.00033768554314166343 5.4343652354516941e-05 0.00033768554314166441 5.4343652354516995e-05 0.00033768554314166343 9.2321983391506571e-19 4.8468173918802955e-19 -4.1633363423452793e-21 3.9657936058709669e-18 2.0508864725054034e-18 50.000000000000014 50.000000000000014 50.000000000000014 1.4210854715202004e-14 1.4210854715202004e-14 1.000000000000002 1969.8656512475877 8030.1343487500881 0.027330399820837747 0 0 0.99944248849650197 4.7828221545896424e-18 0.99999999999999978 9.0631982990426098e-15 4.4615054918914165e-15 -2.7158305125322662e-17 0.33365662514566108 0.33325473101559583 0.0004018941300652501 5.4343652354516941e-05
6500 0 0 0.010058989631442269 25.029486427964414 0.00033769786540256171 5.4345008747400959e-05 0.00033769786540256171 5.4345008747400972e-05 0.00033769786540256171 -1.2490009027036012e-19 6.234596172662143e-19 -1.7347234759772239e-21 -6.7206657144201231e-18 -7.2520854373787163e-18 50.000000000000014 50.000000000000007 50.000000000000014 1.4210854715202004e-14 7.1054273576010019e-15 1.0000000000000031 1969.8656512475397 8030.1343487499071 0.02733039923911296 0 0 0.99944248107035327 4.7829016036857275e-18 0.99999999999999978 -1.7162649368853735e-15 6.1526440442566191e-15 6.3519603229138306e-18 0.3336566196053774 0.33325473402692607 0.0004018855784513331 5.4345008747400959e-05
7000 0 0 0.010058228928568676 25.029487006606775 0.00033770256655986673 5.434573078756769e-05 0.00033770256655986771 5.4345730787567649e-05 0.00033770256655986673 -1.3256756803418232e-18 -1.2309597785534647e-18 -3.8163916471499749e-21 -5.1176819815519722e-20 -1.9885773356569317e-18 50.000000000000007 50.000000000000007 50.000000000000007 7.1054273576010019e-15 7.1054273576010019e-15 1.0000000000000004 1969.8656512474972 8030.1343487497743 0.027330398233941212 0 0 0.999442460172424 4.7829412316791605e-18 0.99999999999999978 -1.3300531434695999e-14 -1.2552384531200866e-14 -4.5670141882221945e-17 0.33365659972865919 0.33325474455176668 0.00040185517689250716 5.434573078756769e-05
7500 0 0 0.010057682718407459 25.029487421181663 0.00033770304821013322 5.4346105853565697e-05 0.00033770304821013252 5.4346105853565731e-05 0.00033770304821013322 -1.0828143937050242e-18 1.4419021532323231e-18 -7.2858385991046161e-21 -1.8450997775967958e-18 6.8605222327250888e-18 50.000000000000007 50.000000000000007 50.000000000000007 7.1054273576010019e-15 7.1054273576010019e-15 1.0000000000000024 1969.8656512474834 8030.1343487496324 0.027330397607469692 0 0 0.99944244539384963 4.7829612452751414e-18 0.99999999999999978 -1.0718883468078087e-14 1.4462708100298086e-14 -8.9600251214867533e-17 0.33365658548904242 0.33325475214147271 0.00040183334756971334 5.4346105853565697e-05
8000 0 0 0.010057454788121209 25.029487594181678 0.00033770220340347229 5.4346299556485626e-05 0.00033770220340346866 5.4346299556485741e-05 0.00033770220340347229 -2.6263713426296844e-19 3.7744113390314843e-18 -2.7755575615637348e-21 8.7704252821996343e-19 4.2002165559189829e-18 50.000000000000007 50.000000000000007 50.000000000000007 7.1054273576010019e-15 7.1054273576010019e-15 1.0000000000000024 1969.8656512474308 8030.1343487494769 0.027330397387760164 0 0 0.99944243917606057 4.7829705668147858e-18 0.99999999999999978 -3.0093928717311474e-15 3.7883507918293282e-14 -2.0340920548125309e-17 0.33365657954669392 0.33325475530837195 0.00040182423832196834 5.4346299556485626e-05
8500 0 0 0.010057419015821339 25.029487620019015 0.00033770142336812423 5.4346400023611652e-05 0.00033770142336812347 5.4346400023611571e-05 0.00033770142336812423 2.2655488596264408e-19 2.4688584510109881e-18 -2.4286128663683131e-21 1.1542369600045018e-18 2.6671053390553134e-18 50.000000000000007 50.000000000000014 50.000000000000007 7.1054273576010019e-15 1.4210854715202004e-14 1.0000000000000022 1969.865651247392 8030.1343487493659 0.02733039738520588 0 0 0.99944243815080014 4.7829748108327686e-18 0.99999999999999978 2.6506846292864326e-15 2.4571741397225871e-14 -4.3204588411092096e-17 0.33365657865864745 0.33325475584994652 0.00040182280870093567 5.4346400023611652e-05
9000 0 0 0.010057451396458169 25.029487594127975 0.0003377010414421064 5.4346452312588471e-05 0.00033770104144210348 5.4346452312588423e-05 0.0003377010414421064 5.3360094121064379e-19 2.8647223482290545e-18 3.469446951954771e-22 5.9531832073632384e-18 4.9522460937075948e-18 50.000000000000007 50.000000000000021 50.000000000000007 7.1054273576010019e-15 2.1316282072803006e-14 1.0000000000000011 1969.8656512473485 8030.1343487491513 0.027330397443843843 0 0 0.99944243897158702 4.7829765863771705e-18 0.99999999999999978 5.2110822002364041e-15 2.9420144441399775e-14 -3.9960895483335507e-17 0.33365657954730243 0.33325475544448629 0.00040182410281613956 5.4346452312588471e-05
9500 0 0 0.010057487502406136 25.029487566722896 0.00033770095281529685 5.4346479573541948e-05 0.00033770095281529522 5.4346479573541995e-05 0.00033770095281529685 -8.6146367817038918e-19 3.2675251393510778e-18 -1.0408340855864549e-21 -2.9296037405012749e-18 -1.0630972228711852e-17 50.000000000000007 50.000000000000021 50.000000000000007 7.1054273576010019e-15 2.1316282072803006e-14 1.0000000000000049 1969.865651247321 8030.1343487490358 0.027330397491867761 0 0 0.99944243987826376 4.7829774451850733e-18 0.99999999999999978 -8.3941913950393387e-15 3.2756776597445413e-14 -2.0616487936430112e-18 0.3336565804881309 0.33325475494233836 0.00040182554579254459 5.4346479573541948e-05
10000 0 0 0.010057506934879744 25.029487551973265 0.00033770098739101858 5.4346493805118958e-05 0.00033770098739101679 5.4346493805118958e-05 0.00033770098739101858 1.2916751002128241e-18 2.0920765120288285e-18 -1.5612511283797227e-20 7.9925558702027566e-20 3.129264429027031e-18 50.000000000000007 50.000000000000021 50.000000000000007 7.1054273576010019e-15 2.1316282072803006e-14 1.0000000000000022 1969.8656512472839 8030.1343487488639 0.027330397514653076 0 0 0.99944244036681895 4.782977981869528e-18 0.99999999999999978 1.3217156325475377e-14 2.1150744729855203e-14 -1.4578204135654144e-16 0.3336565809944812 0.33325475467206866 0.00040182632241253513 5.4346493805118958e-05
10500 0 0 0.010057512641339592 25.029487547641899 0.00033770103973678714 5.4346501237281022e-05 0.00033770103973678758 5.4346501237281028e-05 0.00033770103973678714 1.1900203045205774e-18 -1.162264728904937e-19 -5.898059818323561e-21 7.6980180613557899e-18 -2.2934117681241195e-18 50.000000000000007 50.000000000000021 50.000000000000007 7.1054273576010019e-15 2.1316282072803006e-14 1.0000000000000036 1969.8656512472389 8030.1343487486638 0.027330397520076492 0 0 0.99944244050588071 4.7829783076074359e-18 0.99999999999999978 1.1907873722424877e-14 -1.2004286517866003e-15 -4.8147154020412062e-17 0.33365658114313662 0.33325475459266507 0.00040182655047155125 5.4346501237281022e-05
11000 0 0 0.010057511952855027 25.029487548164212 0.00033770107254603394 5.4346505112998565e-05 0.00033770107254603514 5.4346505112998524e-05 0.00033770107254603394 2.3540197569015152e-18 -6.6023575495704981e-19 7.6327832943011535e-21 8.3781829358700177e-18 -3.2462975471698834e-18 50.000000000000007 50.000000000000021 50.000000000000007 7.1054273576010019e-15 2.1316282072803006e-14 1 1969.8656512472073 8030.1343487486047 0.02733039751839933 0 0 0.9994424404826433 4.7829784971353683e-18 0.99999999999999978 2.3396134205543056e-14 -6.4219530940490901e-15 5.4717537987596212e-17 0.33365658112515056 0.33325475460219434 0.00040182652295622789 5.4346505112998565e-05
11500 0 0 0.010057509880496923 25.029487549737055 0.00033770108482632363 5.4346507128683181e-05 0.00033770108482632401 5.4346507128683147e-05 0.00033770108482632363 -1.1442236047548042e-18 -6.269290642182933e-19 -2.4286128663685959e-21 -6.4876577104503245e-18 5.5114658424593542e-18 50.000000000000007 50.000000000000021 50.000000000000007 7.1054273576010019e-15 2.1316282072803006e-14 1.0000000000000016 1969.8656512471809 8030.1343487483809 0.027330397515689588 0 0 0.99944244042575525 4.7829786012736321e-18 0.99999999999999978 -1.1095155767312298e-14 -6.719166789397691e-15 -6.13457238520774e-17 0.33365658107111318 0.33325475463097887 0.0004018264401343119 5.4346507128683181e-05
12000 0 0 0.01005750842548328 25.029487550841345 0.00033770108593362299 5.4346508174333503e-05 0.00033770108593362294 5.4346508174333503e-05 0.00033770108593362299 -2.5361657218792586e-18 6.515621375771885e-19 -1.0408340855865631e-20 -6.9772479685002847e-18 8.3915056313581751e-18 50.000000000000007 50.000000000000021 50.000000000000007 7.1054273576010019e-15 2.1316282072803006e-14 1.0000000000000029 1969.8656512471377 8030.1343487482191 0.027330397514030873 0 0 0.99944244038630747 4.7829786551803589e-18 0.99999999999999978 -2.5706948488912833e-14 6.3081999689451552e-15 -9.7620771853816674e-17 0.33365658103317564 0.33325475465119103 0.00040182638198460463 5.4346508174333503e-05
12500 0 0 0.010057507829419589 25.029487551293808 0.00033770108361348949 5.4346508716131744e-05 0.00033770108361348889 5.4346508716131772e-05 0.00033770108361348949 -9.85322934355298e-19 3.9586389721809682e-19 -6.5919492087150214e-21 8.8546083463398272e-19 1.0585938065741241e-17 50.000000000000007 50.000000000000028 50.000000000000007 7.1054273576010019e-15 2.8421709430404007e-14 1.0000000000000016 1969.865651247097 8030.1343487480899 0.027330397513462827 0 0 0.99944244036998298 4.7829786835651628e-18 0.99999999999999978 -1.0146262092334229e-14 4.5028779977048367e-15 -5.1129144030560561e-17 0.33365658101762952 0.33325475465946663 0.00040182635816288226 5.4346508716131744e-05
13000 0 0 0.010057507747502376 25.029487551355942 0.00033770108152966901 5.434650899705899e-05 0.00033770108152966782 5.434650899705899e-05 0.00033770108152966901 -9.2321983391532205e-19 1.4103301859698551e-18 -4.1633363423464356e-21 -6.6840511179836455e-19 9.6860096736533577e-19 50.000000000000007 50.000000000000028 50.000000000000007 7.1054273576010019e-15 2.8421709430404007e-14 1.0000000000000031 1969.8656512470586 8030.1343487479226 0.027330397513467108 0 0 0.99944244036744512 4.7829786942087899e-18 0.99999999999999978 -9.5619855349643457e-15 1.3746247045205307e-14 -2.3414037318534087e-17 0.33365658101548623 0.33325475466059717 0.0004018263548890566 5.434650899705899e-05
13500 0 0 0.01005750784232747 25.029487551283957 0.00033770108052717161 5.4346509143055683e-05 0.00033770108052717297 5.4346509143055683e-05 0.00033770108052717161 -1.9498291869989377e-19 1.4446777107942306e-18 9.7144514654751346e-21 3.5224585847243266e-18 6.9337832400725454e-18 50.000000000000007 50.000000000000028 50.000000000000007 7.1054273576010019e-15 2.8421709430404007e-14 1.0000000000000002 1969.8656512470175 8030.134348747798 0.027330397513627466 0 0 0.99944244036970686 4.7829786993356424e-18 0.99999999999999978 -1.8511396251040243e-15 1.4462504789022893e-14 6.3651182907196409e-17 0.3336565810179502 0.33325475465927146 0.00040182635867874739 5.4346509143055683e-05
14000 0 0 0.010057507939323572 25.029487551210362 0.00033770108030510993 5.4346509219119323e-05 0.00033770108030510999 5.4346509219119309e-05 0.00033770108030510993 6.9388939039108832e-19 -2.1441182163084632e-19 3.4694469519554416e-21 1.9631370888241922e-18 -4.8837001142171071e-18 50.000000000000007 50.000000000000021 50.000000000000007 7.1054273576010019e-15 2.1316282072803006e-14 1.0000000000000024 1969.8656512469818 8030.1343487476533 0.027330397513755579 0 0 0.99944244037211938 4.7829787018995105e-18 0.99999999999999978 6.9638576328725178e-15 -2.4667158243841631e-15 2.9570529842482654e-17 0.33365658102047097 0.33325475465791576 0.0004018263625552021 5.4346509219119323e-05
14500 0 0 0.010057507990631528 25.029487551171368 0.00033770108040464994 5.4346509258835024e-05 0.00033770108040464885 5.434650925883499e-05 0.00033770108040464994 1.0505485370521434e-18 4.6802839381880493e-19 5.2041704279333389e-21 5.7863847230662646e-18 -4.6871964383979746e-18 50.000000000000007 50.000000000000021 50.000000000000007 7.1054273576010019e-15 2.1316282072803006e-14 1.000000000000002 1969.8656512469477 8030.1343487475106 0.027330397513815129 0 0 0.9994424403733877 4.7829787034659617e-18 0.99999999999999978 1.0253652310694678e-14 4.3080027984348772e-15 4.4013825767464471e-17 0.33365658102180223 0.33325475465719651 0.00040182636460572851 5.4346509258835024e-05
15000 0 0 0.010057508005220071 25.029487551160191 0.00033770108054643864 5.4346509279576909e-05 0.00033770108054643875 5.4346509279576923e-05 0.00033770108054643864 6.834810495352558e-20 2.210037708395726e-19 3.4694469519556132e-21 -8.2274663964969756e-19 3.6346925003094004e-19 50.000000000000007 50.000000000000028 50.000000000000007 7.1054273576010019e-15 2.8421709430404007e-14 1.0000000000000007 1969.8656512468972 8030.134348747355 0.027330397513828392 0 0 0.99944244037372354 4.7829787043788287e-18 0.99999999999999978 2.3963578186488617e-16 2.1909625295242127e-15 7.0176042989925108e-17 0.33365658102217638 0.33325475465698762 0.00040182636518876214 5.4346509279576909e-05
15500 0 0 0.010057508003082444 25.029487551161893 0.00033770108063364476 5.4346509290388336e-05 0.00033770108063364677 5.4346509290388343e-05 0.00033770108063364476 1.3936768406006058e-18 -1.7139067942661171e-18 -1.0408340855867107e-21 3.0306080722432664e-18 1.6618732982333244e-18 50.000000000000007 50.000000000000021 50.000000000000007 7.1054273576010019e-15 2.1316282072803006e-14 1.0000000000000002 1969.8656512468588 8030.1343487471959 0.027330397513823067 0 0 0.99944244037363394 4.7829787049042439e-18 0.99999999999999978 1.412360352882762e-14 -1.7283029645822583e-14 4.019792132637592e-18 0.33365658102211415 0.33325475465701082 0.00040182636510333047 5.4346509290388336e-05
16000 0 0 0.010057507997477851 25.02948755116612 0.000337701080665743 5.4346509296001921e-05 0.00033770108066574365 5.4346509296001955e-05 0.000337701080665743 -4.9335535656810571e-19 -5.9188765000364866e-19 6.9388939039114731e-21 6.425372155056576e-19 -4.7966437063675319e-18 50.000000000000007 50.000000000000028 50.000000000000007 7.1054273576010019e-15 2.8421709430404007e-14 1.0000000000000002 1969.8656512468224 8030.134348747004 0.02733039751381524 0 0 0.99944244037346053 4.7829787051990198e-18 0.99999999999999978 -4.9485968112642716e-15 -6.2834462632053445e-15 3.8821024163132159e-17 0.33365658102196122 0.33325475465708188 0.00040182636487934298 5.4346509296001921e-05
16500 0 0 0.01005750799360396 25.029487551169083 0.00033770108066830812 5.4346509298915484e-05 0.00033770108066830996 5.4346509298915484e-05 0.00033770108066830812 -1.5463325064867013e-18 1.3929829512102548e-18 5.5511151231292842e-21 3.409891850491465e-18 -4.8611243967467379e-18 50.000000000000007 50.000000000000028 50.000000000000007 7.1054273576010019e-15 2.8421709430404007e-14 1.0000000000000018 1969.8656512467919 8030.1343487468794 0.027330397513810327 0 0 0.99944244037333618 4.7829787053430493e-18 0.99999999999999978 -1.5843907145895668e-14 1.3840796200038013e-14 4.444700172925087e-17 0.33365658102185414 0.33325475465712961 0.00040182636472452238 5.4346509298915484e-05
17000 0 0 0.010057507992091359 25.029487551170259 0.00033770108066195117 5.434650930041478e-05 0.00033770108066195149 5.4346509300414848e-05 0.00033770108066195117 6.4323546489261813e-19 -1.4155343563979945e-18 2.7755575615646952e-21 2.102645183355972e-18 -5.882896644975263e-19 50.000000000000007 50.000000000000021 50.000000000000007 7.1054273576010019e-15 2.1316282072803006e-14 1.0000000000000004 1969.865651246746 8030.1343487467348 0.027330397513808322 0 0 0.9994424403732739 4.7829787054096226e-18 0.99999999999999978 6.6525832085906739e-15 -1.3736008040008159e-14 1.7741819273341645e-17 0.33365658102180729 0.33325475465714322 0.00040182636466407073 5.434650930041478e-05
17500 0 0 0.010057507991884386 25.029487551170384 0.00033770108065631028 5.4346509301185431e-05 0.00033770108065631012 5.4346509301185445e-05 0.00033770108065631028 -5.2735593669729975e-20 -8.7568841067367409e-19 2.0816681711735518e-21 -1.6750141944128384e-18 1.9319977395929006e-18 50.000000000000007 50.000000000000021 50.000000000000007 7.1054273576010019e-15 2.1316282072803006e-14 1.0000000000000004 1969.8656512467098 8030.134348746582 0.027330397513807822 0 0 0.99944244037324803 4.7829787054403704e-18 0.99999999999999978 -5.8891153137663097e-16 -9.0057423882885969e-15 2.0549300587352167e-17 0.33365658102179524 0.33325475465713944 0.00040182636465579957 5.4346509301185431e-05
18000 0 0 0.010057507992128834 25.02948755117016 0.00033770108065361159 5.4346509301589357e-05 0.00033770108065361127 5.4346509301589391e-05 0.00033770108065361159 -2.7408630920452302e-20 -1.6191908924778595e-18 9.0205620750855685e-21 7.4989671710125236e-19 -6.0479173687227455e-18 50.000000000000007 50.000000000000021 50.000000000000007 7.1054273576010019e-15 2.1316282072803006e-14 1.0000000000000002 1969.8656512466689 8030.1343487464264 0.027330397513807749 0 0 0.99944244037323493 4.7829787054542286e-18 0.99999999999999978 -3.2425772854695044e-16 -1.6234999239454159e-14 9.4473305440368097e-17 0.33365658102179613 0.33325475465713056 0.00040182636466556954 5.4346509301589357e-05
18500 0 0 0.010057507992383039 25.029487551170018 0.00033770108065298037 5.4346509301803514e-05 0.00033770108065297994 5.434650930180348e-05 0.00033770108065298037 1.7822548992198202e-18 -8.4238171993492759e-19 2.4286128663692313e-21 5.5709923491229144e-18 -3.0045957329059149e-18 50.000000000000007 50.000000000000021 50.000000000000007 7.1054273576010019e-15 2.1316282072803006e-14 1.0000000000000002 1969.865651246638 8030.1343487462618 0.027330397513807579 0 0 0.99944244037322338 4.7829787054609732e-18 0.99999999999999978 1.8300167180689673e-14 -8.3294848375890759e-15 9.5480048360245398e-18 0.33365658102179668 0.33325475465712096 0.00040182636467572808 5.4346509301803514e-05
19000 0 0 0.010057509720371454 25.029487551169858 0.00033770108065353689 5.4346509301915668e-05 0.00033770108065353559 5.434650930191575e-05 0.00033770108065353689 1.7371520888444235e-18 -1.7836426780006353e-18 6.9388939039122164e-21 9.0972912528981626e-18 -3.7677649911475626e-18 50.000000000000014 50.000000000000021 50.000000000000014 1.4210854715202004e-14 2.1316282072803006e-14 1.0000000000000002 1969.8656512465923 8030.1343487461081 0.027330397513807246 0 0 0.99944244037320906 4.7829787054650485e-18 0.99999999999999978 1.7592616823280093e-14 -1.780473419027598e-14 2.471990784885804e-17 0.33365658102179474 0.3332547545880809 0.00040182643371383664 5.4346509301915668e-05
19500 0 0 0.010057509720370049 25.029487551169819 0.00033770108065394211 5.4346509301974798e-05 0.00033770108065394119 5.4346509301974845e-05 0.00033770108065394211 3.5423053379472462e-19 -2.3078761124412421e-18 -1.0061396160672885e-20 -5.2592997358443702e-18 -1.2394003461046638e-17 50.000000000000014 50.000000000000021 50.000000000000014 1.4210854715202004e-14 2.1316282072803006e-14 1.0000000000000011 1969.8656512465482 8030.1343487459644 0.027330397513806774 0 0 0.99944244037319252 4.7829787054679104e-18 0.99999999999999978 3.383713569418167e-15 -2.3059604617334171e-14 -5.1891183130810121e-17 0.3336565810217888 0.33325475458807502 0.00040182643371378113 5.4346509301974798e-05
20000 0 0 0.010057509720304754 25.029487551169836 0.00033770108065408648 5.4346509302009438e-05 0.00033770108065408203 5.4346509302009459e-05 0.00033770108065408648 -1.2951445471652541e-18 -9.5101010400071743e-18 2.0816681711737275e-21 -3.4931900464072999e-18 -2.7346897889564559e-17 50.000000000000014 50.000000000000021 50.000000000000014 1.4210854715202004e-14 2.1316282072803006e-14 1.000000000000002 1969.8656512465186 8030.1343487458662 0.027330397513806309 0 0 0.99944244037317653 4.7829787054691299e-18 0.99999999999999978 -1.302709570800652e-14 -9.5069182296591936e-14 3.2189207382016539e-17 0.33365658102178314 0.33325475458807197 0.0004018264337111721 5.4346509302009438e-05
20500 0 0 0.010057509720310323 25.029487551169865 0.00033770108065391235 5.4346509302021324e-05 0.00033770108065392195 5.434650930202129e-05 0.00033770108065391235 3.4562630535388158e-18 -1.0660222704580773e-17 -9.0205620750862486e-21 8.7751174851151384e-19 2.4794684650542716e-17 50.000000000000014 50.000000000000007 50.000000000000014 1.4210854715202004e-14 7.1054273576010019e-15 1.0000000000000011 1969.8656512464986 8030.1343487457598 0.027330397513806007 0 0 0.99944244037316543 4.7829787054698009e-18 0.99999999999999978 3.4806386259219251e-14 -1.068439431485751e-13 -6.5485334382662361e-17 0.33365658102177953 0.33325475458806814 0.00040182643371139415 5.4346509302021324e-05
21000 0 0 0.010057511447212302 25.029487551169922 0.00033770108065390482 5.4346509302034219e-05 0.00033770108065390877 5.4346509302034185e-05 0.00033770108065390482 7.3299005753980653e-18 -5.808201142270035e-18 0 2.0579013989268118e-17 2.4996596711729305e-19 50.000000000000014 49.999999999999986 50.000000000000014 1.4210854715202004e-14 -1.4210854715202004e-14 1.0000000000000011 1969.8656512464813 8030.1343487456779 0.027330397513805699 0 0 0.99944244037315388 4.7829787054703225e-18 0.99999999999999978 7.3474998878396957e-14 -5.7902887684261788e-14 -2.7936087494332977e-17 0.33365658102177592 0.33325475451906983 0.00040182650270609299 5.4346509302034219e-05
21500 0 0 0.010057507992477498 25.029487551169964 0.00033770108065399421 5.4346509302037492e-05 0.00033770108065400424 5.4346509302037526e-05 0.00033770108065399421 1.0159928454108951e-17 8.0907502919621893e-19 2.081668171173805e-21 9.8745747346456678e-18 -4.6358433312844854e-18 50.000000000000021 49.999999999999979 50.000000000000021 2.1316282072803006e-14 -2.1316282072803006e-14 1.0000000000000007 1969.8656512464618 8030.1343487455551 0.027330397513805369 0 0 0.99944244037314178 4.7829787054707446e-18 0.99999999999999978 1.0138035696480453e-13 7.8017901092199208e-15 4.1344114631483957e-17 0.33365658102177176 0.33325475465709226 0.00040182636467950283 5.4346509302037492e-05
22000 0 0 0.01005750972032428 25.029487551170021 0.00033770108065411884 5.4346509302040548e-05 0.00033770108065411732 5.4346509302040643e-05 0.00033770108065411884 1.8362394937924382e-17 5.985489881515161e-18 2.7755575615651108e-21 2.4102398067259948e-17 -8.1147938111456292e-18 50.000000000000028 49.999999999999979 50.000000000000028 2.8421709430404007e-14 -2.1316282072803006e-14 1.0000000000000011 1969.8656512464463 8030.1343487454587 0.02733039751380504 0 0 0.99944244037313001 4.7829787054711645e-18 0.99999999999999978 1.8345012467923493e-13 5.9845283285505993e-14 -8.8603503771615317e-18 0.33365658102176804 0.33325475458805609 0.00040182643371194926 5.4346509302040548e-05
22500 0 0 0.010057509720327082 25.029487551170078 0.0003377010806541402 5.4346509302043021e-05 0.00033770108065411434 5.4346509302042967e-05 0.0003377010806541402 2.0253243526740843e-17 2.6371266281820807e-17 0 4.6063475586437995e-17 1.7109895404287395e-17 50.000000000000036 49.999999999999972 50.000000000000036 3.5527136788005009e-14 -2.8421709430404007e-14 1.0000000000000007 1969.8656512464363 8030.1343487453678 0.0273303975138047 0 0 0.9994424403731178 4.7829787054714934e-18 0.99999999999999978 2.0239140773252386e-13 2.6359801518473895e-13 3.6782649645985376e-17 0.33365658102176377 0.3332547545880517 0.00040182643371206028 5.4346509302043021e-05
23000 0 0 0.010057507992491443 25.029487551170092 0.00033770108065404137 5.4346509302039471e-05 0.00033770108065401232 5.4346509302039403e-05 0.00033770108065404137 1.3796255804454915e-17 3.9513184391137074e-17 1.8735013540564955e-20 -6.0616645433069802e-18 6.8382102525903984e-18 50.000000000000036 49.999999999999986 50.000000000000036 3.5527136788005009e-14 -1.4210854715202004e-14 1.0000000000000002 1969.8656512464206 8030.1343487452532 0.027330397513804314 0 0 0.99944244037310526 4.782978705471817e-18 0.99999999999999978 1.3828556903333508e-13 3.9508555522331755e-13 1.7462672719816376e-16 0.33365658102175905 0.33325475465707899 0.00040182636468005795 5.4346509302039471e-05
23500 0 0 0.01005750799251507 25.029487551170106 0.00033770108065435628 5.4346509302046281e-05 0.00033770108065437162 5.4346509302046403e-05 0.00033770108065435628 6.012898512435838e-18 4.094710681638119e-17 -4.5102810375434704e-21 -9.0345266013637338e-18 3.682656996912608e-17 50.000000000000036 50.000000000000014 50.000000000000036 3.5527136788005009e-14 1.4210854715202004e-14 1.0000000000000007 1969.865651246392 8030.1343487451713 0.027330397513803936 0 0 0.99944244037309082 4.7829787054720227e-18 0.99999999999999978 6.0317121336067137e-14 4.0984324088796584e-13 -4.5250749647365773e-17 0.33365658102175505 0.33325475465707405 0.00040182636468100164 5.4346509302046281e-05
24000 0 0 0.010057509720329885 25.029487551170138 0.00033770108065412702 5.4346509302045e-05 0.00033770108065411542 5.4346509302045129e-05 0.00033770108065412702 4.4547698863122275e-19 5.1818965785032839e-17 2.7755575615652507e-21 -1.366145690164182e-17 8.5512715996035698e-17 50.000000000000036 50.000000000000043 50.000000000000036 3.5527136788005009e-14 4.2632564145606011e-14 1.0000000000000004 1969.8656512463672 8030.134348745064 0.027330397513803548 0 0 0.99944244037307695 4.7829787054721205e-18 0.99999999999999978 4.6810700114370523e-15 5.1807063278013973e-13 3.2165696712214446e-17 0.33365658102175016 0.33325475458803799 0.0004018264337121713 5.4346509302045e-05
24500 0 0 0.010057507992491473 25.029487551170163 0.00033770108065432966 5.4346509302046742e-05 0.00033770108065432467 5.4346509302046877e-05 0.00033770108065432966 -5.2423343444064364e-19 5.9807367391913617e-17 5.5511151231305752e-21 -1.0684288203916787e-18 6.4991824103761753e-17 50.000000000000028 50.000000000000057 50.000000000000028 2.8421709430404007e-14 5.6843418860808015e-14 1.0000000000000002 1969.8656512463456 8030.1343487449549 0.027330397513803166 0 0 0.99944244037306296 4.7829787054721914e-18 0.99999999999999978 -5.0783759039550151e-15 5.9860212083044417e-13 2.4573366781757198e-17 0.33365658102174561 0.33325475465706556 0.00040182636468005795 5.4346509302046742e-05
25000 0 0 0.010057507992503984 25.029487551170181 0.00033770108065419945 5.4346509302045264e-05 0.00033770108065413694 5.4346509302045325e-05 0.00033770108065419945 -3.2144426009878419e-18 7.1725958505971127e-17 -5.2041704279349842e-21 -3.2323488893115476e-18 8.2407595825751412e-17 50.000000000000028 50.000000000000078 50.000000000000028 2.8421709430404007e-14 7.815970093361102e-14 1.0000000000000007 1969.8656512463278 8030.1343487448039 0.027330397513802757 0 0 0.99944244037304886 4.78297870547229e-18 0.99999999999999978 -3.2169335504925458e-14 7.1701106553280097e-13 -2.7748380081299521e-17 0.33365658102174062 0.33325475465706006 0.00040182636468055755 5.4346509302045264e-05
25500 0 0 0.010057507992494266 25.029487551170199 0.00033770108065434701 5.4346509302046694e-05 0.00033770108065430375 5.4346509302046694e-05 0.00033770108065434701 -7.0509570404616248e-18 7.9695278154616839e-17 2.4286128663696981e-21 -1.6508610741743365e-17 4.3752447977578856e-17 50.000000000000021 50.000000000000107 50.000000000000021 2.1316282072803006e-14 1.0658141036401503e-13 1.0000000000000002 1969.865651246301 8030.1343487447048 0.027330397513802378 0 0 0.99944244037303431 4.7829787054723378e-18 0.99999999999999978 -7.0799458924232461e-14 7.9725827582972798e-13 4.6099452171831114e-17 0.3336565810217359 0.33325475465705573 0.00040182636468016897 5.4346509302046694e-05
26000 0 0 0.010057507992480378 25.029487551170213 0.0003377010806542947 5.4346509302049127e-05 0.00033770108065430668 5.4346509302049181e-05 0.0003377010806542947 -6.2908012132879922e-18 7.811772062556314e-17 3.4694469519567572e-22 -1.1813142057990635e-17 7.2340668341264293e-17 50.000000000000021 50.000000000000128 50.000000000000021 2.1316282072803006e-14 1.2789769243681803e-13 1.0000000000000004 1969.8656512462762 8030.1343487445774 0.027330397513801966 0 0 0.99944244037302088 4.7829787054725157e-18 0.99999999999999978 -6.3147485194819645e-14 7.8109611470868548e-13 2.7492325128246903e-17 0.33365658102173096 0.33325475465705134 0.00040182636467961386 5.4346509302049127e-05
26500 0 0 0.010057507992487329 25.029487551170224 0.0003377010806542632 5.4346509302048219e-05 0.00033770108065424255 5.4346509302048287e-05 0.0003377010806542632 -3.4923453018397272e-18 7.47350098474065e-17 7.285838599109306e-21 -3.1306661999088573e-17 2.8112203456731024e-17 50.000000000000014 50.000000000000156 50.000000000000014 1.4210854715202004e-14 1.5631940186722204e-13 1.0000000000000002 1969.865651246256 8030.1343487444783 0.027330397513801594 0 0 0.99944244037300578 4.7829787054724595e-18 0.99999999999999978 -3.5027726242126803e-14 7.4691767120301085e-13 4.211221481138733e-17 0.33365658102172674 0.33325475465704685 0.00040182636467989141 5.4346509302048219e-05
27000 0 0 0.010057507992485941 25.029487551170227 0.00033770108065435595 5.4346509302052488e-05 0.0003377010806543038 5.4346509302052454e-05 0.00033770108065435595 -6.2717192550524335e-18 7.1620834263331257e-17 3.4694469519568703e-21 -1.7450657160441711e-17 7.2560357604000401e-17 50.000000000000014 50.000000000000178 50.000000000000014 1.4210854715202004e-14 1.7763568394002505e-13 1.0000000000000004 1969.8656512462289 8030.1343487443673 0.027330397513801181 0 0 0.99944244037299246 4.7829787054725604e-18 0.99999999999999978 -6.2387513774866954e-14 7.1619459360211241e-13 5.588420200144833e-17 0.33365658102172197 0.33325475465704213 0.0004018263646798359 5.4346509302052488e-05
27500 0 0 0.010057507992466502 25.029487551170259 0.00033770108065432733 5.4346509302051058e-05 0.00033770108065427225 5.4346509302051031e-05 0.00033770108065432733 -8.0893625131827533e-18 5.8572244277022303e-17 5.8980598183267628e-21 -1.9842391293642559e-17 5.9858295399827678e-17 50.000000000000007 50.000000000000192 50.000000000000007 7.1054273576010019e-15 1.9184653865522705e-13 1.0000000000000016 1969.8656512462046 8030.1343487442555 0.027330397513800793 0 0 0.99944244037297836 4.7829787054725673e-18 0.99999999999999978 -8.0949542849283831e-14 5.8591719935102833e-13 6.9157586253512984e-17 0.33365658102171691 0.33325475465703785 0.00040182636467905875 5.4346509302051058e-05
28000 0 0 0.010057507992494292 25.029487551170263 0.00033770108065432549 5.4346509302055849e-05 0.00033770108065429415 5.4346509302055896e-05 0.00033770108065432549 -9.5017743673245634e-18 4.4035608493018692e-17 -1.0408340855870921e-21 1.3407329540512337e-17 2.6732204073594434e-17 50.000000000000007 50.000000000000206 50.000000000000007 7.1054273576010019e-15 2.0605739337042905e-13 1.0000000000000027 1969.8656512461778 8030.13434874414 0.027330397513800397 0 0 0.99944244037296381 4.7829787054727014e-18 0.99999999999999978 -9.4670121364835357e-14 4.4049129848016853e-13 -4.3291074069944247e-17 0.33365658102171275 0.33325475465703258 0.00040182636468016897 5.4346509302055849e-05
28500 0 0 0.010057507992492911 25.029487551170284 0.00033770108065433942 5.4346509302053416e-05 0.00033770108065431638 5.434650930205347e-05 0.00033770108065433942 -1.10425557586888e-17 3.5367195283554655e-17 -9.3675067702839506e-21 -1.159650383047317e-17 3.7356074213756994e-17 49.999999999999993 50.000000000000213 49.999999999999993 -7.1054273576010019e-15 2.1316282072803006e-13 1.0000000000000033 1969.8656512461512 8030.1343487440281 0.027330397513799981 0 0 0.99944244037294927 4.7829787054727222e-18 0.99999999999999978 -1.1064247939620347e-13 3.5381523017235257e-13 -9.0805121403577617e-17 0.33365658102170737 0.33325475465702725 0.00040182636468011346 5.4346509302053416e-05
29000 0 0 0.01005750799247207 25.029487551170288 0.000337701080654533 5.4346509302055049e-05 0.00033770108065452916 5.43465093020549e-05 0.000337701080654533 -1.1984510606145347e-17 3.3760841344799161e-17 -6.9388939039141632e-22 -9.3130613643885393e-18 -9.5699142060553968e-18 49.999999999999986 50.000000000000213 49.999999999999986 -1.4210854715202004e-14 2.1316282072803006e-13 1.0000000000000036 1969.865651246125 8030.1343487439144 0.027330397513799596 0 0 0.99944244037293506 4.7829787054727299e-18 0.99999999999999978 -1.1956242751277814e-13 3.373473985608181e-13 4.9205297840874475e-17 0.33365658102170243 0.33325475465702314 0.00040182636467928079 5.4346509302055049e-05
29500 0 0 0.010057507992485967 25.029487551170295 0.00033770108065445749 5.4346509302057197e-05 0.00033770108065442366 5.4346509302057211e-05 0.00033770108065445749 -1.1365214325221181e-17 3.7786440643155541e-17 2.7755575615657074e-21 -1.310024472856711e-17 2.4180493432668002e-17 49.999999999999986 50.000000000000213 49.999999999999986 -1.4210854715202004e-14 2.1316282072803006e-13 1.0000000000000029 1969.8656512460902 8030.1343487438053 0.027330397513799176 0 0 0.99944244037292063 4.7829787054727515e-18 0.99999999999999978 -1.1373852709989395e-13 3.7839201310802613e-13 2.0396994803421644e-17 0.33365658102169804 0.3332547546570182 0.0004018263646798359 5.4346509302057197e-05
29999 0 0 0.010057507992484581 25.029487551170302 0.00033770108065443841 5.4346509302058661e-05 0.00033770108065443841 5.4346509302058593e-05 0.00033770108065443841 -8.8932333719518356e-18 3.7303146682748389e-17 1.3877787807828715e-20 4.708336747276024e-18 1.8128637053238093e-17 49.999999999999979 50.00000000000022 49.999999999999979 -2.1316282072803006e-14 2.2026824808563106e-13 1.0000000000000024 1969.8656512460614 8030.1343487436816 0.027330397513798801 0 0 0.99944244037290642 4.7829787054726105e-18 0.99999999999999978 -8.8879885479244471e-14 3.7329832965938992e-13 1.5139009857171301e-16 0.33365658102169321 0.33325475465701343 0.00040182636467978039 5.4346509302058661e-05
