# step v0 Mach sigma R umax_ref urms_ref umax_mean urms_mean umax_lab mean_x mean_y mean_z drop_ux drop_uy x0 y0 x_unwrapped center_dx center_dy axis_ratio mass_R mass_B min_f negative_total negative_color min_rho min_phi max_phi qx qy qz p_in p_out delta_p urms_lab
0 0 0 -5.560112678108922e-15 25.040521385269312 0.00052126561395488837 0.00010584189702384418 0.00052126561395488837 0.00010584189702384418 0.00052126561395488837 -8.3299375801088283e-22 -1.7979956211321037e-20 1.4029988172041317e-21 -1.5987781826041767e-20 -6.2839906325164974e-20 50.000000000000007 50.000000000000007 50.000000000000007 7.1054273576010019e-15 7.1054273576010019e-15 1.0000000000000007 1969.8656512480638 8030.1343487520417 0.027657130795280434 0 0 0.99999999999999978 5.1710809399147474e-26 0.99999999999998501 -2.5976336731476608e-16 2.8773583437618297e-16 4.699942434652509e-17 0.33333333333333387 0.33333333333333409 -2.2204460492503131e-16 0.00010584189702384418
500 0 0 0.020273381493387494 24.998403027656963 0.0026995676510290913 0.0016008667633291374 0.0026995676510290978 0.0016008667633291374 0.0026995676510290913 4.8919202022548604e-19 -7.1709131688195131e-18 -3.5095275572361891e-18 4.6198652778265859e-17 3.2912583429749255e-17 50.000000000000007 49.999999999999986 50.000000000000007 7.1054273576010019e-15 -1.4210854715202004e-14 1.0000000000000038 1969.8656512479211 8030.1343487515232 0.027427556680176955 0 0 0.9947432482745221 4.1166258815991339e-18 1 5.1971773239178898e-15 -8.2552888136522284e-14 -3.5074851512777587e-14 0.33412321342229173 0.33331222635759972 0.00081098706469201476 0.0016008667633291374
1000 0 0 0.07040477869453135 24.951992455565602 0.0043070202381697001 0.0023152376866589961 0.0043070202381697044 0.0023152376866589978 0.0043070202381697001 2.1437712716123774e-18 -1.6580140038692976e-17 6.3442763325856716e-19 -1.7447420651440126e-17 7.6140457888874084e-18 50.000000000000007 49.999999999999986 50.000000000000007 7.1054273576010019e-15 -1.4210854715202004e-14 1.0000000000000016 1969.8656512478356 8030.1343487510476 0.027163357343353504 0 0 0.99421725069659039 5.7524890502429362e-18 1 2.111852359654165e-14 -1.4723292030005553e-13 6.3772075470875506e-15 0.33563252393764603 0.33281091444814703 0.0028216094894989996 0.0023152376866589961
1500 0 0 0.14229075037534658 24.895987339362186 0.0037784150224391523 0.0022061163968707465 0.0037784150224391623 0.0022061163968707465 0.0037784150224391523 1.7701118348870251e-18 -1.1611805267321662e-17 -8.4363181920839596e-19 -1.2290310006365835e-17 -2.282659810879831e-18 49.999999999999993 49.999999999999972 49.999999999999993 -7.1054273576010019e-15 -2.8421709430404007e-14 1.0000000000000024 1969.8656512477285 8030.1343487506147 0.027241324048762571 0 0 0.99012192830213053 5.7475530748781895e-18 1 1.7784439285822851e-14 -1.152662763414386e-13 -8.4053123938245922e-15 0.33779547701752194 0.33208006800659368 0.0057154090109282629 0.0022061163968707465
2000 0 0 0.16771775850299261 24.859697385789879 0.0028326412453820345 0.0013615400758160562 0.0028326412453820418 0.001361540075816056 0.0028326412453820345 6.2401472877851316e-18 -1.5387864593655623e-17 -6.1268366137086545e-18 6.2896891553143396e-17 8.0522261742331714e-17 49.999999999999986 49.999999999999964 49.999999999999986 -1.4210854715202004e-14 -3.5527136788005009e-14 1.0000000000000002 1969.8656512476223 8030.1343487501808 0.027341468411504428 0 0 0.99251060616187547 5.7274158554233449e-18 1 6.2234912319089619e-14 -1.5190715981112934e-13 -6.1156784740991929e-14 0.33827486613196905 0.33152829331974881 0.0067465728122202417 0.0013615400758160562
2500 0 0 0.19213556186444933 24.853432866475952 0.0018776860559846654 0.0011243177560899046 0.0018776860559846604 0.0011243177560899039 0.0018776860559846654 5.0887245806055701e-18 -2.0797122704535788e-17 -8.6915657856326917e-18 -3.2858483709215837e-17 -2.2865282793546872e-17 49.999999999999986 49.999999999999957 49.999999999999986 -1.4210854715202004e-14 -4.2632564145606011e-14 1.0000000000000027 1969.8656512475022 8030.1343487497907 0.027468897281848328 0 0 0.99292584104217763 5.5411550489950567e-18 1 5.1195138894236797e-14 -2.0197136403111472e-13 -8.6898442806927061e-14 0.33932197164305733 0.33159122624073445 0.0077307454023228805 0.0011243177560899046
3000 0 0 0.17649359323539571 24.873644943425923 0.0026817513953691918 0.0017362199877671907 0.0026817513953692079 0.0017362199877671918 0.0026817513953691918 -1.0075273948476544e-18 -2.3908219154441461e-17 -6.0188169409082123e-18 -7.7215825835505795e-17 -3.766043929926396e-17 49.999999999999979 49.999999999999936 49.999999999999979 -2.1316282072803006e-14 -6.3948846218409017e-14 1.0000000000000044 1969.8656512474067 8030.1343487492559 0.027380588359452947 0 0 0.9942048075134241 5.7410971176514767e-18 1 -9.8531819097032181e-15 -2.4906725987206002e-13 -6.0092558492927341e-14 0.3392801943989045 0.33218458803977124 0.0070956063591332552 0.0017362199877671907
3500 0 0 0.11230220446686189 24.91875288856858 0.0029314042032597548 0.0019882528958466159 0.0029314042032597526 0.0019882528958466168 0.0029314042032597548 -2.0480145357389755e-18 -1.8387895373013355e-17 -1.3003730741405751e-17 -5.6112236736855115e-17 -3.8772636112711676e-17 49.999999999999964 49.999999999999929 49.999999999999964 -3.5527136788005009e-14 -7.1054273576010019e-14 1.0000000000000002 1969.8656512473069 8030.1343487488148 0.027372662622177708 0 0 0.99401529665735178 6.6873111645071849e-18 1 -2.0840913630276736e-14 -2.0725218416450808e-13 -1.3002869496830992e-13 0.33737581434450925 0.33286907979928326 0.0045067345452259877 0.0019882528958466159
4000 0 0 0.059193704562776596 24.965610216759558 0.0030881171933179069 0.0015734102929324937 0.0030881171933178834 0.0015734102929324931 0.0030881171933179069 -2.970887424959175e-18 -2.3339056381975937e-17 -9.7245568117707245e-18 -7.8347777088182954e-17 -1.0479614854775206e-16 49.999999999999957 49.999999999999915 49.999999999999957 -4.2632564145606011e-14 -8.5265128291212022e-14 1.0000000000000016 1969.8656512471985 8030.1343487484255 0.027504082438977066 0 0 0.99263542532479432 6.6733479654171671e-18 1 -3.0097452308197603e-14 -2.304226687926958e-13 -9.7200281155882435e-14 0.33575659220991838 0.33338558248699002 0.0023710097229283633 0.0015734102929324937
4500 0 0 0.020511754732861067 24.989906545676465 0.001897445780557156 0.0012462527018783343 0.001897445780557133 0.0012462527018783341 0.001897445780557156 2.4182045255128549e-19 -2.3068612992072289e-17 -1.4690441110471163e-17 -3.2094282268740483e-17 -2.970370427322959e-17 49.99999999999995 49.999999999999893 49.99999999999995 -4.9737991503207013e-14 -1.0658141036401503e-13 1.0000000000000031 1969.8656512470834 8030.1343487479608 0.027513672926107933 0 0 0.99483597478405605 6.4724024517699062e-18 1 2.5777990853015353e-15 -2.3084136056665538e-13 -1.469164706748013e-13 0.33426012161578855 0.33343932003754456 0.00082080157824399036 0.0012462527018783343
5000 0 0 0.045066786992830891 24.979582109709515 0.0029813574786114352 0.0017156537025183297 0.0029813574786114222 0.001715653702518329 0.0029813574786114352 -3.4208746946281421e-19 -1.9597171108120751e-17 -1.3932608039321895e-17 -9.540139728949242e-17 -8.3952479388511706e-18 49.99999999999995 49.999999999999886 49.99999999999995 -4.9737991503207013e-14 -1.1368683772161603e-13 1.0000000000000007 1969.8656512469681 8030.1343487474969 0.027365769866434811 0 0 0.99552797447095942 6.2685935099928185e-18 1 -2.911001517960643e-15 -2.0326711776437467e-13 -1.390268907567542e-13 0.33517600189533114 0.33337185694226912 0.0018041449530620257 0.0017156537025183297
5500 0 0 0.069816013898486642 24.95242114822296 0.0025215434085809627 0.0019328884035767848 0.0025215434085809623 0.0019328884035767866 0.0025215434085809627 3.6221026178417565e-19 -2.0337464351495352e-17 -1.6192286409230423e-17 -1.020837399552502e-16 -2.5730553749284864e-17 49.999999999999929 49.999999999999865 49.999999999999929 -7.1054273576010019e-14 -1.3500311979441904e-13 1.0000000000000011 1969.8656512468667 8030.1343487470567 0.027392772033689124 0 0 0.99599254800288584 5.9549730477571958e-18 1 3.007902087126535e-15 -2.0412057460950095e-13 -1.6194375437433453e-13 0.33543840060547592 0.33264043509007507 0.0027979655154008465 0.0019328884035767848
6000 0 0 0.11871461650175726 24.922887700741605 0.0026987099142931903 0.0015326475461768655 0.0026987099142931742 0.0015326475461768642 0.0026987099142931903 -1.0130785099711136e-18 -2.3815845129353461e-17 -2.1189848029631501e-17 -1.4203791684829784e-16 -3.7900039738898352e-17 49.999999999999922 49.999999999999837 49.999999999999922 -7.815970093361102e-14 -1.6342482922482304e-13 1.0000000000000002 1969.8656512467628 8030.1343487466202 0.027375384465445761 0 0 0.98802119943408095 5.5389491720336359e-18 1 -9.8427938976380913e-15 -2.3944604979342365e-13 -2.1196340838487787e-13 0.33663839461508666 0.33187511766551292 0.0047632769495737359 0.0015326475461768655
6500 0 0 0.13278853113817873 24.902032078267531 0.0012147029251546122 0.00072373057047523846 0.0012147029251546107 0.00072373057047523759 0.0012147029251546122 -1.6233542288202577e-18 -2.153678711065852e-17 -2.4586932069547589e-17 -9.3048995137530589e-17 -9.2045743261483243e-17 49.999999999999901 49.999999999999829 49.999999999999901 -9.9475983006414026e-14 -1.7053025658242404e-13 1.0000000000000009 1969.8656512466628 8030.1343487462209 0.027373392005799912 0 0 0.98716676788620583 5.6522348832814691e-18 1 -1.6018436577169837e-14 -2.1180626696981619e-13 -2.459407032007509e-13 0.33676927282352692 0.33143683526498463 0.0053324375585422912 0.00072373057047523846
7000 0 0 0.14579533709858683 24.892192252494141 0.0022457767431949172 0.0012965154289400779 0.0022457767431949371 0.0012965154289400786 0.0022457767431949172 -4.4672598953389098e-18 -1.9830220365101002e-17 -2.8453579514071606e-17 -1.0722290083648756e-16 -1.4413301500249656e-16 49.999999999999886 49.999999999999801 49.999999999999886 -1.1368683772161603e-13 -1.9895196601282805e-13 1.0000000000000029 1969.8656512465484 8030.1343487457343 0.027497844505392215 0 0 0.99010649255411065 5.947040298861016e-18 1 -4.4961430412104875e-14 -2.0826602161599927e-13 -2.8460666041641461e-13 0.33752655400569825 0.33166948301654187 0.0058570709891563877 0.0012965154289400779
7500 0 0 0.13546541855444502 24.909664542517234 0.0027763203436084313 0.0019333853195097072 0.0027763203436084313 0.0019333853195097085 0.0027763203436084313 1.1084883011500928e-19 -2.7294974006714382e-17 -3.2110530411087303e-17 2.3284890982635219e-17 6.3566770627431236e-18 49.999999999999858 49.999999999999787 49.999999999999858 -1.4210854715202004e-13 -2.1316282072803006e-13 1.000000000000002 1969.8656512464306 8030.134348745305 0.027368903335079992 0 0 0.99519578880025983 5.8675476275590107e-18 1 1.2697904793607107e-15 -2.9284226139934116e-13 -3.2131134800957877e-13 0.33767201933053803 0.33223375185314086 0.005438267477397174 0.0019333853195097072
8000 0 0 0.089093323306459374 24.93661872151722 0.003738834177269214 0.0019823574332932877 0.0037388341772692005 0.0019823574332932868 0.003738834177269214 7.4606987254875565e-18 -2.5592765753890244e-17 -3.2260143162361948e-17 1.1790494891543525e-16 -6.8083132326774605e-17 49.999999999999844 49.999999999999758 49.999999999999844 -1.5631940186722204e-13 -2.4158453015843406e-13 1.0000000000000031 1969.8656512463378 8030.1343487448867 0.027363225945723445 0 0 0.9953826744586135 6.2881471052614383e-18 1 7.5051103569714894e-14 -2.8396989620871338e-13 -3.2236970140608683e-13 0.33641655761580397 0.3328437667614616 0.003572790854342367 0.0019823574332932877
8500 0 0 0.062060653532988314 24.960905612282755 0.0021134256426406316 0.0011564937850154669 0.0021134256426406121 0.0011564937850154678 0.0021134256426406316 3.9718228706002093e-18 -3.1891958691995068e-17 -3.0807849106430574e-17 1.4513603378601559e-16 -3.5604638018934513e-17 49.999999999999837 49.999999999999737 49.999999999999837 -1.6342482922482304e-13 -2.6290081223123707e-13 1.0000000000000018 1969.865651246236 8030.1343487444365 0.027484032071344484 0 0 0.99317769854419513 6.9040417812867547e-18 1 3.9808420774188613e-14 -3.0098709982717686e-13 -3.0798940742087541e-13 0.33579137777236684 0.333305063593828 0.0024863141785388398 0.0011564937850154669
9000 0 0 0.058368668109299728 24.963376001410058 0.00093351657990254136 0.00056078291189893149 0.00093351657990254841 0.00056078291189893246 0.00093351657990254136 1.9435841824863261e-18 -3.3176694898306315e-17 -2.6627905814187558e-17 3.8752423530741334e-17 -1.5201735858737956e-17 49.999999999999829 49.999999999999709 49.999999999999829 -1.7053025658242404e-13 -2.9132252166164108e-13 1.0000000000000013 1969.8656512461146 8030.1343487439635 0.027575480392477991 0 0 0.99357912361073231 6.6559913407851874e-18 1 1.9260580543661865e-14 -3.3242224077578708e-13 -2.6635377067595437e-13 0.33579373293945797 0.33345556088668743 0.0023381720527705374 0.00056078291189893149
9500 0 0 0.083142591053868523 24.938363806228089 0.0019909695858008943 0.0013266301446797281 0.0019909695858008935 0.0013266301446797277 0.0019909695858008943 -7.8929918157026212e-19 -3.8954820272314702e-17 -2.5071212526717021e-17 -1.6900261260722031e-16 -9.7751871387867538e-17 49.999999999999815 49.999999999999673 49.999999999999815 -1.8474111129762605e-13 -3.2684965844964609e-13 1.0000000000000029 1969.8656512460209 8030.1343487435606 0.027452091062516629 0 0 0.99429970412230384 6.2132061883446106e-18 1 -8.0525321653757143e-15 -3.9629562652299111e-13 -2.5087711859625476e-13 0.33673255309107647 0.33339862983532925 0.0033339232557472176 0.0013266301446797281
10000 0 0 0.10875551440959376 24.915310512641245 0.0027105890544895112 0.0018732137222721955 0.002710589054489542 0.0018732137222721951 0.0027105890544895112 -3.4819369609844784e-18 -3.4656739283971781e-17 -1.9357937107871567e-17 -2.5417873440260954e-16 -5.7604505073173842e-17 49.999999999999787 49.999999999999652 49.999999999999787 -2.1316282072803006e-13 -3.4816594052244909e-13 1.0000000000000067 1969.8656512459188 8030.1343487431159 0.027445329023807644 0 0 0.99590874044827882 6.035002400603218e-18 1 -3.4534874959746276e-14 -4.233679243769925e-13 -1.9345100105125429e-13 0.33703117575313862 0.33266616836724172 0.0043650073858969018 0.0018732137222721955
10500 0 0 0.14256601166471738 24.896230649499447 0.0029162339967518797 0.0016322031290698627 0.0029162339967518424 0.0016322031290698642 0.0029162339967518797 -1.9123591599190343e-18 -3.7223739715640094e-17 -2.0056249701988586e-17 -3.4094471078467488e-16 2.1029106252087525e-18 49.99999999999978 49.999999999999631 49.99999999999978 -2.2026824808563106e-13 -3.694822225952521e-13 1.0000000000000033 1969.8656512457985 8030.1343487426275 0.027490925615208012 0 0 0.99156092020431208 5.8792654018121539e-18 1 -1.9388997514729195e-14 -3.7710004389956975e-13 -2.0057450388753372e-13 0.33765921356517925 0.33193280406681674 0.0057264094983625058 0.0016322031290698627
11000 0 0 0.14575370560568676 24.889847695289845 0.0019678493424221339 0.0010580886014402448 0.0019678493424221183 0.001058088601440247 0.0019678493424221339 -8.1483431113680968e-18 -3.0143552584608084e-17 -2.207965514386424e-17 -1.9619947366522019e-16 -1.922998302052455e-17 49.999999999999758 49.999999999999616 49.999999999999758 -2.4158453015843406e-13 -3.836930773104541e-13 1.0000000000000029 1969.8656512457001 8030.1343487422209 0.027469976145425762 0 0 0.99125905610726617 5.7143717792084676e-18 1 -8.1521554372472604e-14 -3.0271314290951021e-13 -2.2074208526242431e-13 0.33741647508092126 0.33156052500079003 0.0058559500801312336 0.0010580886014402448
11500 0 0 0.14986278009553944 24.901130767544345 0.0021145574368895523 0.0011140918434567476 0.0021145574368895597 0.0011140918434567465 0.0021145574368895523 -4.4960563050423826e-18 -2.8625886383562728e-17 -2.3214076621319736e-17 -8.0957695641520913e-17 -1.5713100114219439e-17 49.999999999999744 49.999999999999609 49.999999999999744 -2.5579538487363607e-13 -3.907985046680551e-13 1.0000000000000002 1969.8656512455802 8030.134348741758 0.027364260898619534 0 0 0.99109044497665355 5.9529719846123016e-18 1 -4.4683007294210597e-14 -2.7898299989614905e-13 -2.3191789502877224e-13 0.33780036037930639 0.33178204813900974 0.0060183122402966416 0.0011140918434567476
12000 0 0 0.11140641797804769 24.932533203746299 0.0022139191765570042 0.0015286691164333756 0.0022139191765570224 0.0015286691164333743 0.0022139191765570042 -8.6652907072107585e-18 -3.3406524074841156e-17 -2.6952643370355556e-17 3.1178828949819118e-17 8.8426788374349861e-17 49.999999999999723 49.999999999999588 49.999999999999723 -2.7711166694643907e-13 -4.1211478674085811e-13 1.0000000000000011 1969.8656512454731 8030.134348741336 0.027428305406041503 0 0 0.99445635634035978 5.8718583852280474e-18 1 -8.6736187351367511e-14 -3.1665685020941178e-13 -2.6938587727522446e-13 0.33669542552586867 0.33222711029020269 0.0044683152356659872 0.0015286691164333756
12500 0 0 0.05350725690333745 24.967654641067035 0.0028272249164491259 0.0015608731041961159 0.0028272249164491051 0.0015608731041961144 0.0028272249164491259 -1.1721526527191276e-17 -3.3959965915810443e-17 -2.576266540138558e-17 1.5196698290440854e-16 -2.8551048104456705e-17 49.999999999999702 49.999999999999552 49.999999999999702 -2.9842794901924208e-13 -4.4764192352886312e-13 1.0000000000000022 1969.8656512453638 8030.1343487408876 0.02740263347091829 0 0 0.99633669366589406 6.3116873920868504e-18 1 -1.1697587343206806e-13 -3.2520600795615806e-13 -2.5750513042238716e-13 0.33491435689977611 0.33277129389796223 0.002143063001813883 0.0015608731041961159
13000 0 0 0.02451935983561945 24.989138035450573 0.0020372105530094627 0.0010544892516934383 0.0020372105530094262 0.0010544892516934398 0.0020372105530094627 -1.4837610307093563e-17 -3.6582390762537266e-17 -2.7188965209882224e-17 1.4078897106740624e-16 -1.1990411835462041e-16 49.999999999999673 49.999999999999531 49.999999999999673 -3.2684965844964609e-13 -4.6895820560166612e-13 1.0000000000000022 1969.8656512452637 8030.134348740492 0.027496316063149 0 0 0.99704797211688434 6.633050024227642e-18 1 -1.4774032352864695e-13 -3.6139732699502769e-13 -2.7191997682141824e-13 0.33417256003206464 0.3331913593279493 0.000981200704115337 0.0010544892516934383
13500 0 0 0.033422723813691269 24.980579792424074 0.0018845764565543267 0.001069539765749757 0.0018845764565543625 0.0010695397657497574 0.0018845764565543267 -1.3383738561876026e-17 -3.5754667455975614e-17 -3.0894204063844899e-17 -4.8746008651029949e-17 -9.2785045677709521e-17 49.999999999999645 49.99999999999951 49.999999999999645 -3.5527136788005009e-13 -4.9027448767446913e-13 1.0000000000000042 1969.86565124515 8030.134348739979 0.027534071454377949 0 0 0.99520166180437475 6.5582959624350997e-18 1 -1.3405249810584732e-13 -3.5957738522829352e-13 -3.0897000227245426e-13 0.33472034822759283 0.33338239994571078 0.0013379482818820509 0.001069539765749757
14000 0 0 0.073862952881210975 24.948785107096377 0.0026415425509157195 0.0014820014115532985 0.002641542550915752 0.0014820014115532994 0.0026415425509157195 -1.2320006126406126e-17 -3.2602349639471077e-17 -2.7593547576661063e-17 -1.4460031565726063e-16 -1.5607471138387737e-16 49.999999999999609 49.999999999999488 49.999999999999609 -3.907985046680551e-13 -5.1159076974727213e-13 1.000000000000002 1969.8656512450498 8030.1343487395789 0.027460535229044927 0 0 0.99563046705239011 6.0557386487688512e-18 1 -1.2276984984183059e-13 -3.3336744822975994e-13 -2.760412791304152e-13 0.33622897002945029 0.33326838687623689 0.002960583153213403 0.0014820014115532985
14500 0 0 0.11700263652958395 24.914881937717084 0.0028847585224131811 0.001698332389205444 0.0028847585224131694 0.0016983323892054438 0.0028847585224131811 -1.7313581124361458e-17 -3.3702641372199617e-17 -2.8287806820530338e-17 -1.6854968399555749e-16 2.3911435862895357e-17 49.999999999999574 49.999999999999453 49.999999999999574 -4.2632564145606011e-13 -5.4711790653527714e-13 1.000000000000002 1969.8656512449479 8030.1343487391687 0.027414661923732913 0 0 0.99575137427303095 5.9479021457328882e-18 1 -1.7337173363607405e-13 -3.4241533219958598e-13 -2.8297917894571392e-13 0.33722939320635231 0.3325332988470826 0.0046960943592697091 0.001698332389205444
15000 0 0 0.16082102400800813 24.885160236641227 0.0019004379717567734 0.0011358159307517887 0.0019004379717567671 0.0011358159307517882 0.0019004379717567734 -2.1121646098833131e-17 -2.9599001201467777e-17 -2.6679514607451838e-17 -2.0416984841621954e-16 5.5417860301411056e-17 49.999999999999545 49.999999999999417 49.999999999999545 -4.5474735088646412e-13 -5.8264504332328215e-13 1.0000000000000016 1969.8656512448351 8030.1343487387194 0.027513195719343762 0 0 0.99392156708641488 5.8936600081037554e-18 1 -2.1081397126023957e-13 -2.9279702983995778e-13 -2.6676000020891098e-13 0.33839618042808511 0.33193365326415658 0.0064625271639285331 0.0011358159307517887
15500 0 0 0.17071513984458936 24.867913587581437 0.0010818960105376436 0.00055166452926453465 0.0010818960105376718 0.00055166452926453551 0.0010818960105376436 -2.172446250673721e-17 -2.8272870156213172e-17 -3.0419280240773072e-17 -2.2175421206432769e-16 6.4932328199437928e-17 49.99999999999951 49.999999999999396 49.99999999999951 -4.9027448767446913e-13 -6.0396132539608516e-13 1.0000000000000007 1969.8656512447267 8030.1343487382792 0.027572837116969173 0 0 0.99425061440931173 5.9659443743486833e-18 1 -2.1721859066233667e-13 -2.8404080303079393e-13 -3.0418912789938345e-13 0.33860754506177809 0.33174266919499684 0.0068648758667812504 0.00055166452926453465
16000 0 0 0.17257256626860018 24.875818815414611 0.0018991754195658865 0.0010386696699701153 0.0018991754195659234 0.0010386696699701157 0.0018991754195658865 -2.0900642327995544e-17 -3.6894272359486907e-17 -3.6193166478452866e-17 -6.2538433443990144e-17 4.0438641887059737e-17 49.999999999999474 49.999999999999361 49.999999999999474 -5.2580162446247414e-13 -6.3948846218409017e-13 1.0000000000000018 1969.8656512446157 8030.1343487378035 0.027459079015256706 0 0 0.99551974615529459 5.6121652593030256e-18 1 -2.0864557369153214e-13 -3.819730989840231e-13 -3.6179943546502155e-13 0.33895390025381633 0.33201653800861203 0.0069373622452043038 0.0010386696699701153
16500 0 0 0.12637601643660121 24.911040947703331 0.0024979918132092488 0.0016469142375315218 0.0024979918132092076 0.0016469142375315226 0.0024979918132092488 -1.4968928874231012e-17 -4.1037832854214945e-17 -3.8493397033219234e-17 1.0483517663146009e-16 -1.1572915114480459e-17 49.999999999999432 49.999999999999339 49.999999999999432 -5.6843418860808015e-13 -6.6080474425689317e-13 1.0000000000000004 1969.8656512445073 8030.1343487373924 0.027431559381644047 0 0 0.99625448959429119 6.1745149732411549e-18 1 -1.4981414817472755e-13 -4.1174614444968588e-13 -3.8516044519614804e-13 0.33746330610697972 0.33239021354926979 0.0050730925577099351 0.0016469142375315218
17000 0 0 0.066074766190093573 24.953002495587238 0.0026470775107021792 0.0015715060568760235 0.0026470775107021965 0.0015715060568760254 0.0026470775107021792 -1.7521747941484035e-17 -3.9394399201160516e-17 -3.7651725723591185e-17 -2.9060161306970215e-17 -1.7032132242631362e-16 49.999999999999396 49.999999999999304 49.999999999999396 -6.0396132539608516e-13 -6.9633188104489818e-13 1.0000000000000022 1969.865651244414 8030.1343487369077 0.027496954148449253 0 0 0.99636350398143658 6.3929585143040358e-18 1 -1.7535623018753721e-13 -3.8595125359530691e-13 -3.7662946057383353e-13 0.33546292413984036 0.33281495557566543 0.0026479685641749295 0.0015715060568760235
17500 0 0 0.03515092712854663 24.985050435716971 0.0017695915663343133 0.00093280908325549705 0.0017695915663342963 0.00093280908325549651 0.0017695915663343133 -1.8850546124085881e-17 -4.2883622000749354e-17 -3.7941301960304928e-17 -1.5397012459753238e-16 -2.2386945831337922e-16 49.999999999999346 49.999999999999282 49.999999999999346 -6.5369931689929217e-13 -7.1764816311770119e-13 1.0000000000000042 1969.8656512443056 8030.1343487364838 0.02758355706465683 0 0 0.99662694515289307 6.4964112294246424e-18 1 -1.8797811885632593e-13 -4.2700044888821509e-13 -3.7942923758600431e-13 0.33452780219470474 0.33312092382081532 0.0014068783738894197 0.00093280908325549705
18000 0 0 0.033954535012679123 24.98677118835008 0.0010357321659658211 0.00063588500375839343 0.0010357321659658048 0.00063588500375839408 0.0010357321659658211 -2.1110023451551038e-17 -4.5521832831109051e-17 -3.9468269714316637e-17 -3.7169917165174064e-16 -2.272804266375142e-16 49.999999999999304 49.99999999999924 49.999999999999304 -6.9633188104489818e-13 -7.602807272633072e-13 1.000000000000002 1969.8656512442033 8030.13434873602 0.027552812568602331 0 0 0.99571923168663712 6.2668750819270708e-18 1 -2.1079145373636976e-13 -4.5620625332976061e-13 -3.9477276848581937e-13 0.33464505640955 0.33328615594351019 0.0013589004660398141 0.00063588500375839343
18500 0 0 0.054447175187198105 24.966573131634888 0.0018486970130234769 0.0011536153338737938 0.0018486970130235272 0.0011536153338737934 0.0018486970130234769 -1.9843848786434258e-17 -5.1022901181966826e-17 -3.6586735609277431e-17 -3.6817558622988696e-16 -1.9394763875511663e-16 49.999999999999261 49.999999999999211 49.999999999999261 -7.3896444519050419e-13 -7.8870243669371121e-13 1.0000000000000011 1969.8656512440823 8030.1343487356116 0.02748091254465691 0 0 0.99608005940353561 5.7942216808888784e-18 1 -1.9857726574201706e-13 -5.2042051223999408e-13 -3.6582621573940695e-13 0.3352830253497423 0.33310222244579035 0.0021808029039519505 0.0011536153338737938
19000 0 0 0.088340116553856346 24.940046605317217 0.0026918852836279898 0.0015192487670692291 0.0026918852836279347 0.0015192487670692301 0.0026918852836279898 -2.0395143907101842e-17 -5.7358371524771316e-17 -4.0414841770378515e-17 -2.1210419139558193e-16 -9.6533870510440713e-17 49.999999999999218 49.999999999999169 49.999999999999218 -7.815970093361102e-13 -8.3133500083931722e-13 1.000000000000004 1969.8656512439884 8030.1343487351969 0.027390244032026865 0 0 0.99380600677002273 5.7338287260872899e-18 1 -2.0465928756395468e-13 -5.3918940709843377e-13 -4.0422273620748216e-13 0.33594198371482165 0.33239988461806125 0.0035420990967603982 0.0015192487670692291
19500 0 0 0.12699375497431842 24.909201041730771 0.0022200677062642767 0.0012024056747978614 0.0022200677062643014 0.0012024056747978631 0.0022200677062642767 -2.4754504002241915e-17 -5.4871320161304436e-17 -4.6468821525320027e-17 -7.2597194698006282e-17 6.5791501560736507e-17 49.999999999999176 49.99999999999914 49.999999999999176 -8.2422957348171622e-13 -8.5975671026972122e-13 1.0000000000000011 1969.8656512438758 8030.1343487347485 0.02744900310130775 0 0 0.99106249101680277 5.7466591000442764e-18 1 -2.4730910407663037e-13 -5.4392925439347012e-13 -4.6473651969618103e-13 0.3370100746531785 0.33191180776129531 0.0050982668918831964 0.0012024056747978614
20000 0 0 0.15137437213118102 24.886164018701713 0.0014887648641463288 0.00089759227126297487 0.0014887648641463424 0.00089759227126297411 0.0014887648641463288 -2.4501581319445369e-17 -5.6641041683416123e-17 -4.7407719773790518e-17 1.0059679702142609e-16 1.2012076221218802e-16 49.999999999999126 49.999999999999091 49.999999999999126 -8.7396756498492323e-13 -9.0949470177292824e-13 1.0000000000000004 1969.8656512437522 8030.134348734282 0.027531446450179593 0 0 0.99418147204222551 5.954229410401363e-18 1 -2.4527610303047565e-13 -5.6139683559438408e-13 -4.7414396834331906e-13 0.33788639432271184 0.33180372236019384 0.0060826719625179937 0.00089759227126297487
20500 0 0 0.16809530620253577 24.88508060448369 0.0017179886240507624 0.00098989640734092584 0.0017179886240507158 0.00098989640734092714 0.0017179886240507624 -2.1910598335721898e-17 -4.6698246398379517e-17 -4.6390817184134135e-17 2.8345090514290702e-16 1.3185814835508723e-16 49.999999999999076 49.999999999999069 49.999999999999076 -9.2370555648813024e-13 -9.3081098384573124e-13 1.0000000000000007 1969.8656512436571 8030.1343487339072 0.027531269163925856 0 0 0.99557238437425488 6.0706400602435975e-18 1 -2.1931374020989734e-13 -4.6225707723418497e-13 -4.6412887210708153e-13 0.33882376800972319 0.33206890517145499 0.0067548628382682052 0.00098989640734092584
21000 0 0 0.13234530824599838 24.906019390089806 0.0022758049493802877 0.0013745835811646253 0.0022758049493802755 0.0013745835811646242 0.0022758049493802877 -2.2911533781364013e-17 -4.0387485023089791e-17 -4.7639975182493381e-17 3.1301764570972419e-16 -5.1758758065724436e-18 49.999999999999034 49.999999999999041 49.999999999999034 -9.6633812063373625e-13 -9.5923269327613525e-13 1.0000000000000007 1969.8656512435414 8030.1343487333779 0.027478864304248167 0 0 0.99597163619101892 5.6766471493391637e-18 1 -2.2946575195526009e-13 -4.1086642958319472e-13 -4.7646053652899142e-13 0.33773916552755467 0.33242537747603412 0.0053137880515205516 0.0013745835811646253
21500 0 0 0.086883394611682527 24.934815233664214 0.0020397111239576914 0.0011837391055989374 0.0020397111239577109 0.0011837391055989396 0.0020397111239576914 -2.231270723745668e-17 -4.9856863429515848e-17 -4.7340936712182758e-17 1.7891335303918199e-16 -1.8749629345777971e-16 49.999999999998991 49.999999999999019 49.999999999998991 -1.0089706847793423e-12 -9.8054897534893826e-13 1.0000000000000011 1969.8656512434425 8030.1343487329832 0.027509517197444575 0 0 0.99394709833877248 6.6920317029102616e-18 1 -2.2321036620594203e-13 -5.1546463766209e-13 -4.7340729149968943e-13 0.3363404064710046 0.33285598543970768 0.0034844210312969248 0.0011837391055989374
22000 0 0 0.062219421148223326 24.95676955588824 0.001405920312245438 0.00076360462687613843 0.0014059203122453838 0.0007636046268761368 0.001405920312245438 -2.4758320393895899e-17 -5.1757339733629541e-17 -5.3753489585633398e-17 -1.3718433192793318e-16 -1.9614353400668932e-16 49.999999999998948 49.999999999998984 49.999999999998948 -1.0516032489249483e-12 -1.0160761121369433e-12 1.000000000000004 1969.8656512433458 8030.1343487325385 0.027612235519120138 0 0 0.99467145224188203 6.6061079865099344e-18 1 -2.4717727864498329e-13 -5.1761568121977408e-13 -5.3763275552160656e-13 0.33567040377739177 0.33317731583951227 0.0024930879378795012 0.00076360462687613843
22500 0 0 0.060149648656232194 24.957876780643325 0.0014360127300431535 0.0008342400341172382 0.0014360127300431856 0.00083424003411723875 0.0014360127300431535 -3.2177038811277942e-17 -5.3657599197308921e-17 -5.6885576181222244e-17 -3.9008505277649811e-16 -3.2058286398978586e-16 49.999999999998899 49.999999999998934 49.999999999998899 -1.1013412404281553e-12 -1.0658141036401503e-12 1.0000000000000009 1969.8656512432262 8030.1343487320555 0.027519567800771624 0 0 0.99548015459681471 6.3799238984442666e-18 1 -3.2186059373273679e-13 -5.3920973588916787e-13 -5.6901941160972394e-13 0.33575228483005637 0.33334223812676939 0.0024100467032869832 0.0008342400341172382
23000 0 0 0.074067384295320504 24.948472782829977 0.002149218073491365 0.001296186815424485 0.0021492180734914226 0.001296186815424484 0.002149218073491365 -3.111816360154061e-17 -5.7502527045650014e-17 -5.8275752396256245e-17 -5.1071694730276387e-16 -2.1156115763596409e-16 49.999999999998849 49.999999999998906 49.999999999998849 -1.1510792319313623e-12 -1.0942358130705543e-12 1.0000000000000011 1969.8656512431216 8030.1343487316299 0.027493134040470883 0 0 0.99635914708045714 6.1429960632596049e-18 1 -3.1136206080865231e-13 -5.6281108246070133e-13 -5.8285796390515866e-13 0.33601719430536925 0.33304837994386272 0.0029688143615065332 0.001296186815424485
23500 0 0 0.098149616320568095 24.935749430562677 0.0023542708468213122 0.001403570174851414 0.0023542708468213716 0.0014035701748514144 0.0023542708468213122 -2.7712034056453469e-17 -5.9365533322684026e-17 -6.1717559185294104e-17 -5.099577694707978e-16 -2.8367414559898848e-17 49.999999999998806 49.99999999999887 49.999999999998806 -1.1937117960769683e-12 -1.1297629498585593e-12 1.0000000000000031 1969.8656512430166 8030.1343487312897 0.027526395609564713 0 0 0.99460978546441892 5.9461548665995391e-18 1 -2.7734075886548526e-13 -5.8742725581820837e-13 -6.171239908520343e-13 0.33627388170387756 0.33233778118306184 0.0039361005208157218 0.001403570174851414
24000 0 0 0.12067969422275969 24.918425984700711 0.0015125417366098379 0.00089677843943891276 0.0015125417366097735 0.00089677843943891222 0.0015125417366098379 -2.874783744396345e-17 -5.9355482768548262e-17 -6.8285031700016011e-17 -3.6891563125794431e-16 1.885097496446489e-16 49.999999999998764 49.999999999998828 49.999999999998764 -1.2363443602225743e-12 -1.1723955140041653e-12 1.0000000000000007 1969.8656512429088 8030.1343487307113 0.027541166072277343 0 0 0.99149776370656939 5.7320853721773576e-18 1 -2.8712273071531281e-13 -6.0508138670839267e-13 -6.8293644341390505e-13 0.33674472698061869 0.33190173672526091 0.0048429902553577819 0.00089677843943891276
24500 0 0 0.13297139982503164 24.906019171885323 0.00084480752686450899 0.00045813715687966384 0.00084480752686456656 0.00045813715687966487 0.00084480752686450899 -2.2307850011731435e-17 -5.7558265879347919e-17 -6.7974166785480224e-17 -1.1826654730687734e-16 2.0267136615180032e-16 49.999999999998714 49.999999999998771 49.999999999998714 -1.2860823517257813e-12 -1.2292389328649733e-12 1.000000000000002 1969.8656512428045 8030.1343487303611 0.027531466329814427 0 0 0.99233994230500566 5.8422893601240937e-18 1 -2.2328321781566948e-13 -5.7673126934972355e-13 -6.7969808435461637e-13 0.3371760756598185 0.33183714939836545 0.0053389262614530475 0.00045813715687966384
25000 0 0 0.13581188475698761 24.910257739728383 0.0014738207551802905 0.0008339641272208006 0.0014738207551803181 0.00083396412722079951 0.0014738207551802905 -2.2616370581935869e-17 -6.1292821946530804e-17 -6.9980612084059646e-17 1.330380255890859e-16 1.2816472743809506e-16 49.999999999998664 49.999999999998735 49.999999999998664 -1.3358203432289883e-12 -1.2647660696529783e-12 1.0000000000000016 1969.865651242699 8030.1343487298791 0.027515268812189578 0 0 0.99319083041667977 6.2032542505985054e-18 1 -2.256727790750368e-13 -6.0917947864390885e-13 -6.9985881004065252e-13 0.33754024325408633 0.3320881967045885 0.0054520465494978243 0.0008339641272208006
25500 0 0 0.099186418394592468 24.9288659758957 0.0024838444574968362 0.0013670620200500253 0.0024838444574969026 0.0013670620200500266 0.0024838444574968362 -3.032071121964054e-17 -6.3003129189591129e-17 -7.2824314311316657e-17 2.9213993184298557e-16 -5.4874904078301127e-17 49.999999999998614 49.999999999998685 49.999999999998614 -1.3855583347321954e-12 -1.3145040611561853e-12 1.0000000000000002 1969.865651242591 8030.1343487293843 0.027466671551430174 0 0 0.99595914674187858 6.3380636504255606e-18 1 -3.0303016870694265e-13 -6.3075380506892815e-13 -7.2811015491367034e-13 0.33639596004414363 0.33241718224933747 0.0039787777948061542 0.0013670620200500253
26000 0 0 0.069768343909543271 24.949644345181579 0.0021592063826697304 0.0012184448200351263 0.0021592063826697625 0.0012184448200351276 0.0021592063826697304 -3.2098889518697352e-17 -6.2926877250803575e-17 -7.032228109207903e-17 3.6332154508771889e-16 -2.5345829260059159e-16 49.999999999998565 49.999999999998657 49.999999999998565 -1.4352963262354024e-12 -1.3429257705865894e-12 1.0000000000000009 1969.8656512424902 8030.1343487290123 0.027497422580930866 0 0 0.99618656072156764 5.9354668990923532e-18 1 -3.2080935130629484e-13 -6.243024760349547e-13 -7.0350085765759329e-13 0.33560730981935233 0.33281094354878393 0.0027963662705683956 0.0012184448200351263
26500 0 0 0.063785872003344471 24.959329467253731 0.0013243155044989799 0.00078749686725933861 0.0013243155044989367 0.00078749686725933829 0.0013243155044989799 -2.7827566639962987e-17 -5.9782669266546855e-17 -6.686491771982809e-17 1.3341304145074279e-16 -3.21333965484754e-16 49.999999999998515 49.999999999998622 49.999999999998515 -1.4850343177386094e-12 -1.3784529073745944e-12 1.0000000000000004 1969.8656512423654 8030.1343487285358 0.027558892006010978 0 0 0.9961984079548224 6.6109308233317209e-18 1 -2.7820280801282848e-13 -5.8825795797023961e-13 -6.686138772667126e-13 0.33567300101458997 0.3331174086423257 0.0025555923722642704 0.00078749686725933861
27000 0 0 0.075045933009446453 24.94922163820446 0.00099985261027126134 0.00056886780810233854 0.0009998526102712557 0.00056886780810233865 0.00099985261027126134 -3.1722888205281763e-17 -6.8035355995012388e-17 -6.9511643316542362e-17 1.4763515942077474e-17 -3.9455893262464485e-16 49.999999999998479 49.999999999998579 49.999999999998479 -1.5205614545266144e-12 -1.4210854715202004e-12 1.0000000000000007 1969.8656512422749 8030.1343487280756 0.027606420635952578 0 0 0.99537012344453368 6.3062448310408014e-18 1 -3.1778399356419129e-13 -6.778414635144614e-13 -6.9534924718419453e-13 0.33629276766853672 0.33328482080359206 0.003007946864944655 0.00056886780810233854
27500 0 0 0.094675048574090731 24.932415420258746 0.0016230772472115335 0.0010484266697919982 0.0016230772472115575 0.0010484266697920004 0.0016230772472115335 -2.9969082771065674e-17 -6.4697205926140471e-17 -7.2649729886959148e-17 -9.7648335490750047e-17 -3.2676118696310668e-16 49.99999999999843 49.999999999998529 49.99999999999843 -1.5702994460298214e-12 -1.4708234630234074e-12 1.0000000000000042 1969.8656512421639 8030.1343487276699 0.027550180806197585 0 0 0.99594501393744483 6.1141226140507743e-18 1 -2.9938212824619226e-13 -6.5466295579019729e-13 -7.264120786283575e-13 0.33677902221427286 0.33298175480242143 0.0037972674118514349 0.0010484266697919982
28000 0 0 0.11836624634594788 24.915282708971855 0.0016888526126051687 0.0011874432758785074 0.0016888526126052367 0.0011874432758785067 0.0016888526126051687 -3.2994787457875002e-17 -6.8108799850183561e-17 -7.2291703713786392e-17 -2.2484803355896052e-16 -1.033785089508628e-16 49.999999999998394 49.999999999998494 49.999999999998394 -1.6058265828178264e-12 -1.5063505998114124e-12 1.0000000000000011 1969.8656512420662 8030.1343487272361 0.027542742893959669 0 0 0.99468261072655473 6.0262805753633061e-18 1 -3.2993052734298089e-13 -6.8661785648403348e-13 -7.2304309289055529e-13 0.33713509816828585 0.33238434949211992 0.0047507486761659279 0.0011874432758785074
28500 0 0 0.1356439475304328 24.898631124798509 0.0017058238625940448 0.0009061921064930377 0.001705823862594117 0.00090619210649303639 0.0017058238625940448 -3.7513742112810899e-17 -7.2199581383162466e-17 -6.9268904571351808e-17 -3.8197467012560018e-16 6.152195619339921e-17 49.999999999998352 49.999999999998451 49.999999999998352 -1.6484591469634324e-12 -1.5489831639570184e-12 1.0000000000000004 1969.8656512419486 8030.1343487267814 0.02759547554661685 0 0 0.99463076067518619 5.8185842239561836e-18 1 -3.7521200407200812e-13 -7.3586926482849258e-13 -6.9280340277054693e-13 0.3374810267939552 0.33203317920544523 0.0054478475885099686 0.0009061921064930377
29000 0 0 0.145559962408877 24.893728208488085 0.0012254975692590694 0.00070666417599477363 0.0012254975692591547 0.00070666417599477558 0.0012254975692590694 -3.675809656667516e-17 -8.3739135417748689e-17 -6.7311689231446859e-17 -3.7192922771459009e-16 2.137805908138894e-16 49.999999999998302 49.999999999998394 49.999999999998302 -1.6981971384666394e-12 -1.6058265828178264e-12 1.0000000000000011 1969.8656512418388 8030.1343487263421 0.027518744197496708 0 0 0.99464942390317534 5.2677625932879339e-18 1 -3.6758446221758778e-13 -8.4374911571427624e-13 -6.7317051850645251e-13 0.33781852786674116 0.33197127344226146 0.0058472544244796976 0.00070666417599477363
29500 0 0 0.13818231518097848 24.908142661181536 0.0014457810287239804 0.00089429386674609015 0.0014457810287238891 0.00089429386674608961 0.0014457810287239804 -3.8930317303302257e-17 -9.1290842073616955e-17 -6.1496184915558231e-17 -2.5102713318987033e-16 2.3242906290700956e-16 49.999999999998252 49.999999999998344 49.999999999998252 -1.7479351299698465e-12 -1.6555645743210334e-12 1.0000000000000011 1969.8656512417369 8030.1343487259246 0.027512032670779608 0 0 0.99475954505269193 5.5065623895947604e-18 1 -3.8949748916612681e-13 -9.1305133213207684e-13 -6.1513853439243259e-13 0.33769279770344252 0.33214512130457835 0.0055476763988641653 0.00089429386674609015
29999 0 0 0.092513739753295285 24.936551401632375 0.0016524351433235922 0.0011919543477783223 0.0016524351433235538 0.0011919543477783233 0.0016524351433235922 -3.8462982798874362e-17 -9.4778026573128083e-17 -6.2117171745531338e-17 -4.1624737463233507e-17 3.6659475699027856e-17 49.999999999998209 49.999999999998273 49.999999999998209 -1.7905676941154525e-12 -1.7266188478970435e-12 1.0000000000000007 1969.8656512416278 8030.1343487253844 0.027550018436362667 0 0 0.99609638652570209 6.4343929217679227e-18 1 -3.846992304790478e-13 -9.5348620492152758e-13 -6.2140829274570651e-13 0.33613355936865297 0.33242359409465605 0.003709965273996918 0.0011919543477783223
