# 1:passo  2:raio_area  3:raio_grad  4:raio_linha  5:p_in  6:p_out  7:delta_p  8:sigma  9:|u-v0|max  10:|u-v0|rms  11:Ca  12:massa_R  13:massa_B  14:|q|  15:sd_p_in  16:sd_p_out  17:sigma_2pontos  18:K_perfil  19:r_perfil  20:espessura_10_90  21:residuo_ajuste  22:n_camadas
0 25.04052139 25.08111096 25 0.3333333333 0.3333333333 -2.220446049e-16 -5.560112678e-15 0.00260632807 0.0005292094851 0 1969.865651 8030.134349 2.300833535e-16 2.731879552e-08 0 -2.775557562e-15 1.273345395 25.01411833 3.451105388 0.08159937045 12
500 24.64153891 24.64227097 24.55236212 0.3442744646 0.3316230799 0.01265138474 0.3117495894 0.00447162098 0.003144105128 0.004781210232 1969.865651 8030.134349 1.602366461e-14 0.000301220863 0.0002767429138 0.2883482422 1.292101485 24.61499532 3.40100929 0.0755671375 12
1000 24.51316934 24.5102745 24.4295644 0.3491200808 0.3298408645 0.01927921629 0.4725946936 0.003638882565 0.002501268793 0.002566598549 1969.865651 8030.134349 1.366596645e-14 4.800663497e-05 6.482976688e-05 0.4656675131 1.2912602 24.48188003 3.403225125 0.09111995059 12
1500 24.47337737 24.46852218 24.39435922 0.3506029327 0.3292053322 0.02139760055 0.5236715531 0.001789114588 0.001237608893 0.001138827431 1969.865651 8030.134349 3.32308943e-14 2.601359784e-05 0.0001651213408 0.5302565346 1.291455407 24.44020367 3.402710718 0.09793084766 12
2000 24.4708251 24.4651162 24.39294588 0.3507001007 0.3291657951 0.02153430559 0.5269622258 0.0005220958935 0.0003605380185 0.0003302551036 1969.865651 8030.134349 4.022099926e-14 3.138054065e-05 0.000180636329 0.5343668396 1.291605891 24.4372296 3.402314272 0.09959821068 12
2500 24.47842462 24.47251786 24.39988835 0.3504217033 0.3293010096 0.02112069368 0.5170013082 7.576445883e-05 3.236979048e-05 4.884865707e-05 1969.865651 8030.134349 2.034620943e-14 1.840835157e-05 0.0001082625389 0.5207331834 1.291430147 24.44497817 3.402777272 0.09967915687 12
3000 24.48519103 24.47935217 24.40577162 0.3501738742 0.329422348 0.02075152627 0.5081050848 0.0001707710352 0.0001195189597 0.0001120313103 1969.865651 8030.134349 1.521387622e-14 6.785728654e-06 4.054785696e-05 0.5084698219 1.291772077 24.45146638 3.401876563 0.09743946934 12
3500 24.48872449 24.48299621 24.40876451 0.3500447363 0.3294861663 0.02055856998 0.5034531561 0.000128903413 8.998717103e-05 8.534618131e-05 1969.865651 8030.134349 1.031044705e-14 7.733756125e-07 4.183204904e-06 0.502020803 1.291771339 24.45514843 3.401878508 0.09687776351 12
4000 24.48984317 24.48418851 24.40967965 0.3500039253 0.3295064414 0.02049748389 0.501980166 7.994033073e-05 4.264029394e-05 5.308332623e-05 1969.865651 8030.134349 8.266816114e-15 1.122042981e-06 7.440316364e-06 0.4999730247 1.291766439 24.45633023 3.401891411 0.09663901301 12
4500 24.48983253 24.48420929 24.40964669 0.3500043055 0.3295062044 0.02049810108 0.5019950626 6.077474602e-05 1.308300872e-05 4.035547395e-05 1969.865651 8030.134349 4.798946567e-15 1.106832693e-06 7.235078611e-06 0.4999960962 1.291669216 24.45682343 3.402147468 0.09743964139 12
5000 24.48953041 24.48391356 24.40938038 0.3500152977 0.3295006579 0.02051463978 0.5023938949 5.696409046e-05 7.882152679e-06 3.779510529e-05 1969.865651 8030.134349 1.033928858e-14 6.069061242e-07 3.960939447e-06 0.500554679 1.291667199 24.4565151 3.402152781 0.09746353805 12
5500 24.48928614 24.48366624 24.40917139 0.3500241837 0.3294961784 0.0205280053 0.5027161958 5.662109402e-05 8.927234571e-06 3.754344532e-05 1969.865651 8030.134349 5.237193155e-15 2.074302966e-07 1.326187809e-06 0.5010059717 1.291759809 24.4557713 3.401908873 0.09664747347 12
6000 24.48916578 24.4835417 24.40907051 0.3500285616 0.3294939722 0.02053458937 0.5028749635 5.68362438e-05 8.266541501e-06 3.767420527e-05 1969.865651 8030.134349 1.541438649e-14 7.298394117e-08 4.324941636e-08 0.5012282823 1.291759852 24.45564568 3.401908759 0.09666747457 12
6500 24.4891316 24.4835049 24.40904297 0.3500298045 0.3294933464 0.02053645816 0.5029200265 5.715931439e-05 7.728221545e-06 3.788495942e-05 1969.865651 8030.134349 1.101837591e-14 9.274085394e-08 3.356453896e-07 0.5012913724 1.291760044 24.45560941 3.401908253 0.09667538829 12
7000 24.48913534 24.48350759 24.409047 0.3500296686 0.3294934154 0.0205362532 0.5029150839 5.738643486e-05 7.595145091e-06 3.803586775e-05 1969.865651 8030.134349 8.332175449e-15 8.575339022e-08 2.945973336e-07 0.5012844385 1.29176019 24.45561282 3.401907869 0.0966765967 12
7500 24.4891474 24.48351949 24.40905756 0.3500292298 0.3294936369 0.02053559289 0.5028991611 5.747945552e-05 7.585404685e-06 3.809872831e-05 1969.865651 8030.134349 5.866718121e-15 7.720628886e-08 1.635346345e-07 0.5012621318 1.29143379 24.45613022 3.402767675 0.09807677809 12
8000 24.48915629 24.48352852 24.40906514 0.3500289063 0.3294938001 0.02053510622 0.5028874258 5.749159778e-05 7.584962625e-06 3.810766574e-05 1969.865651 8030.134349 2.787440063e-14 6.913407639e-08 6.281133148e-08 0.5012456938 1.291433808 24.45613943 3.402767628 0.09807556193 12
8500 24.4891604 24.48353278 24.40906857 0.3500287571 0.3294938753 0.02053488178 0.5028820137 5.747650451e-05 7.583540095e-06 3.809807134e-05 1969.865651 8030.134349 1.693379875e-14 7.289141237e-08 5.115727512e-08 0.5012381131 1.291760273 24.45563867 3.40190765 0.09667357709 12
9000 24.48916141 24.48353389 24.40906938 0.3500287202 0.3294938939 0.02053482627 0.5028806751 5.746103922e-05 7.583103971e-06 3.808792163e-05 1969.865651 8030.134349 3.010451156e-14 7.148058282e-08 2.683304632e-08 0.5012362383 1.291760266 24.45563975 3.40190767 0.09667331878 12
9500 24.48916116 24.48353368 24.40906913 0.3500287293 0.3294938893 0.02053483997 0.5028810054 5.745237194e-05 7.58324957e-06 3.808215152e-05 1969.865651 8030.134349 3.849252927e-14 7.218252157e-08 0 0.5012367012 1.29176026 24.45563951 3.401907683 0.0966732936 12
10000 24.48916069 24.48353321 24.40906872 0.3500287465 0.3294938806 0.02053486581 0.5028816285 5.744933884e-05 7.583403569e-06 3.808009386e-05 1969.865651 8030.134349 2.406626653e-14 7.32638618e-08 2.534650014e-08 0.5012375744 1.291760258 24.45563903 3.40190769 0.09667334107 12
10500 24.48916037 24.48353288 24.40906845 0.3500287581 0.3294938748 0.02053488336 0.5028820519 5.744913448e-05 7.583456183e-06 3.807992634e-05 1969.865651 8030.134349 3.000593538e-14 7.241330922e-08 3.05148507e-08 0.5012381674 1.291760257 24.45563869 3.401907691 0.09667338657 12
11000 24.48916023 24.48353274 24.40906834 0.3500287632 0.3294938722 0.02053489093 0.5028822342 5.744976612e-05 7.583455326e-06 3.808033121e-05 1969.865651 8030.134349 1.389929067e-14 7.362412448e-08 3.408405776e-08 0.5012384229 1.291760258 24.45563855 3.40190769 0.09667341132 12
11500 24.4891602 24.4835327 24.40906831 0.3500287642 0.3294938717 0.02053489249 0.502882272 5.745033733e-05 7.583441691e-06 3.808070698e-05 1969.865651 8030.134349 3.023806848e-15 7.052073291e-08 3.878309439e-08 0.5012384757 1.291760258 24.45563852 3.40190769 0.09667341959 12
12000 24.48916022 24.48353272 24.40906833 0.3500287637 0.3294938719 0.02053489179 0.502882255 5.74506386e-05 7.583430849e-06 3.808090796e-05 1969.865651 8030.134349 2.330372853e-14 7.135657255e-08 3.373407109e-08 0.5012384517 1.291760258 24.45563853 3.401907689 0.09667341984 12
12500 24.48916023 24.48353273 24.40906834 0.3500287631 0.3294938723 0.02053489078 0.5028822308 5.745073471e-05 7.583425443e-06 3.80809735e-05 1969.865651 8030.134349 2.855279459e-14 7.168786234e-08 2.801954896e-08 0.501238418 1.291760258 24.45563855 3.401907689 0.09667341787 12
13000 24.48916024 24.48353275 24.40906835 0.3500287626 0.3294938725 0.02053489016 0.5028822157 5.7450734e-05 7.58342383e-06 3.808097417e-05 1969.865651 8030.134349 2.90195648e-14 7.035243914e-08 2.58359549e-08 0.5012383969 1.291760258 24.45563856 3.401907689 0.09667341619 12
13500 24.48916025 24.48353275 24.40906835 0.3500287625 0.3294938726 0.02053488991 0.5028822096 5.745070809e-05 7.583423932e-06 3.808095746e-05 1969.865651 8030.134349 2.506035662e-14 6.809226843e-08 3.622400487e-08 0.5012383884 1.291760258 24.45563857 3.401907689 0.09667341533 12
14000 24.48916025 24.48353275 24.40906836 0.3500287624 0.3294938726 0.02053488987 0.5028822086 5.745068706e-05 7.583424442e-06 3.808094359e-05 1969.865651 8030.134349 2.013409722e-14 7.036846544e-08 3.53268981e-08 0.501238387 1.291760258 24.45563857 3.401907689 0.09667341507 12
14500 24.48916025 24.48353275 24.40906835 0.3500287625 0.3294938726 0.0205348899 0.5028822094 5.745067666e-05 7.583424833e-06 3.808093664e-05 1969.865651 8030.134349 2.439538282e-14 7.191592274e-08 2.187321481e-08 0.5012383881 1.291760258 24.45563857 3.401907689 0.09667341508 12
15000 24.48916025 24.48353275 24.40906835 0.3500287625 0.3294938726 0.02053488994 0.5028822103 5.74506737e-05 7.583425018e-06 3.808093461e-05 1969.865651 8030.134349 1.100641155e-14 7.288799872e-08 2.194356236e-08 0.5012383894 1.291760258 24.45563856 3.401907689 0.09667341516 12
15500 24.48916025 24.48353275 24.40906835 0.3500287625 0.3294938726 0.02053488995 0.5028822106 5.745067401e-05 7.583425067e-06 3.808093479e-05 1969.865651 8030.134349 1.055754464e-14 7.045054649e-08 3.037509609e-08 0.5012383901 1.291760258 24.45563856 3.401907689 0.09667341522 12
16000 24.48916025 24.48353275 24.40906835 0.3500287625 0.3294938726 0.02053488997 0.5028822111 5.745067504e-05 7.583425058e-06 3.808093544e-05 1969.865651 8030.134349 2.347800211e-14 7.064206256e-08 1.221248784e-08 0.5012383904 1.291760258 24.45563856 3.401907689 0.09667341525 12
16500 24.48916025 24.48353275 24.40906835 0.3500287625 0.3294938725 0.02053488997 0.5028822111 5.745067581e-05 7.583425038e-06 3.808093595e-05 1969.865651 8030.134349 1.365803934e-14 7.030594355e-08 3.288878325e-08 0.5012383904 1.291760258 24.45563856 3.401907689 0.09667341526 12
17000 24.48916025 24.48353275 24.40906835 0.3500287625 0.3294938726 0.02053488997 0.5028822111 5.745067616e-05 7.583425024e-06 3.808093619e-05 1969.865651 8030.134349 1.911326139e-14 7.467178189e-08 3.989387384e-08 0.5012383904 1.291760258 24.45563856 3.401907689 0.09667341526 12
17500 24.48916025 24.48353275 24.40906835 0.3500287625 0.3294938726 0.02053488996 0.502882211 5.745067625e-05 7.583425017e-06 3.808093625e-05 1969.865651 8030.134349 1.483547932e-14 7.259163769e-08 3.810353971e-08 0.5012383903 1.291760258 24.45563856 3.401907689 0.09667341526 12
18000 24.48916025 24.48353275 24.40906835 0.3500287625 0.3294938726 0.02053488996 0.502882211 5.745067623e-05 7.583425016e-06 3.808093623e-05 1969.865651 8030.134349 3.068332593e-14 7.121857294e-08 2.563059231e-08 0.5012383903 1.291760258 24.45563856 3.401907689 0.09667341526 12
18500 24.48916025 24.48353275 24.40906835 0.3500287625 0.3294938726 0.02053488996 0.502882211 5.745067619e-05 7.583425017e-06 3.808093621e-05 1969.865651 8030.134349 2.771418893e-14 7.216283772e-08 3.361051151e-08 0.5012383903 1.291760258 24.45563856 3.401907689 0.09667341525 12
19000 24.48916025 24.48353275 24.40906835 0.3500287625 0.3294938726 0.02053488996 0.502882211 5.745067616e-05 7.583425017e-06 3.808093619e-05 1969.865651 8030.134349 1.700501866e-14 7.09465077e-08 3.512984226e-08 0.5012383903 1.291760258 24.45563856 3.401907689 0.09667341525 12
19500 24.48916025 24.48353275 24.40906835 0.3500287625 0.3294938726 0.02053488995 0.5028822108 5.745067615e-05 7.583425018e-06 3.80809362e-05 1969.865651 8030.134349 3.534134614e-15 7.403461978e-08 0 0.5012383903 1.291760258 24.45563856 3.401907689 0.09667341525 12
20000 24.48916025 24.48353275 24.40906835 0.3500287625 0.3294938726 0.02053488995 0.5028822108 5.745067615e-05 7.583425018e-06 3.80809362e-05 1969.865651 8030.134349 1.316222117e-14 7.09212978e-08 2.481798601e-08 0.5012383903 1.291760258 24.45563856 3.401907689 0.09667341525 12
20500 24.48916025 24.48353275 24.40906835 0.3500287625 0.3294938726 0.02053488996 0.502882211 5.745067615e-05 7.583425018e-06 3.808093618e-05 1969.865651 8030.134349 3.02269532e-14 6.965274617e-08 5.07890428e-08 0.5012383903 1.291760258 24.45563856 3.401907689 0.09667341525 12
21000 24.48916025 24.48353275 24.40906835 0.3500287625 0.3294938725 0.02053488997 0.5028822112 5.745067615e-05 7.583425018e-06 3.808093617e-05 1969.865651 8030.134349 2.986390359e-14 7.25612168e-08 5.191327227e-08 0.5012383903 1.291760258 24.45563856 3.401907689 0.09667341525 12
21500 24.48916025 24.48353275 24.40906835 0.3500287625 0.3294938726 0.02053488995 0.5028822108 5.745067615e-05 7.583425018e-06 3.80809362e-05 1969.865651 8030.134349 4.677956031e-14 7.0899723e-08 5.191799022e-08 0.5012383903 1.291666314 24.45612834 3.402155114 0.09752158862 12
22000 24.48916025 24.48353275 24.40906835 0.3500287625 0.3294938726 0.02053488996 0.502882211 5.745067615e-05 7.583425018e-06 3.808093618e-05 1969.865651 8030.134349 4.069176582e-14 7.105944409e-08 4.603919036e-08 0.5012383903 1.291433789 24.45614362 3.402767677 0.09807469315 12
22500 24.48916025 24.48353275 24.40906835 0.3500287625 0.3294938726 0.02053488995 0.5028822108 5.745067615e-05 7.583425018e-06 3.80809362e-05 1969.865651 8030.134349 4.284064351e-14 6.962199125e-08 4.602238252e-08 0.5012383903 1.291666314 24.45612834 3.402155114 0.09752158862 12
23000 24.48916025 24.48353275 24.40906835 0.3500287625 0.3294938726 0.02053488996 0.502882211 5.745067615e-05 7.583425018e-06 3.808093618e-05 1969.865651 8030.134349 1.321117235e-13 7.153088768e-08 4.189758997e-08 0.5012383903 1.291433789 24.45614362 3.402767677 0.09807469315 12
23500 24.48916025 24.48353275 24.40906835 0.3500287625 0.3294938725 0.02053488997 0.5028822112 5.745067615e-05 7.583425018e-06 3.808093617e-05 1969.865651 8030.134349 1.909771751e-13 7.304926827e-08 3.657525166e-08 0.5012383903 1.291667063 24.45612966 3.402153142 0.09752156552 12
24000 24.48916025 24.48353275 24.40906835 0.3500287625 0.3294938725 0.02053488997 0.5028822112 5.745067615e-05 7.583425018e-06 3.808093617e-05 1969.865651 8030.134349 2.200695259e-13 7.472257295e-08 3.68791872e-08 0.5012383903 1.291667063 24.45612966 3.402153142 0.09752156552 12
24500 24.48916025 24.48353275 24.40906835 0.3500287625 0.3294938725 0.02053488997 0.5028822112 5.745067615e-05 7.583425018e-06 3.808093617e-05 1969.865651 8030.134349 2.040769572e-13 7.217297463e-08 3.021775427e-08 0.5012383903 1.291667063 24.45612966 3.402153142 0.09752156552 12
25000 24.48916025 24.48353275 24.40906835 0.3500287625 0.3294938726 0.02053488996 0.502882211 5.745067615e-05 7.583425018e-06 3.808093618e-05 1969.865651 8030.134349 1.678123685e-13 7.095276798e-08 2.125892104e-08 0.5012383903 1.291433789 24.45614362 3.402767677 0.09807469315 12
25500 24.48916025 24.48353275 24.40906835 0.3500287625 0.3294938725 0.02053488997 0.5028822112 5.745067615e-05 7.583425018e-06 3.808093617e-05 1969.865651 8030.134349 2.217475644e-13 7.140271044e-08 1.886874204e-08 0.5012383903 1.291760258 24.45563856 3.401907689 0.09667341525 12
26000 24.48916025 24.48353275 24.40906835 0.3500287625 0.3294938726 0.02053488995 0.5028822108 5.745067615e-05 7.583425018e-06 3.80809362e-05 1969.865651 8030.134349 3.749455515e-13 7.194645638e-08 1.365289087e-08 0.5012383903 1.291760258 24.45563856 3.401907689 0.09667341525 12
26500 24.48916025 24.48353275 24.40906835 0.3500287625 0.3294938726 0.02053488995 0.5028822108 5.745067615e-05 7.583425018e-06 3.80809362e-05 1969.865651 8030.134349 4.872971934e-13 6.985357454e-08 2.173342629e-08 0.5012383903 1.291760258 24.45563856 3.401907689 0.09667341525 12
27000 24.48916025 24.48353275 24.40906835 0.3500287625 0.3294938726 0.02053488995 0.5028822108 5.745067615e-05 7.583425018e-06 3.80809362e-05 1969.865651 8030.134349 4.821751475e-13 7.300281691e-08 1.353099787e-08 0.5012383903 1.291760258 24.45563856 3.401907689 0.09667341525 12
27500 24.48916025 24.48353275 24.40906835 0.3500287625 0.3294938726 0.02053488995 0.5028822108 5.745067615e-05 7.583425018e-06 3.80809362e-05 1969.865651 8030.134349 6.039956881e-13 7.154517169e-08 0 0.5012383903 1.291760258 24.45563856 3.401907689 0.09667341525 12
28000 24.48916025 24.48353275 24.40906835 0.3500287625 0.3294938726 0.02053488995 0.5028822108 5.745067615e-05 7.583425018e-06 3.80809362e-05 1969.865651 8030.134349 6.420009274e-13 7.172111497e-08 2.102792307e-08 0.5012383903 1.291760258 24.45563856 3.401907689 0.09667341525 12
28500 24.48916025 24.48353275 24.40906835 0.3500287625 0.3294938726 0.02053488995 0.5028822108 5.745067615e-05 7.583425018e-06 3.80809362e-05 1969.865651 8030.134349 7.511038314e-13 7.133486275e-08 0 0.5012383903 1.291760258 24.45563856 3.401907689 0.09667341525 12
29000 24.48916025 24.48353275 24.40906835 0.3500287625 0.3294938726 0.02053488995 0.5028822108 5.745067615e-05 7.583425018e-06 3.80809362e-05 1969.865651 8030.134349 8.887618156e-13 7.067198872e-08 0 0.5012383903 1.291760258 24.45563856 3.401907689 0.09667341525 12
29500 24.48916025 24.48353275 24.40906835 0.3500287625 0.3294938726 0.02053488995 0.5028822108 5.745067615e-05 7.583425018e-06 3.80809362e-05 1969.865651 8030.134349 1.076980079e-12 7.145482341e-08 2.359926199e-08 0.5012383903 1.291760258 24.45563856 3.401907689 0.09667341525 12
29999 24.48916025 24.48353275 24.40906835 0.3500287625 0.3294938726 0.02053488996 0.502882211 5.745067615e-05 7.583425018e-06 3.808093618e-05 1969.865651 8030.134349 1.252651496e-12 6.994523361e-08 2.633909434e-08 0.5012383903 1.291667063 24.45612966 3.402153142 0.09752156552 12
