# step v0 Mach sigma R umax_ref urms_ref umax_mean urms_mean umax_lab mean_x mean_y mean_z drop_ux drop_uy x0 y0 x_unwrapped center_dx center_dy axis_ratio mass_R mass_B min_f negative_total negative_color min_rho min_phi max_phi qx qy qz p_in p_out delta_p urms_lab
0 0 0 -5.560112678108922e-15 25.040521385269312 0.0099231528097521258 0.0012100834406629064 0.0099231528097521258 0.0012100834406629064 0.0099231528097521258 9.2735449890409307e-21 -3.1206326324124014e-20 7.1438752793733987e-22 8.5850015400351312e-20 -1.3117324774947785e-19 50.000000000000007 50.000000000000007 50.000000000000007 7.1054273576010019e-15 7.1054273576010019e-15 1.0000000000000004 1969.8656512480638 8030.1343487520408 0.025559156262135743 0 0 0.99999999999999967 5.1710809399147485e-26 0.99999999999998512 -2.3952283009433956e-16 -6.3243862213432287e-16 -2.3825513967670478e-18 0.33333333333333387 0.33333333333333409 -2.2204460492503131e-16 0.0012100834406629064
500 0 0 0.15028747757170594 24.774571144573414 0.0096504492636191302 0.0054258359816149807 0.0096504492636191076 0.0054258359816149789 0.0096504492636191302 3.4833594342311222e-17 -2.2213134109884127e-17 -1.0876945897353144e-21 2.5294850693413277e-17 -1.2894723113723058e-17 50.000000000000021 49.999999999999986 50.000000000000021 2.1316282072803006e-14 -1.4210854715202004e-14 1.0000000000000036 1969.8656512479611 8030.1343487516051 0.025493793964135748 0 0 0.97081313273037073 4.114476580278869e-18 1 3.4848859908898078e-13 -2.3833322468358453e-13 -6.2723825750695877e-17 0.33880260846944626 0.33273640951509525 0.0060661989543510098 0.0054258359816149807
1000 0 0 0.34439890812795193 24.590324759508164 0.010406928085247664 0.0064798414150119311 0.010406928085247636 0.0064798414150119337 0.010406928085247664 3.2618699408185308e-17 -2.1595572552437268e-17 7.2275924303307313e-20 5.5115172854942433e-17 -2.9283226789219225e-17 50.00000000000005 49.999999999999957 50.00000000000005 4.9737991503207013e-14 -4.2632564145606011e-14 1.0000000000000029 1969.8656512478781 8030.1343487512049 0.025796507783464186 0 0 0.97936822672518398 5.5467055790955642e-18 1 3.2575683686988932e-13 -2.8096275306310758e-13 7.7601488159516517e-16 0.3446777644276226 0.33067230042923496 0.014005463998387646 0.0064798414150119311
1500 0 0 0.52907837695930271 24.457804026651456 0.0083048487960329272 0.0052201910172444072 0.0083048487960328665 0.0052201910172444098 0.0083048487960329272 4.7327766705691374e-17 -4.5233261580796688e-17 -6.6472124036470826e-20 1.1194004416072047e-16 -1.100599030932179e-16 50.000000000000092 49.999999999999915 50.000000000000092 9.2370555648813024e-14 -8.5265128291212022e-14 1.000000000000004 1969.8656512477719 8030.1343487508066 0.02576860803226191 0 0 0.98123169321659787 5.8643151319406072e-18 1 4.7323625053385943e-13 -5.2585019671980149e-13 -6.7112314578236136e-16 0.35046522815569547 0.32883293539618319 0.021632292759512284 0.0052201910172444072
2000 0 0 0.58981893483398806 24.405368772347238 0.0060552896074073893 0.0027800047510769346 0.0060552896074074873 0.0027800047510769372 0.0060552896074073893 7.5372694197121456e-17 -8.3030804454170173e-17 -6.0939850414776087e-20 1.630785007421826e-16 -1.8743177363114706e-16 50.000000000000156 49.999999999999844 50.000000000000156 1.5631940186722204e-13 -1.5631940186722204e-13 1.0000000000000018 1969.8656512476991 8030.1343487504173 0.025696571174049363 0 0 0.98147212421934771 5.3839973311145588e-18 1 7.5328263592078226e-13 -7.947350460016378e-13 -6.6099191924055046e-16 0.35196980203714601 0.32780221250650599 0.024167589530640021 0.0027800047510769346
2500 0 0 0.59548332944254101 24.404236946873823 0.0063554195472284771 0.0011433712759705754 0.0063554195472285821 0.0011433712759705745 0.0063554195472284771 1.3622124261928074e-16 -1.406531141557073e-16 5.6083596262896859e-21 3.1154937205322248e-16 -2.0483296916714215e-16 50.000000000000256 49.999999999999737 50.000000000000256 2.5579538487363607e-13 -2.6290081223123707e-13 1.000000000000002 1969.8656512476095 8030.1343487501063 0.025454106274290837 0 0 0.98285493409743374 4.5417909148268319e-18 1 1.3620111982692862e-12 -1.4072319698410496e-12 8.9122614623606043e-17 0.35243490666192406 0.32803408926538496 0.024400817396539098 0.0011433712759705754
3000 0 0 0.54670399084486554 24.442688692923369 0.007183348365427002 0.0017124197434929518 0.0071833483654272353 0.0017124197434929525 0.007183348365427002 2.4801445619456009e-16 -2.4952366561866031e-16 1.5761640474588744e-19 5.3182556944606554e-16 -4.9786758577693538e-16 50.000000000000455 49.999999999999517 50.000000000000455 4.5474735088646412e-13 -4.8316906031686813e-13 1.0000000000000033 1969.8656512475234 8030.1343487496652 0.025163084788056459 0 0 0.98307237624992172 4.5278240137669245e-18 1 2.4796865949472391e-12 -2.5346999076459459e-12 1.4263202459559202e-15 0.35106832232340568 0.32870155254152211 0.022366769781883566 0.0017124197434929518
3500 0 0 0.48287434387451483 24.493325798645763 0.0077204704113185939 0.0020631959489991148 0.0077204704113181064 0.0020631959489991135 0.0077204704113185939 4.4760792294888105e-16 -4.6209043536042572e-16 1.5578838822523676e-20 9.5177704850638298e-16 -9.5743127567621889e-16 50.000000000000817 49.999999999999133 50.000000000000817 8.1712414612411521e-13 -8.6686213762732223e-13 1.0000000000000027 1969.8656512474242 8030.1343487492713 0.025053678921208723 0 0 0.98135050416394876 4.6917496620823629e-18 1 4.4765232102769725e-12 -4.651206476176048e-12 9.4581479290274766e-17 0.34912831332098243 0.32941378586790732 0.019714527453075115 0.0020631959489991148
4000 0 0 0.42755945209725987 24.534863422124186 0.0074468958187029078 0.001765362855257666 0.0074468958187021714 0.0017653628552576645 0.0074468958187029078 8.0470977104093417e-16 -8.3319913468691182e-16 -2.0882818064550063e-20 1.6683164261184743e-15 -1.8705405840380178e-15 50.000000000001478 49.999999999998444 50.000000000001478 1.4779288903810084e-12 -1.5560885913146194e-12 1.0000000000000029 1969.8656512473462 8030.1343487489376 0.025124511743396426 0 0 0.98016279724419531 4.8363175633624159e-18 1 8.0465565173394246e-12 -8.3392884611677154e-12 -3.2645187740269881e-16 0.34730366507764876 0.3298770568776736 0.017426608199975158 0.001765362855257666
4500 0 0 0.40411393504180937 24.55464228329733 0.0068935676614138982 0.0012375800621241349 0.0068935676614128149 0.0012375800621241338 0.0068935676614138982 1.4423847533035386e-15 -1.5132530645229533e-15 4.4018874365288563e-20 3.1261062568964746e-15 -3.3994045316451875e-15 50.000000000002665 49.999999999997179 50.000000000002665 2.6645352591003757e-12 -2.8208546609675977e-12 1.0000000000000016 1969.8656512472512 8030.1343487485392 0.025214130814514821 0 0 0.97950848616891306 5.0459384232373966e-18 1 1.4423746905515254e-11 -1.5136228655545682e-11 4.0831418191432394e-16 0.34655455070337426 0.33009681002935526 0.016457740674019006 0.0012375800621241349
5000 0 0 0.40550778164481582 24.554371684468581 0.0066372996718111962 0.00099808329169832097 0.00663729967180938 0.0009980832916983253 0.0066372996718111962 2.6113398769746214e-15 -2.7497486926333179e-15 -2.2923456825135374e-20 5.7590680002875314e-15 -6.2559411953490041e-15 50.000000000004817 49.999999999994891 50.000000000004817 4.8174797484534793e-12 -5.1088022701151203e-12 1.0000000000000027 1969.8656512471669 8030.1343487481436 0.025306519255833861 0 0 0.97964053955573405 4.9439740323123917e-18 1 2.6113335465879385e-11 -2.7497593611813809e-11 -5.6802793078394858e-17 0.3465971166318409 0.33008242886643119 0.016514687765409708 0.00099808329169832097
5500 0 0 0.42052899977361424 24.542751684474794 0.0065973275707048437 0.0010621735701761175 0.0065973275707019814 0.0010621735701761194 0.0065973275707048437 4.7275860309861147e-15 -4.985724680331234e-15 4.0559903170434774e-21 1.0567397621874497e-14 -1.1264645393965552e-14 50.000000000008747 49.999999999990735 50.000000000008747 8.7467810772068333e-12 -9.2654772743117064e-12 1.0000000000000018 1969.8656512470848 8030.1343487477734 0.025369254160384571 0 0 0.98018567313332527 4.8372269119990676e-18 1 4.727620379863743e-11 -4.9862143168717676e-11 -9.2569345241553511e-17 0.34703755997739022 0.32990301022600144 0.017134549751388783 0.0010621735701761175
6000 0 0 0.43820130064801449 24.528872645331091 0.0066155002013323473 0.0011093211997658065 0.0066155002013268491 0.0011093211997658084 0.0066155002013323473 8.583311492121116e-15 -9.0713856565389273e-15 -2.3484251536884838e-20 1.9126340503429979e-14 -2.0400718901812629e-14 50.000000000015888 49.999999999983174 50.000000000015888 1.588773557159584e-11 -1.6825651982799172e-11 1.0000000000000016 1969.8656512469991 8030.1343487474578 0.025381034413024965 0 0 0.98083227358440828 4.8019690545436249e-18 1 8.5832597946462405e-11 -9.0719932542733528e-11 -2.49778693168885e-16 0.34752683115724964 0.32966211690869557 0.01786471424855407 0.0011093211997658065
6500 0 0 0.45215376404631985 24.517917818669904 0.0066324830654898581 0.001055817043475744 0.0066324830654768399 0.0010558170434757418 0.0066324830654898581 1.5614351825408725e-14 -1.6527145971233514e-14 -1.1550343552336362e-20 3.4555767507230606e-14 -3.6724346158351824e-14 50.000000000028848 49.999999999969447 50.000000000028848 2.8848035071860068e-11 -3.0553337637684308e-11 1.000000000000002 1969.8656512468976 8030.1343487470504 0.025367653169850735 0 0 0.98120116891947484 4.7812527088892578e-18 1 1.5614388947804035e-10 -1.6527303419063e-10 -1.1658411632608042e-16 0.34792227954884042 0.32948051106791282 0.018441768480927601 0.001055817043475744
7000 0 0 0.45935936771573238 24.512194932865604 0.0066682279760483078 0.00098692593867542519 0.0066682279760114978 0.00098692593867542259 0.0066682279760483078 2.8440596752684233e-14 -3.0114048407711848e-14 2.4018746215948448e-20 6.2608594733832731e-14 -6.6343639094611628e-14 50.00000000005241 49.999999999944492 50.00000000005241 5.240963218966499e-11 -5.5507598517579027e-11 1.0000000000000044 1969.8656512468174 8030.1343487466247 0.025339335421967767 0 0 0.98132420145020893 4.7948456577070155e-18 1 2.8440578365952155e-10 -3.0114500769364699e-10 4.2495090118717114e-16 0.34814886313345922 0.32940882908208874 0.01874003405137048 0.00098692593867542519
7500 0 0 0.4599080615148769 24.511718917799211 0.0067343083532711437 0.0009650703627086621 0.0067343083532128605 0.00096507036270866611 0.0067343083532711437 5.1780050733288222e-14 -5.4832393139896798e-14 -1.6160845140126866e-20 1.135457555311165e-13 -1.2014141393234667e-13 50.000000000095262 49.999999999899096 50.000000000095262 9.5262464583356632e-11 -1.0090417390529183e-10 1.0000000000000018 1969.8656512467307 8030.1343487462254 0.025306596621167202 0 0 0.98125801891402753 4.8328797517545586e-18 1 5.1780059580003117e-10 -5.4832311238887737e-10 -1.2027631479834662e-16 0.34819195803202285 0.32942917509308689 0.018762782938935962 0.0009650703627086621
8000 0 0 0.45581328170327268 24.514796534468914 0.0067968869391489811 0.00097349836499235659 0.006796886939073354 0.00097349836499235052 0.0067968869391489811 9.4167344408327887e-14 -9.9749063523021005e-14 5.1796780077138749e-21 2.0628215732932728e-13 -2.1829990080443184e-13 50.000000000173173 49.999999999816566 50.000000000173173 1.7317347555945162e-10 -1.8343371266382746e-10 1.0000000000000009 1969.8656512466243 8030.1343487458926 0.025284457373716047 0 0 0.98109771060362805 4.8207949471491257e-18 1 9.4167361145883172e-10 -9.974904045112476e-10 1.0983601254698801e-16 0.34808879072976973 0.32949539628481161 0.018593394444958111 0.00097349836499235659
8500 0 0 0.4502455256288671 24.518992325645542 0.0068151260723434666 0.00097790556682005817 0.0068151260722060661 0.00097790556682005709 0.0068151260723434666 1.711618648898828e-13 -1.8131051625361926e-13 -7.1323958416230164e-20 3.7542091822238812e-13 -3.9763441131206561e-13 50.000000000314799 49.999999999666528 50.000000000314799 3.1479885365115479e-10 -3.3347191674693022e-10 1.0000000000000049 1969.8656512465454 8030.1343487454078 0.025279379668348284 0 0 0.98092671588210456 4.8527749982417523e-18 1 1.7116184667447204e-09 -1.81310447135586e-09 -7.643011651260088e-16 0.34793045739288136 0.32956732404510775 0.018363133347773619 0.00097790556682005817
9000 0 0 0.44588393431125423 24.522329013482953 0.0067941099237746544 0.0009714187036865623 0.0067941099235300662 0.00097141870368656078 0.0067941099237746544 3.1098812049877442e-13 -3.2942357730575441e-13 -9.8641628167971323e-20 6.8419502889914574e-13 -7.2479618538592721e-13 50.000000000572264 49.999999999393758 50.000000000572264 5.7226401395382709e-10 -6.0624216757787508e-10 1.0000000000000002 1969.8656512464615 8030.1343487451186 0.025286923516902808 0 0 0.98080726122222595 4.864144007103078e-18 1 3.1098809595268313e-09 -3.2942343131748462e-09 -1.0149656992645552e-15 0.34780293598995021 0.329620163298739 0.018182772691211213 0.0009714187036865623
9500 0 0 0.44386613833994942 24.523924056315717 0.0067634240376049761 0.0009642596107937131 0.0067634240371706282 0.00096425961079371148 0.0067634240376049761 5.6500631794764715e-13 -5.9852178248329295e-13 1.1458118576575449e-21 1.2465483106965257e-12 -1.3204593236164845e-12 50.000000001040327 49.999999998897934 50.000000001040327 1.0403269357084355e-09 -1.1020659940186306e-09 1.0000000000000013 1969.8656512463785 8030.1343487447111 0.025298824584927146 0 0 0.98076220274516324 4.8559494349094938e-18 1 5.6500631161523752e-09 -5.985219113511187e-09 4.526417439961725e-17 0.3477430499691993 0.32964373856533613 0.018099311403863172 0.0009642596107937131
10000 0 0 0.44395369451311811 24.523908839557539 0.0067423529917825659 0.00096228896305608871 0.0067423529910066275 0.00096228896305608697 0.0067423529917825659 1.0266830840359384e-12 -1.087610092266234e-12 5.0413455598784411e-20 2.2687640333211817e-12 -2.4033822545226466e-12 50.00000000189123 49.999999997996532 50.00000000189123 1.8912302834905859e-09 -2.0034676140312513e-09 1.000000000000002 1969.8656512462842 8030.1343487443473 0.025309029993653753 0 0 0.98078092709197562 4.8419675841800357e-18 1 1.0266830748405795e-08 -1.087610063598949e-08 5.4275529539524301e-16 0.34774275794029857 0.32963986506879139 0.018102892871507181 0.00096228896305608871
10500 0 0 0.44526514811587337 24.522936506111826 0.0067329986434724294 0.00096321260079936823 0.0067329986420705005 0.00096321260079936693 0.0067329986434724294 1.8661156755296881e-12 -1.9768606467093738e-12 -5.3460679373453521e-20 4.1250370269151928e-12 -4.3698842436735179e-12 50.000000003438132 49.999999996357786 50.000000003438132 3.4381315572318272e-09 -3.6422136417968431e-09 1.0000000000000038 1969.8656512461987 8030.1343487439644 0.025315013603580697 0 0 0.98083463746253174 4.8297531413312737e-18 1 1.8661156632111937e-08 -1.9768607091359651e-08 -6.3781893149270792e-16 0.34777618027390833 0.32961909097080222 0.018157089303106111 0.00096321260079936823
11000 0 0 0.44687792669797699 24.521716491940555 0.0067315183913478228 0.00096357017583388951 0.0067315183887960992 0.00096357017583388951 0.0067315183913478228 3.3927060497825421e-12 -3.5940557672374186e-12 -1.2006317455843725e-19 7.4953277600009731e-12 -7.9402873633614533e-12 50.00000000625036 49.999999993378651 50.00000000625036 6.2503602293872973e-09 -6.6213488025823608e-09 1.0000000000000013 1969.8656512461177 8030.1343487435888 0.025316552653052899 0 0 0.98089158405498711 4.8203681203674711e-18 1 3.3927060766670818e-08 -3.5940557021544705e-08 -1.2331922767875036e-15 0.34781864862521744 0.32959488656333852 0.018223762061878923 0.00096357017583388951
11500 0 0 0.44813093719523872 24.520762227125925 0.0067350189651010656 0.00096284330970317002 0.0067350189604363569 0.00096284330970317035 0.0067350189651010656 6.1690215744852517e-12 -6.5351563261693229e-12 4.3503098679689796e-20 1.3616246326196427e-11 -1.4424512632316998e-11 50.000000011363014 49.999999987962546 50.000000011363014 1.1363013641130237e-08 -1.2037453700486367e-08 1.0000000000000007 1969.8656512460107 8030.1343487432405 0.025314643559280901 0 0 0.9809304866090276 4.8158802590710953e-18 1 6.169021619754572e-08 -6.535156393653891e-08 4.9714862408770312e-16 0.34785289519136336 0.32957732394099265 0.018275571250370715 0.00096284330970317002
12000 0 0 0.44872352516556874 24.520307865512759 0.0067414895375475133 0.00096213221853333941 0.0067414895290019566 0.00096213221853334071 0.0067414895375475133 1.121760569244018e-11 -1.1883398441845627e-11 7.7662733503150047e-20 2.4738159671475055e-11 -2.6206633833454904e-11 50.000000020657943 49.99999997811593 50.000000020657943 2.06579429118392e-08 -2.1884069667521544e-08 1.0000000000000007 1969.8656512459188 8030.1343487428521 0.025311004434119534 0 0 0.98094452726980474 4.8174146690869171e-18 1 1.1217605660161778e-07 -1.1883398484105423e-07 9.0540979258238162e-16 0.34787024533409688 0.3295701682051026 0.018300077128994285 0.00096213221853333941
12500 0 0 0.44868476731131668 24.520331157342483 0.0067481211837278447 0.00096198658084689409 0.0067481211680915747 0.00096198658084689669 0.0067481211837278447 2.039681537247981e-11 -2.1607438838712743e-11 8.9421766966295467e-20 4.4957435773411293e-11 -4.7625918652200859e-11 50.00000003755634 49.999999960214552 50.00000003755634 3.7556340259925491e-08 -3.978544782512472e-08 1.0000000000000009 1969.8656512458358 8030.1343487424456 0.025307482816873617 0 0 0.98093815376525395 4.8238910418499985e-18 1 2.0396815385986805e-07 -2.1607438833504969e-07 9.3024068705892004e-16 0.34787039771918488 0.32957191861495955 0.018298479104225329 0.00096198658084689409
13000 0 0 0.44825888652108847 24.520647362004397 0.0067521893128042092 0.00096212284670334561 0.0067521892842781284 0.00096212284670334463 0.0067521893128042092 3.7084145734129202e-11 -3.9285239957164309e-11 -1.5913290088305038e-20 8.1727558654612381e-11 -8.6578409339291993e-11 50.00000006827792 49.999999927669499 50.00000006827792 6.8277920206583076e-08 -7.2330500699990807e-08 1.0000000000000009 1969.8656512457553 8030.1343487420863 0.025305317707393336 0 0 0.98092101714184921 4.827460204401405e-18 1 3.7084145705635114e-07 -3.9285239937893839e-07 -2.7721347642483858e-16 0.34785946418578134 0.32957858930090039 0.018280874884880949 0.00096212284670334561
13500 0 0 0.44774393967955223 24.521032691108378 0.0067528111364882192 0.00096217719330592036 0.0067528110846062292 0.00096217719330591569 0.0067528111364882192 6.7418737857616542e-11 -7.1420314460161606e-11 -1.2817650639768152e-19 1.4860391848255673e-10 -1.5742406830996136e-10 50.000000124130075 49.999999868502286 50.000000124130075 1.2413007510758689e-07 -1.3149771405096544e-07 1.000000000000002 1969.8656512456632 8030.1343487417207 0.025304796273948379 0 0 0.98090290591234786 4.8306367037337891e-18 1 6.7418737860134066e-07 -7.1420314392059707e-07 -1.3069365045809907e-15 0.34784567879779787 0.32958609139298561 0.018259587404812261 0.00096217719330592036
14000 0 0 0.44735974586363558 24.521321812195925 0.0067510577100282406 0.00096210504456676238 0.0067510576158818468 0.00096210504456674503 0.0067510577100282406 1.2256107550944652e-10 -1.2983558380068612e-10 9.2157484139365127e-20 2.7022700845226367e-10 -2.8626607329240213e-10 50.000000225669531 49.999999760936021 50.000000225669531 2.2566953106206711e-07 -2.3906397927930811e-07 1.0000000000000004 1969.8656512455768 8030.1343487413587 0.025305477803427151 0 0 0.98089039143844492 4.8323860376820871e-18 1 1.2256107553634736e-06 -1.2983558386515676e-06 9.804230650794238e-16 0.34783528378711859 0.32959157941873757 0.01824370436838102 0.00096210504456676238
14500 0 0 0.44719420103481167 24.521447363430315 0.0067486133629649564 0.00096202650891975936 0.0067486131922290847 0.00096202650891970222 0.0067486133629649564 2.2280217775584348e-10 -2.3602643235695777e-10 1.7969230071473725e-20 4.9137580151379338e-10 -5.2054100452840869e-10 50.000000410268314 49.99999956538052 50.000000410268314 4.1026831354429305e-07 -4.3461947996092931e-07 1.000000000000006 1969.8656512454877 8030.1343487409458 0.025306664392267766 0 0 0.98088576852429599 4.8322036703956529e-18 1 2.2280217778676508e-06 -2.3602643237087247e-06 2.1043536032867438e-16 0.34783075623870485 0.32959389630107622 0.018236859937628636 0.00096202650891975936
15000 0 0 0.44722324707637129 24.521426343439476 0.0067466587643951947 0.00096200249789012019 0.0067466584545674375 0.00096200249788994563 0.0067466587643951947 4.0503515515923646e-10 -4.2907570443868674e-10 -6.050871081725677e-22 8.9342669216921077e-10 -9.464554312506466e-10 50.000000745868746 49.999999209860754 50.000000745868746 7.4586874632132094e-07 -7.9013924647597378e-07 1.0000000000000053 1969.8656512454063 8030.1343487405557 0.025307763884330578 0 0 0.98088775970174646 4.831241546247908e-18 1 4.0503515525494642e-06 -4.2907570442746014e-06 2.8006018190491411e-17 0.34783143901277613 0.32959337892554053 0.018238060087235608 0.00096200249789012019
15500 0 0 0.44736384329731838 24.521320978592161 0.0067456430596331413 0.00096200772067756241 0.006745642497010579 0.00096200772067697466 0.0067456430596331413 7.3633838105910281e-10 -7.8004318521344605e-10 5.0876062172247267e-20 1.6242847704071133e-09 -1.7206930506798162e-09 50.000001355990513 49.999998563525679 50.000001355990513 1.355990512763583e-06 -1.4364743208261643e-06 1.0000000000000038 1969.865651245311 8030.1343487401728 0.025308441171961099 0 0 0.98089324462623939 4.829894204805068e-18 1 7.3633838108353592e-06 -7.8004318517500794e-06 5.3208190251816196e-16 0.34783511079414642 0.32959123870879342 0.018243872085352997 0.00096200772067756241
16000 0 0 0.44752552307419602 24.521199616629442 0.0067455300412944579 0.00096200794903629385 0.0067455290186209001 0.00096200794903437384 0.0067455300412944579 1.3386680508553917e-09 -1.4181236851287548e-09 -4.7532318107085905e-20 2.9528177565225237e-09 -3.1280800657425778e-09 50.000002465193774 49.999997388486427 50.000002465193774 2.465193773559804e-06 -2.6115135725035543e-06 1.0000000000000102 1969.8656512452289 8030.134348739849 0.02530862121656062 0 0 0.98089902433648413 4.828857005921569e-18 1 1.3386680508724672e-05 -1.4181236851018553e-05 -5.8819303709260121e-16 0.34783938103604206 0.32958882518759575 0.018250555848446315 0.00096200794903629385
16500 0 0 0.44764381895416183 24.521110960337609 0.006746037953214803 0.00096199960160158675 0.0067460360930540223 0.00096199960159523668 0.006746037953214803 2.4337445397790335e-09 -2.5781976299084866e-09 3.5155100040972763e-20 5.3678479385157255e-09 -5.6864525726706225e-09 50.000004481731459 49.999995252258678 50.000004481731459 4.4817314588385671e-06 -4.747741321864396e-06 1.0000000000000437 1969.8656512451489 8030.1343487394361 0.025308419711667859 0 0 0.9809029808582107 4.8283335711544615e-18 1 2.4337445397787375e-05 -2.5781976299014508e-05 3.4518705834132374e-16 0.34784253190347081 0.32958708582363305 0.018255446079837756 0.00096199960160158675
17000 0 0 0.4476928240182419 24.521074456266607 0.0067467865746038474 0.0009619937933664645 0.0067467831902519948 0.00096199379334547218 0.0067467865746038474 4.4246495424672267e-09 -4.6872713438445302e-09 2.4360149469196029e-21 9.7581560684957202e-09 -1.0337344327402461e-08 50.000008147810846 49.999991368581846 50.000008147810846 8.1478108455712572e-06 -8.6314181544366875e-06 1.0000000000001368 1969.8656512450505 8030.1343487390695 0.025308041373851335 0 0 0.98090440833294534 4.8283091681645323e-18 1 4.4246495424882931e-05 -4.6872713438819518e-05 3.7767829720695333e-17 0.34784384713716521 0.3295863753931475 0.018257471744017706 0.0009619937933664645
17500 0 0 0.44768042743973702 24.52108404358891 0.006747431285104819 0.00096199469654971025 0.006747425128257877 0.00096199469648032467 0.006747431285104819 8.0441636309543707e-09 -8.5216190241492579e-09 1.099614101314598e-19 1.7739745479828412e-08 -1.8792675098309778e-08 50.000014812769273 49.999984308029681 50.000014812769273 1.481276927250974e-05 -1.5691970318698623e-05 1.0000000000004394 1969.8656512449668 8030.1343487386757 0.025307678724252988 0 0 0.98090372477566046 4.8285719102806942e-18 1 8.0441636309547273e-05 -8.5216190241357544e-05 9.9331314521334998e-16 0.34784351600940444 0.32958655695147959 0.018256959057924849 0.00096199469654971025
18000 0 0 0.44763346068474674 24.521119484684331 0.006747779614980012 0.00096199805773682686 0.006747768417598712 0.0009619980575074987 0.006747779614980012 1.4624444430699397e-08 -1.5492467564105127e-08 -1.8830434955157691e-19 3.2250764741645485e-08 -3.4164985339107417e-08 50.000026929707886 49.999971471899059 50.000026929707886 2.6929707885869902e-05 -2.8528100941116463e-05 1.0000000000014599 1969.8656512448724 8030.1343487383047 0.025307445743296429 0 0 0.98090190182488768 4.8289010294881746e-18 1 0.00014624444430657441 -0.00015492467564060214 -1.7904427333496614e-15 0.34784225451205397 0.32958723720077931 0.018255017311274657 0.00096199805773682686
18500 0 0 0.44758123236699321 24.521158748145883 0.0067478248452276304 0.00096199959909113798 0.0067478044869301044 0.00096199959833317245 0.0067478248452276304 2.6587315483206184e-08 -2.8165386033345995e-08 8.7256726184386623e-21 5.8632944186575936e-08 -6.2113059584002559e-08 50.000048958373462 49.999948135738222 50.000048958373462 4.8958373461971405e-05 -5.1864261777723186e-05 1.0000000000048248 1969.8656512447892 8030.1343487379218 0.0253073625139855 0 0 0.98089991238893204 4.8290453073026752e-18 1 0.00026587315483211915 -0.00028165386033258554 1.9234146951554823e-16 0.34784085535546816 0.3295879972028804 0.018252858152587759 0.00096199959909113798
19000 0 0 0.44754411186438392 24.521186548645094 0.0067476880738673028 0.00096199893933534978 0.0067476510676108782 0.00096199893683018389 0.0067476880738673028 4.8335642329378398e-08 -5.1204568764033634e-08 -4.6606524941815508e-20 1.0659743620572718e-07 -1.1292444853710744e-07 50.00008900660157 49.999905710476988 50.00008900660157 8.9006601569963095e-05 -9.4289523012491827e-05 1.0000000000159424 1969.8656512446928 8030.1343487375652 0.025307378754453859 0 0 0.98089836674224107 4.8288715253561155e-18 1 0.00048335642329393544 -0.00051204568763957216 -4.8400989133084973e-16 0.3478398679778541 0.32958854433262402 0.018251323645230078 0.00096199893933534978
19500 0 0 0.44752960066689779 24.521197287969127 0.0067475293447782116 0.0009619976448509486 0.0067474620816180475 0.00096199763657111377 0.0067475293447782116 8.7873899420862257e-08 -9.3089589504023911e-08 7.5567553908945027e-20 1.9379851084502934e-07 -2.0530127760868859e-07 50.00016181446918 49.999828581152208 50.00016181446918 0.0001618144691803991 -0.00017141884779192651 1.000000000052697 1969.8656512446089 8030.1343487371551 0.025307409993566857 0 0 0.98089738246841351 4.8283479179304216e-18 1 0.00087873899420694128 -0.00093089589503830741 6.5087801883252925e-16 0.34783949041142381 0.32958876654132674 0.018250723870097074 0.0009619976448509486
20000 0 0 0.44753449351122032 24.521193432652854 0.0067474877177147296 0.00096199671904842639 0.0067473654533993137 0.00096199669168267805 0.0067474877177147296 1.5975439457540654e-07 -1.6923649517017306e-07 4.0773538077488802e-20 3.5233046948759032e-07 -3.7324277651752483e-07 50.00029417949699 49.999688359697423 50.00029417949699 0.00029417949698995471 -0.00031164030257713193 1.0000000001741685 1969.8656512445198 8030.1343487367967 0.02530736446070116 0 0 0.98089663090570478 4.8271134021699216e-18 1 0.0015975439457507502 -0.0016923649516983549 3.6510812509896785e-16 0.34783963214188818 0.32958870586701627 0.018250926274871904 0.00096199671904842639
20500 0 0 0.44754998019342301 24.521181662188404 0.0067476680689121079 0.00096199622900242662 0.0067474458021005131 0.00096199613855531437 0.0067476680689121079 2.9043344557178392e-07 -3.0767188408766305e-07 -2.2879617922222822e-19 6.405391795031222e-07 -6.7855785671791841e-07 50.000534819653645 49.999433436533714 50.000534819653645 0.00053481965364454709 -0.00056656346628614074 1.0000000005756553 1969.8656512444293 8030.1343487363965 0.025307149920880023 0 0 0.98089544827685948 4.8249571233508544e-18 1 0.0029043344557130443 -0.0030767188408702593 -2.3586380347155825e-15 0.34784005438990628 0.32958848779091388 0.018251566598992408 0.00096199622900242662
21000 0 0 0.44756677447065368 24.521168988850906 0.0067481631203543512 0.00096199606451018312 0.006747758995417079 0.00096199576557096241 0.0067481631203543512 5.2800840221102264e-07 -5.5934780019773863e-07 1.1272143650508814e-20 1.164495206280315e-06 -1.2336126300075267e-06 50.000972304051622 49.998969985647491 50.000972304051622 0.00097230405162207489 -0.0010300143525086014 1.0000000019026083 1969.8656512443463 8030.1343487360264 0.025306657496292517 0 0 0.98089289151897641 4.8213805451342113e-18 1 0.0052800840221002799 -0.0055934780019661337 -7.1918643083670237e-18 0.34784050750790718 0.32958824658698005 0.018252260920927132 0.00096199606451018312
21500 0 0 0.44757850830747681 24.521160198838324 0.0067490933632334722 0.00096199643486284876 0.0067483584625927144 0.00096199544683782791 0.0067490933632334722 9.5991666391266223e-07 -1.0168908923736755e-06 1.317770320607613e-20 2.1170267326423307e-06 -2.2426792898452507e-06 50.001767649212283 49.998127433822035 50.001767649212283 0.0017676492122831178 -0.0018725661779654956 1.0000000062881964 1969.8656512442483 8030.1343487356435 0.025305722618761791 0 0 0.98088764425315356 4.8111637288085959e-18 1 0.0095991666391070599 -0.010168908923715895 2.3019181397927884e-16 0.34784082094548185 0.32958807496290471 0.018252745982577145 0.00096199643486284876
22000 0 0 0.4475828627386752 24.521157020886399 0.0067506391005444574 0.00096199811899496399 0.0067493024266781481 0.00096199485358031784 0.0067506391005444574 1.7450957450405025e-06 -1.848669090364428e-06 1.9820325218088284e-20 3.8486430882203483e-06 -4.0770643905986042e-06 50.003213568212061 49.996595696146557 50.003213568212061 0.0032135682120610909 -0.00340430385344348 1.000000020781477 1969.8656512441707 8030.1343487352806 0.025304066034017754 0 0 0.98087771845254201 4.7988042237648976e-18 1 0.017450957450369887 -0.018486690903606037 2.4345073208522217e-16 0.34784093319006049 0.32958800726338267 0.018252925926677821 0.00096199811899496399
22500 0 0 0.44758081439867009 24.521158735241844 0.0067529853070820694 0.00096200354633387789 0.006750553471981429 0.00096199275541084786 0.0067529853070820694 3.1723506051271979e-06 -3.3606099091015981e-06 -2.1701510891306534e-20 6.996234999384888e-06 -7.4114187866255712e-06 50.005842119695444 49.993811145655265 50.005842119695444 0.0058421196954441257 -0.0061888543447352617 1.000000068665502 1969.865651244078 8030.134348734884 0.025301231536171004 0 0 0.98085996991878444 4.7768964364755309e-18 1 0.031723506051205566 -0.03360609909094512 -2.4757571157402556e-16 0.34784087094213517 0.32958802982515295 0.018252841116982221 0.00096200354633387789
23000 0 0 0.44757481414239336 24.521163657705753 0.0067558986887653856 0.00096202088255767176 0.0067514729232174622 0.00096198523632340632 0.0067558986887653856 5.7658676601497767e-06 -6.1078968288386468e-06 8.0481271397609489e-20 1.2715612295572484e-05 -1.3469901902120962e-05 50.010620016578912 49.988749760765749 50.010620016578912 0.010620016578911873 -0.011250239234250614 1.0000002267301513 1969.8656512439975 8030.1343487344775 0.025296599458587143 0 0 0.98082968583373265 4.7973951862474864e-18 1 0.057658676601372603 -0.061078968288255035 7.6397961893685641e-16 0.34784069696105729 0.32958810420525864 0.018252592755798658 0.00096202088255767176
23500 0 0 0.4475663605854544 24.521171199903463 0.0067591032104772518 0.00096207733341567483 0.0067489127175499658 0.00096195972869898361 0.0067591032104772518 1.0473453988559207e-05 -1.1093899277082305e-05 -1.5252914239808398e-20 2.3095630348945802e-05 -2.4463834339269016e-05 50.019301311416939 49.979553798109464 50.019301311416939 0.019301311416938915 -0.020446201890536031 1.0000007469905581 1969.8656512438961 8030.1343487341128 0.025289795612489577 0 0 0.9807813942638054 4.73274611015287e-18 1 0.10473453988536266 -0.11093899277057929 3.357262169728033e-17 0.34784043886334942 0.32958819646690074 0.018252242396448681 0.00096207733341567483
24000 0 0 0.44755234947530492 24.521185299726014 0.0067655655308392539 0.00096226114674955224 0.0067411777810924807 0.00096187474054959532 0.0067655655308392539 1.8987357711016965e-05 -2.0107152840324234e-05 7.6148026542489266e-20 4.1859610963793263e-05 -4.4328433895811878e-05 50.035054297361519 49.962869431718936 50.035054297361519 0.035054297361519104 -0.037130568281064313 1.0000024430676429 1969.8656512438126 8030.134348733739 0.025282648655537948 0 0 0.98071503273654259 4.6322275123844147e-18 1 0.18987357710974656 -0.20107152840279224 9.0427230820886467e-16 0.34783997564675678 0.32958831513341669 0.018251660513340096 0.00096226114674955224
24500 0 0 0.44751327022777576 24.521222660939841 0.0067698852107144717 0.0009628430296776114 0.0067258887241430929 0.00096159049191211392 0.0067698852107144717 3.4201837990882448e-05 -3.6189057440463039e-05 -1.4095650405147012e-19 7.5338365042343714e-05 -7.9715986492433021e-05 50.063516556211205 49.932739538706294 50.063516556211205 0.063516556211205 -0.067260461293706442 1.0000077997945342 1969.8656512437224 8030.1343487333688 0.025271234000894333 0 0 0.98065999719723984 4.457333783827288e-18 1 0.34201837990803813 -0.36189057440379752 -1.3183483240867954e-15 0.34783857843156918 0.32958853941778765 0.018250039013781527 0.0009628430296776114
25000 0 0 0.44740990646735423 24.521332525830189 0.0067536566420372326 0.00096450735340112615 0.0066758735830062151 0.00096062013707362798 0.0067536566420372326 6.0344720257974814e-05 -6.3676998950861922e-05 1.3148442936832342e-19 0.00013255640699489537 -0.00013987015975895818 50.114226608008565 49.87914854399321 50.114226608008565 0.11422660800856477 -0.1208514560067897 1.0000230260247296 1969.8656512436396 8030.1343487329841 0.025289366843696544 0 0 0.98064679997141702 4.8135616534911707e-18 1 0.6034472025783375 -0.63676998950713193 1.2912294024714138e-15 0.34783490185682969 0.32958915986886622 0.018245741987963471 0.00096450735340112615
25500 0 0 0.4471439835912599 24.5216117650385 0.0066543244872655765 0.00096778458709852059 0.0065253690912636794 0.00095721417197690208 0.0066543244872655765 9.9938014038172972e-05 -0.00010453520124708435 -7.0430811608829573e-21 0.00021753299422399894 -0.00022740978259043167 50.200699691128413 49.788275006200273 50.200699691128413 0.20069969112841335 -0.2117249937997272 1.0000531950911105 1969.8656512435455 8030.1343487325712 0.025289828213166214 0 0 0.98061642708975216 4.7758657030610023e-18 1 0.99938014037934397 -1.0453520124683375 -6.4169392232089156e-17 0.347825417968607 0.32959072818248242 0.01823468978612458 0.00096778458709852059
26000 0 0 0.44672938846757992 24.522058007807438 0.0066467867370238716 0.00096663247223349106 0.0066369026771188958 0.00094621322630736716 0.0066467867370238716 0.00014005689921547281 -0.00014305303542066735 2.9124352469299542e-20 0.00029606631677946171 -0.00030127263021796706 50.33101499151541 49.653664285482009 50.33101499151541 0.33101499151540992 -0.34633571451799128 1.0000605050960392 1969.8656512434607 8030.1343487322247 0.025269266518655992 0 0 0.98073190955435197 4.7502265389852722e-18 1 1.4005689921513278 -1.4305303542031917 2.1018042003841843e-16 0.34781067735883225 0.32959322642851685 0.018217450930315404 0.00096663247223349106
26500 0 0 0.44651037926890108 24.522302983305057 0.0061539391594286619 0.00094513274365191837 0.005984427088129813 0.00092432968957991129 0.0061539391594286619 0.00014233203567321946 -0.00013953889306080465 -1.0377766907898704e-19 0.00027573255195834881 -0.00026648275789810659 50.479842863600936 49.50573139407264 50.479842863600936 0.4798428636009362 -0.49426860592735977 1.0000021264644128 1969.8656512433715 8030.1343487318481 0.02525667110684186 0 0 0.98111702634115294 4.5534452073004027e-18 0.99999999999999978 1.4233203567286665 -1.3953889306045693 -1.0003118556059074e-15 0.34780289975791123 0.32959456183904251 0.018208337918868722 0.00094513274365191837
27000 0 0 0.44658476599168312 24.52222331621099 0.0064237395910413551 0.00091790139550154844 0.0063477588718402998 0.00090855597296913432 0.0064237395910413551 9.5896634783253554e-05 -8.9728969890859756e-05 -8.6703654939475214e-21 0.00014265762224378151 -0.00012660794988133975 50.587288173766822 49.405188150811988 50.587288173766822 0.5872881737668223 -0.59481184918801233 1.0000195150320064 1969.8656512432894 8030.1343487314934 0.025280347924346348 0 0 0.98091250584857714 4.6983115577596926e-18 0.99999999999999978 0.95896634783012258 -0.89728969890633481 -1.1458071889305307e-16 0.34780550701652918 0.32959407650172518 0.018211430514804006 0.00091790139550154844
27500 0 0 0.44663623112763123 24.522162171245537 0.0064944632235788089 0.00090895602479803043 0.0064678586721463429 0.00090756818888094212 0.0064944632235788089 3.7707863289724046e-05 -3.2118860835065868e-05 -1.0150525368872025e-19 -1.8560848066236556e-06 1.4694577368349398e-05 50.621135678143403 49.378806814749986 50.621135678143403 0.62113567814340342 -0.62119318525001432 1.0000045220006444 1969.865651243198 8030.1343487310951 0.025296506426083384 0 0 0.98085075031343472 4.716068482847818e-18 0.99999999999999978 0.3770786328962703 -0.32118860834983093 -1.212094478087159e-15 0.3478073030650789 0.32959372842151208 0.018213574643566821 0.00090895602479803043
28000 0 0 0.44658625704806898 24.522221790485741 0.0063212252003128477 0.00090904575382738239 0.0063261080329627423 0.00090900532753407197 0.0063212252003128477 -5.2770685787070718e-06 8.6217914773625052e-06 2.8236297272783673e-20 -9.4794147837290696e-05 0.00010108945149369824 50.594192486471343 49.410615844238016 50.594192486471343 0.59419248647134282 -0.58938415576198366 1.0000119889096741 1969.8656512431078 8030.1343487307222 0.02529657501504428 0 0 0.9808998889356858 4.713395643730543e-18 0.99999999999999978 -0.052770685786932309 0.086217914773400628 2.5394047816884563e-16 0.34780557215262281 0.32959407970044469 0.018211492452178124 0.00090904575382738239
28500 0 0 0.44652018394983695 24.522293157516149 0.0060326033111519507 0.00090633945592144397 0.0060495395918734778 0.00090582836468484018 0.0060326033111519507 -2.2381157596657893e-05 2.2848429172242834e-05 -8.8802103204321714e-20 -0.00011799410893087285 0.00011701401858516883 50.537936644437693 49.468172760064952 50.537936644437693 0.53793664443769273 -0.53182723993504766 1.0000054169269914 1969.8656512430175 8030.134348730342 0.025293187850850666 0 0 0.98107442038003356 4.4707512773681459e-18 0.99999999999999978 -0.22381157596598272 0.22848429172182014 -1.0072997554649001e-15 0.3478032288160573 0.32959448377407996 0.018208745041977337 0.00090633945592144397
29000 0 0 0.44651068962931612 24.522303189147927 0.0059362344201481622 0.00090091485647714653 0.0059247285691291143 0.00090073319314573012 0.0059362344201481622 -1.4345121134396873e-05 1.2689635505838058e-05 3.9918559713111483e-22 -8.1316848236509642e-05 7.5664146586370496e-05 50.486144274776557 49.518130583857022 50.486144274776557 0.48614427477655653 -0.48186941614297751 1.0000024427325531 1969.8656512429307 8030.1343487299555 0.025293076879657234 0 0 0.98114498931697314 4.4252413846632223e-18 0.99999999999999978 -0.14345121134357672 0.12689635505803734 8.3331400654940485e-17 0.34780288423896738 0.32959453381669079 0.018208350422276587 0.00090091485647714653
29500 0 0 0.44652332801175743 24.522289562513659 0.0060846429593224838 0.00089797476849366525 0.0060889380544267889 0.00089791004731583368 0.0060846429593224838 6.1872265370708829e-06 -8.3572375765756132e-06 -4.1728663218714744e-20 -2.1222134250099611e-05 1.5174856182638004e-05 50.460328058630196 49.540854721028978 50.460328058630196 0.46032805863019632 -0.45914527897102175 1.0000015679624639 1969.8656512428411 8030.1343487295653 0.025289531696192375 0 0 0.98107214195015735 4.2052527233237439e-18 0.99999999999999978 0.061872265370537929 -0.083572375765525189 -5.2392507271184112e-16 0.34780333434376648 0.32959445841994811 0.018208875923818368 0.00089797476849366525
29999 0 0 0.44652101815395617 24.522292170191676 0.0060429573283748419 0.00089778379002778558 0.0060632209394816099 0.00089705795605797914 0.0060429573283748419 2.4818369438880806e-05 -2.6277421557547783e-05 -8.5864568268809765e-20 2.6442134658839833e-05 -3.0051754828366533e-05 50.462627132128482 49.53606931305054 50.462627132128482 0.46262713212848183 -0.46393068694946038 1.0000014174911678 1969.8656512427583 8030.134348729187 0.025298703932500631 0 0 0.98107920438050111 4.1940756312334984e-18 0.99999999999999978 0.24818369438811058 -0.26277421557474029 -9.381325608269231e-16 0.34780325256292594 0.32959447276962711 0.018208779793298824 0.00089778379002778558
