# step v0 Mach sigma R umax_ref urms_ref umax_mean urms_mean umax_lab mean_x mean_y mean_z drop_ux drop_uy x0 y0 x_unwrapped center_dx center_dy axis_ratio mass_R mass_B min_f negative_total negative_color min_rho min_phi max_phi qx qy qz p_in p_out delta_p urms_lab
0 0 0 -5.560112678108922e-15 25.040521385269312 0.0019846305619504344 0.00024201668813258006 0.0019846305619504344 0.00024201668813258006 0.0019846305619504344 -1.2390643282678595e-20 2.2462395485674565e-20 -3.1184026292489279e-21 -3.9146204195290469e-20 5.4090370249085458e-20 50.000000000000007 50.000000000000007 50.000000000000007 7.1054273576010019e-15 7.1054273576010019e-15 1.0000000000000007 1969.8656512480638 8030.1343487520408 0.027326702767501231 0 0 0.99999999999999944 5.1710809399147474e-26 0.99999999999998501 -1.6066808206432179e-16 5.8289967225212622e-16 -1.293516138229177e-17 0.33333333333333387 0.33333333333333409 -2.2204460492503131e-16 0.00024201668813258006
500 0 0 0.015669018922117646 24.998685029118516 0.0044191794313865589 0.0015819752891095599 0.0044191794313865598 0.0015819752891095601 0.0044191794313865589 4.9110021604906266e-18 3.5065700343397218e-18 -9.1144562527782068e-19 4.8152737624392528e-18 3.744866533571361e-17 49.999999999999993 49.999999999999993 49.999999999999993 -7.1054273576010019e-15 -7.1054273576010019e-15 1.0000000000000018 1969.8656512479481 8030.134348751556 0.026683947673995789 0 0 0.99367926304282195 4.0775950273109784e-18 1 4.9498599663522214e-14 3.0140359609173717e-14 -8.9326100947415666e-15 0.33386135607266526 0.33323456234716065 0.00062679372550461521 0.0015819752891095599
1000 0 0 0.064280288112323294 24.954716471590384 0.0049078317435154546 0.0021334484083022488 0.0049078317435154511 0.0021334484083022492 0.0049078317435154546 2.9743568719101353e-18 -2.915376273726918e-18 -2.1351004181991709e-18 -5.6270884226356457e-17 -3.2243531913022498e-17 49.999999999999993 50.000000000000007 49.999999999999993 -7.1054273576010019e-15 7.1054273576010019e-15 1.0000000000000022 1969.8656512478324 8030.1343487510148 0.026815901964673452 0 0 0.99514949044574208 5.7021782328154577e-18 1 2.9438189624690636e-14 -7.266770193394001e-15 -2.1615591968207989e-14 0.33538046276866074 0.33280458545162117 0.0025758773170395655 0.0021334484083022488
1500 0 0 0.12345545451542746 24.907143108617468 0.0043851699848876068 0.0019475937889677733 0.0043851699848876024 0.001947593788967774 0.0043851699848876068 1.4623718902486791e-18 -4.3579723163496219e-18 -1.5824318741434427e-18 -7.338127579590451e-17 -2.3984210420603964e-17 49.999999999999993 50.000000000000007 49.999999999999993 -7.1054273576010019e-15 7.1054273576010019e-15 1.0000000000000002 1969.8656512477257 8030.134348750631 0.02677390808805848 0 0 0.99151611384577065 5.7532683389379955e-18 1 1.4824838405480545e-14 -5.6895460565087319e-14 -1.5895616841637098e-14 0.33713018586003524 0.332173557394978 0.0049566284650572334 0.0019475937889677733
2000 0 0 0.14783971648191865 24.87707650512445 0.0044964235308651178 0.0012522184161467402 0.0044964235308651195 0.0012522184161467397 0.0044964235308651178 -1.8665624601514502e-18 -5.544176229223081e-19 -3.9745531231715125e-18 -2.4620147493900972e-17 -5.4698030503149846e-18 49.999999999999986 49.999999999999993 49.999999999999986 -1.4210854715202004e-14 -7.1054273576010019e-15 1.0000000000000029 1969.8656512476255 8030.1343487502309 0.026827698722692105 0 0 0.99369456875726181 5.8315135602637667e-18 1 -1.854067030113149e-14 -1.078801490413811e-14 -3.9909938850024121e-14 0.33769787665570739 0.33175506756190309 0.005942809093804291 0.0012522184161467402
2500 0 0 0.16471293607450108 24.874329818777881 0.0045766690365818038 0.0010084104696582109 0.0045766690365818055 0.0010084104696582109 0.0045766690365818038 3.249657487548207e-18 1.1175088632245528e-18 -8.6566588543850725e-18 -1.8828382726379572e-17 1.0754745257617139e-16 49.999999999999979 49.999999999999993 49.999999999999979 -2.1316282072803006e-14 -7.1054273576010019e-15 1.000000000000004 1969.8656512475168 8030.1343487497033 0.026725466464207301 0 0 0.99432631540491867 5.915263360340951e-18 1 3.2414148405310317e-14 1.6107652863438238e-14 -8.6373690070498133e-14 0.33842243617382017 0.33180063219861688 0.0066218039752032887 0.0010084104696582109
3000 0 0 0.14684307659156867 24.893513020489568 0.0056477455025884969 0.0014389718776249122 0.0056477455025884943 0.0014389718776249125 0.0056477455025884969 2.182629077474707e-18 5.9986737799296911e-19 -1.1097714968896574e-17 6.2836283690674386e-17 8.8855916722791678e-17 49.999999999999979 50.000000000000007 49.999999999999979 -2.1316282072803006e-14 7.1054273576010019e-15 1.0000000000000018 1969.8656512474181 8030.1343487492986 0.026553372965658097 0 0 0.9948918457198892 5.8673300877492875e-18 1 2.2298138948337667e-14 -1.2565466110106213e-14 -1.110274502238269e-13 0.33811337083151694 0.33221452174297311 0.0058988490885438227 0.0014389718776249122
3500 0 0 0.10112430867165764 24.927476709047731 0.0060324743194346058 0.0016049036615751169 0.0060324743194346084 0.0016049036615751169 0.0060324743194346058 3.1398494915192123e-18 1.8467866125256095e-18 -1.3694243467931398e-17 4.3485058880800954e-17 1.0359439251522364e-16 49.999999999999972 50.000000000000007 49.999999999999972 -2.8421709430404007e-14 7.1054273576010019e-15 1.0000000000000002 1969.8656512472951 8030.134348748923 0.026512637249492307 0 0 0.99530022804034379 5.780985791134175e-18 1 3.1315255293387634e-14 2.3099604911161475e-14 -1.3705151580749288e-13 0.33682458048187791 0.33276783980764219 0.0040567406742357259 0.0016049036615751169
4000 0 0 0.057617548641261548 24.961006997841679 0.0057436719924153059 0.0013123476555046997 0.0057436719924153007 0.0013123476555046991 0.0057436719924153059 5.0653925498544306e-19 4.8537562857851702e-18 -1.6684203161672608e-17 7.1590260476219056e-17 8.0812258576504318e-17 49.999999999999972 50.000000000000021 49.999999999999972 -2.8421709430404007e-14 2.1316282072803006e-14 1.0000000000000027 1969.8656512472057 8030.1343487484482 0.02654324083759789 0 0 0.9948092965462374 6.6610630423718126e-18 1 5.2527426852577719e-15 5.4474870794796182e-14 -1.6683707640623562e-13 0.33543946058737717 0.33313115833634044 0.0023083022510367313 0.0013123476555046997
4500 0 0 0.036314513533076714 24.977633293432891 0.0050349950139996508 0.0010222920685840039 0.0050349950139996552 0.0010222920685840041 0.0050349950139996508 4.9300841187284914e-19 4.2264802768719557e-18 -1.6876816143234748e-17 2.584087042578595e-17 -5.6123579902250787e-17 49.999999999999972 50.000000000000028 49.999999999999972 -2.8421709430404007e-14 2.8421709430404007e-14 1.0000000000000011 1969.8656512471059 8030.1343487480217 0.02671300126019039 0 0 0.99462692687315191 6.4313791873513055e-18 1 4.5727852927834878e-15 4.2454321308449394e-14 -1.6872737694627505e-13 0.33467784188356936 0.33322396060080489 0.0014538812827644687 0.0010222920685840039
5000 0 0 0.04544553930971694 24.971803486750186 0.0048634597940424677 0.001223267954889721 0.0048634597940424738 0.0012232679548897214 0.0048634597940424677 -2.5587171270671804e-18 5.9865307155992131e-18 -2.0807285441870235e-17 9.119566523637523e-17 -1.3610664899308216e-16 49.999999999999964 50.000000000000043 49.999999999999964 -3.5527136788005009e-14 4.2632564145606011e-14 1.000000000000002 1969.8656512469959 8030.1343487475888 0.02677131433865531 0 0 0.99505850879519275 6.1392707212673294e-18 1 -2.5656560209696977e-14 5.9034144218005069e-14 -2.0802842905737043e-13 0.33492802639871355 0.33310815226211665 0.0018198741365968996 0.001223267954889721
5500 0 0 0.069341147186405938 24.952761836471709 0.0048013888829659219 0.001374849668382755 0.004801388882965921 0.0013748496683827554 0.0048013888829659219 -1.3562068135194654e-18 -4.2188474935780759e-19 -2.5605546976461363e-17 9.1326754395418841e-17 -2.2640139841321643e-16 49.999999999999957 50.00000000000005 49.999999999999957 -4.2632564145606011e-14 4.9737991503207013e-14 1.0000000000000018 1969.8656512468999 8030.1343487471922 0.026774683660526162 0 0 0.99568409443309924 5.9240877628077586e-18 1 -1.3860440573054689e-14 1.1752616024471307e-15 -2.5593716306170546e-13 0.3354586983374252 0.33267980165092476 0.0027788966865004427 0.001374849668382755
6000 0 0 0.099471282029792746 24.932091868049962 0.0049122006222564827 0.0011869371663198347 0.0049122006222564784 0.0011869371663198343 0.0049122006222564827 -1.1417949918886684e-18 5.2523957405659531e-18 -2.6590221123229357e-17 -1.1767713384270618e-17 -1.706381285686246e-16 49.99999999999995 50.000000000000064 49.99999999999995 -4.9737991503207013e-14 6.3948846218409017e-14 1.0000000000000004 1969.8656512467808 8030.1343487467166 0.026843251292969231 0 0 0.9927454718558637 5.6808232393052675e-18 1 -1.1338152638984411e-14 3.3943781487834335e-14 -2.6610089738865065e-13 0.33618894636471047 0.33219925779159626 0.003989688573114214 0.0011869371663198347
6500 0 0 0.11438975410555864 24.91668058007421 0.0049602975353788955 0.0008299623042484183 0.0049602975353788938 0.00082996230424841819 0.0049602975353788955 -2.0809742817832234e-18 5.7939764097665607e-20 -2.7184822978472463e-17 -5.3992070739257443e-17 -2.5652485565901695e-18 49.99999999999995 50.000000000000078 49.99999999999995 -4.9737991503207013e-14 7.815970093361102e-14 1.0000000000000022 1969.865651246683 8030.1343487463291 0.026771017865720555 0 0 0.99187306322276847 5.7217929912267692e-18 1 -2.066749549278768e-14 4.0480788751455499e-15 -2.7191372932028995e-13 0.33652085118280517 0.33192996060498736 0.0045908905778178077 0.0008299623042484183
7000 0 0 0.12168129246881872 24.911614996961742 0.0049447500446461031 0.0009300916299084845 0.0049447500446461031 0.00093009162990848428 0.0049447500446461031 3.9291486730903911e-18 9.7422070410929957e-19 -2.8169501476956621e-17 -5.6012322256379388e-17 1.2329685099188178e-16 49.999999999999943 50.000000000000092 49.999999999999943 -5.6843418860808015e-14 9.2370555648813024e-14 1.000000000000004 1969.8656512465761 8030.1343487458698 0.026650987105820669 0 0 0.99309210117729252 5.9522074421822526e-18 1 3.907985046680551e-14 1.1544367892191154e-14 -2.8181398173794555e-13 0.33689544849407238 0.33201092806118759 0.0048845204328847869 0.0009300916299084845
7500 0 0 0.11252829933245741 24.920329329066199 0.0053751431279928435 0.0012154607648515317 0.0053751431279928426 0.001215460764851532 0.0053751431279928435 4.620435978267945e-18 1.740968480491725e-18 -2.5570501512567827e-17 -8.231709518042261e-18 1.7827942188295309e-16 49.99999999999995 50.000000000000099 49.99999999999995 -4.9737991503207013e-14 9.9475983006414026e-14 1.0000000000000022 1969.8656512464747 8030.134348745496 0.026531727124607159 0 0 0.99631682616274697 5.4380323518803196e-18 1 4.6185499747038693e-14 1.2077893616875904e-15 -2.5551931168426301e-13 0.3368291032206378 0.33231358106013376 0.0045155221605040485 0.0012154607648515317
8000 0 0 0.090213180626565845 24.935428712491525 0.0055642942297302374 0.0012345592243140427 0.0055642942297302314 0.001234559224314042 0.0055642942297302374 6.9708128158712039e-18 2.5594110164583853e-18 -2.6083259081187429e-17 -8.4999185615071057e-18 8.417568024156619e-17 49.99999999999995 50.000000000000099 49.99999999999995 -4.9737991503207013e-14 9.9475983006414026e-14 1.0000000000000009 1969.8656512463749 8030.1343487450249 0.026485798241223914 0 0 0.99609797251390197 5.5347220084396719e-18 1 6.93208494485743e-14 5.6274243213439226e-15 -2.610381523788052e-13 0.336302919844431 0.3326850481941484 0.0036178716502826003 0.0012345592243140427
8500 0 0 0.070841386813176949 24.949858027262128 0.0052550953238833667 0.00092124750948444751 0.0052550953238833615 0.00092124750948444729 0.0052550953238833667 1.1587258930145207e-17 -3.9867414924935196e-18 -2.7155375921292786e-17 -4.3073649366445049e-17 5.6376545894973442e-17 49.99999999999995 50.000000000000107 49.99999999999995 -4.9737991503207013e-14 1.0658141036401503e-13 1.0000000000000004 1969.8656512462674 8030.134348744562 0.026543552264976993 0 0 0.99526270917860482 6.0214200379749886e-18 1 1.1569390939518941e-13 -3.6450983765114013e-14 -2.7126302420909192e-13 0.3357845851668062 0.33294523486927063 0.00283935029753557 0.00092124750948444751
9000 0 0 0.066158576697924243 24.953615535328876 0.0049729390367159766 0.00068763939438288419 0.0049729390367159862 0.00068763939438288484 0.0049729390367159766 1.1940318525594415e-17 -6.1346761004503171e-18 -2.7979751102865968e-17 1.2288715964265758e-17 -4.8336129449392869e-17 49.99999999999995 50.000000000000107 49.99999999999995 -4.9737991503207013e-14 1.0658141036401503e-13 1.0000000000000011 1969.8656512461616 8030.1343487441645 0.026656038793609338 0 0 0.99502957862803165 6.1830439771276316e-18 1 1.1913082011757309e-13 -6.1558288848295728e-14 -2.796661540659433e-13 0.33570761247489245 0.3330563503119302 0.0026512621629622424 0.00068763939438288419
9500 0 0 0.074038971502408013 24.946003692252074 0.004946295452250977 0.00089516876683903347 0.0049462954522509666 0.00089516876683903325 0.004946295452250977 1.1226089502447665e-17 -6.4975802516253015e-18 -3.0538821674554828e-17 8.8805075380483562e-18 -2.4118019184477605e-16 49.99999999999995 50.000000000000114 49.99999999999995 -4.9737991503207013e-14 1.1368683772161603e-13 1.0000000000000016 1969.8656512460416 8030.1343487437007 0.026764978768590603 0 0 0.99543274042453045 6.0388499358108473e-18 1 1.1174568215199798e-13 -6.4559170726355419e-14 -3.054618684952825e-13 0.33594200276544389 0.33297403353013894 0.0029679692353049569 0.00089516876683903347
10000 0 0 0.090073666045299552 24.934271114522012 0.0050066639532283146 0.0010944560696824139 0.0050066639532283276 0.0010944560696824136 0.0050066639532283146 1.2834178164680582e-17 -2.0948520695918402e-18 -3.6052071255999908e-17 -5.3734078152655299e-17 -2.8608514670494586e-16 49.999999999999943 50.000000000000107 49.999999999999943 -5.6843418860808015e-14 1.0658141036401503e-13 1.0000000000000004 1969.8656512459463 8030.1343487433069 0.026814409072340277 0 0 0.99609402368318622 5.951924884035454e-18 1 1.2844759977870268e-13 -3.5106683185515131e-14 -3.6046040429886253e-13 0.33629275901964156 0.33268031470027104 0.0036124443193705225 0.0010944560696824139
10500 0 0 0.1049821814731651 24.923982630917653 0.0050663809128779665 0.0010212217797006611 0.0050663809128779552 0.0010212217797006609 0.0050663809128779665 1.3867552939321848e-17 -1.5459855617922757e-18 -3.3930897022940351e-17 -4.2257955939442405e-18 -2.4229577781895331e-16 49.99999999999995 50.000000000000099 49.99999999999995 -4.9737991503207013e-14 9.9475983006414026e-14 1.0000000000000031 1969.8656512458317 8030.1343487428285 0.026833293107700745 0 0 0.9958600936064701 5.8764568354709615e-18 1 1.3846649182607494e-13 -5.9574774855051388e-15 -3.3945652661712514e-13 0.33654858642293278 0.33233649146893707 0.0042120949539957153 0.0010212217797006611
11000 0 0 0.11204831057122239 24.919111666996223 0.0049806868545980137 0.00079101955564471265 0.0049806868545980033 0.00079101955564471233 0.0049806868545980137 1.3144129881752521e-17 -2.9316826744042733e-18 -3.3947179797583516e-17 -1.6912438693011399e-17 -2.6536847370453749e-17 49.99999999999995 50.000000000000099 49.99999999999995 -4.9737991503207013e-14 9.9475983006414026e-14 1.0000000000000033 1969.8656512457355 8030.134348742401 0.026810533719407136 0 0 0.99445406975635209 5.8831396168918881e-18 1 1.313558636861778e-13 -2.7364503892013392e-14 -3.3945294964774548e-13 0.33664189519292709 0.33214541425618394 0.0044964809367431524 0.00079101955564471265
11500 0 0 0.11102992164991619 24.922010344409856 0.0050479854347157821 0.00075240685468889686 0.0050479854347157682 0.00075240685468889676 0.0050479854347157821 1.4937356906959581e-17 -1.0942635686475245e-18 -3.6954829810134474e-17 5.5333013957233991e-17 1.2364100081275377e-16 49.99999999999995 50.000000000000092 49.99999999999995 -4.9737991503207013e-14 9.2370555648813024e-14 1.0000000000000007 1969.8656512456316 8030.1343487419854 0.026709502492666883 0 0 0.9945347121588527 5.9616651486545126e-18 1 1.4978468836882204e-13 -6.2575846468491264e-15 -3.6981509115117141e-13 0.3366380264790646 0.33218293156033463 0.0044550949187299738 0.00075240685468889686
12000 0 0 0.09794922994473558 24.932474811852639 0.0053376654185809339 0.00089414880082141416 0.0053376654185809365 0.00089414880082141297 0.0053376654185809339 1.9676274498639962e-17 9.0413787568028031e-19 -3.5337025562488903e-17 1.3794439010896812e-16 2.9300483249372471e-16 49.99999999999995 50.000000000000099 49.99999999999995 -4.9737991503207013e-14 9.9475983006414026e-14 1.000000000000004 1969.8656512455234 8030.1343487415816 0.026604666491444145 0 0 0.99582651068370398 6.0566445766882775e-18 1 1.9673676479158714e-13 1.251538613413275e-14 -3.5358342181045901e-13 0.33630239092002046 0.33237381059721305 0.0039285803228074068 0.00089414880082141416
12500 0 0 0.079051150324317657 24.945469684411041 0.0054371882624956631 0.0009406973404192993 0.0054371882624956788 0.00094069734041929919 0.0054371882624956631 1.6571813366028713e-17 9.1593399531698517e-20 -3.4363482338753676e-17 1.2661183249312514e-16 2.3344210422280262e-16 49.999999999999943 50.000000000000085 49.999999999999943 -5.6843418860808015e-14 8.5265128291212022e-14 1.0000000000000002 1969.8656512454272 8030.134348741115 0.026555154027382198 0 0 0.99620671708626818 6.0973377980992533e-18 1 1.6596533175539108e-13 -6.6717532648703781e-15 -3.4351107759996027e-13 0.33578457010452623 0.33261561191995781 0.0031689581845684156 0.0009406973404192993
13000 0 0 0.065673693133444871 24.954527055450807 0.005182968393073719 0.00082224399430000958 0.0051829683930737155 0.00082224399430000903 0.005182968393073719 2.1882495815392385e-17 -2.1649348980220777e-19 -3.612799148216601e-17 4.2798785537681852e-17 9.5829333261604534e-17 49.99999999999995 50.000000000000085 49.99999999999995 -4.9737991503207013e-14 8.5265128291212022e-14 1.0000000000000018 1969.865651245326 8030.1343487407266 0.02657726000883796 0 0 0.9960058696096008 6.1123439845903351e-18 1 2.1875773761892425e-13 6.5648441543997293e-16 -3.6115226326386245e-13 0.33543380735425465 0.33280207271999318 0.0026317346342614734 0.00082224399430000958
13500 0 0 0.065920407786018959 24.95429410713054 0.004900165658214598 0.00074064708206477521 0.0049001656582146188 0.00074064708206477477 0.004900165658214598 2.0473206463507958e-17 -1.5841494782643169e-18 -3.5931375736317239e-17 -4.9421510845135712e-17 -8.9079078628831621e-17 49.99999999999995 50.000000000000078 49.99999999999995 -4.9737991503207013e-14 7.815970093361102e-14 1.0000000000000031 1969.8656512452164 8030.1343487402846 0.026640432159765623 0 0 0.99571350759414401 6.0742075716328163e-18 1 2.0476502776895812e-13 -1.6056478520896922e-14 -3.5921929796850395e-13 0.33553219237933807 0.33289054651658523 0.0026416458627528394 0.00074064708206477521
14000 0 0 0.076561837618233777 24.945640326131041 0.0048197581714624531 0.00080821654673118143 0.0048197581714624713 0.00080821654673118089 0.0048197581714624531 1.9325860356496216e-17 1.8308271565486692e-18 -3.8575710615760816e-17 -1.7162955185169303e-16 -2.0424968459855711e-16 49.999999999999957 50.000000000000078 49.999999999999957 -4.2632564145606011e-14 7.815970093361102e-14 1.0000000000000011 1969.8656512451032 8030.1343487398699 0.02670392420662079 0 0 0.99582524654565796 6.0112265868378194e-18 1 1.9292898577544584e-13 4.6286759147751155e-15 -3.8588156759890297e-13 0.33590091406246098 0.33283176704449352 0.0030691470179674551 0.00080821654673118143
14500 0 0 0.092457822381553423 24.933574985241197 0.0048699134200339642 0.00087518349603565187 0.0048699134200339868 0.00087518349603565241 0.0048699134200339642 2.3412521921209792e-17 -1.5439038936217594e-18 -3.645869661600086e-17 -1.5481484040759865e-16 -2.0730581000297891e-16 49.999999999999957 50.000000000000071 49.999999999999957 -4.2632564145606011e-14 7.1054273576010019e-14 1.0000000000000004 1969.8656512449991 8030.1343487394261 0.026748354247726508 0 0 0.99628602186545989 5.9469934751732085e-18 1 2.3393789618138261e-13 -2.5197712297773955e-14 -3.6475445842832318e-13 0.33634434063025698 0.33263617513709037 0.0037081654931666042 0.00087518349603565187
15000 0 0 0.10603838874255318 24.923055776549816 0.0049526345479067521 0.00081339250045744742 0.0049526345479067304 0.00081339250045744796 0.0049526345479067521 2.5287411054049645e-17 -3.3563429813253064e-18 -3.8818944554514267e-17 -8.7917977614449334e-17 -1.1647539573228014e-16 49.999999999999964 50.000000000000071 49.999999999999964 -3.5527136788005009e-14 7.1054273576010019e-14 1.0000000000000002 1969.8656512449018 8030.1343487389704 0.026770197178598434 0 0 0.99673445460234167 5.9163972226705593e-18 1 2.5286373608055315e-13 -2.6474909233225458e-14 -3.8808273177139234e-13 0.33667087844026644 0.33241624812152659 0.0042546303187398493 0.00081339250045744742
15500 0 0 0.11292106999782345 24.917492900080912 0.0049826760056485841 0.00070953900391858239 0.0049826760056485902 0.00070953900391858163 0.0049826760056485841 2.2610385785919447e-17 2.107689023315339e-18 -3.9745667219873757e-17 -5.068379624015279e-17 -7.7218876489938706e-18 49.999999999999972 50.000000000000057 49.999999999999972 -2.8421709430404007e-14 5.6843418860808015e-14 1.0000000000000038 1969.8656512447903 8030.1343487385238 0.026757826126605804 0 0 0.99659792355093446 5.9391827482540978e-18 1 2.2634975491153675e-13 2.2882324019531802e-14 -3.9760225910506375e-13 0.33683557232621392 0.33230377330250649 0.0045317990237074279 0.00070953900391858239
16000 0 0 0.11134883661555392 24.919460863229904 0.0050813986980667086 0.00072630270492728621 0.0050813986980667129 0.00072630270492728621 0.0050813986980667086 2.1177504194761063e-17 2.0587698212927942e-18 -3.5806774858407921e-17 8.2960197202620501e-17 8.1196959926914427e-17 49.999999999999972 50.000000000000057 49.999999999999972 -2.8421709430404007e-14 5.6843418860808015e-14 1.0000000000000018 1969.8656512446848 8030.1343487381018 0.026708860263462808 0 0 0.99660627478806285 6.003544624119077e-18 1 2.112823804800712e-13 2.0270677497657985e-14 -3.5806705569807113e-13 0.33679972434599575 0.33233137580399918 0.0044683485419965696 0.00072630270492728621
16500 0 0 0.10034950733186505 24.928439385353187 0.0052551212536596096 0.00081316728347189445 0.0052551212536595853 0.00081316728347189489 0.0052551212536596096 2.2456342341254646e-17 7.4995565313561858e-18 -3.7390550857309554e-17 1.191547066226798e-16 1.8106534881133867e-16 49.999999999999986 50.000000000000057 49.999999999999986 -1.4210854715202004e-14 5.6843418860808015e-14 1.0000000000000009 1969.8656512445818 8030.1343487376835 0.026654510518347711 0 0 0.99646569753495773 6.0710947665794479e-18 1 2.2435693710839977e-13 7.6556375984675878e-14 -3.7380647430775265e-13 0.3364789779794875 0.33245347498747807 0.0040255029920094332 0.00081316728347189445
17000 0 0 0.084731047261062009 24.940286671884323 0.0052960615835464095 0.0008237002159979138 0.0052960615835464285 0.00082370021599791337 0.0052960615835464095 2.1834617447464929e-17 6.5118049841336839e-18 -3.3405905518440177e-17 1.1732724008030747e-16 1.032482507969417e-16 49.999999999999993 50.000000000000043 49.999999999999993 -7.1054273576010019e-15 4.2632564145606011e-14 1.0000000000000038 1969.8656512444725 8030.1343487372642 0.026629412602611813 0 0 0.99633094149526769 6.0860488086107832e-18 1 2.1861157361354605e-13 5.2059271742630267e-14 -3.3426566234620834e-13 0.33600100884918782 0.33260365225999589 0.0033973565891919355 0.0008237002159979138
17500 0 0 0.073019092100337191 24.94948383598307 0.0051594866097938383 0.000738579917399422 0.0051594866097938591 0.00073857991739942157 0.0051594866097938383 2.3369500779012952e-17 4.9134307733659163e-18 -3.7162643181679713e-17 5.6313986344664153e-17 9.7404468351936337e-17 49.999999999999993 50.000000000000043 49.999999999999993 -7.1054273576010019e-15 4.2632564145606011e-14 1.000000000000004 1969.8656512443679 8030.1343487368695 0.026641103460131835 0 0 0.99612985353346839 6.0793468759481219e-18 1 2.3360392125467561e-13 4.4539133665921771e-14 -3.7170040011274047e-13 0.33565067257706321 0.33272399511229633 0.0029266774647668803 0.000738579917399422
18000 0 0 0.070295018935097014 24.951821506265304 0.0050182558872593737 0.00068511102501481441 0.0050182558872593876 0.00068511102501481451 0.0050182558872593737 2.2548282685485418e-17 6.6592564795926685e-18 -3.8210781861623018e-17 -5.8005266071249709e-17 -6.4100707726813537e-18 50.000000000000014 50.00000000000005 50.000000000000014 1.4210854715202004e-14 4.9737991503207013e-14 1.0000000000000007 1969.8656512442633 8030.1343487364238 0.026671864450635303 0 0 0.99588723778240185 6.0470021246449288e-18 1 2.2588398462285229e-13 6.658832624292961e-14 -3.8215471800389151e-13 0.33559507619630136 0.33277784624307144 0.0028172299532299161 0.00068511102501481441
18500 0 0 0.075673941370952971 24.947430985764157 0.0049472583454278508 0.0007298316182743137 0.0049472583454278308 0.00072983161827431327 0.0049472583454278508 2.4438784329609676e-17 1.1348907924557952e-17 -3.6092667880470504e-17 -1.1237748845608169e-16 -1.4419845841045599e-16 50.000000000000014 50.000000000000043 50.000000000000014 1.4210854715202004e-14 4.2632564145606011e-14 1.0000000000000007 1969.8656512441585 8030.1343487358672 0.0267022660121695 0 0 0.99591588326267466 5.9887721520805965e-18 1 2.4435314204982947e-13 1.0901707054450371e-13 -3.6095063772263049e-13 0.33576412809580375 0.33273079206155898 0.0030333360342447713 0.0007298316182743137
19000 0 0 0.086123842357251873 24.939284019000763 0.0049253233617337988 0.00078272562637730252 0.0049253233617338188 0.00078272562637730306 0.0049253233617337988 2.4070676008008099e-17 7.8430317796023445e-18 -3.9392463072757124e-17 -1.496435939877871e-16 -2.0544854277917958e-16 50.000000000000036 50.000000000000043 50.000000000000036 3.5527136788005009e-14 4.2632564145606011e-14 1.0000000000000011 1969.8656512440521 8030.134348735528 0.026722639286962866 0 0 0.99623622901597619 5.9323407190068593e-18 1 2.4076226445455748e-13 8.136188527378338e-14 -3.938789420723898e-13 0.33605015112433256 0.33259681051152123 0.0034533406128113286 0.00078272562637730252
19500 0 0 0.096775128669377875 24.93080161881835 0.0049189716334665217 0.00076008068453133125 0.0049189716334665469 0.00076008068453133071 0.0049189716334665217 2.2679427780273018e-17 1.151440054416774e-17 -3.5313757185782436e-17 -6.2822083154707563e-17 -7.1121887306468289e-17 50.000000000000036 50.000000000000043 50.000000000000036 3.5527136788005009e-14 4.2632564145606011e-14 1.0000000000000038 1969.8656512439552 8030.134348735146 0.026729792805669634 0 0 0.99666552362075744 5.9121260226061049e-18 1 2.2646814978877217e-13 1.2035457266218463e-13 -3.5316626829551087e-13 0.33633529999973466 0.33245355042148084 0.0038817495782538236 0.00076008068453133125
20000 0 0 0.10413610928287756 24.924979455256029 0.0049351765615881261 0.00070399867558978307 0.0049351765615881053 0.00070399867558978285 0.0049351765615881261 1.9191766231815391e-17 9.5971841585146796e-18 -3.5879652581279289e-17 1.192584153207401e-16 5.2906730872335601e-18 50.00000000000005 50.000000000000043 50.00000000000005 4.9737991503207013e-14 4.2632564145606011e-14 1.0000000000000004 1969.8656512438381 8030.1343487347149 0.026715454274278412 0 0 0.99668865856154609 5.9352068816346901e-18 1 1.9222123892603804e-13 9.4567721844541e-14 -3.5905451624255147e-13 0.33656174806279687 0.33238376631280919 0.0041779817499876803 0.00070399867558978307
20500 0 0 0.1054178326897123 24.92415368390747 0.0050373919233320189 0.00069732764727505005 0.0050373919233319981 0.00069732764727505081 0.0050373919233320189 2.4689885552763476e-17 1.0220296831087548e-17 -3.5007416587770547e-17 2.0633931643031474e-16 1.4587531992986198e-16 50.00000000000005 50.00000000000005 50.00000000000005 4.9737991503207013e-14 4.9737991503207013e-14 1.0000000000000007 1969.8656512437376 8030.1343487342756 0.026681917988146488 0 0 0.99670894567952029 5.9926429927582451e-18 1 2.4685245421520547e-13 1.0127458123694328e-13 -3.5006038733163456e-13 0.33663611607557015 0.33240657095132481 0.0042295451242453375 0.00069732764727505005
21000 0 0 0.099721507050071628 24.928423518854149 0.0051734901695478603 0.00073399564986481526 0.0051734901695478456 0.00073399564986481515 0.0051734901695478603 2.5079938126338877e-17 8.4592055582723894e-18 -3.5142744464484333e-17 2.8380145883658871e-16 1.117310009732428e-16 50.000000000000064 50.00000000000005 50.000000000000064 6.3948846218409017e-14 4.9737991503207013e-14 1.0000000000000011 1969.8656512436391 8030.1343487338299 0.026650895696548473 0 0 0.99652712941927668 6.0436968437960417e-18 1 2.5085098928623317e-13 8.4888261310121955e-14 -3.5115283561011308e-13 0.33649439586549773 0.33249408244918205 0.0040003134163156817 0.00073399564986481526
21500 0 0 0.090157533885249372 24.935398138196014 0.0052075802706839092 0.00074382732729725393 0.005207580270683884 0.00074382732729725458 0.0052075802706839092 2.4936823439571697e-17 4.7128967395446566e-18 -3.3044109253940995e-17 2.3494993221633175e-16 4.9456439019578183e-17 50.000000000000085 50.00000000000005 50.000000000000085 8.5265128291212022e-14 4.9737991503207013e-14 1.0000000000000007 1969.8656512435405 8030.1343487334079 0.026643068204245855 0 0 0.99641101794941056 6.069652565698485e-18 1 2.4882874894664037e-13 4.8657258777673462e-14 -3.3039179753047682e-13 0.33621624574981357 0.33260060129988012 0.0036156444499334528 0.00074382732729725393
22000 0 0 0.082334694719899112 24.941471179674913 0.0051292699816998435 0.00071205105260634582 0.0051292699816998426 0.0007120510526063455 0.0051292699816998435 2.5076295207042264e-17 7.2896549907670435e-18 -3.2449410035105374e-17 7.2709255653195603e-17 -4.9741454299924261e-17 50.000000000000092 50.00000000000005 50.000000000000092 9.2370555648813024e-14 4.9737991503207013e-14 1.0000000000000004 1969.865651243422 8030.1343487329568 0.026660093567078023 0 0 0.99622895743201079 6.0734352895177973e-18 1 2.5060162956282508e-13 7.5916269798304015e-14 -3.2439074164088858e-13 0.33598749018757057 0.3326863739812822 0.0033011162062883681 0.00071205105260634582
22500 0 0 0.079538247475614984 24.943937527375361 0.0050476384423520882 0.00069222660585225107 0.0050476384423520631 0.00069222660585225031 0.0050476384423520882 2.4448585517259538e-17 7.4738826239165143e-18 -3.6272379649854774e-17 -1.0237121852695768e-16 -1.4750838398843259e-16 50.000000000000099 50.00000000000005 50.000000000000099 9.9475983006414026e-14 4.9737991503207013e-14 1.0000000000000007 1969.8656512433261 8030.1343487325321 0.02668811599416827 0 0 0.99607147958228159 6.0533823345070198e-18 1 2.4443553802680658e-13 7.4677890688759282e-14 -3.6296108468390982e-13 0.33590853622196593 0.33271985571038576 0.0031886805115801664 0.00069222660585225107
23000 0 0 0.081734710035603328 24.942510102118721 0.0050093763677330509 0.00070994535397297834 0.0050093763677330665 0.00070994535397297866 0.0050093763677330509 2.4203989507147477e-17 7.5946193778451863e-18 -3.6546463191652934e-17 -1.9293045882527203e-16 -1.3990880043865211e-16 50.000000000000114 50.00000000000005 50.000000000000114 1.1368683772161603e-13 4.9737991503207013e-14 1.0000000000000013 1969.8656512432137 8030.1343487320846 0.026712533321457142 0 0 0.99609393255643341 6.0076773275602217e-18 1 2.4170943024870439e-13 7.6898014865489639e-14 -3.6538004912727476e-13 0.33595719532481 0.33268027132233519 0.0032769240024748125 0.00070994535397297834
23500 0 0 0.087108679228525346 24.938611166660053 0.0049977903746637794 0.00072836328581047478 0.0049977903746637768 0.000728363285810475 0.0049977903746637794 2.280328703646774e-17 6.3175159548282426e-18 -3.5906361854104815e-17 -1.4632316991003236e-16 -7.0092854419892595e-17 50.000000000000121 50.00000000000005 50.000000000000121 1.2079226507921703e-13 4.9737991503207013e-14 1.0000000000000009 1969.8656512431189 8030.1343487316444 0.026726294731866492 0 0 0.99630612328791568 5.9574073298786358e-18 1 2.2798429471864411e-13 6.3760455926544293e-14 -3.5906055368847605e-13 0.33607639022844527 0.33258346599756511 0.0034929242308801567 0.00072836328581047478
24000 0 0 0.0929551286610526 24.934114649388178 0.0049880424759597653 0.00071342923018391849 0.0049880424759597428 0.00071342923018391849 0.0049880424759597653 2.0794997668325437e-17 9.4611818380018307e-18 -3.605693704084132e-17 -3.5240422788060101e-17 7.1338172172196666e-17 50.000000000000135 50.000000000000043 50.000000000000135 1.3500311979441904e-13 4.2632564145606011e-14 1.0000000000000011 1969.8656512430268 8030.1343487312297 0.026726235257026162 0 0 0.99655816178839696 5.9360429860953263e-18 1 2.0799507949309515e-13 9.6333992215605346e-14 -3.6102674429913945e-13 0.33621246569896557 0.33248443564984836 0.0037280300491172036 0.00071342923018391849
24500 0 0 0.097081704460485432 24.930899638947942 0.004992990728810499 0.00068904232844925256 0.0049929907288104826 0.00068904232844925364 0.004992990728810499 2.0833855474188651e-17 1.0865960908852103e-17 -3.4983811408004471e-17 -3.4817684443200405e-18 4.6050143055190989e-17 50.000000000000142 50.000000000000043 50.000000000000142 1.4210854715202004e-13 4.2632564145606011e-14 1.0000000000000033 1969.865651242899 8030.1343487308086 0.026709135387298646 0 0 0.9966000645445956 5.9463051339326546e-18 1 2.0810262896047392e-13 1.0763600534686221e-13 -3.4981196563893916e-13 0.33632959933422385 0.33243556799695029 0.0038940313372735624 0.00068904232844925256
25000 0 0 0.097695029108602408 24.93043782235301 0.0050470078844002033 0.00069147644069892343 0.0050470078844001868 0.00069147644069892365 0.0050470078844002033 2.112476860111189e-17 1.3081202787681033e-17 -3.2290852160497554e-17 6.3528359272632287e-17 1.7540925155570459e-16 50.000000000000149 50.000000000000057 50.000000000000149 1.4921397450962104e-13 5.6843418860808015e-14 1.0000000000000022 1969.865651242789 8030.1343487303729 0.026680325139763705 0 0 0.99656123984326384 5.9821668362524083e-18 1 2.1126633259385252e-13 1.3190463600391313e-13 -3.2308558353349121e-13 0.33636864129120453 0.33244993638097597 0.0039187049102285543 0.00069147644069892343
25500 0 0 0.094396027991112366 24.932795284627161 0.0051157151671877453 0.0007118431386953345 0.0051157151671877409 0.00071184313869533439 0.0051157151671877453 2.3148930689062155e-17 1.0363584990209047e-17 -3.1212567964256796e-17 1.3557931405345132e-16 6.1113532566576322e-18 50.000000000000156 50.00000000000005 50.000000000000156 1.5631940186722204e-13 4.9737991503207013e-14 1.0000000000000011 1969.8656512426887 8030.1343487299546 0.026655444822962501 0 0 0.99646427677337346 6.0166218767797148e-18 1 2.3142013309731656e-13 9.9443350215088107e-14 -3.1211069284535755e-13 0.33629607478010848 0.33251005612822815 0.0037860186518803296 0.0007118431386953345
26000 0 0 0.089169310537897825 24.936515299645087 0.0051267142655967539 0.00071469274721851282 0.0051267142655967391 0.00071469274721851217 0.0051267142655967539 2.1431294239320046e-17 9.2991586653472102e-18 -3.1528587421154788e-17 1.4241507140127885e-16 -1.0105144719656732e-16 50.000000000000163 50.000000000000057 50.000000000000163 1.6342482922482304e-13 5.6843418860808015e-14 1.000000000000002 1969.8656512425937 8030.1343487294844 0.026647994727112378 0 0 0.9963928368499243 6.0421010678877817e-18 1 2.1454387745534209e-13 9.0545297903301888e-14 -3.1512623226592414e-13 0.3361616187462958 0.33258576584678634 0.0035758528995094574 0.00071469274721851282
26500 0 0 0.085224710305368739 24.939451517737162 0.0050807308666886691 0.00069575868439739172 0.0050807308666886517 0.00069575868439739237 0.0050807308666886691 2.0678684459266495e-17 8.6874951677165388e-18 -3.0406223316902753e-17 3.5653504660664642e-17 -2.2089846496976989e-16 50.000000000000171 50.000000000000043 50.000000000000171 1.7053025658242404e-13 4.2632564145606011e-14 1.0000000000000022 1969.8656512424925 8030.1343487290214 0.026659022905801546 0 0 0.99628507551143197 6.0496759296675125e-18 1 2.0693299335086245e-13 8.8941222483175479e-14 -3.0419621492525316e-13 0.3360659468844322 0.33264868206428344 0.0034172648201487577 0.00069575868439739172
27000 0 0 0.084314568568791201 24.940154518760515 0.0050349238968589753 0.00068419621503786553 0.0050349238968589978 0.00068419621503786466 0.0050349238968589753 2.2368565333395227e-17 3.7849931522447419e-18 -2.3673424264301655e-17 -7.2900742411997045e-17 -1.5990182428343821e-16 50.000000000000171 50.000000000000043 50.000000000000171 1.7053025658242404e-13 4.2632564145606011e-14 1.0000000000000011 1969.8656512423847 8030.134348728644 0.026680037116686647 0 0 0.99619561705209148 6.0375278195819372e-18 1 2.2336733072843068e-13 3.7788188749713746e-14 -2.3657116875061159e-13 0.33605459589894504 0.33267392043017968 0.0033806754687653595 0.00068419621503786553
27500 0 0 0.086346626571894819 24.938628420128403 0.0050153720572847582 0.00069393653306735223 0.0050153720572847426 0.00069393653306735158 0.0050153720572847582 1.7053546075335494e-17 1.3138795607087088e-18 -1.9363349279467342e-17 -4.2517236673191918e-17 5.2583011917485906e-17 50.000000000000171 50.000000000000043 50.000000000000171 1.7053025658242404e-13 4.2632564145606011e-14 1.000000000000002 1969.8656512422685 8030.1343487282484 0.026701242411497961 0 0 0.99622201882318673 6.0119118362566988e-18 1 1.702700548372911e-13 1.3404291308101619e-14 -1.9340528657930702e-13 0.3361101346448585 0.33264776995032691 0.0034623646945315945 0.00069393653306735223
28000 0 0 0.090031553592579208 24.935880054252138 0.0050122110916795892 0.00070543981599790367 0.0050122110916795901 0.00070543981599790399 0.0050122110916795892 1.8573163840296661e-17 5.9584281953030321e-18 -1.5272193930323193e-17 1.9289705829477112e-17 1.5625404828039269e-16 50.000000000000178 50.00000000000005 50.000000000000178 1.7763568394002505e-13 4.9737991503207013e-14 1.0000000000000007 1969.865651242169 8030.1343487278145 0.026716145209340746 0 0 0.99636469591976562 5.9857806321061775e-18 1 1.8576892818087873e-13 6.1716668762839232e-14 -1.5249269247464272e-13 0.33619317420342432 0.33258265179969521 0.0036105224037291106 0.00070543981599790367
28500 0 0 0.093665025378020211 24.933179149669961 0.0050120775415136692 0.00069989058456460483 0.00501207754151369 0.00069989058456460516 0.0050120775415136692 2.3430042628352487e-17 2.1621593404641129e-18 -1.7161619784712099e-17 8.4820751306578155e-17 2.0637902273252678e-16 50.000000000000185 50.00000000000005 50.000000000000185 1.8474111129762605e-13 4.9737991503207013e-14 1.0000000000000036 1969.8656512420791 8030.1343487273443 0.026719956502686638 0 0 0.99651871827450156 5.972344416827086e-18 1 2.3407404656325837e-13 1.9580677682561054e-14 -1.7185108172147494e-13 0.33627198499684602 0.33251534310149189 0.0037566418953541292 0.00069989058456460483
29000 0 0 0.09574894529148463 24.931730663614371 0.0050252772134161145 0.00068764931573054406 0.005025277213416092 0.00068764931573054384 0.0050252772134161145 2.4750600874445144e-17 3.3093319751312574e-18 -9.8025878914094155e-18 8.4642378833165485e-17 1.6859514892821426e-16 50.000000000000192 50.000000000000057 50.000000000000192 1.9184653865522705e-13 5.6843418860808015e-14 1.0000000000000011 1969.8656512419639 8030.1343487268887 0.026709786031091066 0 0 0.99656660304865163 5.9754007472470447e-18 1 2.474552837521181e-13 3.2906784037982839e-14 -9.7973299207568998e-14 0.33632007841992045 0.33247963322245883 0.0038404451974616283 0.00068764931573054406
29500 0 0 0.09522159152995191 24.932287776348524 0.0050649018902861678 0.00068688848350853169 0.0050649018902861886 0.0006868884835085318 0.0050649018902861678 2.2829091048187847e-17 1.6216195053482597e-18 -8.787085040741775e-18 2.6874305282084024e-17 2.3102805321027772e-16 50.000000000000185 50.00000000000005 50.000000000000185 1.8474111129762605e-13 4.9737991503207013e-14 1.0000000000000009 1969.8656512418549 8030.1343487264985 0.026689871984257763 0 0 0.99651261193562335 5.9926550198079877e-18 1 2.2774685603105656e-13 1.5489515323586361e-14 -8.7903660160179109e-14 0.33630515642663134 0.33248594848293506 0.0038192079436962789 0.00068688848350853169
29999 0 0 0.091968984457751465 24.934765599279419 0.0051067815622296347 0.00069594647585754631 0.0051067815622296148 0.00069594647585754653 0.0051067815622296347 2.1739901545706411e-17 2.8397423301831594e-18 -6.8826636923485466e-18 5.4156667942625636e-17 -1.4021291100225226e-17 50.000000000000185 50.000000000000057 50.000000000000185 1.8474111129762605e-13 5.6843418860808015e-14 1.0000000000000007 1969.8656512417499 8030.1343487260901 0.026670738411265049 0 0 0.99643656149616078 6.013223200235019e-18 1 2.174007501798414e-13 3.0539161778982355e-14 -6.8760457378695999e-14 0.33621524957069282 0.3325268658122183 0.0036883837584745227 0.00069594647585754631
