# 1:passo  2:raio_area  3:raio_grad  4:raio_linha  5:p_in  6:p_out  7:delta_p  8:sigma  9:|u-v0|max  10:|u-v0|rms  11:Ca  12:massa_R  13:massa_B  14:|q|  15:sd_p_in  16:sd_p_out  17:sigma_2pontos  18:K_perfil  19:r_perfil  20:espessura_10_90  21:residuo_ajuste  22:n_camadas
0 25.04052139 25.08111096 25 0.3333333333 0.3333333333 -2.220446049e-16 -5.560112678e-15 0.001984630562 0.0002420166881 0 1969.865651 8030.134349 6.047756434e-16 2.8316563e-08 0 0 1.273345395 25.01411833 3.451105388 0.08159937045 12
500 24.99868503 25.02684258 24.95588488 0.3338613561 0.3332345623 0.0006267937255 0.01566901892 0.004419179431 0.001581975289 0.001880219582 1969.865651 8030.134349 5.863739565e-14 0.0001969756659 0.0004313990147 0.03678852347 1.297479781 24.97442952 3.386911472 0.07760112401 12
1000 24.95471647 24.98219046 24.91699351 0.3353804628 0.3328045855 0.002575877317 0.06428028811 0.004907831744 0.002133448408 0.0005090032925 1969.865651 8030.134349 3.723770634e-14 0.000115700654 0.0003559245426 0.0458842498 1.297731909 24.92887515 3.386253449 0.08038021904 12
1500 24.90714311 24.93266024 24.87000918 0.3371301859 0.3321735574 0.004956628465 0.1234554545 0.004385169985 0.001947593789 0.000236801741 1969.865651 8030.134349 6.090599233e-14 7.835971182e-05 0.0004047737797 0.1664822693 1.296626203 24.87941074 3.389141099 0.08234130986 12
2000 24.87707651 24.90102529 24.83446996 0.3376978767 0.3317550676 0.005942809094 0.1478397165 0.004496423531 0.001252218416 0.0002027611902 1969.865651 8030.134349 4.53093913e-14 0.0002591400917 0.0002692500745 0.1462419411 1.297569206 24.84834325 3.386678056 0.08629215731 12
2500 24.87432982 24.8977501 24.82989896 0.3384224362 0.3318006322 0.006621803975 0.1647129361 0.004576669037 0.00100841047 0.0001852381946 1969.865651 8030.134349 9.365120306e-14 0.0001548923431 0.0001681246837 0.1791282336 1.297936406 24.84529746 3.385719927 0.08375493717 12
3000 24.89351302 24.91705676 24.85013528 0.3381133708 0.3322145217 0.005898849089 0.1468430766 0.005647745503 0.001438971878 0.0002564072993 1969.865651 8030.134349 1.139394253e-13 0.0001867476043 0.0003973473378 0.1297344115 1.297651067 24.86494233 3.386464409 0.08344791519 12
3500 24.92747671 24.95205513 24.88173257 0.3368245805 0.3327678398 0.004056740674 0.1011243087 0.006032474319 0.001604903662 0.0003976936504 1969.865651 8030.134349 1.424687859e-13 0.0001445852456 0.0005788630078 0.07355092992 1.29742687 24.90014188 3.387049596 0.08159880502 12
4000 24.961007 24.98734123 24.9140896 0.3354394606 0.3331311583 0.002308302251 0.05761754864 0.005743671992 0.001312347656 0.0006645743791 1969.865651 8030.134349 1.755839199e-13 7.77611862e-05 0.000638542524 0.03317646268 1.297829127 24.93515904 3.385999792 0.07956488883 12
4500 24.97763329 25.0055126 24.93434219 0.3346778419 0.3332239606 0.001453881283 0.03631451353 0.005034995014 0.001022292069 0.0009243310776 1969.865651 8030.134349 1.74046567e-13 9.77235269e-05 0.0004836048991 0.01818158824 1.297841448 24.95223356 3.385967649 0.07919197655 12
5000 24.97180349 25.00026293 24.93329268 0.3349280264 0.3331081523 0.001819874137 0.04544553931 0.004863459794 0.001223267955 0.0007134487958 1969.865651 8030.134349 2.177593088e-13 9.157759701e-05 0.0001129847813 0.04089478468 1.297657947 24.94635213 3.386446454 0.0796349978 12
5500 24.95276184 24.98074254 24.91855783 0.3354586983 0.3326798017 0.002778896687 0.06934114719 0.004801388883 0.001374849668 0.0004616199835 1969.865651 8030.134349 2.563148932e-13 0.0001068334179 0.0003707294674 0.07223843336 1.297398296 24.92652708 3.387124192 0.08106721857 12
6000 24.93209187 24.9592989 24.89900444 0.3361889464 0.3321992578 0.003989688573 0.09947128203 0.004912200622 0.001186937166 0.0003292206904 1969.865651 8030.134349 2.684965951e-13 8.060986074e-05 0.0006288889772 0.1301060876 1.297370988 24.90544814 3.387195486 0.08176359649 12
6500 24.91668058 24.94268509 24.88219725 0.3365208512 0.3319299606 0.004590890578 0.1143897541 0.004960297535 0.0008299623042 0.0002890875192 1969.865651 8030.134349 2.727280853e-13 9.879602083e-05 0.000679420149 0.1439086705 1.297915326 24.88875987 3.385774918 0.08353641141 12
7000 24.911615 24.93645623 24.87562116 0.3368954485 0.3320109281 0.004884520433 0.1216812925 0.004944750045 0.0009300916299 0.000270912641 1969.865651 8030.134349 2.847448462e-13 7.725366511e-05 0.0005232485024 0.1448991591 1.297866083 24.88317653 3.385903379 0.0842117368 12
7500 24.92032933 24.94477912 24.88191874 0.3368291032 0.3323135811 0.004515522161 0.1125282993 0.005375143128 0.001215460765 0.000318446895 1969.865651 8030.134349 2.59662623e-13 0.0001064254142 0.0001537862413 0.1211652955 1.29761525 24.89197675 3.386557884 0.08392685288 12
8000 24.93542871 24.96002454 24.89132956 0.3363029198 0.3326850482 0.00361787165 0.09021318063 0.00556429423 0.001234559224 0.0004111959539 1969.865651 8030.134349 2.701443412e-13 7.605286941e-05 0.0002247707725 0.07869125782 1.297284461 24.90766656 3.387421407 0.08241677786 12
8500 24.94985803 24.97538944 24.90204206 0.3357845852 0.3329452349 0.002839350298 0.07084138681 0.005255095324 0.0009212475095 0.0004945409795 1969.865651 8030.134349 2.97148756e-13 7.308943576e-05 0.00052087767 0.0498331039 1.297459275 24.92293219 3.386965 0.08084465016 12
9000 24.95361554 24.98002357 24.90635058 0.3357076125 0.3330563503 0.002651262163 0.0661585767 0.004972939037 0.0006876393944 0.0005011130615 1969.865651 8030.134349 3.101527575e-13 7.488340676e-05 0.0006026129522 0.04395198638 1.297404052 24.92716378 3.387109164 0.08006928153 12
9500 24.94600369 24.97282295 24.90190328 0.3359420028 0.3329740335 0.002967969235 0.0740389715 0.004946295452 0.0008951687668 0.0004453776484 1969.865651 8030.134349 3.316050921e-13 7.429462562e-05 0.0004504707877 0.05255189924 1.297400598 24.91951034 3.387118183 0.08030962861 12
10000 24.93427111 24.96121543 24.89383681 0.336292759 0.3326803147 0.003612444319 0.09007366605 0.005006663953 0.00109445607 0.0003705606883 1969.865651 8030.134349 3.842693953e-13 7.627186907e-05 0.0001830924653 0.08302644284 1.297371978 24.90742442 3.387192901 0.0810701175 12
10500 24.92398263 24.95077217 24.8857204 0.3365485864 0.3323364915 0.004212094954 0.1049821815 0.005066380913 0.00102122178 0.0003217295762 1969.865651 8030.134349 3.666595074e-13 7.629857944e-05 0.0001353881449 0.1145015792 1.297555037 24.89673575 3.386715037 0.08187586167 12
11000 24.91911167 24.94547005 24.88223091 0.3366418952 0.3321454143 0.004496480937 0.1120483106 0.004980686855 0.0007910195556 0.0002963416303 1969.865651 8030.134349 3.650088821e-13 7.638715616e-05 0.0003436062617 0.1280426994 1.297855191 24.89151553 3.385931793 0.08269948116 12
11500 24.92201034 24.9478603 24.88629755 0.3366380265 0.3321829316 0.004455094919 0.1110299216 0.005047985435 0.0007524068547 0.0003031006033 1969.865651 8030.134349 3.990461275e-13 7.862978564e-05 0.0004174817391 0.1286768571 1.297869803 24.89421428 3.385893672 0.08330342416 12
12000 24.93247481 24.95804956 24.8961575 0.3363023909 0.3323738106 0.003928580323 0.09794922994 0.005337665419 0.0008941488008 0.0003632947002 1969.865651 8030.134349 4.048249321e-13 7.649006983e-05 0.0003290765795 0.1096032153 1.297713371 24.90479982 3.386301824 0.08321578911 12
12500 24.94546968 24.97111024 24.90614475 0.3357845701 0.3326156119 0.003168958185 0.07905115032 0.005437188262 0.0009406973404 0.0004585375621 1969.865651 8030.134349 3.815610883e-13 7.717740002e-05 0.0001483307808 0.08380618907 1.297612459 24.91820413 3.386565168 0.08236979027 12
13000 24.95452706 24.9805344 24.91265829 0.3354338074 0.3328020727 0.002631734634 0.06567369313 0.005182968393 0.0008222439943 0.0005261333872 1969.865651 8030.134349 4.222396665e-13 9.073465104e-05 7.307220233e-05 0.06309653525 1.29761241 24.92770887 3.386565295 0.08145142395 12
13500 24.95429411 24.98061471 24.91174107 0.3355321924 0.3328905465 0.002641645863 0.06592040779 0.004900165658 0.0007406470821 0.0004955638497 1969.865651 8030.134349 4.137934643e-13 7.909882239e-05 0.0001908276645 0.05861410092 1.297446891 24.92764735 3.386997328 0.08098602097 12
14000 24.94564033 24.97204159 24.9035135 0.3359009141 0.332831767 0.003069147018 0.07656183762 0.004819758171 0.0008082165467 0.000419683254 1969.865651 8030.134349 4.314482616e-13 7.354480358e-05 0.0002214662212 0.06551183974 1.297296585 24.91883756 3.387389749 0.08106479084 12
14500 24.93357499 24.95989821 24.89193769 0.3363443406 0.3326361751 0.003708165493 0.09245782238 0.00486991342 0.000875183496 0.000351144864 1969.865651 8030.134349 4.340595338e-13 7.929310592e-05 0.0001662380143 0.08590922418 1.297247157 24.90644554 3.387518816 0.08141334435 12
15000 24.92305578 24.94920398 24.88185994 0.3366708784 0.3324162481 0.004254630319 0.1060383887 0.004952634548 0.0008133925005 0.0003113736831 1969.865651 8030.134349 4.639495625e-13 8.293908642e-05 8.40208873e-05 0.1065164558 1.297446609 24.89559976 3.386998066 0.08188527068 12
15500 24.9174929 24.94335244 24.87710029 0.3368355723 0.3323037733 0.004531799024 0.11292107 0.004982676006 0.0007095390039 0.0002941686617 1969.865651 8030.134349 4.580888219e-13 8.213523511e-05 4.538266169e-05 0.1167919843 1.297681118 24.88978071 3.386385989 0.08241370648 12
16000 24.91946086 24.94510808 24.88018347 0.3367997243 0.3323313758 0.004468348542 0.1113488366 0.005081398698 0.0007263027049 0.0003042330064 1969.865651 8030.134349 4.162489172e-13 8.543719901e-05 7.317738595e-05 0.1162376867 1.297750476 24.89167331 3.386205003 0.08277130092 12
16500 24.92843939 24.95410434 24.88924374 0.336478978 0.332453475 0.004025502992 0.1003495073 0.005255121254 0.0008131672835 0.0003491212127 1969.865651 8030.134349 4.426377686e-13 7.894801373e-05 7.024662452e-05 0.1037588543 1.297684061 24.90084471 3.386378309 0.08262501872 12
17000 24.94028667 24.96621608 24.90006241 0.3360010088 0.3326036523 0.003397356589 0.08473104726 0.005296061584 0.000823700216 0.0004166958673 1969.865651 8030.134349 4.027837148e-13 7.422247088e-05 3.445534177e-05 0.08576722978 1.297667603 24.91308836 3.386421257 0.08204362485 12
17500 24.94948384 24.97580197 24.9087246 0.3356506726 0.3327239951 0.002926677465 0.0730190921 0.00515948661 0.0007385799174 0.0004710627921 1969.865651 8030.134349 4.412660353e-13 8.034321344e-05 2.253350391e-05 0.07236062271 1.297667533 24.92266518 3.386421439 0.08148318905 12
18000 24.95182151 24.97839082 24.91149757 0.3355950762 0.3327778462 0.002817229953 0.07029501894 0.005018255887 0.000685111025 0.0004759233265 1969.865651 8030.134349 4.488873001e-13 7.937918838e-05 2.827903739e-05 0.06854972188 1.297587535 24.9256423 3.386630217 0.08064702335 12
18500 24.94743099 24.97402095 24.90776022 0.3357641281 0.3327307921 0.003033336034 0.07567394137 0.004947258345 0.0007298316183 0.0004358398903 1969.865651 8030.134349 4.493089612e-13 7.665975419e-05 3.84315141e-05 0.07377769685 1.297455733 24.92065278 3.386974246 0.08138793408 12
19000 24.93928402 24.9657235 24.89978273 0.3360501511 0.3325968105 0.003453340613 0.08612384236 0.004925323362 0.0007827256264 0.0003812589891 1969.865651 8030.134349 4.687503017e-13 7.459791411e-05 4.21486984e-05 0.0876691299 1.297404446 24.91224482 3.387108136 0.08167749124 12
19500 24.93080162 24.95697277 24.89107523 0.3363353 0.3324535504 0.003881749578 0.09677512867 0.004918971633 0.0007600806845 0.0003388592159 1969.865651 8030.134349 4.364624372e-13 7.477984149e-05 6.927831613e-05 0.1011775407 1.297483424 24.9034646 3.386901962 0.0820369341 12
20000 24.92497946 24.95081942 24.88507139 0.3365617481 0.3323837663 0.00417798175 0.1041361093 0.004935176562 0.0007039986756 0.0003159439824 1969.865651 8030.134349 4.181054943e-13 7.722835574e-05 7.090451864e-05 0.1087228669 1.2975797 24.89738881 3.386650665 0.08239510666 12
20500 24.92415368 24.94975165 24.88411832 0.3366361161 0.332406571 0.004229545124 0.1054178327 0.005037391923 0.0006973276473 0.0003185667165 1969.865651 8030.134349 4.401533253e-13 8.206525182e-05 3.609236992e-05 0.1080304945 1.297601213 24.89645539 3.386594519 0.08258076657 12
21000 24.92842352 24.95399233 24.88774971 0.3364943959 0.3324940824 0.004000313416 0.09972150705 0.00517349017 0.0007339956499 0.0003458625474 1969.865651 8030.134349 4.398187691e-13 7.951213117e-05 3.429962674e-05 0.09952447286 1.297579463 24.90083077 3.386651283 0.08241269622 12
21500 24.93539814 24.96117103 24.89385631 0.3362162457 0.3326006013 0.00361564445 0.09015753389 0.005207580271 0.0007438273273 0.0003850726646 1969.865651 8030.134349 4.164637019e-13 7.364434114e-05 8.915372616e-05 0.08739508536 1.297599114 24.90807599 3.386599996 0.08198329483 12
22000 24.94147118 24.96757103 24.89973624 0.3359874902 0.332686374 0.003301116206 0.08233469472 0.005129269982 0.0007120510526 0.0004153186373 1969.865651 8030.134349 4.168858477e-13 7.375450776e-05 0.0001183892526 0.07831253107 1.297609744 24.91443097 3.386572254 0.08157948711 12
22500 24.94393753 24.97030972 24.90285544 0.3359085362 0.3327198557 0.003188680512 0.07953824748 0.005047638442 0.0006922266059 0.0004230785065 1969.865651 8030.134349 4.439214667e-13 7.420698802e-05 9.850481534e-05 0.07544375768 1.297567143 24.91704932 3.386683439 0.08140570597 12
23000 24.9425101 24.96900769 24.90233749 0.3359571953 0.3326802713 0.003276924002 0.08173471004 0.005009376368 0.000709945354 0.0004085882538 1969.865651 8030.134349 4.447913372e-13 7.431752865e-05 4.50420666e-05 0.07933348009 1.297509128 24.91560871 3.386834867 0.08147050189 12
23500 24.93861117 24.96508528 24.89909715 0.3360763902 0.332583466 0.003492924231 0.08710867923 0.004997790375 0.0007283632858 0.0003824946354 1969.865651 8030.134349 4.300775693e-13 7.445544032e-05 3.95626706e-05 0.08859836818 1.297297705 24.91205911 3.387386826 0.08394469474 12
24000 24.93411465 24.96042869 24.89494432 0.3362124657 0.3324844356 0.003728030049 0.09295512866 0.004988042476 0.0007134292302 0.0003577383732 1969.865651 8030.134349 4.276476368e-13 7.459132633e-05 9.81505193e-05 0.09778854733 1.297560092 24.90689872 3.386701843 0.08198545638 12
24500 24.93089964 24.95696761 24.89187567 0.3363295993 0.332435568 0.003894031337 0.09708170446 0.004992990729 0.0006890423284 0.0003428720689 1969.865651 8030.134349 4.210233071e-13 7.462350116e-05 0.0001232409364 0.1030246789 1.297624072 24.90399433 3.386534861 0.08166704379 12
25000 24.93043782 24.95628957 24.89123383 0.3363686413 0.3324499364 0.00391870491 0.09769502911 0.005047007884 0.0006914764407 0.0003444056421 1969.865651 8030.134349 4.079418961e-13 7.506120309e-05 0.0001011907535 0.1025045624 1.297604227 24.90295049 3.386586651 0.08243069547 12
25500 24.93279528 24.95856023 24.89284211 0.3362960748 0.3325100561 0.003786018652 0.09439602799 0.005115715167 0.0007118431387 0.0003612945217 1969.865651 8030.134349 4.010702463e-13 7.440053271e-05 4.39522256e-05 0.09667158637 1.297574059 24.90534843 3.386665388 0.08232033216 12
26000 24.9365153 24.96235111 24.89560401 0.3361616187 0.3325857658 0.0035758529 0.08916931054 0.005126714266 0.0007146927472 0.0003832943745 1969.865651 8030.134349 3.91831684e-13 7.345343465e-05 3.385503396e-05 0.08850916326 1.297564718 24.90921376 3.386689768 0.08202696334 12
26500 24.93945152 24.9654527 24.89801858 0.3360659469 0.3326486821 0.00341726482 0.08522471031 0.005080730867 0.0006957586844 0.0003974380082 1969.865651 8030.134349 3.785064623e-13 7.342688235e-05 8.662016628e-05 0.08230953362 1.297552779 24.91230677 3.386720931 0.0817390378 12
27000 24.94015452 24.96631546 24.89882521 0.3360545959 0.3326739204 0.003380675469 0.08431456857 0.005034923897 0.000684196215 0.0003981062808 1969.865651 8030.134349 3.27546683e-13 7.36428931e-05 0.0001037085623 0.08026306262 1.297522697 24.91309539 3.386799449 0.08159249707 12
27500 24.93862842 24.96488634 24.89773952 0.3361101346 0.33264777 0.003462364695 0.08634662657 0.005015372057 0.0006939365331 0.0003872277939 1969.865651 8030.134349 2.580255249e-13 7.406624236e-05 8.221057492e-05 0.08306104184 1.29749755 24.91156279 3.386865089 0.0816034677 12
28000 24.93588005 24.96215776 24.89548199 0.3361931742 0.3325826518 0.003610522404 0.09003155359 0.005012211092 0.000705439816 0.000371144774 1969.865651 8030.134349 2.481392011e-13 7.4450891e-05 3.548248739e-05 0.08927327832 1.297513132 24.90874179 3.386824415 0.08173078568 12
28500 24.93317915 24.95939587 24.8932352 0.336271985 0.3325153431 0.003756641895 0.09366502538 0.005012077542 0.0006998905846 0.0003567377486 1969.865651 8030.134349 2.910444236e-13 7.466515291e-05 2.693555976e-05 0.09554655706 1.297563312 24.90593741 3.386693438 0.08192953886 12
29000 24.93173066 24.95783242 24.89217188 0.3363200784 0.3324796332 0.003840445197 0.09574894529 0.005025277213 0.0006876493157 0.000349892607 1969.865651 8030.134349 2.681711044e-13 7.482520834e-05 6.287133695e-05 0.09914732929 1.297618354 24.90488398 3.386549784 0.08151717198 12
29500 24.93228778 24.95828387 24.89285713 0.3363051564 0.3324859485 0.003819207944 0.09522159153 0.00506490189 0.0006868884835 0.0003546045814 1969.865651 8030.134349 2.446131824e-13 7.470081079e-05 7.323902418e-05 0.09876293251 1.297609494 24.90491426 3.386572905 0.08223786059 12
29999 24.9347656 24.96072504 24.89502377 0.3362152496 0.3325268658 0.003688383758 0.09196898446 0.005106781562 0.0006959464759 0.0003701814325 1969.865651 8030.134349 2.300515748e-13 7.396718374e-05 5.383743968e-05 0.09449824353 1.297597987 24.90743955 3.386602937 0.08217159689 12
