# 1:passo  2:sigma_pop  3:int_grad  4:K  5:espessura_10_90  6:residuo  7:d0  8:|u|max  9:|u|rms  10:|u_n|max  11:|u_t|max  12:massa_R  13:massa_B  14:qx  15:qy  16:soma_Fx  17:soma_Fy  18:min_f  19:neg_total  20:neg_cor
0 0.09999966772 2.000003301 1.273753378 3.45 5.995204333e-14 2.240018275e-16 2.194270918e-17 6.254634441e-18 2.194270918e-17 1.974843826e-17 20000 20000 -3.469446952e-15 6.938893904e-16 0 0 0.02696055455 0 0
500 0.09999037734 2.000001174 1.217620731 3.609045941 0.09925545675 -5.673825024e-09 0.002476353404 0.0008704793482 0.0002936233395 0.002476341199 20000 20000 -5.939693182e-13 1.558475571e-12 0 0 0.02516641909 0 0
1000 0.09998896627 2.000001173 1.217522561 3.60933694 0.09921998449 -9.528605205e-09 0.002481903262 0.0008475305515 0.0001235927123 0.002480074175 20000 20000 -1.777050729e-12 2.892824869e-12 0 0 0.02515389061 0 0
1500 0.09998896185 2.000001173 1.217537538 3.609292542 0.09922580377 -1.338316467e-08 0.002482203324 0.000847552563 0.0001261600824 0.002480210439 20000 20000 -7.611966613e-13 3.661654313e-12 0 0 0.02515391488 0 0
2000 0.09998896179 2.000001173 1.217538372 3.60929007 0.09922612472 -1.723621287e-08 0.002482211151 0.0008475549812 0.0001262097835 0.002480215046 20000 20000 -7.91033905e-14 3.408384686e-12 0 0 0.02515393254 0 0
2500 0.09998896178 2.000001173 1.217538391 3.609290013 0.09922613266 -2.109000188e-08 0.002482211235 0.0008475550594 0.0001262087255 0.0024802152 20000 20000 -1.227490332e-12 3.133604487e-12 0 0 0.02515393333 0 0
3000 0.09998896178 2.000001173 1.217538391 3.609290013 0.09922613319 -2.494357144e-08 0.002482211233 0.0008475550622 0.0001262086104 0.002480215206 20000 20000 -2.680494715e-12 9.638123633e-13 0 0 0.02515393334 0 0
3500 0.09998896178 2.000001173 1.217538391 3.609290014 0.09922613377 -2.879701801e-08 0.002482211234 0.0008475550623 0.0001262086065 0.002480215207 20000 20000 -2.958050471e-12 -6.283862319e-12 0 0 0.02515393334 0 0
4000 0.09998896178 2.000001173 1.217538391 3.609290014 0.09922613437 -3.265049272e-08 0.002482211235 0.0008475550623 0.0001262086065 0.002480215208 20000 20000 8.857498068e-12 -1.832145546e-11 0 0 0.02515393334 0 0
4500 0.09998896178 2.000001173 1.217538391 3.609290014 0.09922613497 -3.650406135e-08 0.002482211236 0.0008475550623 0.0001262086067 0.002480215209 20000 20000 2.265687638e-11 -4.612837889e-11 0 0 0.02515393334 0 0
5000 0.09998896178 2.000001173 1.217538391 3.609290014 0.09922613557 -4.035770002e-08 0.002482211237 0.0008475550623 0.0001262086068 0.00248021521 20000 20000 3.149147609e-11 -6.595626822e-11 0 0 0.02515393334 0 0
5500 0.09998896178 2.000001173 1.217538391 3.609290014 0.09922613617 -4.421130337e-08 0.002482211238 0.0008475550623 0.0001262086069 0.00248021521 20000 20000 3.993541609e-11 -9.069967e-11 0 0 0.02515393334 0 0
6000 0.09998896178 2.000001173 1.217538391 3.609290014 0.09922613677 -4.806493358e-08 0.002482211238 0.0008475550623 0.000126208607 0.002480215211 20000 20000 4.109490526e-11 -1.072406053e-10 0 0 0.02515393334 0 0
6500 0.09998896178 2.000001173 1.217538391 3.609290014 0.09922613737 -5.191852522e-08 0.002482211239 0.0008475550623 0.0001262086071 0.002480215212 20000 20000 4.774791673e-11 -1.218830592e-10 0 0 0.02515393334 0 0
7000 0.09998896178 2.000001173 1.217538391 3.609290014 0.09922613797 -5.577209954e-08 0.00248221124 0.0008475550623 0.0001262086072 0.002480215213 20000 20000 4.948264021e-11 -1.309813369e-10 0 0 0.02515393334 0 0
7500 0.09998896178 2.000001173 1.217538391 3.609290014 0.09922613857 -5.962569424e-08 0.002482211241 0.0008475550623 0.0001262086073 0.002480215214 20000 20000 4.798869635e-11 -1.375385916e-10 0 0 0.02515393334 0 0
8000 0.09998896178 2.000001173 1.217538391 3.609290014 0.09922613917 -6.347920726e-08 0.002482211242 0.0008475550623 0.0001262086074 0.002480215215 20000 20000 4.691524946e-11 -1.43000195e-10 0 0 0.02515393334 0 0
8500 0.09998896178 2.000001173 1.217538391 3.609290014 0.09922613977 -6.733269371e-08 0.002482211243 0.0008475550623 0.0001262086075 0.002480215215 20000 20000 4.020533906e-11 -1.331226795e-10 0 0 0.02515393334 0 0
9000 0.09998896178 2.000001173 1.217538391 3.609290014 0.09922614037 -7.118615528e-08 0.002482211243 0.0008475550623 0.0001262086076 0.002480215216 20000 20000 4.417022303e-11 -1.316585729e-10 0 0 0.02515393333 0 0
9500 0.09998896178 2.000001173 1.217538391 3.609290014 0.09922614097 -7.503958964e-08 0.002482211244 0.0008475550623 0.0001262086077 0.002480215217 20000 20000 3.606698273e-11 -1.256814097e-10 0 0 0.02515393333 0 0
10000 0.09998896178 2.000001173 1.217538391 3.609290014 0.09922614157 -7.889293112e-08 0.002482211245 0.0008475550623 0.0001262086078 0.002480215218 20000 20000 2.865138682e-11 -1.192206056e-10 0 0 0.02515393333 0 0
10500 0.09998896178 2.000001173 1.217538391 3.609290014 0.09922614217 -8.27462033e-08 0.002482211246 0.0008475550623 0.0001262086079 0.002480215219 20000 20000 2.046279812e-11 -1.196640009e-10 0 0 0.02515393333 0 0
11000 0.09998896178 2.000001173 1.217538391 3.609290014 0.09922614277 -8.659945606e-08 0.002482211247 0.0008475550623 0.000126208608 0.00248021522 20000 20000 2.268532584e-11 -1.150600448e-10 0 0 0.02515393333 0 0
11500 0.09998896178 2.000001173 1.217538391 3.609290014 0.09922614337 -9.045274762e-08 0.002482211248 0.0008475550623 0.0001262086081 0.00248021522 20000 20000 2.510006092e-11 -1.124191018e-10 0 0 0.02515393333 0 0
12000 0.09998896178 2.000001173 1.217538391 3.609290014 0.09922614397 -9.430604561e-08 0.002482211248 0.0008475550623 0.0001262086082 0.002480215221 20000 20000 1.586855647e-11 -9.69453684e-11 0 0 0.02515393333 0 0
12500 0.09998896178 2.000001173 1.217538391 3.609290014 0.09922614457 -9.815935233e-08 0.002482211249 0.0008475550623 0.0001262086083 0.002480215222 20000 20000 9.638123633e-12 -8.996831058e-11 0 0 0.02515393333 0 0
13000 0.09998896178 2.000001173 1.217538391 3.609290014 0.09922614517 -1.020125308e-07 0.00248221125 0.0008475550623 0.0001262086084 0.002480215223 20000 20000 3.492345302e-12 -8.425135589e-11 0 0 0.02515393333 0 0
13500 0.09998896178 2.000001173 1.217538391 3.609290014 0.09922614577 -1.058656813e-07 0.002482211251 0.0008475550623 0.0001262086085 0.002480215224 20000 20000 -3.951700078e-12 -7.961478699e-11 0 0 0.02515393333 0 0
14000 0.09998896178 2.000001173 1.217538391 3.609290014 0.09922614637 -1.097187511e-07 0.002482211252 0.0008475550623 0.0001262086086 0.002480215225 20000 20000 -9.002520951e-12 -7.930600621e-11 0 0 0.02515393333 0 0
14500 0.09998896178 2.000001173 1.217538391 3.609290014 0.09922614697 -1.135717252e-07 0.002482211253 0.0008475550623 0.0001262086087 0.002480215225 20000 20000 -2.010613898e-11 -6.870337632e-11 0 0 0.02515393333 0 0
15000 0.09998896178 2.000001173 1.217538391 3.609290014 0.09922614757 -1.174246901e-07 0.002482211253 0.0008475550623 0.0001262086089 0.002480215226 20000 20000 -1.957045637e-11 -6.121839147e-11 0 0 0.02515393333 0 0
15500 0.09998896178 2.000001173 1.217538391 3.609290014 0.09922614817 -1.212776796e-07 0.002482211254 0.0008475550623 0.000126208609 0.002480215227 20000 20000 -2.343819583e-11 -5.337119635e-11 0 0 0.02515393333 0 0
16000 0.09998896178 2.000001173 1.217538391 3.609290014 0.09922614877 -1.251306454e-07 0.002482211255 0.0008475550623 0.0001262086091 0.002480215228 20000 20000 -2.199698756e-11 -5.61016511e-11 0 0 0.02515393332 0 0
16500 0.09998896178 2.000001173 1.217538391 3.609290014 0.09922614937 -1.28983589e-07 0.002482211256 0.0008475550623 0.0001262086092 0.002480215229 20000 20000 -2.229882945e-11 -5.508649092e-11 0 0 0.02515393332 0 0
17000 0.09998896178 2.000001173 1.217538391 3.609290014 0.09922614997 -1.328365628e-07 0.002482211257 0.0008475550623 0.0001262086093 0.002480215229 20000 20000 -1.811883976e-11 -5.597952657e-11 0 0 0.02515393332 0 0
17500 0.09998896178 2.000001173 1.217538391 3.609290014 0.09922615057 -1.366895777e-07 0.002482211258 0.0008475550623 0.0001262086094 0.00248021523 20000 20000 -1.104810687e-11 -5.700856454e-11 0 0 0.02515393332 0 0
18000 0.09998896178 2.000001173 1.217538391 3.609290014 0.09922615117 -1.405426747e-07 0.002482211258 0.0008475550623 0.0001262086095 0.002480215231 20000 20000 -1.095790125e-11 -4.500705364e-11 0 0 0.02515393332 0 0
18500 0.09998896178 2.000001173 1.217538391 3.609290014 0.09922615177 -1.443958738e-07 0.002482211259 0.0008475550623 0.0001262086096 0.002480215232 20000 20000 -8.158057563e-12 -3.239630786e-11 0 0 0.02515393332 0 0
19000 0.09998896178 2.000001173 1.217538391 3.609290014 0.09922615237 -1.482490936e-07 0.00248221126 0.0008475550623 0.0001262086097 0.002480215233 20000 20000 -2.253613962e-11 -4.237582507e-12 0 0 0.02515393332 0 0
19500 0.09998896178 2.000001173 1.217538391 3.609290014 0.09922615297 -1.52102271e-07 0.002482211261 0.0008475550623 0.0001262086098 0.002480215234 20000 20000 -2.962005641e-11 7.924216838e-12 0 0 0.02515393332 0 0
19999 0.09998896178 2.000001173 1.217538391 3.609290014 0.09922615357 -1.559476705e-07 0.002482211262 0.0008475550623 0.0001262086099 0.002480215234 20000 20000 -4.032260636e-11 1.69454728e-11 0 0 0.02515393332 0 0
