# step v0 Mach sigma R umax_ref urms_ref umax_mean urms_mean umax_lab mean_x mean_y mean_z drop_ux drop_uy x0 y0 x_unwrapped center_dx center_dy axis_ratio mass_R mass_B min_f negative_total negative_color min_rho min_phi max_phi qx qy qz p_in p_out delta_p urms_lab
0 0 0 -5.560112678108922e-15 25.040521385269312 2.5018537765542006e-17 7.4758330354340518e-18 2.5022867960168921e-17 7.4758315702159984e-18 2.5018537765542006e-17 -4.5102810375396982e-21 1.0408340855860842e-21 -6.9388939039072287e-22 -9.4730126456212187e-21 -4.0117080382441604e-21 50.000000000000007 50.000000000000007 50.000000000000007 7.1054273576010019e-15 7.1054273576010019e-15 1.0000000000000004 1969.8656512480634 8030.1343487520398 0.021662210329949968 0 0 0.99999999999999956 5.1710809399147485e-26 0.99999999999998512 -5.3951083343469779e-18 -1.7129283931056064e-17 -5.3202586262959395e-18 0.33333333333333387 0.33333333333333409 -2.2204460492503131e-16 7.4758330354340518e-18
500 0 0 0.044646296567396167 24.975440011018794 0.0014651939324315357 0.00098595866016905082 0.0014651939324315355 0.00098595866016905104 0.0014651939324315357 3.046174423815349e-19 -2.2901819329846378e-18 2.4286128663675905e-21 -8.4847163991503483e-18 9.7486752995924909e-19 50.000000000000007 50.000000000000007 50.000000000000007 7.1054273576010019e-15 7.1054273576010019e-15 1.000000000000002 1969.8656512479804 8030.1343487517261 0.021866990325914194 0 0 0.99606980115290145 4.1267030324582565e-18 0.99999999999999978 2.8102926886638957e-15 -2.8850552047203493e-15 3.0600325168397038e-17 0.33490929583328582 0.3331216878252708 0.0017876080080150292 0.00098595866016905082
1000 0 0 0.090423720278666617 24.938120544009411 0.0015075710296754057 0.0010489940945403011 0.0015075710296754048 0.0010489940945403006 0.0015075710296754057 -1.6341095143702323e-19 -1.372513214192917e-18 6.5919492087121897e-21 9.1179822568834247e-18 -1.0962006373982051e-17 50.000000000000007 49.999999999999993 50.000000000000007 7.1054273576010019e-15 -7.1054273576010019e-15 1.0000000000000033 1969.8656512479354 8030.134348751496 0.021914899399639906 0 0 0.9971713898302752 5.1483530573077574e-18 0.99999999999999978 -1.7868058378375795e-15 -1.2465750003423648e-14 6.7121083121336822e-17 0.33625756433295778 0.33263164071457235 0.0036259236183854293 0.0010489940945403011
1500 0 0 0.11613621967039491 24.917923265596791 0.000945533670318901 0.00065823301707069158 0.00094553367031890349 0.00065823301707069169 0.000945533670318901 1.2906342661268573e-19 -3.6623482024825552e-18 6.9388939039078343e-22 -1.6746164493333873e-18 3.0853600808988353e-18 50.000000000000007 49.999999999999986 50.000000000000007 7.1054273576010019e-15 -1.4210854715202004e-14 1.0000000000000033 1969.8656512478804 8030.1343487512213 0.021934026775643396 0 0 0.99629464337399731 5.1545012561682879e-18 0.99999999999999978 1.4016565685892601e-15 -3.1079522636034973e-14 2.4901423296935856e-17 0.33699404032701302 0.33233328997344164 0.0046607503535713857 0.00065823301707069158
2000 0 0 0.12194123479393457 24.913278849572343 0.00059738232743024929 0.00020453960249036682 0.00059738232743025167 0.00020453960249036663 0.00059738232743024929 8.7846396823475404e-19 -4.9141246627476526e-18 -9.0205620750804121e-21 6.4388274152669734e-19 -2.0466133005721012e-18 50.000000000000007 49.999999999999986 50.000000000000007 7.1054273576010019e-15 -1.4210854715202004e-14 1.0000000000000002 1969.8656512478249 8030.1343487509912 0.021937651170255611 0 0 0.99607487500318737 5.2253672872014317e-18 0.99999999999999978 8.7412614310517639e-15 -5.1968415600575982e-14 -1.1959501476900695e-16 0.33716448685168299 0.33226985874872544 0.0048946281029575434 0.00020453960249036682
2500 0 0 0.11585644056942761 24.917924567294435 0.00057933884584176012 0.00015517628202469663 0.00057933884584176489 0.00015517628202469671 0.00057933884584176012 4.8398784979759788e-19 -5.822772819464577e-18 -5.5511151231265706e-21 -2.0691022593558516e-17 -1.9897646395569783e-18 50.000000000000014 49.999999999999979 50.000000000000014 1.4210854715202004e-14 -2.1316282072803006e-14 1.0000000000000009 1969.8656512477792 8030.1343487507847 0.021932471891401274 0 0 0.99659357841198881 5.420295987583753e-18 0.99999999999999978 4.7713577677071552e-15 -5.7946376883844571e-14 -7.7047853504318645e-17 0.33700487870411278 0.3323553566198581 0.0046495220842546758 0.00015517628202469663
3000 0 0 0.10634475590734765 24.925208301857655 0.0006026593323767744 0.00024841091619476439 0.00060265933237677949 0.00024841091619476417 0.0006026593323767744 1.4113710200549725e-18 -6.7008898430043614e-18 4.5102810375404731e-21 -1.2106743305912599e-17 -1.2239364193173746e-17 50.000000000000014 49.999999999999979 50.000000000000014 1.4210854715202004e-14 -2.1316282072803006e-14 1.0000000000000009 1969.8656512477255 8030.1343487506319 0.021925767249034073 0 0 0.99730866557203623 5.4916370376154153e-18 0.99999999999999978 1.3909878498054133e-14 -6.2930133245273426e-14 2.3891622036983659e-17 0.33674787369600695 0.33248131934591063 0.0042665543500963188 0.00024841091619476439
3500 0 0 0.099113425448624448 24.930747984579977 0.0005745935578051535 0.00020452680733291914 0.00057459355780514971 0.00020452680733291936 0.0005745935578051535 4.4103609653243183e-18 -8.0702805549409192e-18 7.2858385991040503e-21 -2.4797724269737528e-18 1.9464004754222921e-19 50.000000000000014 49.999999999999979 50.000000000000014 1.4210854715202004e-14 -2.1316282072803006e-14 1.0000000000000022 1969.8656512476664 8030.1343487503318 0.021921135965365005 0 0 0.99744186518669808 5.5175158963452933e-18 0.99999999999999978 4.4205089282513092e-14 -7.7869839482797021e-14 5.3867458467978383e-17 0.33655159422268732 0.33257604461182416 0.0039755496108631605 0.00020452680733291914
4000 0 0 0.096073384607964982 24.933087159351338 0.00054341213501344168 0.00011305979331338744 0.00054341213501343908 0.00011305979331338729 0.00054341213501344168 4.3180736764024525e-18 -8.8873353121264038e-18 -4.8572257327361672e-21 6.3606122831504016e-18 -2.4120840292830857e-17 50.000000000000021 49.999999999999972 50.000000000000021 2.1316282072803006e-14 -2.8421709430404007e-14 1.0000000000000002 1969.8656512476 8030.1343487500581 0.021919396963049252 0 0 0.99736457686745095 5.5184867222914751e-18 0.99999999999999978 4.2906219315040194e-14 -8.7398486647990384e-14 -4.0201733338715929e-17 0.33646839672680295 0.33261514806995013 0.0038532486568528257 0.00011305979331338744
4500 0 0 0.096430279836708294 24.932831363419645 0.00053874787856009318 7.1633737080724848e-05 0.00053874787856008266 7.1633737080724862e-05 0.00053874787856009318 7.0009970043489654e-18 -8.1146894759263566e-18 4.1633363423453884e-21 2.6759552292424438e-17 -3.4641494443241093e-17 50.000000000000021 49.999999999999972 50.000000000000021 2.1316282072803006e-14 -2.8421709430404007e-14 1.0000000000000002 1969.8656512475543 8030.1343487499344 0.021919839901112015 0 0 0.99737442123403341 5.4979494814452484e-18 0.99999999999999978 7.013991093269054e-14 -8.1081866345816475e-14 5.8756664955000096e-17 0.33647653389523113 0.33260893143840842 0.0038676024568227163 7.1633737080724848e-05
5000 0 0 0.098363002771220176 24.931368719170205 0.00054423971991178759 8.6486596005636105e-05 0.00054423971991178889 8.648659600563597e-05 0.00054423971991178759 6.1627786207568897e-18 -1.006764116518175e-17 3.8163916471500193e-21 3.5683154768691121e-18 -1.4597405554111891e-17 50.000000000000028 49.999999999999964 50.000000000000028 2.8421709430404007e-14 -3.5527136788005009e-14 1.0000000000000011 1969.8656512475036 8030.1343487496615 0.021921229065409373 0 0 0.99742557705520607 5.4733071682264813e-18 0.99999999999999978 6.176244199979238e-14 -1.0053585881617086e-13 8.3307518667873264e-17 0.33652704877860007 0.33258169768780388 0.0039453510907961897 8.6486596005636105e-05
5500 0 0 0.10028783111943389 24.929907314298351 0.00054516203533662747 8.8348590742733338e-05 0.00054516203533661294 8.8348590742733189e-05 0.00054516203533662747 6.5107641500381432e-18 -1.2949710748170824e-17 -2.7755575615637401e-21 -3.7593703680705018e-19 -1.6238311437315717e-17 50.000000000000028 49.999999999999964 50.000000000000028 2.8421709430404007e-14 -3.5527136788005009e-14 1.0000000000000064 1969.8656512474386 8030.1343487493887 0.021922523430236991 0 0 0.99747650432970303 5.4657851571603149e-18 0.99999999999999978 6.4896005236292353e-14 -1.2940314781089562e-13 -2.4742250121877558e-18 0.336577716403342 0.3325549244268185 0.0040227919765234987 8.8348590742733338e-05
6000 0 0 0.10139860143491766 24.929062762081134 0.00054257538372231369 7.8267679227713612e-05 0.00054257538372232497 7.8267679227713693e-05 0.00054257538372231369 9.7311048108427887e-18 -2.003917864979566e-17 4.1633363423457458e-21 -2.0600507387381742e-17 -2.9492121394488293e-17 50.000000000000028 49.999999999999957 50.000000000000028 2.8421709430404007e-14 -4.2632564145606011e-14 1.0000000000000013 1969.8656512474051 8030.1343487492122 0.021923217446520999 0 0 0.99750575595727953 5.4628204787868723e-18 0.99999999999999978 9.73403228376015e-14 -2.0052199197902426e-13 3.2382950442598035e-17 0.33660706863857337 0.33253958313369703 0.0040674855048763447 7.8267679227713612e-05
6500 0 0 0.10162226099490305 24.928891881017506 0.00054066469233506108 7.192770697099801e-05 0.00054066469233505707 7.1927706970998146e-05 0.00054066469233506108 7.8957673732589712e-18 -2.1714574582895354e-17 1.3877787807819616e-21 -3.9699912057918009e-18 -3.0478426858691679e-17 50.000000000000036 49.999999999999943 50.000000000000036 3.5527136788005009e-14 -5.6843418860808015e-14 1.0000000000000011 1969.8656512473301 8030.1343487490276 0.021923305326532017 0 0 0.99751151152135265 5.4667285834158095e-18 0.99999999999999978 7.861452374496869e-14 -2.1734073291920986e-13 2.9428674012596717e-17 0.33661306023661491 0.33253657494878369 0.0040764852878312219 7.192770697099801e-05
7000 0 0 0.10129323066152196 24.929140981224343 0.0005401359857961671 7.1845658021570108e-05 0.00054013598579617187 7.1845658021570216e-05 0.0005401359857961671 8.7058832365406202e-18 -2.290286016394038e-17 -2.7755575615639805e-21 -1.4479926502707031e-17 -4.9631914795158509e-17 50.000000000000036 49.999999999999929 50.000000000000036 3.5527136788005009e-14 -7.1054273576010019e-14 1.0000000000000044 1969.8656512472794 8030.1343487487657 0.02192304273913916 0 0 0.99750274341549061 5.4710621908737385e-18 0.99999999999999978 8.6892895328752253e-14 -2.2916716929440248e-13 -1.3064216513055405e-17 0.33660445675867023 0.33254121082742005 0.0040632459312501812 7.1845658021570108e-05
7500 0 0 0.10081626939734468 24.929502730177934 0.0005400709805511234 7.2536967192716499e-05 0.00054007098055110366 7.2536967192716648e-05 0.0005400709805511234 9.5208563255551809e-18 -2.1651777593066184e-17 4.5102810375416279e-21 1.9864817260751866e-17 -4.6637580141969457e-17 50.000000000000043 49.999999999999915 50.000000000000043 4.2632564145606011e-14 -8.5265128291212022e-14 1.0000000000000024 1969.8656512472232 8030.1343487485155 0.021922709494794641 0 0 0.99749014435271621 5.4752651851873892e-18 0.99999999999999978 9.5278047697514956e-14 -2.1595278452008073e-13 3.779108471981996e-17 0.33659192257352127 0.33254786800538488 0.0040440545681363904 7.2536967192716499e-05
8000 0 0 0.10046275911179794 24.929770995476797 0.00054005487442282277 7.2131609655861457e-05 0.00054005487442279415 7.2131609655861511e-05 0.00054005487442282277 1.3850032232205063e-17 -2.5042815043907657e-17 -6.2450045135193168e-21 1.8856799551912535e-17 -2.8232981935427094e-17 50.00000000000005 49.999999999999901 50.00000000000005 4.9737991503207013e-14 -9.9475983006414026e-14 1.0000000000000018 1969.8656512471662 8030.1343487483828 0.021922479239641038 0 0 0.99748082775423152 5.4769326226112146e-18 0.99999999999999978 1.3864727195042506e-13 -2.5040008315522361e-13 -7.4017708938515235e-17 0.33658262166350161 0.33255279085879724 0.0040298308047043707 7.2131609655861457e-05
8500 0 0 0.10032133936037532 24.929878372559553 0.00054011919099391755 7.1591503245984475e-05 0.00054011919099389088 7.1591503245984435e-05 0.00054011919099391755 1.6896900545412592e-17 -2.5809215875595305e-17 -1.3877787807821108e-21 3.0557550443181731e-17 -1.4627303107118944e-17 50.000000000000057 49.999999999999893 50.000000000000057 5.6843418860808015e-14 -1.0658141036401503e-13 1.0000000000000018 1969.8656512471216 8030.1343487481272 0.021922398533855185 0 0 0.99747710565718328 5.4765446809391931e-18 0.99999999999999978 1.6912952185037919e-13 -2.5810512852431772e-13 7.4555644762356132e-18 0.33657889909592337 0.33255475834958104 0.0040241407463423307 7.1591503245984475e-05
9000 0 0 0.10034900948112382 24.929857418264259 0.00054024202449541711 7.1461046605919074e-05 0.00054024202449538979 7.1461046605918925e-05 0.00054024202449541711 1.6229378951856889e-17 -2.60961391385228e-17 -1.2143064331843838e-20 1.8368740292549275e-17 -3.8408409695139934e-17 50.000000000000071 49.999999999999872 50.000000000000071 7.1054273576010019e-14 -1.2789769243681803e-13 1.0000000000000016 1969.8656512470561 8030.134348747898 0.021922429068510572 0 0 0.99747784061959033 5.474532846579754e-18 0.99999999999999978 1.6270963528821276e-13 -2.6095164034180621e-13 -8.5365520374158268e-17 0.33657962677132425 0.33255437272363741 0.0040252540476868326 7.1461046605919074e-05
9500 0 0 0.10045269955363505 24.929778742692797 0.00054032535434581086 7.150826878547556e-05 0.00054032535434582929 7.1508268785475641e-05 0.00054032535434581086 1.6502077482280938e-17 -3.1205940609363363e-17 -1.0408340855866373e-21 1.1395456122603564e-17 -2.5537582236249939e-17 50.000000000000078 49.999999999999865 50.000000000000078 7.815970093361102e-14 -1.3500311979441904e-13 1.0000000000000018 1969.8656512470084 8030.1343487475897 0.021922504528559761 0 0 0.99748057868505824 5.4747016925988515e-18 0.99999999999999978 1.6503617065238968e-13 -3.1244555499394281e-13 -6.5047448925255365e-18 0.33658235559151933 0.33255292955487314 0.0040294260366461887 7.150826878547556e-05
10000 0 0 0.10055239569991421 24.929703078170011 0.00054033130782106282 7.1511702801584751e-05 0.00054033130782106303 7.1511702801584629e-05 0.00054033130782106282 2.0825702273808592e-17 -3.4703837026326123e-17 2.4286128663689093e-21 5.3302329236376261e-18 -4.1230211911884232e-17 50.000000000000085 49.999999999999844 50.000000000000085 8.5265128291212022e-14 -1.5631940186722204e-13 1.0000000000000018 1969.8656512469402 8030.134348747436 0.021922571722052361 0 0 0.99748320903374454 5.4741691097969597e-18 0.99999999999999978 2.0851397857343737e-13 -3.4719844257590606e-13 5.1557621448694072e-17 0.33658497945615756 0.33255154209893673 0.0040334373572208371 7.1511702801584751e-05
10500 0 0 0.10060832405323374 24.929660624014478 0.00054029208206047533 7.1478430050488854e-05 0.00054029208206047695 7.1478430050488665e-05 0.00054029208206047533 2.1155993623635045e-17 -3.8674966007534998e-17 -1.0408340855866892e-21 2.7717834453214837e-17 -4.3400890013704295e-17 50.000000000000092 49.999999999999829 50.000000000000092 9.2370555648813024e-14 -1.7053025658242404e-13 1.0000000000000016 1969.8656512468879 8030.1343487471559 0.021922606518111013 0 0 0.99748468306426963 5.4740597271350816e-18 0.99999999999999978 2.1201578915876302e-13 -3.8687158542538948e-13 5.8667859733439688e-18 0.33658645131466747 0.33255076364243663 0.0040356876722308366 7.1478430050488854e-05
11000 0 0 0.10061818796484483 24.929653131771015 0.00054024948231258486 7.1460360745427898e-05 0.00054024948231253716 7.1460360745427925e-05 0.00054024948231258486 1.6717530137998906e-17 -4.5648901325662922e-17 -5.2041704279336639e-21 1.0718314264204463e-17 -5.2269907023017258e-17 50.000000000000099 49.999999999999822 50.000000000000099 9.9475983006414026e-14 -1.7763568394002505e-13 1.0000000000000002 1969.8656512468301 8030.1343487468839 0.021922609970812228 0 0 0.99748494168065638 5.4741308832709202e-18 0.99999999999999978 1.6740309227286772e-13 -4.5690616680523732e-13 -6.543382093453355e-17 0.33658671062363155 0.33255062606870389 0.0040360845549276547 7.1460360745427898e-05
11500 0 0 0.10060006344832766 24.929666885387942 0.00054022340445570585 7.146015839462032e-05 0.00054022340445564958 7.146015839462032e-05 0.00054022340445570585 1.7401011187534791e-17 -5.5183288494334486e-17 -2.7755575615647159e-21 3.6887179147718491e-18 -4.6374421229676004e-17 50.000000000000107 49.999999999999794 50.000000000000107 1.0658141036401503e-13 -2.0605739337042905e-13 1.0000000000000011 1969.8656512467805 8030.1343487467093 0.021922595743964352 0 0 0.99748446272266889 5.4743749212153942e-18 0.99999999999999978 1.7391188320472845e-13 -5.5131549352172899e-13 -1.9663091001787936e-17 0.33658623321661507 0.33255087791440313 0.0040353553022119404 7.146015839462032e-05
12000 0 0 0.10057501932934916 24.929685893902054 0.00054021548695951593 7.146194841746571e-05 0.00054021548695947592 7.1461948417465683e-05 0.00054021548695951593 1.8415130531592007e-17 -6.5401503657236799e-17 3.1225022567603919e-21 1.5314395427451585e-17 -7.0302657340725981e-17 50.000000000000121 49.999999999999758 50.000000000000121 1.2079226507921703e-13 -2.4158453015843406e-13 1.0000000000000002 1969.8656512467167 8030.1343487465037 0.021922578309501825 0 0 0.99748380203732201 5.4745852574742445e-18 0.99999999999999978 1.8406554481807121e-13 -6.5402912101591456e-13 2.4999299106206656e-17 0.33658557376545861 0.33255122613037869 0.0040343476350799268 7.146194841746571e-05
12500 0 0 0.10055686294402164 24.929699676243452 0.00054021974604078491 7.1460892523691086e-05 0.00054021974604072202 7.1460892523690951e-05 0.00054021974604078491 1.9970136655459127e-17 -6.9399347379977227e-17 -7.6327832943033488e-21 -2.4632638152555792e-18 -8.7686982246533249e-17 50.000000000000128 49.99999999999973 50.000000000000128 1.2789769243681803e-13 -2.7000623958883807e-13 1.0000000000000027 1969.86565124666 8030.1343487462873 0.021922566502841506 0 0 0.99748332345649049 5.4746193433726e-18 0.99999999999999978 2.0007541604587718e-13 -6.9363180766484536e-13 -8.0939582525218568e-17 0.33658509575805395 0.33255147865676787 0.00403361710128608 7.1460892523691086e-05
13000 0 0 0.10054986590664602 24.92970498878104 0.00054022869326800129 7.1459609309250876e-05 0.0005402286932679306 7.1459609309250754e-05 0.00054022869326800129 2.0167548187025998e-17 -7.0248321049122871e-17 5.5511151231298658e-21 2.7530223529739069e-17 -8.6353659392820461e-17 50.000000000000135 49.999999999999694 50.000000000000135 1.3500311979441904e-13 -3.0553337637684308e-13 1.0000000000000038 1969.8656512465896 8030.1343487460545 0.021922562546887472 0 0 0.99748313929108523 5.474610558278726e-18 0.99999999999999978 2.0133601830225533e-13 -7.0263073992643601e-13 5.6712946584857748e-17 0.33658491160628856 0.33255157603525409 0.0040333355710344687 7.1459609309250876e-05
13500 0 0 0.10055157442995101 24.929703693071271 0.00054023645267206155 7.1459402000954113e-05 0.00054023645267201731 7.1459402000954343e-05 0.00054023645267206155 2.503275364775507e-17 -7.1660732903266909e-17 -6.2450045135213337e-21 2.3074798567998779e-17 -4.5891118554631689e-17 50.000000000000142 49.999999999999666 50.000000000000142 1.4210854715202004e-13 -3.3395508580724709e-13 1.0000000000000018 1969.8656512465518 8030.1343487458726 0.021922564311021724 0 0 0.99748318462243901 5.4745591480609475e-18 0.99999999999999978 2.503436368531488e-13 -7.1652738267421466e-13 -3.6550648906893985e-17 0.3365849566577041 0.33255155234340023 0.0040334043143038789 7.1459402000954113e-05
14000 0 0 0.10055707747293115 24.929699516460129 0.00054024030441452418 7.1459569907043698e-05 0.00054024030441451073 7.1459569907043779e-05 0.00054024030441452418 3.0386804184014453e-17 -8.1972623133872565e-17 -2.7755575615650758e-21 1.2315357741070004e-17 -8.4718505009965899e-17 50.000000000000163 49.999999999999631 50.000000000000163 1.6342482922482304e-13 -3.694822225952521e-13 1.0000000000000002 1969.8656512464988 8030.1343487455624 0.021922568300263325 0 0 0.99748332986590937 5.4745108200904318e-18 0.99999999999999978 3.0372801710864933e-13 -8.2003839686211589e-13 1.9070237019898675e-17 0.33658510158672683 0.33255147585423306 0.004033625732493773 7.1459569907043698e-05
14500 0 0 0.10056224484084983 24.929695594078702 0.00054024046491514218 7.145955259599302e-05 0.00054024046491512418 7.1459552595993318e-05 0.00054024046491514218 3.4106745205903101e-17 -8.432143872034961e-17 6.938893903912904e-22 4.2910075424846534e-17 -8.5043200775953773e-17 50.000000000000171 49.999999999999588 50.000000000000171 1.7053025658242404e-13 -4.1211478674085811e-13 1.0000000000000016 1969.8656512464468 8030.1343487454233 0.021922571773980874 0 0 0.99748346612460814 5.4744778984615232e-18 0.99999999999999978 3.4135937348045883e-13 -8.4281925991273638e-13 1.3792928640573681e-17 0.33658523764867482 0.33255140400392164 0.004033833644753182 7.145955259599302e-05
15000 0 0 0.10056507774460988 24.929693443411924 0.00054023864096585815 7.1459420187981124e-05 0.00054023864096585934 7.1459420187981355e-05 0.00054023864096585815 3.4643815594067042e-17 -8.7697557549301177e-17 3.1225022567609046e-21 2.2634716427572653e-17 -4.809231256270307e-17 50.000000000000185 49.999999999999545 50.000000000000185 1.8474111129762605e-13 -4.5474735088646412e-13 1.0000000000000036 1969.8656512463799 8030.1343487452014 0.02192257352820862 0 0 0.99748354075452106 5.4744720686855515e-18 0.99999999999999978 3.4589957836064715e-13 -8.7693166187851284e-13 2.9041576082019428e-17 0.33658531222809618 0.3325513645996232 0.0040339476284729781 7.1459420187981124e-05
15500 0 0 0.10056551706798246 24.929693109602745 0.00054023656133480918 7.1459338741665124e-05 0.00054023656133471898 7.1459338741665233e-05 0.00054023656133480918 3.5541361520539461e-17 -9.0577545464123523e-17 4.5102810375436878e-21 3.4935854375447637e-17 -5.8595164227945642e-17 50.000000000000206 49.999999999999503 50.000000000000206 2.0605739337042905e-13 -4.9737991503207013e-13 1.0000000000000016 1969.8656512463335 8030.1343487448476 0.021922573658372132 0 0 0.99748355226059315 5.4744804756494453e-18 0.99999999999999978 3.557048861067243e-13 -9.0561251938559526e-13 6.2574536429319247e-17 0.33658532378095374 0.33255135847597189 0.0040339653049818458 7.1459338741665124e-05
16000 0 0 0.10056453302218714 24.929693856350063 0.00054023521935449488 7.1459322411313692e-05 0.00054023521935445053 7.1459322411313774e-05 0.00054023521935449488 3.5744324167229328e-17 -9.4728044852750368e-17 -5.2041704279350835e-21 2.670230305318356e-17 -9.1611423001672766e-17 50.00000000000022 49.999999999999446 50.00000000000022 2.2026824808563106e-13 -5.5422333389287814e-13 1.0000000000000002 1969.8656512462685 8030.1343487447484 0.021922572892989951 0 0 0.99748352626314984 5.4744925664635298e-18 0.99999999999999978 3.5784618565091403e-13 -9.4720297550599456e-13 -2.6236548366268567e-17 0.33658529786060254 0.33255137214929376 0.0040339257113087834 7.1459322411313692e-05
16500 0 0 0.10056322325418389 24.929694850494666 0.00054023481672851696 7.1459326417595706e-05 0.00054023481672843315 7.1459326417595625e-05 0.00054023481672851696 3.6863914698626692e-17 -1.0115484838655756e-16 -6.9388939039136196e-22 2.1116292858907778e-17 -1.0557559548820752e-16 50.000000000000242 49.999999999999403 50.000000000000242 2.4158453015843406e-13 -5.9685589803848416e-13 1.0000000000000033 1969.865651246226 8030.1343487444883 0.021922571983829978 0 0 0.99748349171261685 5.4745016101582251e-18 0.99999999999999978 3.6841173560671831e-13 -1.0108111315229723e-12 1.9443823316947198e-17 0.33658526337036487 0.33255139035838982 0.0040338730119750532 7.1459326417595706e-05
17000 0 0 0.10056229244875832 24.92969555708493 0.00054023506747842456 7.1459331298017104e-05 0.00054023506747842901 7.1459331298017321e-05 0.00054023506747842456 3.7928687968183662e-17 -1.0550726958779133e-16 -5.5511151231311041e-21 4.1074648242919066e-17 -1.0581822136457225e-16 50.000000000000256 49.999999999999353 50.000000000000256 2.5579538487363607e-13 -6.4659388954169117e-13 1.0000000000000004 1969.8656512461685 8030.1343487442446 0.021922571380355357 0 0 0.99748346717903158 5.4745060251780818e-18 0.99999999999999978 3.7944880537105949e-13 -1.0547613977030239e-12 -7.8062778890631809e-17 0.33658523886314828 0.33255140330272248 0.0040338355604258025 7.1459331298017104e-05
17500 0 0 0.10056194711505441 24.929695819297532 0.00054023555221180007 7.1459336958711159e-05 0.0005402355522117103 7.1459336958711023e-05 0.00054023555221180007 3.9938885532148636e-17 -1.0775928760430962e-16 5.8980598183269645e-21 3.8601736862855988e-17 -1.1051868127973769e-16 50.000000000000277 49.999999999999297 50.000000000000277 2.7711166694643907e-13 -7.0343730840249918e-13 1.0000000000000009 1969.8656512461057 8030.1343487440336 0.021922571187530437 0 0 0.99748345809167627 5.4745063632823435e-18 0.99999999999999978 3.9910528234875779e-13 -1.0783666440274814e-12 7.3597709682992396e-17 0.33658522977355038 0.33255140810785594 0.004033821665694437 7.1459336958711159e-05
18000 0 0 0.10056204940078456 24.929695741721122 0.00054023595576367742 7.1459342345475815e-05 0.00054023595576358386 7.1459342345475761e-05 0.00054023595576367742 4.1281561502557016e-17 -1.1275945455147285e-16 -9.3675067702842305e-21 5.2918995083248375e-17 -8.7705222833315805e-17 50.000000000000298 49.999999999999247 50.000000000000298 2.9842794901924208e-13 -7.531752999057062e-13 1.0000000000000002 1969.8656512460514 8030.1343487438453 0.021922571288012366 0 0 0.99748346080387773 5.4745037133006428e-18 0.99999999999999978 4.1258820360334388e-13 -1.1277854192866156e-12 -8.7981793885500369e-17 0.33658523246959093 0.33255140668837657 0.0040338257812143619 7.1459342345475815e-05
18500 0 0 0.10056234074492437 24.929695520601143 0.00054023614839682015 7.1459344548682006e-05 0.00054023614839682514 7.1459344548681979e-05 0.00054023614839682015 4.1266642880664605e-17 -1.17688150891426e-16 -2.0816681711743241e-21 2.7030846818235058e-17 -8.1620298152926345e-17 50.000000000000313 49.99999999999919 50.000000000000313 3.1263880373444408e-13 -8.1001871876651421e-13 1.0000000000000002 1969.8656512459945 8030.1343487435088 0.02192257149838641 0 0 0.99748346849315417 5.4745011050278901e-18 0.99999999999999978 4.124461731348783e-13 -1.1768740719637644e-12 -1.4068221496645756e-17 0.336585240142243 0.33255140263861915 0.0040338375036238494 7.1459344548682006e-05
19000 0 0 0.10056260818322775 24.92969531759638 0.00054023615110227255 7.1459343360040387e-05 0.0005402361511021715 7.1459343360040265e-05 0.00054023615110227255 4.2560746593746e-17 -1.2549718209089529e-16 6.2450045135231716e-21 5.5848833475342297e-17 -1.2260906615822605e-16 50.000000000000334 49.999999999999126 50.000000000000334 3.3395508580724709e-13 -8.7396756498492323e-13 1.0000000000000011 1969.8656512459436 8030.1343487433423 0.021922571677709633 0 0 0.99748347554494243 5.474499567218625e-18 0.99999999999999978 4.2552273560340042e-13 -1.2547720092301052e-12 2.4278857135823441e-17 0.33658524718412819 0.332551398919956 0.0040338482641721907 7.1459343360040387e-05
19500 0 0 0.1005627514148628 24.929695208857467 0.00054023605430301926 7.145934086071473e-05 0.00054023605430292255 7.1459340860714608e-05 0.00054023605430301926 3.9385161798620601e-17 -1.2967717177861718e-16 1.7347234759787086e-21 7.522657247114017e-17 -1.1144533776221743e-16 50.000000000000355 49.999999999999062 50.000000000000355 3.5527136788005009e-13 -9.3791641120333225e-13 1.0000000000000016 1969.8656512458813 8030.1343487431341 0.021922571765969207 0 0 0.99748347931794168 5.4744992240565176e-18 0.99999999999999978 3.9407957159883207e-13 -1.2967791920030634e-12 4.7224879428667332e-17 0.33658525095486158 0.33255139692767183 0.0040338540271897538 7.145934086071473e-05
20000 0 0 0.10056277042772657 24.92969519440771 0.00054023594647213159 7.1459338877050737e-05 0.00054023594647222603 7.1459338877050818e-05 0.00054023594647213159 3.6568664763022821e-17 -1.3215956107274724e-16 6.2450045135235644e-21 6.2810713972995779e-17 -1.1713070211479835e-16 50.000000000000369 49.999999999999005 50.000000000000369 3.694822225952521e-13 -9.9475983006414026e-13 1.0000000000000013 1969.8656512458317 8030.1343487428485 0.021922571770160736 0 0 0.99748347981517083 5.4744997252986567e-18 0.99999999999999978 3.6571716792427903e-13 -1.322012859155796e-12 6.7018458578658952e-17 0.33658525145473961 0.33255139666255246 0.0040338547921871526 7.1459338877050737e-05
20500 0 0 0.10056271715613893 24.929695234833453 0.00054023587801715173 7.1459337997356227e-05 0.00054023587801715835 7.1459337997356064e-05 0.00054023587801715173 3.7325004198550644e-17 -1.3920149755113946e-16 -3.469446951957636e-22 2.6248846752202176e-17 -1.0408115465088274e-16 50.000000000000391 49.999999999998934 50.000000000000391 3.907985046680551e-13 -1.0658141036401503e-12 1.0000000000000027 1969.8656512457767 8030.1343487426675 0.021922571729059381 0 0 0.99748347840791551 5.4745003835219835e-18 0.99999999999999978 3.7345696196969258e-13 -1.3920729701483788e-12 -7.8412726850383851e-18 0.33658525005157691 0.33255139740280382 0.0040338526487730952 7.1459337997356227e-05
21000 0 0 0.10056264872230473 24.929695286776496 0.00054023585856849572 7.1459338001789678e-05 0.00054023585856838991 7.1459338001789638e-05 0.00054023585856849572 3.7780195638648184e-17 -1.4260606584509814e-16 -6.9388939039154007e-22 2.6516301465889414e-17 -1.3027447257548635e-16 50.000000000000412 49.999999999998856 50.000000000000412 4.1211478674085811e-13 -1.1439738045737613e-12 1.000000000000002 1969.8656512457203 8030.1343487424174 0.021922571681685897 0 0 0.99748347660271552 5.4745008879680141e-18 0.99999999999999978 3.7790078141364533e-13 -1.4256193203987422e-12 4.0897430143220221e-18 0.33658524824951569 0.33255139835422048 0.0040338498952952051 7.1459338001789678e-05
21500 0 0 0.10056260105040589 24.929695322965195 0.00054023587262915635 7.1459338442006104e-05 0.00054023587262904901 7.1459338442006186e-05 0.00054023587262915635 3.6229005906428857e-17 -1.4804615866577175e-16 3.1225022567620135e-21 3.3586395248706325e-17 -1.7265194954783738e-16 50.000000000000433 49.999999999998785 50.000000000000433 4.3343106881366111e-13 -1.2150280781497713e-12 1.0000000000000002 1969.8656512456666 8030.1343487422673 0.021922571650872268 0 0 0.99748347534622361 5.4745010780398307e-18 0.99999999999999978 3.6213930074225557e-13 -1.4803185329625697e-12 3.9135539315086638e-17 0.33658524699436276 0.33255139901717679 0.0040338479771859781 7.1459338442006104e-05
22000 0 0 0.10056258406481856 24.929695335862721 0.00054023589816667376 7.1459338930744007e-05 0.00054023589816654496 7.1459338930744101e-05 0.00054023589816667376 3.6368477673898732e-17 -1.4994255836971672e-16 -4.5102810375452759e-21 5.6587451248659468e-17 -1.6114161131693216e-16 50.000000000000455 49.999999999998707 50.000000000000455 4.5474735088646412e-13 -1.2931877790833823e-12 1.0000000000000009 1969.8656512456137 8030.1343487420472 0.021922571641519166 0 0 0.99748347489928835 5.4745010399193754e-18 0.99999999999999978 3.6334829458065825e-13 -1.4996042500419122e-12 -9.2776503053369928e-18 0.33658524654728367 0.33255139925352417 0.004033847293759496 7.1459338930744007e-05
22500 0 0 0.10056259007431313 24.929695331304451 0.00054023591897068895 7.1459339244563845e-05 0.00054023591897064114 7.1459339244563927e-05 0.00054023591897068895 3.5529912345611692e-17 -1.5562100219599139e-16 -2.428612866370614e-21 3.6240893488059369e-17 -1.6831175872692291e-16 50.000000000000469 49.999999999998629 50.000000000000469 4.6895820560166612e-13 -1.3713474800169934e-12 1.0000000000000002 1969.8656512455439 8030.1343487417562 0.021922571647191302 0 0 0.99748347505850166 5.4745008996161863e-18 0.99999999999999978 3.5502183871034788e-13 -1.5557999495908359e-12 -6.082864647751041e-17 0.33658524670565304 0.33255139917009829 0.0040338475355547465 7.1459339244563845e-05
23000 0 0 0.10056260548050819 24.929695319611582 0.00054023592862391422 7.145933933427469e-05 0.00054023592862398491 7.1459339334274677e-05 0.00054023592862391422 3.2605515509807222e-17 -1.6100315525256856e-16 -2.4286128663706844e-21 2.8798800797381603e-17 -1.5470171836979507e-16 50.00000000000049 49.999999999998543 50.00000000000049 4.9027448767446913e-13 -1.4566126083082054e-12 1.0000000000000033 1969.8656512454913 8030.1343487415015 0.021922571658273136 0 0 0.99748347546506333 5.4745007562703515e-18 0.99999999999999978 3.2595210170431502e-13 -1.6100388336121914e-12 -1.8414377293343496e-17 0.33658524711136789 0.33255139895593544 0.0040338481554324512 7.145933933427469e-05
23500 0 0 0.10056261931151964 24.929695309112805 0.00054023592846515309 7.1459339268230745e-05 0.00054023592846507232 7.1459339268230745e-05 0.00054023592846515309 3.1018590473982598e-17 -1.6489067056224306e-16 -4.163336342349882e-21 3.7875613953543043e-17 -1.5010205948985284e-16 50.000000000000504 49.999999999998472 50.000000000000504 5.0448534238967113e-13 -1.5276668818842154e-12 1.0000000000000018 1969.8656512454504 8030.1343487413251 0.02192257166752265 0 0 0.9974834758297193 5.4745006811628692e-18 0.99999999999999978 3.1015842026727993e-13 -1.6486974478246812e-12 -1.902366702370336e-17 0.33658524747553781 0.3325513987636059 0.0040338487119319089 7.1459339268230745e-05
24000 0 0 0.10056262654339056 24.929695303622427 0.00054023592329098026 7.1459339149048954e-05 0.00054023592329092854 7.1459339149049063e-05 0.00054023592329098026 3.0835750619614816e-17 -1.6481434272930219e-16 -7.9797279895040481e-21 1.0663185674796563e-17 -1.6986088027867219e-16 50.000000000000526 49.99999999999838 50.000000000000526 5.2580162446247414e-13 -1.6200374375330284e-12 1.0000000000000022 1969.8656512453849 8030.1343487411004 0.021922571671955302 0 0 0.99748347602018439 5.4745006670356431e-18 0.99999999999999978 3.0817205311965338e-13 -1.6479258753453231e-12 -8.4724474159924797e-17 0.3365852476659148 0.33255139866300387 0.0040338490029109275 7.1459339149048954e-05
24500 0 0 0.10056262733361958 24.929695303021667 0.00054023591768311311 7.1459339052584926e-05 0.00054023591768300307 7.1459339052584858e-05 0.00054023591768311311 2.6326510416155553e-17 -1.6976524352975256e-16 3.469446951958402e-21 3.0782915065451971e-17 -1.79624171998904e-16 50.00000000000054 49.999999999998309 50.00000000000054 5.4001247917767614e-13 -1.6910917111090384e-12 1.0000000000000007 1969.865651245334 8030.1343487409076 0.021922571672039429 0 0 0.99748347604078147 5.4745006898161896e-18 0.99999999999999978 2.6324163121393639e-13 -1.6972901796320192e-12 3.7080282441325587e-17 0.33658524768667497 0.33255139865196853 0.0040338490347064382 7.1459339052584926e-05
25000 0 0 0.10056262445720242 24.929695305204529 0.0005402359141952151 7.1459339008230066e-05 0.00054023591419510917 7.1459339008230066e-05 0.0005402359141952151 2.2441076774657932e-17 -1.6820191073320458e-16 -5.8980598183294403e-21 3.6789420561760456e-17 -1.8598523090629356e-16 50.000000000000547 49.999999999998217 50.000000000000547 5.4711790653527714e-13 -1.7834622667578515e-12 1.0000000000000004 1969.8656512452767 8030.1343487406657 0.02192257166983588 0 0 0.99748347596477727 5.4745007240060699e-18 0.99999999999999978 2.238392308882617e-13 -1.681684976542293e-12 -4.7454974187788273e-17 0.33658524761090214 0.33255139869193007 0.0040338489189720717 7.1459339008230066e-05
25500 0 0 0.10056262088447242 24.929695307916308 0.00054023591326402085 7.1459339009261264e-05 0.00054023591326391688 7.1459339009261413e-05 0.00054023591326402085 1.9221430003240911e-17 -1.6981069328483181e-16 2.0816681711751468e-21 4.1037696320480888e-17 -1.6387031849085427e-16 50.000000000000561 49.999999999998131 50.000000000000561 5.6132876125047915e-13 -1.8687273950490635e-12 1.0000000000000031 1969.8656512452212 8030.1343487404492 0.021922571667368551 0 0 0.99748347587051067 5.4745007507875918e-18 0.99999999999999978 1.9229198317114587e-13 -1.6978363024348314e-12 4.0314144801909287e-17 0.33658524751681429 0.33255139874159323 0.0040338487752210606 7.1459339009261264e-05
26000 0 0 0.10056261844509989 24.9296953097681 0.00054023591404581193 7.1459339033311348e-05 0.00054023591404583329 7.1459339033311497e-05 0.00054023591404581193 1.6171786132470003e-17 -1.7093201853971202e-16 -6.938893903917448e-22 1.660763115558246e-17 -1.6546043908283871e-16 50.000000000000568 49.999999999998046 50.000000000000568 5.6843418860808015e-13 -1.9539925233402755e-12 1.0000000000000004 1969.8656512451489 8030.1343487402646 0.021922571665795965 0 0 0.99748347580618946 5.4745007609709363e-18 0.99999999999999978 1.6214216426859413e-13 -1.7091043681759059e-12 -4.5241676163497118e-18 0.33658524745257851 0.33255139877550716 0.00403384867707135 7.1459339033311348e-05
26500 0 0 0.10056261761261204 24.929695310400227 0.00054023591538832397 7.145933905925613e-05 0.00054023591538828418 7.145933905925613e-05 0.00054023591538832397 1.5829698663007163e-17 -1.7336340696364785e-16 -2.7755575615670296e-21 4.8559538409321784e-18 -1.7454976140847381e-16 50.000000000000568 49.999999999997954 50.000000000000568 5.6843418860808015e-13 -2.0463630789890885e-12 1.0000000000000002 1969.8656512451053 8030.13434874001 0.021922571665343962 0 0 0.99748347578426277 5.4745007587110363e-18 0.99999999999999978 1.5839461903505433e-13 -1.7341879004191551e-12 -1.8691296610279588e-17 0.33658524743065921 0.33255139878708356 0.0040338486435756438 7.145933905925613e-05
27000 0 0 0.10056261796049606 24.929695310136339 0.00054023591645968681 7.1459339075334902e-05 0.00054023591645977452 7.1459339075335106e-05 0.00054023591645968681 1.5501142036657145e-17 -1.7388347706175187e-16 -4.8572257327424521e-21 2.0145489753976538e-17 -1.9508443729925935e-16 50.000000000000583 49.999999999997854 50.000000000000583 5.8264504332328215e-13 -2.1458390619955026e-12 1.0000000000000011 1969.8656512450546 8030.1343487397262 0.021922571665661025 0 0 0.99748347579344709 5.4745007507919359e-18 0.99999999999999978 1.5528003153108302e-13 -1.7388386398609616e-12 -4.239077144093479e-17 0.33658524743981655 0.3325513987822436 0.0040338486575729471 7.1459339075334902e-05
27500 0 0 0.10056261877420503 24.929695309518699 0.00054023591694307422 7.1459339079581478e-05 0.00054023591694297372 7.1459339079581451e-05 0.00054023591694307422 1.1944611966204449e-17 -1.751702949362388e-16 -4.1633363423508013e-21 2.7296861215447885e-17 -2.3824256861333654e-16 50.000000000000583 49.999999999997769 50.000000000000583 5.8264504332328215e-13 -2.2311041902867146e-12 1.0000000000000009 1969.8656512449932 8030.1343487395407 0.021922571666243423 0 0 0.99748347581489372 5.4745007439437766e-18 0.99999999999999978 1.1946438869676726e-13 -1.7514465287890504e-12 -3.2110791545819917e-17 0.33658524746123725 0.33255139877092421 0.0040338486903130355 7.1459339079581478e-05
28000 0 0 0.10056261948894456 24.929695308976154 0.00054023591691926189 7.1459339075916035e-05 0.0005402359169191615 7.1459339075916211e-05 0.00054023591691926189 1.098877933093996e-17 -1.7659172735245987e-16 -2.0816681711754417e-21 2.6943575900804536e-18 -1.9482659291688244e-16 50.00000000000059 49.999999999997669 50.00000000000059 5.8975047068088315e-13 -2.3305801732931286e-12 1.0000000000000011 1969.8656512449379 8030.1343487392751 0.021922571666719445 0 0 0.99748347583371133 5.4745007399234903e-18 0.99999999999999978 1.0991191687373907e-13 -1.7660519924312518e-12 -1.1129906282218894e-17 0.33658524748004742 0.33255139876097639 0.0040338487190710315 7.1459339075916035e-05
28500 0 0 0.10056261985360285 24.929695308699305 0.00054023591664312037 7.1459339069687673e-05 0.00054023591664302377 7.1459339069687713e-05 0.00054023591664312037 5.4484194933566633e-18 -1.7840728894242467e-16 -6.2450045135264864e-21 -2.0081328432231604e-17 -2.1220705401510717e-16 50.00000000000059 49.999999999997584 50.00000000000059 5.8975047068088315e-13 -2.4158453015843406e-12 1.0000000000000009 1969.8656512448727 8030.1343487390659 0.021922571666940921 0 0 0.99748347584328734 5.4745007392375942e-18 0.99999999999999978 5.4061844085548489e-14 -1.7844059360004057e-12 -5.6462551909860447e-17 0.33658524748963753 0.33255139875589423 0.0040338487337432949 7.1459339069687673e-05
29000 0 0 0.10056261988441841 24.929695308675829 0.00054023591635161906 7.1459339064741461e-05 0.00054023591635152474 7.1459339064741624e-05 0.00054023591635161906 2.2537527399927388e-18 -1.7929928375377887e-16 1.0408340855877797e-21 -6.385824263540234e-18 -2.1603713686740056e-16 50.00000000000059 49.999999999997499 50.00000000000059 5.8975047068088315e-13 -2.5011104298755527e-12 1.0000000000000013 1969.8656512448265 8030.1343487388931 0.021922571666937681 0 0 0.99748347584406127 5.4745007407391424e-18 0.99999999999999978 2.2800825847847946e-14 -1.792704148377653e-12 -2.5156735261573021e-18 0.33658524749043756 0.33255139875545436 0.004033848734983192 7.1459339064741461e-05
29500 0 0 0.10056261972949593 24.92969530879342 0.00054023591617403618 7.1459339062524457e-05 0.00054023591617394001 7.1459339062524444e-05 0.00054023591617403618 2.6693924848375284e-18 -1.822462319947778e-16 4.5102810375471627e-21 -3.5386198625107849e-18 -2.1053294317684868e-16 50.00000000000059 49.999999999997414 50.00000000000059 5.8975047068088315e-13 -2.5863755581667647e-12 1.0000000000000016 1969.865651244766 8030.1343487385511 0.021922571666819039 0 0 0.99748347583994079 5.4745007425950039e-18 0.99999999999999978 2.6339011237389476e-14 -1.8222615460183872e-12 1.3384866215237744e-17 0.33658524748634755 0.33255139875759776 0.0040338487287497893 7.1459339062524457e-05
29999 0 0 0.10056261953574171 24.929695308940474 0.00054023591612759937 7.1459339062645549e-05 0.00054023591612750894 7.1459339062645414e-05 0.00054023591612759937 3.6280006776640114e-18 -1.8138025803557439e-16 -9.7144514654864991e-21 4.2169913258955127e-18 -2.1344286152156887e-16 50.00000000000059 49.9999999999973 50.00000000000059 5.8975047068088315e-13 -2.7000623958883807e-12 1.0000000000000033 1969.8656512447048 8030.1343487383983 0.021922571666684772 0 0 0.99748347583480323 5.4745007439060284e-18 0.99999999999999978 3.6725884893130237e-14 -1.8137539742276891e-12 -1.2400982309018915e-16 0.33658524748123669 0.33255139876028272 0.0040338487209539697 7.1459339062645549e-05
