# 1:passo  2:raio_area  3:raio_grad  4:raio_linha  5:p_in  6:p_out  7:delta_p  8:sigma  9:|u-v0|max  10:|u-v0|rms  11:Ca  12:massa_R  13:massa_B  14:|q|  15:sd_p_in  16:sd_p_out  17:sigma_2pontos  18:K_perfil  19:r_perfil  20:espessura_10_90  21:residuo_ajuste  22:n_camadas
0 10.10087507 10.20274894 10 0.3333333333 0.3333333333 -2.442490654e-15 -2.467129295e-14 0.001427105802 0.0004378885266 0 320.5294009 1279.470599 1.402262178e-16 1.365939776e-08 8.422049362e-09 2.775557562e-15 1.266703781 10.04238507 3.469200315 0.1993849299 12
500 10.00501127 10.07340826 9.890191945 0.3416635532 0.3314339332 0.01022962003 0.1023474637 0.000863149905 0.0006066457711 0.001405587518 320.5294009 1279.470599 0.001000859862 8.506003013e-06 2.012133568e-05 0.1008496009 1.292238918 9.929720114 3.400647585 0.2409804699 12
1000 10.0029934 10.07152167 9.888407448 0.3418476372 0.3313467572 0.01050088009 0.1050402342 4.299295476e-05 1.894260898e-05 6.821664587e-05 320.5294009 1279.470599 0.001846427035 1.720573975e-05 2.471042845e-05 0.1044444051 1.292188589 9.927777905 3.400780036 0.2411442769 12
1500 10.00385552 10.07250245 9.889258837 0.3417703615 0.3313859981 0.01038436336 0.1038836707 3.699726881e-05 1.215106306e-05 5.935688859e-05 320.5294009 1279.470599 0.002656149483 1.359567149e-05 1.466117945e-06 0.1028403905 1.292168741 9.928720306 3.400832272 0.2411087295 12
2000 10.00391514 10.07256385 9.889313621 0.3417661191 0.3313887321 0.01037738699 0.1038144988 2.745058471e-05 8.068708584e-06 4.406992766e-05 320.5294009 1279.470599 0.003462369748 1.236975734e-05 2.113400556e-07 0.1027286713 1.292166144 9.928804453 3.400839106 0.2409011719 12
2500 10.0039034 10.07255029 9.889301796 0.341767543 0.3313881935 0.01037934951 0.1038340099 2.71268762e-05 8.193145393e-06 4.35420537e-05 320.5294009 1279.470599 0.004254309465 1.205590772e-05 1.721718117e-07 0.1027506617 1.292162114 9.928820673 3.400849713 0.2406431327 12
3000 10.00390205 10.07254885 9.88930022 0.3417676677 0.3313881315 0.01037953624 0.1038358638 2.77407899e-05 8.362219687e-06 4.452666751e-05 320.5294009 1279.470599 0.005026139003 1.205276836e-05 2.045499495e-07 0.1027531924 1.292156361 9.928854297 3.400864854 0.2403197596 12
3500 10.00390219 10.07254902 9.889299866 0.3417676588 0.331388138 0.01037952071 0.10383571 2.822163866e-05 8.548062674e-06 4.529854366e-05 320.5294009 1279.470599 0.005772302644 1.204261777e-05 2.00497218e-07 0.1027529184 1.292148659 9.928894842 3.400885127 0.2399452614 12
4000 10.00390222 10.07254904 9.889299141 0.3417676607 0.3313881393 0.01037952144 0.1038357176 2.866211476e-05 8.745448053e-06 4.600554837e-05 320.5294009 1279.470599 0.006486626588 1.203172902e-05 1.998932551e-07 0.1027528595 1.292138616 9.928940329 3.400911559 0.2395214929 12
4500 10.00390222 10.07254904 9.889298077 0.341768067 0.3313881392 0.01037992776 0.1038397823 2.907768577e-05 8.948454211e-06 4.667075424e-05 320.5294009 1279.470599 0.007161860615 1.157469749e-05 2.005412999e-07 0.1027528496 1.292125809 9.92899051 3.400945268 0.2390509166 12
5000 10.00390222 10.07254904 9.889296643 0.3417680725 0.3313881392 0.01037993327 0.1038398375 2.946150143e-05 9.150397406e-06 4.728676737e-05 320.5294009 1279.470599 0.007789257424 1.156037305e-05 2.001379606e-07 0.102752834 1.29210982 9.929045006 3.400987351 0.2385365373 12
5500 10.00390222 10.07254904 9.889294782 0.3417680783 0.3313881392 0.01037993908 0.1038398956 2.980581926e-05 9.343825499e-06 4.783938309e-05 320.5294009 1279.470599 0.00835808601 1.154508843e-05 2.002181105e-07 0.1027528129 1.293976489 9.93509813 3.396081143 0.197433139 12
6000 10.00390222 10.07254904 9.889292444 0.3417684966 0.3313881392 0.01038035734 0.1038440798 3.010146186e-05 9.520330315e-06 4.831195308e-05 320.5294009 1279.470599 0.008855063668 1.103541309e-05 1.997039949e-07 0.1027527867 1.293957983 9.935151012 3.396129715 0.1971782658 12
6500 10.00390222 10.07254904 9.889289591 0.3417685033 0.3313881392 0.01038036405 0.1038441469 3.033712012e-05 9.670393795e-06 4.869014613e-05 320.5294009 1279.470599 0.009263813353 1.101669104e-05 1.996453423e-07 0.102752755 1.293935612 9.935206057 3.396188431 0.1969102458 12
7000 10.00390222 10.07254904 9.8892862 0.3417685102 0.3313881392 0.01038037093 0.1038442158 3.049941098e-05 9.783475394e-06 4.89505855e-05 320.5294009 1279.470599 0.009564769721 1.099747438e-05 1.988613579e-07 0.1027527178 1.293909258 9.935262577 3.396257603 0.1966320706 12
7500 10.00390222 10.07254904 9.889282259 0.3417685171 0.3313881392 0.0103803779 0.1038442855 3.05742366e-05 9.848824733e-06 4.90706453e-05 320.5294009 1279.470599 0.009736599144 1.097801801e-05 1.989423504e-07 0.1027526749 1.293879003 9.935319777 3.396337019 0.1963473965 12
8000 10.00390222 10.07254904 9.889277777 0.341768524 0.3313881395 0.01038038456 0.1038443521 3.055030558e-05 9.857544238e-06 4.903220535e-05 320.5294009 1279.470599 0.009760366031 1.095865316e-05 1.99679564e-07 0.1027526264 1.294155581 9.937237304 3.395611177 0.1777402784 12
8500 10.00390221 10.07254904 9.889272889 0.3417685314 0.331388138 0.01038039337 0.1038444402 3.030200601e-05 9.753965123e-06 4.86336517e-05 320.5294009 1279.470599 0.009485890471 1.093870841e-05 1.994761201e-07 0.1027525788 1.297146367 9.936728676 3.387782032 0.1608296561 12
9000 10.00390221 10.07254903 9.889263804 0.3417685375 0.3313881375 0.01038040001 0.1038445066 2.897303579e-05 9.224890641e-06 4.65006716e-05 320.5294009 1279.470599 0.007977740247 1.092196758e-05 1.988710101e-07 0.102752486 1.297127781 9.936761439 3.387830574 0.1605932415 12
9500 10.00390221 10.07254903 9.889259926 0.3417685419 0.3313881357 0.01038040624 0.1038445689 2.792764149e-05 8.729859198e-06 4.482282475e-05 320.5294009 1279.470599 0.006387462147 1.090954725e-05 1.971238104e-07 0.1027524443 1.297111443 9.936786888 3.387873246 0.1604074884 12
10000 10.00390221 10.07254903 9.889256939 0.3417685452 0.3313881357 0.01038040957 0.1038446022 2.692736487e-05 8.321979052e-06 4.321740417e-05 320.5294009 1279.470599 0.004795512407 1.09002111e-05 1.972189907e-07 0.1027524123 1.298589494 9.935634288 3.384017177 0.1577822714 12
10500 10.00390221 10.07254903 9.889254953 0.3417685475 0.3313881357 0.0103804118 0.1038446246 2.593017016e-05 8.017598399e-06 4.161693533e-05 320.5294009 1279.470599 0.003205856695 1.089395793e-05 1.965521681e-07 0.1027523912 1.298575572 9.935650473 3.384053457 0.1576956582 12
11000 10.00390221 10.07254903 9.889254041 0.3417685486 0.3313881356 0.01038041295 0.103844636 2.493259296e-05 7.829544425e-06 4.001585752e-05 320.5294009 1279.470599 0.001631690976 1.089075744e-05 1.976055033e-07 0.1027523814 1.29856824 9.935658795 3.384072566 0.1576509831 12
11500 10.00390221 10.07254903 9.889254233 0.3417685487 0.3313881356 0.01038041301 0.1038446367 2.495753212e-05 7.766394667e-06 4.005588369e-05 320.5294009 1279.470599 0.00039432848 1.089058779e-05 1.973223432e-07 0.1027523834 1.298567792 9.935659306 3.384073733 0.157648243 12
12000 10.00390221 10.07254903 9.889255522 0.3417685476 0.3313881357 0.01038041199 0.1038446265 2.595512548e-05 7.830888132e-06 4.165698693e-05 320.5294009 1279.470599 0.001656881982 1.089344558e-05 1.9642452e-07 0.102752397 1.298574241 9.935652014 3.384056925 0.1576873973 12
12500 10.00390221 10.07254903 9.889257857 0.3417685455 0.3313881357 0.01038040988 0.1038446054 2.695195584e-05 8.01929772e-06 4.325687043e-05 320.5294009 1279.470599 0.003225693611 1.089933411e-05 1.972643249e-07 0.1027524218 1.298587317 9.935636892 3.38402285 0.157768362 12
13000 10.00390221 10.07254903 9.889261149 0.3417685424 0.3313881357 0.01038040668 0.1038445734 2.794714792e-05 8.322201215e-06 4.485412994e-05 320.5294009 1279.470599 0.00480541595 1.09082946e-05 1.980058057e-07 0.1027524568 1.297109457 9.936789857 3.387878433 0.1603860213 12
13500 10.00390221 10.07254903 9.88926527 0.3417685381 0.3313881375 0.01038040053 0.1038445118 2.893966002e-05 8.726287138e-06 4.644710236e-05 320.5294009 1279.470599 0.006383079917 1.092035329e-05 1.993454663e-07 0.1027525007 1.297125351 9.936765475 3.387836921 0.1605643207 12
14000 10.00390221 10.07254904 9.889270054 0.3417685327 0.3313881376 0.01038039508 0.1038444573 2.99282133e-05 9.216420814e-06 4.803371966e-05 320.5294009 1279.470599 0.007954475594 1.093556501e-05 1.992008618e-07 0.1027525517 1.297143251 9.936734626 3.387790169 0.1607874133 12
14500 10.00390221 10.07254904 9.889275294 0.3417685261 0.331388138 0.01038038805 0.103844387 3.091120206e-05 9.777311868e-06 4.961141532e-05 320.5294009 1279.470599 0.009516516866 1.095399326e-05 1.998124236e-07 0.1027526077 1.295481131 9.936103444 3.392136752 0.1764950657 12
15000 10.00390221 10.07254904 9.889280749 0.3417685183 0.3313881382 0.01038038008 0.1038443073 3.188657504e-05 1.039450819e-05 5.117689465e-05 320.5294009 1279.470599 0.01106595582 1.097570171e-05 1.992008657e-07 0.1027526661 1.29418797 9.937184574 3.395526195 0.177956327 12
15500 10.00390221 10.07254904 9.889286142 0.3417685093 0.3313881383 0.01038037104 0.1038442168 3.28516696e-05 1.105475776e-05 5.272588532e-05 320.5294009 1279.470599 0.01259886863 1.100077874e-05 1.987584041e-07 0.102752724 1.293916525 9.935247761 3.396238527 0.1967031376 12
16000 10.00390221 10.07254904 9.889291166 0.3417680872 0.3313881383 0.01037994892 0.103839994 3.380296404e-05 1.174590441e-05 5.425488893e-05 320.5294009 1279.470599 0.01411022863 1.152231399e-05 1.997579544e-07 0.1027527782 1.293953253 9.935163386 3.396142129 0.1971159801 12
16500 10.00390221 10.07254904 9.889295482 0.3417680763 0.3313881384 0.01037993796 0.1038398843 3.473565313e-05 1.245644914e-05 5.575194502e-05 320.5294009 1279.470599 0.01559333657 1.155083293e-05 1.989767935e-07 0.1027528252 1.292429671 9.931197316 3.400145674 0.2154504226 12
17000 10.00390221 10.07254904 9.889298731 0.3417680641 0.3313881384 0.01037992569 0.1038397616 3.56426169e-05 1.317472257e-05 5.72077214e-05 320.5294009 1279.470599 0.01703873172 1.158267052e-05 1.986690246e-07 0.1027528611 1.29213716 9.928947746 3.400915391 0.2394346144 12
17500 10.00390221 10.07254904 9.88930054 0.3417676712 0.3313881385 0.0103795327 0.1038358302 3.650723193e-05 1.388590721e-05 5.859767907e-05 320.5294009 1279.470599 0.0184291281 1.2006677e-05 1.995333275e-07 0.1027528821 1.292164054 9.928817816 3.400844608 0.240569087 12
18000 10.00390222 10.07254904 9.889300539 0.3417672783 0.3313881392 0.01037913915 0.1038318931 3.70039856e-05 1.447628463e-05 5.939726946e-05 320.5294009 1279.470599 0.01956133736 1.241750044e-05 2.003842394e-07 0.1027528815 1.292164956 9.928802447 3.400842233 0.2407180205 12
18500 10.00390222 10.07254904 9.889298575 0.3417680629 0.3313881392 0.01037992375 0.1038397422 3.732003227e-05 1.48696381e-05 5.990004643e-05 320.5294009 1279.470599 0.02030567573 1.158538605e-05 2.0100206e-07 0.102752857 1.292137415 9.928944396 3.40091472 0.2394739578 12
19000 10.00390222 10.07254904 9.889294459 0.3417680778 0.3313881392 0.01037993858 0.1038398906 3.766761982e-05 1.519748901e-05 6.045785102e-05 320.5294009 1279.470599 0.02091935448 1.154637829e-05 2.00487513e-07 0.1027528097 1.293978854 9.935089218 3.396074936 0.1974765835 12
19500 10.00390222 10.07254904 9.889288068 0.3417680926 0.3313881392 0.01037995339 0.1038400388 3.790247583e-05 1.543247184e-05 6.083471635e-05 320.5294009 1279.470599 0.02135679403 1.150737564e-05 1.998495561e-07 0.1027527387 1.293929931 9.935217962 3.396203342 0.1968526251 12
20000 10.00390222 10.07254904 9.889279289 0.3417685203 0.3313881395 0.01038038084 0.1038443149 3.795431292e-05 1.553036311e-05 6.091540811e-05 320.5294009 1279.470599 0.02153915458 1.096902277e-05 1.997493856e-07 0.1027526431 1.294174132 9.937206961 3.395562504 0.1778794753 12
20500 10.00390221 10.07254903 9.889264507 0.341768537 0.3313881374 0.01038039959 0.1038445024 3.749024317e-05 1.529740961e-05 6.017048294e-05 320.5294009 1279.470599 0.02110317919 1.092413675e-05 1.994542386e-07 0.1027524978 1.297131813 9.936754178 3.387820044 0.1606453183 12
21000 10.00390221 10.07254903 9.889250813 0.3417685497 0.3313881347 0.01038041502 0.1038446567 3.615553134e-05 1.44483895e-05 5.802823256e-05 320.5294009 1279.470599 0.0194953603 1.088759488e-05 1.972734907e-07 0.1027523478 1.298561261 9.935666197 3.384090754 0.1576109228 12
21500 10.00390221 10.07254903 9.889237474 0.3417685616 0.3313881337 0.01038042792 0.1038447858 3.511546829e-05 1.360652483e-05 5.635890145e-05 320.5294009 1279.470599 0.01787568118 1.085388933e-05 1.952103407e-07 0.1027522057 1.300740398 9.933084993 3.378421369 0.1545270764 12
22000 10.00390221 10.07254903 9.889224046 0.3417685722 0.3313881337 0.01038043857 0.1038448924 3.410173688e-05 1.278447273e-05 5.47318475e-05 320.5294009 1279.470599 0.01624834311 1.082386698e-05 1.952835573e-07 0.1027520631 1.299693659 9.928319442 3.381142258 0.1629640362 12
22500 10.00390221 10.07254902 9.889210914 0.3417685815 0.3313881336 0.01038044794 0.1038449861 3.308796263e-05 1.199002506e-05 5.310473471e-05 320.5294009 1279.470599 0.01461640427 1.079733174e-05 1.952049286e-07 0.1027519239 1.301673893 9.926004074 3.375998533 0.1601407714 12
23000 10.00390221 10.07254902 9.889198436 0.3417685896 0.3313881335 0.0103804561 0.1038450677 3.207239151e-05 1.123097554e-05 5.147474696e-05 320.5294009 1279.470599 0.01298212442 1.077415494e-05 1.957401878e-07 0.1027517916 1.305339947 9.92593171 3.366517024 0.1499310861 12
23500 10.00390221 10.07254902 9.889186929 0.3417685966 0.3313881331 0.01038046354 0.1038451421 3.105557021e-05 1.051615198e-05 4.984275876e-05 320.5294009 1279.470599 0.01134718402 1.075416337e-05 1.949983842e-07 0.1027516697 1.304494476 9.921915954 3.368698937 0.1569848378 12
24000 10.00390221 10.07254902 9.88917667 0.3417686025 0.3313881326 0.01038046988 0.1038452055 3.00380772e-05 9.85581904e-06 4.820969994e-05 320.5294009 1279.470599 0.009712875227 1.073726053e-05 1.953321868e-07 0.1027515611 1.303465447 9.919476339 3.371358378 0.1625196546 12
24500 10.00390221 10.07254902 9.889167892 0.3417686073 0.3313881326 0.01038047474 0.1038452542 2.902032151e-05 9.261891748e-06 4.657622816e-05 320.5294009 1279.470599 0.008080300767 1.072333849e-05 1.950265069e-07 0.1027514681 1.303724262 9.924115306 3.370689096 0.1554439172 12
25000 10.00390221 10.07254902 9.889160785 0.3417686111 0.3313881325 0.01038047859 0.1038452926 2.800256163e-05 8.74788167e-06 4.494275557e-05 320.5294009 1279.470599 0.006450673424 1.071228961e-05 1.946967465e-07 0.1027513929 1.302635006 9.918367677 3.373507646 0.1578368955 12
25500 10.00390221 10.07254902 9.889155499 0.341768614 0.3313881325 0.01038048145 0.1038453212 2.69849404e-05 8.328386235e-06 4.330951085e-05 320.5294009 1279.470599 0.004826023197 1.070406401e-05 1.942347131e-07 0.1027513369 1.302615329 9.9184099 3.373558606 0.1575576306 12
26000 10.00390221 10.07254902 9.889152142 0.3417686159 0.3313881325 0.01038048334 0.1038453402 2.596751595e-05 8.017928375e-06 4.16765867e-05 320.5294009 1279.470599 0.003211811638 1.069859783e-05 1.949048891e-07 0.1027513013 1.302601661 9.918438068 3.373594005 0.1573707699 12
26500 10.00390221 10.07254902 9.889150781 0.3417686168 0.3313881325 0.0103804843 0.1038453497 2.495028848e-05 7.829112543e-06 4.004398294e-05 320.5294009 1279.470599 0.001634534994 1.069585894e-05 1.951141488e-07 0.1027512868 1.302594572 9.918452289 3.373612366 0.1572762308 12
27000 10.00390221 10.07254902 9.88915144 0.3417686168 0.3313881325 0.01038048431 0.1038453499 2.490765991e-05 7.770426444e-06 3.997556613e-05 320.5294009 1279.470599 0.0005857391561 1.069582753e-05 1.949743461e-07 0.1027512936 1.302594347 9.918452622 3.373612949 0.1572739355 12
27500 10.00390221 10.07254902 9.889154103 0.3417686159 0.3313881325 0.01038048338 0.1038453406 2.59255164e-05 7.844425561e-06 4.160917932e-05 320.5294009 1279.470599 0.001820773226 1.069848202e-05 1.942661496e-07 0.1027513216 1.302600989 9.91843908 3.373595746 0.157363813 12
28000 10.00390221 10.07254902 9.889158714 0.341768614 0.3313881325 0.01038048151 0.1038453219 2.694428412e-05 8.047110006e-06 4.324425922e-05 320.5294009 1279.470599 0.003402071216 1.070387074e-05 1.945962649e-07 0.1027513703 1.302614219 9.918411627 3.373561482 0.1575457983 12
28500 10.00390221 10.07254902 9.889165174 0.3417686112 0.3313881325 0.01038047869 0.1038452937 2.796392016e-05 8.368807142e-06 4.488073744e-05 320.5294009 1279.470599 0.005010560005 1.071200013e-05 1.947944364e-07 0.1027514385 1.302846416 9.920970374 3.372960236 0.1538639686 12
29000 10.00390221 10.07254902 9.889173346 0.3417686075 0.3313881326 0.01038047488 0.1038452556 2.898430039e-05 8.796123283e-06 4.651841534e-05 320.5294009 1279.470599 0.006625300072 1.072292599e-05 1.939495692e-07 0.1027515248 1.303462448 9.921441413 3.371366134 0.1596108669 12
29500 10.00390221 10.07254902 9.889183049 0.3417686027 0.331388133 0.01038046965 0.1038452032 3.000518861e-05 9.314125244e-06 4.81569164e-05 320.5294009 1279.470599 0.008241445648 1.07367194e-05 1.946781619e-07 0.1027516273 1.303763244 9.921111431 3.370588314 0.1595698357 12
29999 10.00390221 10.07254902 9.88919404 0.3417685969 0.3313881331 0.0103804638 0.1038451448 3.102415999e-05 9.906817968e-06 4.979234555e-05 320.5294009 1279.470599 0.009853726356 1.075341455e-05 1.945596604e-07 0.1027517436 1.304494042 9.921927513 3.368700057 0.1569421601 12
