# step v0 Mach sigma R umax_ref urms_ref umax_mean urms_mean umax_lab mean_x mean_y mean_z drop_ux drop_uy x0 y0 x_unwrapped center_dx center_dy axis_ratio mass_R mass_B min_f negative_total negative_color min_rho min_phi max_phi qx qy qz p_in p_out delta_p urms_lab
0 0 0 -5.560112678108922e-15 25.040521385269312 2.7755575615628907e-17 7.4329409150644926e-18 2.7758178329621177e-17 7.4329381114410318e-18 2.7755575615628907e-17 2.6020852139652107e-21 5.8980598183211438e-21 -3.4694469519536144e-22 5.8447487269026966e-22 1.098941725259196e-20 50.000000000000007 50.000000000000007 50.000000000000007 7.1054273576010019e-15 7.1054273576010019e-15 1.0000000000000007 1969.8656512480636 8030.1343487520398 0.0082419373194389314 0 0 0.99999999999999944 5.1710809399147485e-26 0.99999999999998512 1.5535069005176833e-16 -3.0368866568280309e-18 4.8624550332144135e-19 0.33333333333333387 0.33333333333333409 -2.2204460492503131e-16 7.4329409150644926e-18
500 0 0 0.31509503189380073 24.640304700127398 0.006251859528531716 0.003366863076380565 0.0062518595285317152 0.003366863076380565 0.006251859528531716 -6.1825544683814646e-19 -2.8397423301740899e-18 -4.922277863084289e-21 -4.5103778449915662e-19 -9.5773325095592171e-19 50.000000000000007 50.000000000000007 50.000000000000007 7.1054273576010019e-15 7.1054273576010019e-15 1.0000000000000047 1969.8656512480218 8030.134348751797 -0.00023376622856915633 16 336 0.97621894521279307 4.1282822262687132e-18 0.99999999999999978 -5.6275513762860108e-15 -1.2404194425080783e-14 -4.4521790341416835e-17 0.34435864592037696 0.33157085633219985 0.012787789588177112 0.003366863076380565
1000 0 0 0.47575152189672154 24.511924886606881 0.0057668434033657373 0.0026717673973260742 0.0057668434033657356 0.0026717673973260742 0.0057668434033657373 1.0314665788158382e-18 2.0785456689154679e-18 -8.2941466195143405e-21 1.1852305441755379e-17 1.6253166905444471e-18 50.000000000000007 50.000000000000014 50.000000000000007 7.1054273576010019e-15 1.4210854715202004e-14 1.0000000000000011 1969.8656512479727 8030.1343487516451 0.00029898603223467066 0 304 0.98065718311341465 4.989563872486467e-18 0.99999999999999978 1.0502097238726527e-14 1.9137469386976136e-14 -8.8601632831116232e-17 0.34919875797520472 0.32978977544537214 0.019408982529832586 0.0026717673973260742
1500 0 0 0.52585631083308215 24.472795569399963 0.0050989353869035151 0.0014745020501211118 0.0050989353869035151 0.0014745020501211121 0.0050989353869035151 6.057654378111364e-19 4.0280279112183813e-19 4.5102810375399615e-21 8.8083928391384228e-18 -8.4024954858876201e-18 50.000000000000007 49.999999999999993 50.000000000000007 7.1054273576010019e-15 -7.1054273576010019e-15 1.0000000000000004 1969.8656512479492 8030.1343487514559 0.00031074365839871612 0 312 0.98214748441419486 4.6556978940289157e-18 0.99999999999999978 5.8564129023705447e-15 -9.8215841926388436e-15 2.5403766102112632e-17 0.35065844009401287 0.32917105793769735 0.021487382156315515 0.0014745020501211118
2000 0 0 0.52813323329862494 24.470981044584519 0.0048154971242655347 0.00087078795400903197 0.0048154971242655347 0.00087078795400903197 0.0048154971242655347 -1.7763568394004058e-19 -2.2204460492505073e-20 1.2685165418081512e-21 1.4089397066700723e-18 6.7642764671622144e-18 50.000000000000007 50.000000000000007 50.000000000000007 7.1054273576010019e-15 7.1054273576010019e-15 1.0000000000000002 1969.8656512479131 8030.1343487512804 0.00029479002863861878 0 312 0.98220349805048179 4.485967131570568e-18 0.99999999999999978 -1.9394174580102813e-15 5.4910503227700858e-15 -4.5446342311284075e-18 0.35072834402131675 0.32914632275554073 0.021582021265776019 0.00087078795400903197
2500 0 0 0.51748355922261435 24.479092515482716 0.0047544253104527083 0.00080124841609789004 0.0047544253104527066 0.00080124841609789004 0.0047544253104527083 -1.4412082638416779e-18 -1.25940924355929e-19 -1.0950441942104709e-20 4.1947773259528778e-18 -9.5041763240455001e-18 50.000000000000007 50.000000000000007 50.000000000000007 7.1054273576010019e-15 7.1054273576010019e-15 1.0000000000000024 1969.8656512478628 8030.1343487511613 0.00027646549358331359 0 328 0.98188949295262185 4.5679161224774356e-18 0.99999999999999978 -1.4092019380834014e-14 -6.6190542630240046e-16 -1.1691136866671651e-16 0.35043079060800314 0.32929097266355473 0.021139817944448414 0.00080124841609789004
3000 0 0 0.50824588392442072 24.486116992855795 0.0047448769681362642 0.00081086743591445097 0.004744876968136265 0.00081086743591445086 0.0047448769681362642 2.1579960041153882e-19 1.1313866510321995e-18 6.0823741876443566e-21 6.4941637535460038e-18 4.2090026593243597e-18 50.000000000000007 50.000000000000007 50.000000000000007 7.1054273576010019e-15 7.1054273576010019e-15 1.0000000000000033 1969.8656512478374 8030.1343487509921 0.00026621509728239968 0 328 0.98162049026137455 4.5783379959392943e-18 0.99999999999999978 2.334073825058583e-15 1.0498114489808537e-14 5.262951123923876e-17 0.35017350113405854 0.32941700944234975 0.020756491691708789 0.00081086743591445097
3500 0 0 0.50348566469041078 24.489734040074048 0.0047450786948643239 0.00080609462169131283 0.004745078694864323 0.00080609462169131305 0.0047450786948643239 -6.1305127641028508e-19 6.37684349769159e-19 -4.8680677544605614e-21 5.9479315829361546e-18 3.5525011590361277e-18 50.000000000000007 50.000000000000007 50.000000000000007 7.1054273576010019e-15 7.1054273576010019e-15 1.0000000000000016 1969.8656512477978 8030.1343487508402 0.00026264465060980922 0 328 0.98148120480710965 4.5854162129567971e-18 0.99999999999999978 -6.2467392369924823e-15 6.4292096155888455e-15 -5.3509281655690197e-17 0.35004148197787394 0.32948243205652622 0.020559049921347716 0.00080609462169131283
4000 0 0 0.50201880966975831 24.490849447875437 0.0047481329387948001 0.00080151093018681501 0.0047481329387948001 0.0008015109301868149 0.0047481329387948001 -4.5970172113392093e-19 8.7187201902607044e-19 -2.8460307027748643e-21 2.6558673840286924e-18 6.3384818292664184e-18 50.000000000000007 50.000000000000007 50.000000000000007 7.1054273576010019e-15 7.1054273576010019e-15 1.0000000000000009 1969.8656512477701 8030.1343487506965 0.00026235212931313917 0 328 0.98143764739297779 4.5843981744121813e-18 0.99999999999999978 -4.1763467684141631e-15 8.0652715409024189e-15 -1.5292241853613323e-17 0.3500009523995109 0.3295027328200627 0.020498219579448196 0.00080151093018681501
4500 0 0 0.50207424990616345 24.490808690819833 0.0047508685962630998 0.00080022909891169064 0.0047508685962630998 0.00080022909891169043 0.0047508685962630998 -1.6216195053433977e-18 1.4946377469018736e-18 4.7108584394503258e-21 4.4441664706308903e-18 -1.570910350840785e-18 50.000000000000014 50.000000000000007 50.000000000000014 1.4210854715202004e-14 7.1054273576010019e-15 1.0000000000000013 1969.8656512477296 8030.1343487505583 0.00026304269688835953 0 328 0.98143887510999306 4.5786804343546775e-18 0.99999999999999978 -1.6182364557517856e-14 1.4744499024499369e-14 3.4673003459603642e-17 0.35000251952097999 0.32950200211281611 0.020500517408163887 0.00080022909891169064
5000 0 0 0.50250960108454579 24.490479185155806 0.0047522238724700787 0.00080008297362743608 0.004752223872470077 0.00080008297362743597 0.0047522238724700787 4.7531423241773358e-19 1.3794521080970138e-18 5.003593026021534e-21 3.6695477297885815e-18 1.0068619994136066e-17 50.000000000000007 50.000000000000007 50.000000000000007 7.1054273576010019e-15 7.1054273576010019e-15 1.0000000000000013 1969.8656512477023 8030.1343487503227 0.00026369062602067369 0 328 0.98145151633915428 4.574935447927964e-18 0.99999999999999978 5.240598773892987e-15 1.3670922245062459e-14 3.0295461967882213e-18 0.35001454020464434 0.32949597062969183 0.020518569574952517 0.00080008297362743608
5500 0 0 0.50285295106577732 24.490218861235327 0.0047525556879410508 0.00080007642163238226 0.0047525556879410517 0.00080007642163238237 0.0047525556879410508 -3.3723024372996379e-19 1.1516829157012498e-18 4.2880195921810918e-21 6.2387551451914571e-19 -6.9787151924147751e-18 50.000000000000014 50.000000000000007 50.000000000000014 1.4210854715202004e-14 7.1054273576010019e-15 1.0000000000000027 1969.8656512476605 8030.1343487501672 0.00026404149496115313 0 328 0.98146160371871827 4.5732977457368147e-18 0.99999999999999978 -3.5128181093474682e-15 1.0984377046585917e-14 3.3657742112523665e-17 0.35002401210656542 0.32949120454306402 0.020532807563501398 0.00080007642163238226
6000 0 0 0.50301998237934031 24.490092251851014 0.0047524601042874771 0.00080007391048844993 0.004752460104287478 0.00080007391048845015 0.0047524601042874771 3.6082248300325901e-19 1.9304002840674358e-18 -7.5894152074002801e-23 1.2813197601314318e-18 -8.2525590149165001e-19 50.000000000000014 50.000000000000014 50.000000000000014 1.4210854715202004e-14 1.4210854715202004e-14 1.0000000000000038 1969.8656512476307 8030.1343487500744 0.00026415781763485273 0 328 0.98146654254955368 4.5729690433604437e-18 0.99999999999999978 3.7209810354070836e-15 1.8948709497578834e-14 -2.6353087258030566e-17 0.35002861030507892 0.32948887622786976 0.02053973407720916 0.00080007391048844993
6500 0 0 0.50306585004935189 24.490057334358298 0.0047522943691300275 0.00080007779884183714 0.0047522943691300284 0.00080007779884183703 0.0047522943691300275 -6.6162353373771921e-19 9.7630237227999041e-19 -4.4831759832286785e-21 5.7282257693871313e-18 -1.0427615070264437e-18 50.000000000000014 50.000000000000007 50.000000000000014 1.4210854715202004e-14 7.1054273576010019e-15 1.0000000000000013 1969.8656512475904 8030.1343487498962 0.00026415998845704758 0 328 0.98146792204164401 4.5731002119254907e-18 0.99999999999999978 -6.8053202028744591e-15 9.8238479080427155e-15 -4.3191344686036857e-17 0.35002987385576978 0.32948823758350282 0.020541636272266961 0.00080007779884183714
7000 0 0 0.50305932958970268 24.490062316844735 0.0047521837052322572 0.00080008304755363197 0.0047521837052322546 0.00080008304755363176 0.0047521837052322572 -1.0057926713716291e-18 3.1867737615440687e-18 2.6020852139659256e-22 6.753136269229039e-19 8.7748380048510882e-18 50.000000000000014 50.000000000000014 50.000000000000014 1.4210854715202004e-14 1.4210854715202004e-14 1.0000000000000007 1969.8656512475541 8030.1343487497525 0.00026413073186628807 0 328 0.98146774199637044 4.5732698685748481e-18 0.99999999999999978 -1.0049253294856991e-14 3.1756281685039984e-14 4.3072609155426275e-17 0.35002968914629989 0.32948832330242089 0.020541365843879 0.00080008304755363197
7500 0 0 0.50304161637303479 24.490075730696049 0.0047521365650841675 0.00080008575591733922 0.0047521365650841692 0.00080008575591733889 0.0047521365650841675 2.1649348980196861e-19 1.5345363868495307e-18 6.082374187645452e-21 1.1649395462345651e-18 1.0356861718647138e-18 50.000000000000014 50.000000000000014 50.000000000000014 1.4210854715202004e-14 1.4210854715202004e-14 1.0000000000000013 1969.8656512475254 8030.1343487495733 0.00026410604611003751 0 328 0.98146722588972568 4.5734067769776733e-18 0.99999999999999978 2.4823885529689821e-15 1.571057791292306e-14 5.4854751627370918e-17 0.35002920012154487 0.32948856881012273 0.020540631311422142 0.00080008575591733922
8000 0 0 0.50302878766795833 24.490085454428108 0.0047521271485131376 0.00080008627772161435 0.0047521271485131376 0.00080008627772161424 0.0047521271485131376 1.1605300054288349e-18 1.6042722705838365e-18 5.8004816227992032e-22 -1.8837233868673629e-18 3.2734316484885869e-18 50.000000000000014 50.000000000000014 50.000000000000014 1.4210854715202004e-14 1.4210854715202004e-14 1.0000000000000029 1969.8656512474874 8030.1343487494478 0.00026409350701954524 0 328 0.98146684864045819 4.5734584658159143e-18 0.99999999999999978 1.1336416697898573e-14 1.6116285823236653e-14 1.8018054097054431e-17 0.35002884644973786 0.3294887471265236 0.020540099323214267 0.00080008627772161435
8500 0 0 0.5030229401051034 24.490089889918867 0.0047521319479904931 0.00080008594738788783 0.0047521319479904914 0.00080008594738788783 0.0047521319479904931 1.8058471384924604e-18 -1.151422707179991e-18 -1.9353008778872733e-21 1.3858178308896744e-17 1.7439002474557998e-18 50.000000000000014 50.000000000000014 50.000000000000014 1.4210854715202004e-14 1.4210854715202004e-14 1.0000000000000002 1969.8656512474513 8030.1343487493459 0.00026408975679446077 0 328 0.98146667540306309 4.5734669187133868e-18 0.99999999999999978 1.8060206108394539e-14 -1.1498126457776411e-14 -1.7082115516227248e-17 0.35002868542658466 0.32948882859608081 0.020539856830503855 0.00080008594738788783
9000 0 0 0.50302154237803987 24.490090952012082 0.0047521384149037567 0.00080008554347388099 0.0047521384149037576 0.00080008554347388088 0.0047521384149037567 5.1278425949891824e-19 1.2758891165813746e-18 1.4636729328559279e-21 8.4360640022987422e-18 1.318987407115395e-18 50.000000000000014 50.000000000000014 50.000000000000014 1.4210854715202004e-14 1.4210854715202004e-14 1.0000000000000002 1969.8656512473988 8030.1343487491413 0.00026409000980763466 0 328 0.98146663324493744 4.5734589496022463e-18 0.99999999999999978 4.912736996462881e-15 1.2347165715062846e-14 4.4286061122363077e-17 0.35002864704724607 0.32948884818068808 0.02053979886655799 0.00080008554347388099
9500 0 0 0.50302194981580217 24.490090644520084 0.0047521424640164936 0.0008000853000996518 0.0047521424640164928 0.0008000853000996518 0.0047521424640164936 5.4990734188485364e-19 1.2142196970104204e-18 8.6681963690248512e-21 3.701482771178039e-18 2.904201962658456e-18 50.000000000000014 50.000000000000014 50.000000000000014 1.4210854715202004e-14 1.4210854715202004e-14 1.0000000000000009 1969.8656512473676 8030.134348749013 0.00026409121817822455 0 328 0.98146664469800182 4.5734510160069873e-18 0.99999999999999978 5.4348886502353366e-15 1.2225301172499794e-14 5.0709788996421032e-17 0.35002865835698288 0.32948884259569011 0.020539815761292768 0.0008000853000996518
10000 0 0 0.50302265820968606 24.490090107969333 0.0047521440758417624 0.00080008520628628435 0.0047521440758417632 0.00080008520628628457 0.0047521440758417624 -6.1756155744797855e-19 6.7966465788797193e-19 2.1629833341094054e-21 -1.6063323977260112e-18 -4.5798520759583374e-18 50.000000000000014 50.000000000000014 50.000000000000014 1.4210854715202004e-14 1.4210854715202004e-14 1.0000000000000031 1969.8656512473387 8030.1343487487493 0.00026409214639191048 0 328 0.98146666537573113 4.5734462277611082e-18 0.99999999999999978 -6.5277667760587749e-15 6.9278892584739454e-15 -9.0915569381598066e-18 0.35002867790894215 0.32948883277190866 0.020539845137033497 0.00080008520628628435
10500 0 0 0.50302302919975717 24.490089747850718 0.0047521443242277842 0.00080008519346572995 0.0047521443242277851 0.00080008519346573027 0.0047521443242277842 -9.0552565446026793e-19 -2.6714741530053879e-19 4.6458063091023078e-21 3.4043004357378027e-18 2.4775959089512053e-18 50.000000000000014 50.000000000000021 50.000000000000014 1.4210854715202004e-14 2.1316282072803006e-14 1.0000000000000018 1969.8656512473005 8030.134348748632 0.00026409258903280003 0 328 0.98146667935997056 4.5734444782831536e-18 0.99999999999999978 -9.2374016559261056e-15 -2.5554105155805016e-15 4.2266768211470603e-17 0.35002869100377115 0.32948883041612659 0.020539860587644565 0.00080008519346572995
11000 0 0 0.50302333583814773 24.490089594181757 0.004752144099123265 0.0008000852078787115 0.0047521440991232667 0.00080008520787871139 0.004752144099123265 1.9831358777375356e-18 -3.6325109586969903e-19 -3.1008182133098709e-21 5.7331821319168958e-18 7.4756281522038329e-18 50.000000000000014 50.000000000000014 50.000000000000014 1.4210854715202004e-14 1.4210854715202004e-14 1.0000000000000064 1969.8656512472721 8030.1343487484255 0.00026409270626872379 0 328 0.98146668536935033 4.573444390167251e-18 0.99999999999999978 2.0075953940446641e-14 -3.4002206498578596e-15 -2.6170493313289628e-17 0.35002869658046543 0.3294888233430211 0.020539873237444328 0.0008000852078787115
11500 0 0 0.50302337607925474 24.490089563580586 0.0047521438474184292 0.00080008522318468262 0.0047521438474184283 0.00080008522318468272 0.0047521438474184292 -1.4058199049322241e-18 -1.7804334395695808e-18 5.1608023410332757e-21 -5.4257492062542237e-18 -1.3928817918556586e-17 50.000000000000014 50.000000000000014 50.000000000000014 1.4210854715202004e-14 1.4210854715202004e-14 1.0000000000000036 1969.8656512472237 8030.1343487483091 0.00026409268484655659 0 328 0.98146668659231417 4.5734447031764761e-18 0.99999999999999978 -1.3928092677652861e-14 -1.8076416624939091e-14 5.2628142125545299e-17 0.35002869768405509 0.32948882277778668 0.020539874906268407 0.00080008522318468262
12000 0 0 0.50302335522746744 24.490089579338637 0.0047521437000393584 0.00080008523195456251 0.0047521437000393567 0.0008000852319545623 0.0047521437000393584 -7.0325689716132517e-19 -1.6725336393638177e-18 3.5778671692038315e-22 4.6878237497950096e-18 -9.0804794139475938e-18 50.000000000000014 50.000000000000014 50.000000000000014 1.4210854715202004e-14 1.4210854715202004e-14 1.0000000000000029 1969.8656512471871 8030.1343487481472 0.00026409263593623743 0 328 0.98146668599771836 4.573445022828034e-18 0.99999999999999978 -6.8157289606293487e-15 -1.7264998342622401e-14 1.0551293316533383e-17 0.35002869710646994 0.32948882306485561 0.020539874041614337 0.00080008523195456251
12500 0 0 0.5030233273165442 24.490089600482193 0.0047521436457140685 0.00080008523509817299 0.0047521436457140685 0.0008000852350981731 0.0047521436457140685 -5.3429483060111523e-19 -1.1152537227060292e-18 -1.3498317047451063e-21 -9.0759999336404668e-19 -2.2372222561439278e-18 50.000000000000014 50.000000000000014 50.000000000000014 1.4210854715202004e-14 1.4210854715202004e-14 1.0000000000000027 1969.86565124716 8030.1343487479708 0.0002640926013467653 0 328 0.98146668518169555 4.5734451954717269e-18 0.99999999999999978 -5.1937618753163236e-15 -1.1018204584501384e-14 -2.4167031005709967e-18 0.35002869633629796 0.32948882345209912 0.02053987288419884 0.00080008523509817299
13000 0 0 0.50302330987831112 24.490089613702381 0.0047521436402468567 0.00080008523534960371 0.0047521436402468602 0.00080008523534960349 0.0047521436402468567 -3.2650965264851905e-18 -2.1881801925982462e-18 -1.5178830414804704e-21 -2.5206928516490144e-18 3.5836430869914011e-18 50.000000000000014 50.000000000000014 50.000000000000014 1.4210854715202004e-14 1.4210854715202004e-14 1.0000000000000033 1969.8656512471118 8030.1343487478107 0.00026409258588655754 0 328 0.98146668466784015 4.5734452429577783e-18 0.99999999999999978 -3.2763720596708061e-14 -2.1845535475798368e-14 -2.9709054175120628e-18 0.35002869585569368 0.32948882369463528 0.020539872161058403 0.00080008523534960371
13500 0 0 0.50302330295144249 24.490089618958034 0.004752143650226818 0.00080008523471855966 0.0047521436502268198 0.00080008523471855966 0.004752143650226818 -1.8450518890499148e-18 -4.5874762322231097e-19 3.4152368433311581e-21 1.4937142315422158e-18 -4.9440345270773826e-18 50.000000000000014 50.000000000000014 50.000000000000014 1.4210854715202004e-14 1.4210854715202004e-14 1.0000000000000064 1969.8656512470782 8030.1343487476215 0.00026409258237002412 0 328 0.98146668446200169 4.5734452447694598e-18 0.99999999999999978 -1.7869386744412772e-14 -4.5772295158390535e-15 1.9808723181227963e-17 0.35002869566503386 0.32948882379122713 0.020539871873806737 0.00080008523471855966
14000 0 0 0.50302330189346001 24.490089619763676 0.0047521436599078032 0.00080008523413158626 0.0047521436599078032 0.00080008523413158616 0.0047521436599078032 -1.2441436769712499e-18 -4.4530351628349114e-19 7.3671537620430527e-21 -2.6473381565210992e-19 -7.6543877918192015e-18 50.000000000000014 50.000000000000014 50.000000000000014 1.4210854715202004e-14 1.4210854715202004e-14 1.0000000000000031 1969.8656512470443 8030.1343487475579 0.00026409258359440593 0 328 0.98146668442939589 4.5734452316162565e-18 0.99999999999999978 -1.2658277204202761e-14 -4.3612566018986186e-15 3.5931924912597784e-17 0.35002869563607508 0.32948882380614447 0.020539871829930612 0.00080008523413158626
14500 0 0 0.50302330286856167 24.490089619026183 0.0047521436652238659 0.00080008523381619207 0.0047521436652238659 0.00080008523381619207 0.0047521436652238659 5.0237591864317024e-19 1.4007024706782729e-18 -3.0357660829611465e-22 -9.5110049600441396e-19 -1.811311662937349e-18 50.000000000000014 50.000000000000014 50.000000000000014 1.4210854715202004e-14 1.4210854715202004e-14 1.0000000000000016 1969.8656512470004 8030.1343487472759 0.00026409258554062473 0 328 0.98146668445740359 4.5734452207901968e-18 0.99999999999999978 4.7323268005175873e-15 1.3760043346003413e-14 2.106034520704472e-17 0.35002869566304617 0.32948882379268085 0.020539871870365323 0.00080008523381619207
15000 0 0 0.50302330395415629 24.490089618203658 0.0047521436670229338 0.0008000852337128289 0.0047521436670229338 0.00080008523371282879 0.0047521436670229338 -1.7971735211130085e-19 2.8969882048829385e-20 -6.5865281978532377e-21 2.7234520509647e-19 -2.2567379997760899e-18 50.000000000000014 50.000000000000014 50.000000000000014 1.4210854715202004e-14 1.4210854715202004e-14 1.0000000000000022 1969.8656512469597 8030.1343487471386 0.00026409258681754373 0 328 0.98146668448916596 4.5734452144668966e-18 0.99999999999999978 -1.923806548148156e-15 3.5241911545558026e-16 -5.7545272017823914e-17 0.35002869569298828 0.32948882377760519 0.02053987191538309 0.0008000852337128289
15500 0 0 0.50302309638950171 24.490089617722646 0.0047521436670879408 0.0008000852337117577 0.0047521436670879416 0.0008000852337117577 0.0047521436670879408 8.0942197389127097e-19 -6.6734812120868394e-19 4.1145472445849943e-21 -1.2078783725415241e-17 -4.4549914699265154e-18 50.000000000000021 50.000000000000021 50.000000000000021 2.1316282072803006e-14 2.1316282072803006e-14 1.000000000000006 1969.8656512469265 8030.1343487470031 0.00026409258735056364 0 328 0.98146668450786112 4.5734452125941654e-18 0.99999999999999978 8.3318768551166045e-15 -6.1085576701092048e-15 3.8113227949146908e-17 0.35002869571046508 0.32948883227013365 0.02053986344033143 0.0008000852337117577
16000 0 0 0.50302309662286326 24.490089617545522 0.0047521436666619187 0.00080008523373844133 0.0047521436666619196 0.00080008523373844144 0.0047521436666619187 2.3071822230506139e-19 9.5062846483589202e-19 5.8167446553884135e-21 4.684919479964138e-18 -1.3162052662094227e-18 50.000000000000021 50.000000000000021 50.000000000000021 2.1316282072803006e-14 2.1316282072803006e-14 1.0000000000000029 1969.8656512468995 8030.1343487468375 0.00026409258744901224 0 328 0.98146668451478791 4.5734452126319429e-18 0.99999999999999978 1.9793199096060105e-15 9.3326497167514636e-15 3.4686815068774665e-17 0.35002869571688 0.3294888322668712 0.0205398634500088 0.00080008523373844133
16500 0 0 0.50302320077412366 24.490089617527865 0.0047521436662935892 0.00080008523376072006 0.0047521436662935875 0.00080008523376072017 0.0047521436662935892 -6.3143934525596683e-19 -1.9156551345224289e-18 -2.1087732254856722e-21 -1.4678571944544975e-18 -6.3119885094867614e-18 50.000000000000021 50.000000000000014 50.000000000000021 2.1316282072803006e-14 1.4210854715202004e-14 1.0000000000000038 1969.8656512468483 8030.1343487467248 0.00026409258738777628 0 328 0.98146668451550168 4.5734452131886014e-18 0.99999999999999978 -5.9830591510616395e-15 -1.9158502909122355e-14 -5.3463193783377878e-17 0.35002869571750311 0.32948882801468737 0.020539867702815739 0.00080008523376072006
17000 0 0 0.50302320073092643 24.490089617560496 0.0047521436661036249 0.00080008523377197516 0.0047521436661036214 0.00080008523377197549 0.0047521436661036249 -3.1426250490816732e-18 -1.3253287356471618e-18 -6.9334728930494103e-21 1.0809381455856402e-18 -4.437884456186418e-19 50.000000000000021 50.000000000000014 50.000000000000021 2.1316282072803006e-14 1.4210854715202004e-14 1.0000000000000027 1969.8656512468203 8030.1343487464974 0.00026409258731082829 0 328 0.98146668451423424 4.5734452135875994e-18 0.99999999999999978 -3.17853380385648e-14 -1.3027935934911694e-14 -7.2287101177308555e-17 0.35002869571630252 0.32948882801527801 0.020539867701024506 0.00080008523377197516
17500 0 0 0.50302320068921391 24.490089617592208 0.0047521436660454535 0.00080008523377530767 0.0047521436660454544 0.00080008523377530756 0.0047521436660454535 -1.5855372570438753e-19 5.2249871096456813e-19 -5.0957502106853214e-22 1.5621941907885509e-18 -2.0427893138029424e-18 50.000000000000021 50.000000000000014 50.000000000000021 2.1316282072803006e-14 1.4210854715202004e-14 1.0000000000000036 1969.8656512467678 8030.134348746361 0.00026409258726349961 0 328 0.98146668451299079 4.5734452138468704e-18 0.99999999999999978 -1.4328799037083931e-15 4.8481726512122508e-15 -8.7347704170505928e-17 0.350028695715145 0.32948882801585033 0.020539867699294667 0.00080008523377530767
18000 0 0 0.50302320066632122 24.490089617609527 0.0047521436660482395 0.00080008523377506069 0.0047521436660482412 0.00080008523377506047 0.0047521436660482395 9.7907792984199346e-19 -1.579986141920779e-18 -6.0064800355738877e-21 -2.7947865595732494e-18 3.1460618388603495e-18 50.000000000000021 50.000000000000014 50.000000000000021 2.1316282072803006e-14 1.4210854715202004e-14 1.0000000000000044 1969.8656512467471 8030.1343487461427 0.00026409258724478053 0 328 0.98146668451229535 4.57344521391049e-18 0.99999999999999978 9.2269943738614288e-15 -1.6458297299285532e-14 -7.1888214509335564e-17 0.35002869571450718 0.32948882801616181 0.020539867698345371 0.00080008523377506069
18500 0 0 0.5030232006585984 24.490089617615364 0.0047521436660659762 0.00080008523377398495 0.0047521436660659762 0.00080008523377398495 0.0047521436660659762 1.1900203045209526e-18 -1.7687240561072349e-18 1.8973538018510086e-21 -1.1753490306820721e-17 -2.7271991258977933e-18 50.000000000000021 50.000000000000014 50.000000000000021 2.1316282072803006e-14 1.4210854715202004e-14 1.0000000000000027 1969.8656512466998 8030.1343487460572 0.00026409258724175008 0 328 0.98146668451204533 4.5734452139045651e-18 0.99999999999999978 1.1761426444289618e-14 -1.7860875955882107e-14 5.9439651064268689e-17 0.35002869571428863 0.3294888280162635 0.020539867698025127 0.00080008523377398495
19000 0 0 0.50302320065835127 24.490089617615578 0.0047521436660799927 0.00080008523377316171 0.0047521436660799918 0.00080008523377316171 0.0047521436660799927 6.0680627189713798e-19 -4.9639112265113219e-19 -2.1521413123853253e-21 3.843093805819125e-19 4.433473703170738e-18 50.000000000000021 50.000000000000014 50.000000000000021 2.1316282072803006e-14 1.4210854715202004e-14 1.0000000000000029 1969.8656512466628 8030.1343487458998 0.00026409258724399871 0 328 0.9814666845120158 4.5734452138806527e-18 0.99999999999999978 5.9830621222943998e-15 -4.7061420541200864e-15 -8.1858848420589366e-18 0.35002869571427525 0.32948882801626039 0.020539867698014858 0.00080008523377316171
19500 0 0 0.50302320066016437 24.490089617614167 0.0047521436660868379 0.0008000852337727753 0.0047521436660868379 0.00080008523377277519 0.0047521436660868379 -4.5102810375431537e-19 -5.7913743245530075e-19 8.0827271958856277e-21 7.6550169819528415e-18 5.2080838403237831e-18 50.000000000000021 50.000000000000014 50.000000000000021 2.1316282072803006e-14 1.4210854715202004e-14 1.0000000000000027 1969.8656512466232 8030.1343487457025 0.00026409258724639827 0 328 0.98146668451204933 4.5734452138639565e-18 0.99999999999999978 -4.8468177028991093e-15 -5.6989455599485892e-15 1.1359306719409791e-16 0.35002869571431916 0.32948882801622909 0.020539867698090075 0.0008000852337727753
20000 0 0 0.5030232006617964 24.490089617613009 0.0047521436660887227 0.00080008523377268813 0.004752143666088721 0.00080008523377268835 0.0047521436660887227 -1.3010426069836209e-18 -6.2450045135213801e-20 8.4025668367692176e-22 -2.7106454113145813e-18 -9.0924936992985529e-19 50.000000000000021 50.000000000000014 50.000000000000021 2.1316282072803006e-14 1.4210854715202004e-14 1.0000000000000038 1969.865651246593 8030.1343487455451 0.00026409258724753907 0 328 0.98146668451207641 4.5734452138562905e-18 0.99999999999999978 -1.2672154462614984e-14 -8.9045524426234479e-16 1.3361319079325494e-17 0.35002869571435696 0.32948882801619928 0.020539867698157688 0.00080008523377268813
20500 0 0 0.50302320066257256 24.490089617612341 0.0047521436660885128 0.00080008523377271784 0.0047521436660885119 0.00080008523377271773 0.0047521436660885128 2.6992297286220735e-19 -8.9416321569296141e-19 1.4745149545814669e-21 -1.1106791072104766e-17 3.7256281510602357e-18 50.000000000000021 50.000000000000014 50.000000000000021 2.1316282072803006e-14 1.4210854715202004e-14 1.0000000000000018 1969.8656512465559 8030.134348745356 0.00026409258724758699 0 328 0.98146668451208074 4.5734452138543214e-18 0.99999999999999978 2.614227967277138e-15 -8.5540838786092718e-15 3.528627952245952e-17 0.35002869571437195 0.32948882801618201 0.02053986769818994 0.00080008523377271784
21000 0 0 0.5030230965346959 24.490089617612171 0.0047521436660878198 0.00080008523377278116 0.0047521436660878198 0.00080008523377278127 0.0047521436660878198 -1.07414077632572e-18 -6.5780714209094477e-19 6.4401609045691785e-21 -7.1220998443171541e-18 -6.2438709193434197e-18 50.000000000000021 50.000000000000021 50.000000000000021 2.1316282072803006e-14 2.1316282072803006e-14 1.0000000000000013 1969.8656512465216 8030.1343487451932 0.00026409258724709162 0 328 0.98146668451206942 4.5734452138547613e-18 0.99999999999999978 -1.096865695550038e-14 -6.6571638105681924e-15 4.8141293567750222e-17 0.35002869571437267 0.32948883226801989 0.02053986344635278 0.00080008523377278116
21500 0 0 0.50302320066281914 24.490089617612171 0.0047521436660874737 0.00080008523377283754 0.0047521436660874728 0.00080008523377283754 0.0047521436660874737 -1.062344656689089e-18 1.3663549458542799e-18 -2.6291902682795568e-21 4.4587123319433832e-18 3.3964691972959313e-18 50.000000000000021 50.000000000000014 50.000000000000021 2.1316282072803006e-14 1.4210854715202004e-14 1.0000000000000004 1969.8656512464809 8030.134348745044 0.00026409258724640629 0 328 0.98146668451204955 4.5734452138557181e-18 0.99999999999999978 -1.0489872429097834e-14 1.3698948771959536e-14 2.9509498762360144e-18 0.35002869571436651 0.32948882801616636 0.020539867698200154 0.00080008523377283754
22000 0 0 0.50302320066271156 24.490089617612224 0.0047521436660873375 0.00080008523377286811 0.0047521436660873393 0.00080008523377286822 0.0047521436660873375 -8.2711615334645306e-19 1.4363510381100319e-18 9.4325589006320017e-22 -1.6108061523878919e-17 -1.2931299336503066e-17 50.000000000000021 50.000000000000014 50.000000000000021 2.1316282072803006e-14 1.4210854715202004e-14 1.0000000000000011 1969.865651246444 8030.1343487448648 0.00026409258724574059 0 328 0.98146668451202745 4.5734452138563983e-18 0.99999999999999978 -7.8739103934717643e-15 1.4866417869815274e-14 -1.5310263378371293e-17 0.3500286957143573 0.32948882801616158 0.020539867698195713 0.00080008523377286811
22500 0 0 0.50302320066262385 24.490089617612256 0.0047521436660873688 0.00080008523377287884 0.0047521436660873688 0.00080008523377287884 0.0047521436660873688 2.0330959138465989e-18 3.0793943783829266e-18 2.1792463666977729e-21 -4.3293919368366302e-18 -9.8786261015735749e-18 50.000000000000028 50.000000000000021 50.000000000000028 2.8421709430404007e-14 2.1316282072803006e-14 1.000000000000002 1969.8656512464104 8030.1343487447448 0.00026409258724515328 0 328 0.98146668451200747 4.5734452138565216e-18 0.99999999999999978 1.9843503641643709e-14 3.0685360823731305e-14 1.6659537514607891e-17 0.35002869571434925 0.32948882801615714 0.020539867698192105 0.00080008523377287884
23000 0 0 0.5030230965345085 24.490089617612245 0.0047521436660876064 0.00080008523377287982 0.0047521436660876056 0.00080008523377287982 0.0047521436660876064 1.404085181456877e-18 3.8890765607958647e-18 -3.0195030503748167e-21 -3.1895067920591908e-18 1.6344179692116189e-17 50.000000000000028 50.000000000000028 50.000000000000028 2.8421709430404007e-14 2.8421709430404007e-14 1.0000000000000018 1969.865651246377 8030.1343487446293 0.00026409258724476774 0 328 0.98146668451199237 4.573445213856138e-18 0.99999999999999978 1.4554330373726995e-14 3.884642014426516e-14 -2.8481369406873946e-17 0.35002869571434359 0.32948883226799852 0.020539863446345064 0.00080008523377287982
23500 0 0 0.50302320066267792 24.490089617612245 0.0047521436660876888 0.0008000852337728925 0.0047521436660876888 0.00080008523377289207 0.0047521436660876888 -2.9663771439230133e-18 -4.4027281820331035e-18 -8.5380921083310407e-21 3.5672850537478698e-18 -1.5862315236379252e-17 50.000000000000028 50.000000000000021 50.000000000000028 2.8421709430404007e-14 2.1316282072803006e-14 1.0000000000000016 1969.8656512463508 8030.1343487445238 0.00026409258724445007 0 328 0.98146668451197994 4.573445213856101e-18 0.99999999999999978 -2.9691527233194712e-14 -4.4134129944389811e-14 -4.0810223953052391e-17 0.35002869571434059 0.32948882801614626 0.020539867698194325 0.0008000852337728925
24000 0 0 0.50302320066267137 24.490089617612252 0.0047521436660876819 0.00080008523377289836 0.0047521436660876775 0.00080008523377289868 0.0047521436660876819 -5.6812193838292308e-18 -4.2486847373662752e-18 2.7809785724278582e-21 -2.577182727988349e-17 -2.5234599216617031e-17 50.000000000000028 50.000000000000021 50.000000000000028 2.8421709430404007e-14 2.1316282072803006e-14 1.0000000000000016 1969.8656512463297 8030.1343487444128 0.00026409258724409 0 328 0.98146668451196739 4.5734452138561718e-18 0.99999999999999978 -5.6661274166379871e-14 -4.2513898171505358e-14 2.2226292470112206e-17 0.35002869571433637 0.32948882801614232 0.020539867698194048 0.00080008523377289836
24500 0 0 0.50302320066265782 24.490089617612259 0.0047521436660877261 0.00080008523377291365 0.0047521436660877296 0.00080008523377291354 0.0047521436660877261 -6.6578687008051289e-19 -6.3618381396294143e-18 8.2941466195217625e-22 -2.8636826211762803e-17 -1.1321950917437954e-17 50.000000000000028 50.000000000000021 50.000000000000028 2.8421709430404007e-14 2.1316282072803006e-14 1.0000000000000027 1969.8656512463065 8030.1343487443346 0.00026409258724376897 0 328 0.98146668451195573 4.5734452138562851e-18 0.99999999999999978 -6.3230679169684091e-15 -6.3732168096600433e-14 -5.6227372896859829e-18 0.35002869571433209 0.3294888280161386 0.020539867698193492 0.00080008523377291365
25000 0 0 0.50302309653454969 24.490089617612266 0.0047521436660877929 0.00080008523377291918 0.0047521436660877799 0.00080008523377291961 0.0047521436660877929 -1.7114781814003178e-18 -1.4491532973628597e-17 -1.2956215961213889e-21 1.666962075444098e-17 5.0262540529868765e-18 50.000000000000028 50.000000000000014 50.000000000000028 2.8421709430404007e-14 1.4210854715202004e-14 1.0000000000000024 1969.8656512462833 8030.1343487442418 0.00026409258724340772 0 328 0.98146668451194286 4.5734452138563529e-18 0.99999999999999978 -1.715468046055209e-14 -1.4465940444199257e-13 6.1418395409778056e-18 0.35002869571432838 0.32948883226798165 0.020539863446346729 0.00080008523377291918
25500 0 0 0.5030232006626838 24.490089617612266 0.0047521436660878059 0.00080008523377293219 0.0047521436660877894 0.00080008523377293229 0.0047521436660878059 -2.5195123765111049e-18 -1.8257530903804223e-17 1.3552527156081663e-22 -7.2581430796105365e-18 3.1186121502683318e-17 50.000000000000028 50.000000000000021 50.000000000000028 2.8421709430404007e-14 2.1316282072803006e-14 1.0000000000000022 1969.8656512462605 8030.1343487441436 0.00026409258724307519 0 328 0.98146668451193098 4.5734452138564114e-18 0.99999999999999978 -2.4971344423451248e-14 -1.8260506969267202e-13 -8.6733830548426234e-18 0.35002869571432454 0.32948882801613 0.020539867698194547 0.00080008523377293219
26000 0 0 0.50302320066264317 24.490089617612274 0.0047521436660878562 0.00080008523377294227 0.0047521436660878762 0.00080008523377294314 0.0047521436660878562 8.8672125198115615e-18 -2.4015858746141173e-17 2.8243466593274512e-21 -1.5334215785631663e-17 6.2795502126705955e-17 50.000000000000036 50.000000000000021 50.000000000000036 3.5527136788005009e-14 2.1316282072803006e-14 1.0000000000000024 1969.8656512462387 8030.1343487440463 0.00026409258724272532 0 328 0.98146668451191854 4.5734452138563637e-18 0.99999999999999978 8.8389364967043786e-14 -2.4002734457644352e-13 3.584776082996506e-17 0.35002869571431927 0.32948882801612639 0.020539867698192882 0.00080008523377294227
26500 0 0 0.50302309653451183 24.490089617612274 0.0047521436660878979 0.000800085233772953 0.0047521436660879178 0.00080008523377295279 0.0047521436660878979 3.2242958303317088e-17 -2.5975749329301984e-17 -8.6736173798924748e-23 -2.6276189171853465e-17 4.476030205635736e-17 50.000000000000043 50.000000000000014 50.000000000000043 4.2632564145606011e-14 1.4210854715202004e-14 1.0000000000000027 1969.8656512462107 8030.1343487439544 0.00026409258724237707 0 328 0.98146668451190577 4.5734452138563444e-18 0.99999999999999978 3.2230988584246536e-13 -2.5996116072380806e-13 1.5185455987172715e-17 0.35002869571431489 0.32948883226796971 0.020539863446345175 0.000800085233772953
27000 0 0 0.50302309653452137 24.490089617612274 0.0047521436660880531 0.00080008523377296601 0.0047521436660881121 0.00080008523377296504 0.0047521436660880531 5.2050377896735402e-17 -2.835631035538763e-17 2.2768245622218034e-22 -1.2672759799257073e-17 3.4043090723801012e-17 50.000000000000064 50.000000000000021 50.000000000000064 6.3948846218409017e-14 2.1316282072803006e-14 1.0000000000000018 1969.865651246188 8030.1343487438517 0.00026409258724197592 0 328 0.98146668451189278 4.5734452138562697e-18 0.99999999999999978 5.2077266014608786e-13 -2.8369380402622827e-13 1.8637649362808941e-17 0.35002869571431133 0.32948883226796577 0.020539863446345563 0.00080008523377296601
27500 0 0 0.50302309653451971 24.490089617612263 0.0047521436660881329 0.00080008523377297393 0.0047521436660881138 0.0008000852337729736 0.0047521436660881329 7.4401942940024376e-17 -2.5914947271469607e-17 -1.393741892731508e-20 1.5650016185267344e-16 -2.8869829634630931e-17 50.000000000000071 50.000000000000021 50.000000000000071 7.1054273576010019e-14 2.1316282072803006e-14 1.000000000000002 1969.8656512461644 8030.1343487437489 0.00026409258724160783 0 328 0.98146668451187913 4.5734452138561857e-18 0.99999999999999978 7.4403330698878508e-13 -2.5889002292280321e-13 -1.7508042369747237e-16 0.35002869571430678 0.32948883226796127 0.020539863446345508 0.00080008523377297393
28000 0 0 0.50302309653453059 24.490089617612263 0.0047521436660881563 0.00080008523377298716 0.0047521436660881719 0.00080008523377298737 0.0047521436660881563 9.415974944203096e-17 -2.9471390605747446e-17 2.3310346708461977e-22 1.0745998368923526e-16 -3.0696090103417378e-17 50.000000000000092 50.000000000000021 50.000000000000092 9.2370555648813024e-14 2.1316282072803006e-14 1.0000000000000022 1969.8656512461391 8030.134348743617 0.00026409258724118369 0 328 0.98146668451186481 4.5734452138561041e-18 0.99999999999999978 9.4114126183415322e-13 -2.9464055972726753e-13 -1.4054793860523648e-17 0.35002869571430201 0.32948883226795606 0.020539863446345952 0.00080008523377298716
28500 0 0 0.50302309653451571 24.490089617612266 0.0047521436660882717 0.00080008523377299811 0.0047521436660883046 0.00080008523377299832 0.0047521436660882717 1.0934725347422459e-16 -3.2086052564916519e-17 -4.4235448637453949e-21 5.516443332037836e-17 -5.318118788917692e-17 50.000000000000114 50.000000000000014 50.000000000000114 1.1368683772161603e-13 1.4210854715202004e-14 1.000000000000002 1969.8656512461143 8030.134348743517 0.0002640925872407679 0 328 0.98146668451185093 4.5734452138560247e-18 0.99999999999999978 1.0926988476539398e-12 -3.2104803846750709e-13 -5.8216573836287221e-17 0.35002869571429746 0.32948883226795211 0.020539863446345341 0.00080008523377299811
29000 0 0 0.50302309653450239 24.490089617612277 0.0047521436660882916 0.00080008523377301426 0.0047521436660883853 0.00080008523377301675 0.0047521436660882916 1.3443655910730493e-16 -3.5247412627540434e-17 -4.3855977877084297e-21 7.8814118975149903e-17 -1.5406411434034873e-17 50.000000000000135 50.000000000000007 50.000000000000135 1.3500311979441904e-13 7.1054273576010019e-15 1.0000000000000013 1969.8656512460877 8030.1343487434024 0.00026409258724032945 0 328 0.98146668451183627 4.5734452138559546e-18 0.99999999999999978 1.3443187515393304e-12 -3.5226476651127574e-13 -6.1028143903648353e-17 0.35002869571429263 0.32948883226794784 0.020539863446344786 0.00080008523377301426
29500 0 0 0.50302309653451049 24.490089617612277 0.0047521436660885423 0.00080008523377302521 0.0047521436660884339 0.00080008523377302499 0.0047521436660885423 1.4742859710830169e-16 -3.382736799010492e-17 4.0115480382006101e-22 1.3843877025408188e-16 -2.078012596475867e-17 50.000000000000163 50.000000000000007 50.000000000000163 1.6342482922482304e-13 7.1054273576010019e-15 1.0000000000000007 1969.8656512460591 8030.1343487432878 0.00026409258723989674 0 328 0.98146668451182173 4.5734452138558406e-18 0.99999999999999978 1.4740153526376354e-12 -3.3805266496357538e-13 -9.2725755351736591e-18 0.35002869571428702 0.3294888322679419 0.020539863446345119 0.00080008523377302521
29999 0 0 0.50302309653450916 24.490089617612277 0.0047521436660886837 0.00080008523377303323 0.0047521436660885631 0.00080008523377303605 0.0047521436660886837 1.6665072100092851e-16 -4.1623302027327416e-17 4.8680677544651438e-21 2.1897751931500934e-16 -3.9220206900633905e-17 50.000000000000185 49.999999999999986 50.000000000000185 1.8474111129762605e-13 -1.4210854715202004e-14 1.0000000000000009 1969.8656512460313 8030.1343487431332 0.00026409258723946664 0 328 0.98146668451180652 4.5734452138556673e-18 0.99999999999999978 1.6661880217217135e-12 -4.1648824147084758e-13 6.072608967119261e-17 0.35002869571428252 0.32948883226793746 0.020539863446345064 0.00080008523377303323
