# step v0 Mach sigma R umax_ref urms_ref umax_mean urms_mean umax_lab mean_x mean_y mean_z drop_ux drop_uy x0 y0 x_unwrapped center_dx center_dy axis_ratio mass_R mass_B min_f negative_total negative_color min_rho min_phi max_phi qx qy qz p_in p_out delta_p urms_lab
0 0 0 -5.560112678108922e-15 25.040521385269312 0.0015637968418647345 0.00031752569107152963 0.0015637968418647345 0.00031752569107152963 0.0015637968418647345 -3.431048026516783e-20 -1.8092287777377364e-20 6.5706169456312918e-22 -1.5205385545435512e-19 -3.9475786805998106e-20 50.000000000000007 50.000000000000007 50.000000000000007 7.1054273576010019e-15 7.1054273576010019e-15 1.0000000000000007 1969.8656512480632 8030.1343487520408 0.027417140926607991 0 0 0.99999999999999956 5.1710809399147485e-26 0.99999999999998512 -1.4889348596276687e-16 -1.1741282884143256e-15 4.060279543857149e-17 0.33333333333333387 0.33333333333333409 -2.2204460492503131e-16 0.00031752569107152963
500 0 0 0.18685724736902376 24.800957181438267 0.0027647457767006616 0.0019431461295162959 0.0027647457767006594 0.0019431461295162957 0.0027647457767006616 -2.5104918144336873e-18 -3.6489908317172895e-19 -1.8335956141549752e-20 -6.8593446223567738e-18 -1.9567565712891823e-18 50.000000000000007 50.000000000000007 50.000000000000007 7.1054273576010019e-15 7.1054273576010019e-15 1.0000000000000016 1969.8656512480111 8030.1343487517843 0.027243142607251997 0 0 0.99061257257428426 3.7886680762813264e-18 0.99999999999999978 -2.5319969645248852e-14 -3.1120939159023919e-15 -1.8539811011153698e-16 0.33980842253991328 0.33227414690683921 0.0075342756330740723 0.0019431461295162959
1000 0 0 0.28576987320225922 24.722144003852957 0.0022193543289193342 0.0015365930311263282 0.0022193543289193338 0.0015365930311263282 0.0022193543289193342 2.1371793224034994e-19 -4.7357950894168455e-19 9.7377351072551923e-21 1.4102873801573649e-18 -9.6469481973324329e-19 50.000000000000007 50.000000000000007 50.000000000000007 7.1054273576010019e-15 7.1054273576010019e-15 1.0000000000000022 1969.8656512479774 8030.1343487515442 0.027327655249419588 0 0 0.99274723474180371 5.0341176974191707e-18 0.99999999999999978 2.692358597351785e-15 -7.8027997474708344e-15 7.0054955886138432e-17 0.34274121083155912 0.33118194343316026 0.011559267398398854 0.0015365930311263282
1500 0 0 0.31646595813458717 24.698248350202764 0.0010545323047504757 0.00073491523151259603 0.0010545323047504761 0.00073491523151259593 0.0010545323047504757 -3.9551695252273408e-19 -1.1666882737682667e-18 -1.1607105788200098e-20 -4.3014792802574768e-18 -6.7074712438762227e-18 49.999999999999993 50.000000000000014 49.999999999999993 -7.1054273576010019e-15 1.4210854715202004e-14 1.0000000000000027 1969.8656512479336 8030.1343487514841 0.02745276471340587 0 0 0.99178535856721983 5.282749037839105e-18 0.99999999999999978 -3.3376011915157988e-15 -2.0158354152588487e-14 -1.1448592254876233e-16 0.34361730857687151 0.33080401292742562 0.012813295649445888 0.00073491523151259603
2000 0 0 0.31727522888552162 24.697600798718359 0.00026996444135338367 0.00018833104554339116 0.00026996444135338481 0.00018833104554339129 0.00026996444135338367 -1.6108642197921888e-18 6.2618096471905196e-20 2.3744467290143806e-20 -9.8177359516285861e-18 -4.8899318561325465e-18 49.999999999999993 50.000000000000014 49.999999999999993 -7.1054273576010019e-15 1.4210854715202004e-14 1.0000000000000009 1969.8656512479045 8030.1343487513077 0.027535756884288679 0 0 0.99177069430133002 5.3815123043514533e-18 0.99999999999999978 -1.6783456406339187e-14 -2.7848800061803722e-15 2.1393956501145937e-16 0.34364296876099826 0.33079656997630391 0.012846398784694346 0.00018833104554339116
2500 0 0 0.31027638376639827 24.702936150951206 6.613832656478442e-05 4.3383047138705538e-05 6.6138326564782739e-05 4.3383047138705592e-05 6.613832656478442e-05 -1.7630862048091837e-18 8.5816634831308675e-19 1.7422989770854592e-20 1.6840447542078019e-18 -2.5191080013545091e-18 49.999999999999993 50.000000000000014 49.999999999999993 -7.1054273576010019e-15 1.4210854715202004e-14 1.000000000000004 1969.8656512478735 8030.1343487512149 0.027563413108338396 0 0 0.99233041021605539 5.4373470016061375e-18 0.99999999999999978 -1.7457173707091048e-14 9.9587222149311039e-15 1.7732757524704592e-16 0.34345199369845408 0.33089168985965511 0.01256030383879897 4.3383047138705538e-05
3000 0 0 0.30448932975512399 24.707338523109105 0.00011984158068357255 8.4746506974044483e-05 0.00011984158068357023 8.4746506974044442e-05 0.00011984158068357255 1.6073297207099436e-18 -1.6623584019744517e-18 3.4954607326288124e-21 1.4351448529399197e-18 -2.8676623533270376e-18 49.999999999999993 50.000000000000014 49.999999999999993 -7.1054273576010019e-15 1.4210854715202004e-14 1.0000000000000004 1969.8656512478353 8030.134348751084 0.027568490381388703 0 0 0.99279934870187614 5.4647819572376167e-18 0.99999999999999978 1.5957068193108315e-14 -1.5448525705202831e-14 3.3274319246456635e-18 0.3432945303467223 0.33097068860754303 0.012323841739179275 8.4746506974044483e-05
3500 0 0 0.30167978283613595 24.70947354082578 8.0375318722575922e-05 5.7090419727043138e-05 8.0375318722574526e-05 5.7090419727043077e-05 8.0375318722575922e-05 4.9049306283250798e-19 -2.4623613694919026e-18 9.6335327388617054e-21 4.374762161387788e-18 -1.5881852393727367e-18 49.999999999999993 50.000000000000007 49.999999999999993 -7.1054273576010019e-15 7.1054273576010019e-15 1 1969.8656512477951 8030.1343487508702 0.027574249442408327 0 0 0.99302546526453384 5.4698966992565378e-18 0.99999999999999978 4.9279169849305356e-15 -2.398038280400144e-14 4.9023232349735522e-17 0.3432183120054727 0.3310092383342878 0.0122090736711849 5.7090419727043138e-05
4000 0 0 0.30094454449313612 24.710032311875594 4.6755446648311288e-05 2.3894722311601158e-05 4.6755446648310909e-05 2.3894722311601134e-05 4.6755446648311288e-05 1.3559032369105788e-19 -1.799806777138671e-18 -2.1041798901276365e-20 1.5221279702085695e-18 8.8425053128122236e-18 49.999999999999993 50.000000000000014 49.999999999999993 -7.1054273576010019e-15 1.4210854715202004e-14 1.0000000000000002 1969.8656512477539 8030.1343487507565 0.027579120070790886 0 0 0.99301025809210042 5.4662947390896413e-18 0.99999999999999978 1.2177756683774818e-15 -1.8511932167297046e-14 -2.2719874861879488e-16 0.34319838484224297 0.33101934190556082 0.01217904293668215 2.3894722311601158e-05
4500 0 0 0.3010953051299558 24.709918285881848 3.4922478168110537e-05 6.0199935513792124e-06 3.4922478168109507e-05 6.0199935513792209e-06 3.4922478168110537e-05 1.5525233008908866e-19 -4.9670981032692424e-18 -4.6944933172349463e-21 -5.2958642377620686e-18 -6.8471377483781135e-18 49.999999999999993 50.000000000000007 49.999999999999993 -7.1054273576010019e-15 7.1054273576010019e-15 1.0000000000000044 1969.8656512477196 8030.1343487505346 0.027582395700660775 0 0 0.99301398427928611 5.4621840503232262e-18 0.99999999999999978 1.0684947935116207e-15 -4.9607433232849024e-14 -7.3654437344121949e-17 0.34320243049336274 0.3310172301359019 0.012185200357460846 6.0199935513792124e-06
5000 0 0 0.30141182368490677 24.709678300544699 3.33159272702084e-05 5.6923445409622039e-06 3.3315927270209864e-05 5.6923445409621853e-06 3.33159272702084e-05 1.4552053138885958e-18 -9.7037076995689908e-19 -1.539618343936639e-20 -9.5490987887669149e-19 -4.9985260520558407e-18 49.999999999999993 50.000000000000014 49.999999999999993 -7.1054273576010019e-15 1.4210854715202004e-14 1.0000000000000031 1969.8656512476855 8030.1343487504273 0.02758335149969187 0 0 0.99302086529277633 5.4598216612186276e-18 0.99999999999999978 1.4305993402898048e-14 -9.8312344654766915e-15 -1.1067491495103016e-16 0.34321095983875893 0.33101283163899753 0.012198128199761404 5.6923445409622039e-06
5500 0 0 0.30162722137568476 24.709514956616424 3.3287592057779073e-05 5.9362464781714516e-06 3.3287592057779405e-05 5.9362464781714397e-06 3.3287592057779073e-05 6.864219479278704e-19 -2.3986988813962019e-18 -8.9746314059274409e-21 -3.593148177015591e-18 2.0754718452727809e-18 50.000000000000007 49.999999999999993 50.000000000000007 7.1054273576010019e-15 -7.1054273576010019e-15 1.0000000000000016 1969.8656512476339 8030.1343487502809 0.027583333891702665 0 0 0.99302537217688691 5.4589764453820604e-18 0.99999999999999978 6.4236132424365567e-15 -2.3891677331539792e-14 -7.5331637367371266e-17 0.34321676511805838 0.33100983908550513 0.012206926032553245 5.9362464781714516e-06
6000 0 0 0.30171695292402045 24.709446899097387 3.3479278240854587e-05 5.157155654439831e-06 3.3479278240853578e-05 5.1571556544398174e-06 3.3479278240854587e-05 -1.2172202265225986e-20 -2.809605067317958e-18 -3.5272799215639887e-21 -5.5792196494043013e-18 -1.3909495182676753e-17 50.000000000000007 49.999999999999993 50.000000000000007 7.1054273576010019e-15 -7.1054273576010019e-15 1.0000000000000016 1969.8656512476184 8030.1343487501526 0.027583610336563844 0 0 0.99302493947578641 5.4589397143599127e-18 0.99999999999999978 -1.2643830210254392e-16 -2.8654685842546303e-14 -9.9128353004978649e-18 0.34321918372001392 0.33100859259848453 0.012210591121529391 5.157155654439831e-06
6500 0 0 0.30173211058347971 24.709435396755449 3.3715327247138179e-05 4.7800664578718984e-06 3.3715327247138267e-05 4.7800664578719035e-06 3.3715327247138179e-05 -1.8069821626416153e-18 -5.0385189472941988e-19 4.4992986188876906e-21 3.6740588471321213e-18 -5.1608752554343482e-18 50.000000000000007 50.000000000000007 50.000000000000007 7.1054273576010019e-15 7.1054273576010019e-15 1.0000000000000004 1969.8656512475707 8030.1343487499307 0.027583575946556825 0 0 0.99302366185311497 5.4591314226362251e-18 0.99999999999999978 -1.8268840481081195e-14 -5.1588298064376378e-15 5.6606626114672736e-17 0.34321959239907796 0.33100838215737816 0.012211210241699799 4.7800664578718984e-06
7000 0 0 0.30172047157922621 24.70944421908964 3.3858080731495802e-05 4.7245435199000126e-06 3.3858080731499251e-05 4.7245435199000151e-06 3.3858080731495802e-05 -3.1856584256167608e-18 -1.3849500401390637e-18 2.0490332224474509e-20 -3.2692550492758737e-18 -1.6281881964882864e-18 49.999999999999993 50.000000000000007 49.999999999999993 -7.1054273576010019e-15 7.1054273576010019e-15 1.0000000000000031 1969.8656512475525 8030.1343487498289 0.027583458096792919 0 0 0.99302464632377785 5.4593051318095697e-18 0.99999999999999978 -3.2010301041536061e-14 -1.4199751489278449e-14 1.0774350659651656e-16 0.34321927882421194 0.33100854397708301 0.012210734847128923 4.7245435199000126e-06
7500 0 0 0.30170703433912721 24.709454407685985 3.390035885164493e-05 4.7258068468357439e-06 3.390035885164806e-05 4.7258068468357456e-06 3.390035885164493e-05 -1.9041681819108206e-18 -2.6962094526527213e-18 -1.3490790637885948e-20 -9.4579566740095494e-19 -4.554273186935629e-18 49.999999999999993 49.999999999999993 49.999999999999993 -7.1054273576010019e-15 -7.1054273576010019e-15 1.0000000000000016 1969.8656512475102 8030.1343487496615 0.027583417771016368 0 0 0.99302578197726954 5.4593951683550303e-18 0.99999999999999978 -1.9312817910897624e-14 -2.7120368798518505e-14 -1.345292737548404e-16 0.34321891673977756 0.33100873073723758 0.01221018600253998 4.7258068468357439e-06
8000 0 0 0.30169927713193539 24.709460290161825 3.3893627933930549e-05 4.7246216924141711e-06 3.3893627933930346e-05 4.7246216924141694e-06 3.3893627933930549e-05 2.0905034024390319e-18 -8.3185044812830651e-19 2.6594552757751569e-21 1.9316339555945021e-18 -5.8987054608101202e-18 49.999999999999993 49.999999999999993 49.999999999999993 -7.1054273576010019e-15 -7.1054273576010019e-15 1.0000000000000031 1969.8656512474688 8030.134348749516 0.027583416565159436 0 0 0.99302643745349317 5.4594163333422331e-18 0.99999999999999978 2.0833336076839322e-14 -7.9684265847434701e-15 3.016062471029451e-17 0.34321870770342716 0.33100883854444524 0.012209869158981923 4.7246216924141711e-06
8500 0 0 0.30169658729451976 24.709462330235329 3.387691859820017e-05 4.7232154020563587e-06 3.3876918598201701e-05 4.7232154020563528e-06 3.387691859820017e-05 3.2518612131672524e-18 -6.2105923441983849e-19 -6.9070105337978063e-21 3.7869361950772002e-18 -2.7183033985840954e-18 49.999999999999993 49.999999999999993 49.999999999999993 -7.1054273576010019e-15 -7.1054273576010019e-15 1.0000000000000018 1969.8656512474336 8030.1343487493778 0.027583426326393181 0 0 0.99302647033007796 5.4594129847309256e-18 0.99999999999999978 3.297491089462178e-14 -6.1564701681799831e-15 -5.297872378578505e-17 0.34321863521695067 0.3310088759246429 0.012209759292307776 4.7232154020563587e-06
9000 0 0 0.30169647924328408 24.709462412418819 3.3865311677971404e-05 4.7229916334837938e-06 3.3865311677971343e-05 4.7229916334837955e-06 3.3865311677971404e-05 9.4605745153575428e-20 3.4849350817442426e-20 -5.4665398094852006e-21 3.7342961049364653e-18 9.4332476300155823e-18 49.999999999999993 49.999999999999993 49.999999999999993 -7.1054273576010019e-15 -7.1054273576010019e-15 1.0000000000000002 1969.8656512474033 8030.1343487492913 0.027583434533636653 0 0 0.99302647108577891 5.4594039612089937e-18 0.99999999999999978 7.9120860579759039e-16 3.1474972746573926e-16 -1.0843078734170125e-16 0.34321863230336963 0.33100887742454016 0.012209754878829471 4.7229916334837938e-06
9500 0 0 0.30169710801875871 24.7094619357208 3.3860369147986665e-05 4.7231053163919695e-06 3.3860369147986509e-05 4.7231053163919687e-06 3.3860369147986665e-05 -7.3534085348900568e-20 -1.8325420170999396e-19 -1.4795834407505068e-20 1.4002083277336846e-19 -7.6645055141561528e-18 49.999999999999993 49.999999999999993 49.999999999999993 -7.1054273576010019e-15 -7.1054273576010019e-15 1.0000000000000024 1969.8656512473704 8030.1343487490758 0.027583438565761124 0 0 0.99302646629731095 5.4593974065895759e-18 0.99999999999999978 -8.6833053207692202e-16 -1.9991712119600293e-15 -1.2041719014437536e-16 0.34321864924628742 0.33100886868515689 0.012209780561130534 4.7231053163919695e-06
10000 0 0 0.30169764477372141 24.709461528716304 3.3859450057162201e-05 4.7231622858966388e-06 3.3859450057163828e-05 4.7231622858966473e-06 3.3859450057162201e-05 -1.8554504466749505e-18 1.1310645402845261e-18 -1.0603796666856329e-21 5.7683993877956979e-19 3.1945689264324775e-19 49.999999999999993 49.999999999999993 49.999999999999993 -7.1054273576010019e-15 -7.1054273576010019e-15 1.000000000000004 1969.8656512473274 8030.1343487488748 0.027583439638458399 0 0 0.99302646222749824 5.4593944277564896e-18 0.99999999999999978 -1.8295878017499616e-14 1.1581659285214236e-14 -1.608066828204679e-17 0.34321866371014981 0.33100886122525547 0.012209802484894339 4.7231622858966388e-06
10500 0 0 0.30169791103210064 24.709461326798998 3.3860020429433655e-05 4.7231610366177357e-06 3.3860020429431582e-05 4.7231610366177441e-06 3.3860020429433655e-05 -2.7793948325732737e-18 1.3025140090916122e-18 2.0464531801409491e-20 -1.7448469218195844e-18 8.5109738904050112e-19 49.999999999999993 50.000000000000007 49.999999999999993 -7.1054273576010019e-15 7.1054273576010019e-15 1.0000000000000007 1969.8656512472921 8030.1343487487975 0.027583439431688169 0 0 0.99302646021421415 5.4593941316639853e-18 0.99999999999999978 -2.766397007461623e-14 1.3145600247108984e-14 1.8164516131667959e-16 0.34321867088512859 0.33100885752489601 0.01220981336023258 4.7231610366177357e-06
11000 0 0 0.3016979832520077 24.709461272019215 3.3860726188808757e-05 4.7231464949019783e-06 3.3860726188808716e-05 4.7231464949019809e-06 3.3860726188808757e-05 -4.806394650297575e-19 1.4537853690319573e-18 2.3659294409086029e-20 -4.4328449913070044e-18 -4.7466579276228486e-18 49.999999999999993 50.000000000000007 49.999999999999993 -7.1054273576010019e-15 7.1054273576010019e-15 1.0000000000000002 1969.8656512472578 8030.1343487486638 0.027583438979069411 0 0 0.99302645967110148 5.4593943219819796e-18 0.99999999999999978 -4.5365032849457513e-15 1.4299051490663784e-14 1.6816115110386654e-16 0.34321867283134527 0.33100885652128076 0.012209816310064514 4.7231464949019783e-06
11500 0 0 0.30169797071708787 24.709461281515551 3.3861144635551271e-05 4.7231356790259455e-06 3.3861144635551521e-05 4.7231356790259405e-06 3.3861144635551271e-05 5.4961517904555461e-19 9.4382881123692028e-19 -6.4939254445633248e-21 4.2058168228358412e-18 3.8621707741256778e-18 49.999999999999993 50.000000000000007 49.999999999999993 -7.1054273576010019e-15 7.1054273576010019e-15 1.0000000000000033 1969.8656512472317 8030.1343487484546 0.027583438668440676 0 0 0.99302645976827464 5.4593946981498393e-18 0.99999999999999978 5.4909116145333774e-15 9.5104232637344342e-15 -9.7261658689770678e-17 0.34321867249361998 0.33100885669554025 0.012209815798079726 4.7231356790259455e-06
12000 0 0 0.30169794136412842 24.709461303770958 3.3861294774648023e-05 4.7231305548646159e-06 3.3861294774646742e-05 4.723130554864615e-06 3.3861294774648023e-05 -8.8559067051918657e-19 -1.0681153823087304e-18 -1.0316852593433066e-20 6.382972555637762e-18 -2.0020370441761131e-17 49.999999999999993 50.000000000000007 49.999999999999993 -7.1054273576010019e-15 7.1054273576010019e-15 1.0000000000000018 1969.865651247185 8030.1343487483546 0.027583438537975038 0 0 0.99302645999135641 5.4593949278707417e-18 0.99999999999999978 -8.7693403581830535e-15 -1.0664779193061129e-14 -1.0201722916700088e-16 0.34321867170265696 0.33100885710349831 0.012209814599158653 4.7231305548646159e-06
12500 0 0 0.3016979209083096 24.70946131922306 3.3861304654484115e-05 4.7231291640591433e-06 3.3861304654484359e-05 4.7231291640591382e-06 3.3861304654484115e-05 -1.6288820717127516e-18 -2.4020382267350552e-19 2.6525441438904742e-21 9.51893925198153e-19 -9.9531708329831679e-18 49.999999999999986 50.000000000000007 49.999999999999986 -1.4210854715202004e-14 7.1054273576010019e-15 1.0000000000000022 1969.8656512471421 8030.1343487482463 0.027583438515264565 0 0 0.99302646014570861 5.4593950153720014e-18 0.99999999999999978 -1.6452779614357963e-14 -2.1152946248476067e-15 7.229372300848964e-17 0.34321867115353616 0.33100885738986663 0.01220981376366953 4.7231291640591433e-06
13000 0 0 0.30169791225922221 24.70946132578224 3.3861272665108841e-05 4.7231293919598155e-06 3.3861272665108868e-05 4.7231293919598155e-06 3.3861272665108841e-05 -4.2220164555915712e-19 -1.4754197300289728e-18 -5.7152076453497429e-21 6.320582438641577e-18 -3.3830482542651163e-18 49.999999999999986 50.000000000000007 49.999999999999986 -1.4210854715202004e-14 7.1054273576010019e-15 1.0000000000000002 1969.8656512471114 8030.1343487480035 0.027583438531648199 0 0 0.99302646021101371 5.4593950224297073e-18 0.99999999999999978 -4.152479285836367e-15 -1.4632767848094537e-14 -9.0147133602386961e-17 0.34321867092046249 0.33100885751006548 0.012209813410397008 4.7231293919598155e-06
13500 0 0 0.30169791069645885 24.709461326967936 3.3861244191251556e-05 4.7231299500360922e-06 3.3861244191255019e-05 4.7231299500360973e-06 3.3861244191251556e-05 -2.5958182289480274e-19 -3.700827063010745e-18 1.6076080478166935e-21 3.4089239724425994e-18 9.8722045703398327e-20 49.999999999999986 49.999999999999993 49.999999999999986 -1.4210854715202004e-14 -7.1054273576010019e-15 1.0000000000000018 1969.8656512470623 8030.134348747878 0.027583438550930251 0 0 0.99302646022267549 5.4593950030093223e-18 0.99999999999999978 -2.5857817355546967e-15 -3.704722734210833e-14 3.9746386330856251e-19 0.34321867087834057 0.331008857531775 0.012209813346565568 4.7231299500360922e-06
14000 0 0 0.30169791173633592 24.709461326179639 3.3861229703071525e-05 4.7231303404929843e-06 3.3861229703072664e-05 4.7231303404929792e-06 3.3861229703071525e-05 1.5266538558910933e-19 -3.4036152296869838e-18 8.6680421744579327e-21 -1.4273233406215506e-18 -1.217564782982646e-17 49.999999999999986 50.000000000000007 49.999999999999986 -1.4210854715202004e-14 7.1054273576010019e-15 1.0000000000000009 1969.8656512470363 8030.1343487477652 0.027583438562146557 0 0 0.99302646021470264 5.4593949866967088e-18 0.99999999999999978 9.4954362738809434e-16 -3.4040248520868453e-14 1.1176045136261279e-16 0.34321867090635488 0.33100885751731562 0.012209813389039259 4.7231303404929843e-06
14500 0 0 0.3016979129925853 24.709461325227092 3.3861225578088916e-05 4.7231305068709397e-06 3.3861225578089126e-05 4.7231305068709312e-06 3.3861225578088916e-05 4.3062094129665646e-19 -2.1634768327101869e-18 -1.5934718331623304e-21 -1.2342363940175337e-19 -5.3094590143154944e-18 49.999999999999986 49.999999999999993 49.999999999999986 -1.4210854715202004e-14 -7.1054273576010019e-15 1.000000000000004 1969.8656512469965 8030.1343487476088 0.027583438566074897 0 0 0.99302646020514884 5.4593949774778653e-18 0.99999999999999978 4.6903464845097135e-15 -2.1077608953001048e-14 -4.0681938629377287e-17 0.34321867094019837 0.3310088574998476 0.01220981344035077 4.7231305068709397e-06
15000 0 0 0.30169791373060345 24.709461324667426 3.386122610227306e-05 4.7231305371754144e-06 3.386122610227224e-05 4.7231305371754195e-06 3.386122610227306e-05 6.7451391406331121e-19 1.0634692451275095e-18 -2.6740022670506159e-20 9.1344450694541619e-19 2.5182367684312643e-18 49.999999999999986 49.999999999999993 49.999999999999986 -1.4210854715202004e-14 -7.1054273576010019e-15 1.0000000000000013 1969.8656512469654 8030.1343487474605 0.027583438566262414 0 0 0.99302646019954388 5.4593949747261413e-18 0.99999999999999978 6.4974489192378051e-15 9.8801877164039197e-15 -2.609742864462994e-16 0.34321867096008052 0.33100885748958536 0.012209813470495157 4.7231305371754144e-06
15500 0 0 0.30169791399245854 24.709461324468823 3.3861227624130888e-05 4.7231305173732868e-06 3.3861227624132393e-05 4.723130517373291e-06 3.3861227624130888e-05 -1.5386364710069934e-18 9.8696600621951083e-20 9.0081317323763159e-22 -6.4826793849651013e-18 -1.0183332355064683e-18 49.999999999999993 49.999999999999986 49.999999999999993 -7.1054273576010019e-15 -1.4210854715202004e-14 1.0000000000000031 1969.8656512469299 8030.1343487472523 0.027583438565367907 0 0 0.99302646019755036 5.4593949748488392e-18 0.99999999999999978 -1.5276799304241021e-14 1.2190559975159713e-15 -2.6187461256317717e-17 0.34321867096712944 0.33100885748593878 0.012209813481190657 4.7231305173732868e-06
16000 0 0 0.30169791400754559 24.709461324457383 3.38612287139858e-05 4.7231304933144797e-06 3.3861228713985135e-05 4.7231304933144848e-06 3.38612287139858e-05 -1.5173003886920249e-18 -2.3308544248810368e-19 6.953876272106499e-21 -7.7723164056144862e-18 -3.8078955965725348e-18 49.999999999999986 49.999999999999993 49.999999999999986 -1.4210854715202004e-14 -7.1054273576010019e-15 1.0000000000000013 1969.8656512468942 8030.134348747205 0.027583438564595077 0 0 0.99302646019742302 5.4593949757182032e-18 0.99999999999999978 -1.5318627498503072e-14 -2.32932155992917e-15 1.8782794902872955e-17 0.34321867096753 0.33100885748572312 0.012209813481806886 4.7231304933144797e-06
16500 0 0 0.30169791402851404 24.709461324500975 3.3861229189320679e-05 4.7231304791516679e-06 3.386122918931742e-05 4.7231304791516543e-06 3.3861229189320679e-05 -1.8452410526830363e-18 2.8447487012052094e-18 3.1035382177331768e-21 -2.7958772358993588e-18 -8.0961321456647864e-18 49.999999999999993 49.999999999999993 49.999999999999993 -7.1054273576010019e-15 -7.1054273576010019e-15 1.0000000000000004 1969.8656512468492 8030.1343487469603 0.027583438564208557 0 0 0.99302646019784158 5.4593949762961871e-18 0.99999999999999978 -1.8416674617055701e-14 2.811779224786164e-14 5.5679954425682102e-17 0.3432186709659738 0.33100885748333986 0.012209813482633947 4.7231304791516679e-06
17000 0 0 0.30169791397804407 24.709461324539273 3.3861229283239855e-05 4.7231304741078391e-06 3.3861229283238276e-05 4.7231304741078425e-06 3.3861229283239855e-05 -9.0218574002197683e-19 1.9247609756099332e-18 -1.6451116330446828e-21 2.0911779210931566e-19 4.4515107831081836e-18 49.999999999999993 49.999999999999993 49.999999999999993 -7.1054273576010019e-15 -7.1054273576010019e-15 1.0000000000000007 1969.8656512468144 8030.1343487468093 0.027583438564101805 0 0 0.99302646019820573 5.4593949765703039e-18 0.99999999999999978 -9.2191440792012691e-15 1.8901267539545953e-14 -2.1289781414107744e-17 0.34321867096460662 0.33100885748403414 0.012209813480572485 4.7231304741078391e-06
17500 0 0 0.30169791395250783 24.709461324558578 3.3861229232561677e-05 4.7231304737997368e-06 3.3861229232564598e-05 4.7231304737997351e-06 3.3861229232561677e-05 -2.3922102066806643e-18 2.1755203362602623e-18 -1.0134938091266677e-20 -9.3348868673992801e-19 1.3517956291810092e-17 49.999999999999993 49.999999999999993 49.999999999999993 -7.1054273576010019e-15 -7.1054273576010019e-15 1.0000000000000007 1969.8656512467776 8030.1343487466793 0.027583438564118212 0 0 0.99302646019837948 5.4593949766377053e-18 0.99999999999999978 -2.407938676107092e-14 2.1563301695666586e-14 -5.5200534555969362e-17 0.34321867096391373 0.33100885748438424 0.012209813479529485 4.7231304737997368e-06
18000 0 0 0.30169791386695693 24.709461324564 3.3861229166658611e-05 4.7231304748975821e-06 3.386122916666162e-05 4.7231304748975796e-06 3.3861229166658611e-05 -7.3823573681724798e-19 3.7301490222456563e-18 -1.921463528378918e-20 -1.5766442205895239e-18 3.7210785225151532e-18 49.999999999999986 50.000000000000007 49.999999999999986 -1.4210854715202004e-14 7.1054273576010019e-15 1.0000000000000022 1969.8656512467396 8030.1343487465192 0.027583438564159637 0 0 0.99302646019841345 5.4593949766076816e-18 0.99999999999999978 -7.3954757975603995e-15 3.7571374401191713e-14 -2.2647058239454537e-16 0.34321867096371478 0.33100885748765024 0.012209813476064535 4.7231304748975821e-06
18500 0 0 0.30169791386793382 24.709461324563232 3.386122912690127e-05 4.7231304758633708e-06 3.3861229126898186e-05 4.7231304758633682e-06 3.386122912690127e-05 -2.853944806888339e-18 4.0944202845972084e-18 2.1028095826617553e-20 -1.5821900448320157e-18 6.8938700978842652e-19 49.999999999999986 50.000000000000007 49.999999999999986 -1.4210854715202004e-14 7.1054273576010019e-15 1.0000000000000013 1969.8656512466937 8030.1343487463746 0.027583438564188476 0 0 0.99302646019838625 5.4593949765704773e-18 0.99999999999999978 -2.8571493436228747e-14 4.0915511723285105e-14 1.9886424671124635e-16 0.34321867096373571 0.33100885748763126 0.012209813476104447 4.7231304758633708e-06
19000 0 0 0.30169791387063333 24.709461324561222 3.3861229112320607e-05 4.7231304763554825e-06 3.3861229112313187e-05 4.7231304763554927e-06 3.3861229112320607e-05 -4.3032215677733228e-18 6.4420105532100582e-18 -5.0679833853208677e-21 -4.3555502363930956e-18 3.5323643599496487e-18 49.999999999999986 50.000000000000007 49.999999999999986 -1.4210854715202004e-14 7.1054273576010019e-15 1.0000000000000007 1969.865651246663 8030.1343487462018 0.027583438564200521 0 0 0.99302646019834651 5.4593949765478599e-18 0.99999999999999978 -4.3073537339671313e-14 6.4417281947749958e-14 -5.406001025428044e-17 0.34321867096380271 0.33100885748758802 0.012209813476214693 4.7231304763554825e-06
19500 0 0 0.30169791395103995 24.709461324559687 3.386122911108337e-05 4.7231304764925587e-06 3.3861229111084257e-05 4.7231304764925579e-06 3.386122911108337e-05 -3.8942316456638942e-19 4.3149576790962088e-18 8.9066940327794966e-22 4.1865785298347728e-18 7.5317407889539942e-18 49.999999999999986 50.000000000000014 49.999999999999986 -1.4210854715202004e-14 1.4210854715202004e-14 1.0000000000000027 1969.8656512466289 8030.1343487460272 0.027583438564202326 0 0 0.99302646019831309 5.4593949765393142e-18 0.99999999999999978 -3.9395906835045979e-15 4.3054956883624122e-14 4.1277096274897117e-17 0.34321867096384756 0.33100885748437803 0.012209813479469533 4.7231304764925587e-06
20000 0 0 0.30169791395189222 24.709461324559047 3.3861229114040009e-05 4.7231304764712491e-06 3.3861229114038959e-05 4.7231304764712414e-06 3.3861229114040009e-05 4.9149889328185217e-19 4.2092618586192066e-18 -2.0869403273669368e-20 -3.9017914341333629e-18 1.7219402740966711e-17 49.999999999999986 50.000000000000014 49.999999999999986 -1.4210854715202004e-14 1.4210854715202004e-14 1.0000000000000009 1969.8656512465905 8030.1343487458489 0.027583438564200338 0 0 0.99302646019828733 5.4593949765382857e-18 0.99999999999999978 4.7459186153987935e-15 4.1927618712087464e-14 -1.9619551213444376e-16 0.34321867096386438 0.33100885748436004 0.012209813479504339 4.7231304764712491e-06
20500 0 0 0.30169791379504651 24.709461324558923 3.3861229116711592e-05 4.7231304764218992e-06 3.386122911671393e-05 4.7231304764218865e-06 3.3861229116711592e-05 -1.1576573143645858e-18 4.2282602994064461e-18 -2.1903426574674378e-20 -1.0334873976429771e-17 -1.5346511176219436e-18 49.999999999999979 50.000000000000021 49.999999999999979 -2.1316282072803006e-14 2.1316282072803006e-14 1.0000000000000007 1969.8656512465382 8030.1343487457098 0.027583438564197992 0 0 0.9930264601982669 5.459394976539714e-18 0.99999999999999978 -1.1742315461792714e-14 4.2368600131577001e-14 -2.038784759460021e-16 0.34321867096386238 0.33100885749070558 0.012209813473156805 4.7231304764218992e-06
21000 0 0 0.30169791387344136 24.709461324558994 3.3861229118113852e-05 4.7231304763818761e-06 3.3861229118115085e-05 4.7231304763818718e-06 3.3861229118113852e-05 -1.4218028449001743e-18 4.333673648954078e-19 8.90495016419061e-21 -5.4802314654374557e-18 4.7106414303394328e-18 49.999999999999979 50.000000000000028 49.999999999999979 -2.1316282072803006e-14 2.8421709430404007e-14 1.0000000000000011 1969.865651246507 8030.1343487455815 0.027583438564196323 0 0 0.99302646019824892 5.4593949765411292e-18 0.99999999999999978 -1.4114685770796001e-14 4.0877798784836204e-15 6.5165442560361247e-17 0.34321867096385267 0.33100885748752323 0.012209813476329434 4.7231304763818761e-06
21500 0 0 0.30169791387330086 24.709461324559058 3.3861229118528539e-05 4.7231304763656139e-06 3.3861229118525489e-05 4.7231304763656096e-06 3.3861229118528539e-05 -5.3208493222980986e-18 6.0176155370102556e-18 5.0822978484548234e-22 -6.7440224632731795e-18 9.2137296843028975e-18 49.999999999999979 50.000000000000028 49.999999999999979 -2.1316282072803006e-14 2.8421709430404007e-14 1.0000000000000007 1969.8656512464697 8030.1343487454251 0.027583438564195394 0 0 0.99302646019823093 5.4593949765418603e-18 0.99999999999999978 -5.3373152192714849e-14 6.0032330657923697e-14 -1.0642698390956244e-17 0.3432186709638429 0.33100885748751918 0.012209813476323716 4.7231304763656139e-06
22000 0 0 0.30169791379473054 24.709461324559104 3.3861229118423771e-05 4.7231304763632532e-06 3.3861229118430723e-05 4.7231304763632625e-06 3.3861229118423771e-05 -5.676991440048324e-18 5.2357914211998019e-18 -1.3233431115387315e-20 1.6075859159866727e-18 -1.1998532224768991e-17 49.999999999999972 50.000000000000028 49.999999999999972 -2.8421709430404007e-14 2.8421709430404007e-14 1.0000000000000004 1969.8656512464379 8030.1343487452723 0.027583438564195008 0 0 0.99302646019821461 5.4593949765418888e-18 0.99999999999999978 -5.65181762085133e-14 5.2177361091613913e-14 -1.8526564846308875e-16 0.34321867096383518 0.33100885749069126 0.012209813473143927 4.7231304763632532e-06
22500 0 0 0.30169791379473826 24.709461324559065 3.3861229118248882e-05 4.7231304763785693e-06 3.3861229118251057e-05 4.7231304763785786e-06 3.3861229118248882e-05 -2.0104437900886316e-17 3.8373171553922838e-18 -1.9732949315088091e-20 -4.6639333286384173e-17 2.0165537873245758e-17 49.999999999999964 50.000000000000036 49.999999999999964 -3.5527136788005009e-14 3.5527136788005009e-14 1.0000000000000004 1969.8656512464017 8030.1343487451213 0.027583438564194818 0 0 0.99302646019819862 5.459394976541254e-18 0.99999999999999978 -2.0110662830707921e-13 3.8898262974472872e-14 -1.7276357715235449e-16 0.3432186709638303 0.33100885749068604 0.01220981347314426 4.7231304763785693e-06
23000 0 0 0.30169791387324341 24.709461324559072 3.3861229118240947e-05 4.72313047637104e-06 3.3861229118231372e-05 4.72313047637104e-06 3.3861229118240947e-05 -3.0189981276821062e-17 8.3432108309373815e-19 -1.0346685562671652e-20 -2.9508967643028086e-17 -5.3586845441743236e-17 49.999999999999957 50.000000000000036 49.999999999999957 -4.2632564145606011e-14 3.5527136788005009e-14 1.0000000000000002 1969.8656512463735 8030.1343487450149 0.027583438564194381 0 0 0.99302646019818563 5.4593949765413125e-18 0.99999999999999978 -3.0191832552007348e-13 8.4609964788911707e-15 -8.1157967554486369e-17 0.34321867096382597 0.33100885748750458 0.012209813476321385 4.72313047637104e-06
23500 0 0 0.3016979137947372 24.70946132455909 3.3861229118118568e-05 4.7231304763697051e-06 3.3861229118138233e-05 4.7231304763697118e-06 3.3861229118118568e-05 -6.810508012602245e-17 -1.4824865537017542e-19 -1.0567177172392857e-20 -3.6302952693683858e-17 -3.8125742428548614e-18 49.999999999999943 50.000000000000028 49.999999999999943 -5.6843418860808015e-14 2.8421709430404007e-14 1.0000000000000002 1969.865651246349 8030.1343487449067 0.02758343856419402 0 0 0.99302646019817309 5.4593949765413557e-18 0.99999999999999978 -6.8088824759681266e-13 -1.6509495219661859e-15 -1.2278844698897776e-16 0.34321867096382208 0.33100885749067788 0.012209813473144204 4.7231304763697051e-06
24000 0 0 0.30169791379473998 24.709461324559093 3.3861229118240425e-05 4.7231304763718989e-06 3.3861229118271041e-05 4.7231304763719014e-06 3.3861229118240425e-05 -9.1628788335258727e-17 4.155859141800771e-18 -3.7646457198411836e-20 -7.7451110788421858e-17 -5.3643469011815308e-18 49.999999999999915 50.000000000000028 49.999999999999915 -8.5265128291212022e-14 2.8421709430404007e-14 1.0000000000000007 1969.8656512463249 8030.1343487447775 0.027583438564193676 0 0 0.99302646019816032 5.45939497654118e-18 0.99999999999999978 -9.1610038117395686e-13 4.1680187656236957e-14 -4.0743870191469909e-16 0.34321867096381775 0.33100885749067344 0.012209813473144315 4.7231304763718989e-06
24500 0 0 0.30169791379475919 24.709461324559093 3.3861229118277309e-05 4.723130476372203e-06 3.3861229118247561e-05 4.7231304763722106e-06 3.3861229118277309e-05 -1.0109737798458918e-16 -3.6671268262077268e-19 3.6445534300343969e-21 -1.1962365987999132e-16 -6.8820511741376111e-18 49.999999999999886 50.000000000000028 49.999999999999886 -1.1368683772161603e-13 2.8421709430404007e-14 1.0000000000000007 1969.8656512463015 8030.1343487446566 0.027583438564193364 0 0 0.99302646019814711 5.459394976541086e-18 0.99999999999999978 -1.0113450403149979e-12 -3.8318490844276391e-15 2.0664592886385598e-17 0.34321867096381375 0.33100885749066866 0.012209813473145092 4.723130476372203e-06
25000 0 0 0.3016979137947744 24.709461324559104 3.3861229118254886e-05 4.7231304763712619e-06 3.3861229118222577e-05 4.7231304763712585e-06 3.3861229118254886e-05 -1.0929877381876127e-16 -5.5056694364653121e-19 -1.3113037155473432e-20 -1.4326022138153742e-16 1.9437181530383075e-17 49.999999999999865 50.000000000000036 49.999999999999865 -1.3500311979441904e-13 3.5527136788005009e-14 1.0000000000000011 1969.8656512462799 8030.1343487445647 0.02758343856419293 0 0 0.99302646019813356 5.4593949765409897e-18 0.99999999999999978 -1.0933452796874711e-12 -5.2114048701463544e-15 -1.0111660183302646e-16 0.34321867096380898 0.33100885749066328 0.012209813473145703 4.7231304763712619e-06
25500 0 0 0.3016979137947991 24.709461324559104 3.386122911825347e-05 4.7231304763713932e-06 3.3861229118286897e-05 4.7231304763713839e-06 3.386122911825347e-05 -1.0383771388333148e-16 -3.3838558992046468e-18 1.0929424062390953e-20 -7.460841654890839e-17 1.5922037791341843e-17 49.999999999999837 50.000000000000036 49.999999999999837 -1.6342482922482304e-13 3.5527136788005009e-14 1.0000000000000007 1969.8656512462499 8030.1343487444556 0.027583438564192552 0 0 0.9930264601981198 5.4593949765408649e-18 0.99999999999999978 -1.0384464845792284e-12 -3.3625069235389735e-14 1.233258970161901e-16 0.34321867096380493 0.33100885749065823 0.012209813473146702 4.7231304763713932e-06
26000 0 0 0.30169791379474709 24.709461324559111 3.3861229118366383e-05 4.7231304763692824e-06 3.3861229118333633e-05 4.7231304763692934e-06 3.3861229118366383e-05 -9.0589056070134087e-17 -6.6958414591459006e-18 -3.8363083288984759e-21 -7.9915958584460103e-17 7.4989937326201874e-18 49.999999999999829 50.000000000000036 49.999999999999829 -1.7053025658242404e-13 3.5527136788005009e-14 1.0000000000000002 1969.8656512462228 8030.1343487443355 0.027583438564192177 0 0 0.9930264601981057 5.4593949765408434e-18 0.99999999999999978 -9.0587337694314499e-13 -6.6906063270899932e-14 -4.8033641147619535e-17 0.34321867096379988 0.33100885749065528 0.012209813473144593 4.7231304763692824e-06
26500 0 0 0.3016979137947442 24.709461324559101 3.3861229118210942e-05 4.7231304763713822e-06 3.3861229118217969e-05 4.7231304763713898e-06 3.3861229118210942e-05 -6.8319799590025221e-17 -1.3416856804982355e-17 -7.2696776881481906e-21 -4.1207811133344274e-17 1.8790635065268656e-18 49.999999999999829 50.000000000000028 49.999999999999829 -1.7053025658242404e-13 2.8421709430404007e-14 1.0000000000000002 1969.8656512461991 8030.13434874423 0.027583438564191799 0 0 0.99302646019809193 5.4593949765407918e-18 0.99999999999999978 -6.8346745529133247e-13 -1.3396320586537273e-13 -1.2074312427984035e-16 0.34321867096379477 0.33100885749065029 0.012209813473144482 4.7231304763713822e-06
27000 0 0 0.30169791379473038 24.709461324559093 3.3861229118291593e-05 4.7231304763698533e-06 3.3861229118253687e-05 4.7231304763698524e-06 3.3861229118291593e-05 -5.5439928402413927e-17 -2.2765064437782894e-17 -3.9712717242419453e-21 -2.8059670842065134e-17 -1.4725881071334126e-17 49.999999999999837 50.000000000000021 49.999999999999837 -1.6342482922482304e-13 2.1316282072803006e-14 1.0000000000000009 1969.8656512461712 8030.1343487441382 0.02758343856419139 0 0 0.99302646019807772 5.4593949765408441e-18 0.99999999999999978 -5.5453770021861445e-13 -2.2765201808060156e-13 -6.1981451913502928e-17 0.34321867096378988 0.33100885749064596 0.012209813473143927 4.7231304763698533e-06
27500 0 0 0.30169791379475219 24.709461324559079 3.386122911824237e-05 4.7231304763704403e-06 3.386122911819064e-05 4.7231304763704352e-06 3.386122911824237e-05 -4.5122143500121661e-17 -2.9433831064488171e-17 -2.6503215006510318e-20 -3.952993200380627e-18 -3.054970301922385e-17 49.999999999999844 50.000000000000014 49.999999999999844 -1.5631940186722204e-13 1.4210854715202004e-14 1.0000000000000007 1969.8656512461398 8030.1343487440272 0.027583438564191008 0 0 0.9930264601980634 5.4593949765408919e-18 0.99999999999999978 -4.5129159093461091e-13 -2.9442578117031538e-13 -2.4200711802704432e-16 0.34321867096378583 0.33100885749064102 0.012209813473144815 4.7231304763704403e-06
28000 0 0 0.30169791379473715 24.709461324559083 3.3861229118172832e-05 4.7231304763704479e-06 3.3861229118203231e-05 4.7231304763704445e-06 3.3861229118172832e-05 -5.6599639835204986e-17 -3.518872605169686e-17 3.3905539744699737e-21 -2.4324771317700198e-17 -3.829709493737873e-17 49.999999999999844 50.000000000000007 49.999999999999844 -1.5631940186722204e-13 7.1054273576010019e-15 1.0000000000000011 1969.8656512461087 8030.1343487439353 0.027583438564190588 0 0 0.99302646019804941 5.4593949765409196e-18 0.99999999999999978 -5.6615124020931324e-13 -3.5160063346111315e-13 5.4389412489424711e-17 0.34321867096378084 0.33100885749063663 0.012209813473144204 4.7231304763704479e-06
28500 0 0 0.30169791379477134 24.709461324559076 3.3861229118155614e-05 4.7231304763695407e-06 3.3861229118135868e-05 4.7231304763695356e-06 3.3861229118155614e-05 -6.2085534099024684e-17 -3.2270433274123702e-17 1.1153743946706217e-20 -7.762299890772037e-17 -5.9671944906324504e-17 49.999999999999837 49.999999999999986 49.999999999999837 -1.6342482922482304e-13 -1.4210854715202004e-14 1.0000000000000009 1969.8656512460846 8030.1343487438207 0.027583438564190231 0 0 0.9930264601980352 5.4593949765407756e-18 0.99999999999999978 -6.2101847190535581e-13 -3.2306202046084437e-13 1.3910301897197809e-16 0.34321867096377667 0.33100885749063108 0.012209813473145592 4.7231304763695407e-06
29000 0 0 0.30169791379476174 24.709461324559076 3.3861229118187625e-05 4.7231304763675095e-06 3.3861229118172012e-05 4.7231304763675095e-06 3.3861229118187625e-05 -6.2621201800627747e-17 -3.5344065117960695e-17 -1.4451427284669131e-21 -4.9944634749316553e-17 -4.2146334121485175e-17 49.999999999999829 49.999999999999979 49.999999999999829 -1.7053025658242404e-13 -2.1316282072803006e-14 1.0000000000000002 1969.8656512460532 8030.134348743697 0.027583438564189811 0 0 0.99302646019802121 5.4593949765406469e-18 0.99999999999999978 -6.2661606626744232e-13 -3.5342902731881534e-13 5.7985626672224616e-17 0.34321867096377168 0.33100885749062647 0.012209813473145203 4.7231304763675095e-06
29500 0 0 0.30169791379474242 24.709461324559069 3.386122911817494e-05 4.7231304763694069e-06 3.3861229118119185e-05 4.7231304763693925e-06 3.386122911817494e-05 -5.9171372131729883e-17 -3.4653756982870758e-17 8.9235241597206424e-22 -7.1808631669910181e-17 -6.5782184627344235e-17 49.999999999999829 49.999999999999979 49.999999999999829 -1.7053025658242404e-13 -2.1316282072803006e-14 1.0000000000000002 1969.8656512460268 8030.1343487435906 0.027583438564189454 0 0 0.993026460198007 5.4593949765406169e-18 0.99999999999999978 -5.9188606795736929e-13 -3.4632786043108576e-13 5.2244072160575431e-17 0.3432186709637664 0.33100885749062198 0.012209813473144426 4.7231304763694069e-06
29999 0 0 0.30169791379473965 24.709461324559065 3.3861229118255306e-05 4.7231304763708697e-06 3.3861229118272254e-05 4.7231304763708782e-06 3.3861229118255306e-05 -5.8574491730722629e-17 -3.5513846434788677e-17 -6.653967922291198e-21 -4.6080358012262364e-17 -2.0501616438469978e-17 49.999999999999829 49.999999999999972 49.999999999999829 -1.7053025658242404e-13 -2.8421709430404007e-14 1.0000000000000002 1969.8656512460043 8030.1343487434624 0.027583438564189024 0 0 0.99302646019799312 5.4593949765404836e-18 0.99999999999999978 -5.8640826608362301e-13 -3.5507137197949992e-13 -8.8701550598583374e-17 0.34321867096376163 0.33100885749061731 0.012209813473144315 4.7231304763708697e-06
