# step v0 Mach sigma R umax_ref urms_ref umax_mean urms_mean umax_lab mean_x mean_y mean_z drop_ux drop_uy x0 y0 x_unwrapped center_dx center_dy axis_ratio mass_R mass_B min_f negative_total negative_color min_rho min_phi max_phi qx qy qz p_in p_out delta_p urms_lab
0 0 0 -5.560112678108922e-15 25.040521385269312 0.0019846305619504504 0.00024201668813258039 0.0019846305619504504 0.00024201668813258039 0.0019846305619504504 -9.4146834123167565e-22 1.1013220544227613e-20 3.5104432270468256e-22 -1.0270763041659826e-21 1.7492401043058035e-20 50.000000000000007 50.000000000000007 50.000000000000007 7.1054273576010019e-15 7.1054273576010019e-15 1.0000000000000004 1969.8656512480634 8030.1343487520408 0.027327218692802399 0 0 0.99999999999999967 5.1710809399147485e-26 0.99999999999998512 2.6110976947689481e-16 -1.6934869625656154e-16 -6.912324677578162e-18 0.33333333333333387 0.33333333333333409 -2.2204460492503131e-16 0.00024201668813258039
500 0 0 0.029210610511487971 24.986226025369298 0.0016485441291683352 0.0010487630594426557 0.0016485441291683365 0.0010487630594426557 0.0016485441291683352 5.0820458952218501e-18 1.2944506577739433e-18 -1.9453577503484234e-20 2.0267716090875705e-18 1.0512758768103603e-17 49.999999999999993 50.000000000000014 49.999999999999993 -7.1054273576010019e-15 1.4210854715202004e-14 1.0000000000000016 1969.8656512479884 8030.1343487517443 0.027502499313862519 0 0 0.9948888663342077 4.1724962515280797e-18 1 5.0043302834978931e-14 1.3459936290538543e-14 -2.0010538663269112e-16 0.33434171023901055 0.33317264170974048 0.0011690685292700675 0.0010487630594426557
1000 0 0 0.07639356243518286 24.947194616156263 0.001874146674614826 0.0012601037841227895 0.0018741466746148192 0.0012601037841227893 0.001874146674614826 5.0244530758195666e-18 4.5588532948673597e-18 1.176996375152593e-20 -5.0956969780686416e-17 1.1128505380394278e-17 49.999999999999993 50.000000000000014 49.999999999999993 -7.1054273576010019e-15 1.4210854715202004e-14 1.0000000000000002 1969.8656512479163 8030.1343487513941 0.027491969832548289 0 0 0.99642870954094398 5.7669598954725417e-18 1 4.9842020701656997e-14 4.9166820246214493e-14 1.3572296902099539e-16 0.33574614605344766 0.33268393550790964 0.0030622105455380133 0.0012601037841227895
1500 0 0 0.11004411887020273 24.920881212707389 0.0013826445244625254 0.00090291731009171721 0.0013826445244625254 0.00090291731009171721 0.0013826445244625254 5.0289633568573038e-18 5.5625642980678265e-18 -2.5639386076865661e-20 -6.1893724443620594e-18 1.234409439052736e-18 49.999999999999993 50.000000000000014 49.999999999999993 -7.1054273576010019e-15 1.4210854715202004e-14 1.0000000000000022 1969.8656512478385 8030.134348751114 0.027530434392317771 0 0 0.996046926044025 5.1468621523858812e-18 1 5.0442275681926441e-14 6.0158041742530699e-14 -2.6828555345743573e-16 0.33671451445904471 0.33229877498615279 0.0044157394728919219 0.00090291731009171721
2000 0 0 0.12185189313309715 24.911371418332628 0.00076280488317610057 0.00034061492389342909 0.00076280488317610371 0.00034061492389342898 0.00076280488317610057 2.7550878245467472e-18 7.378472832720776e-18 -1.7388445497532312e-20 -2.9232906677029424e-17 -2.8848699583604322e-17 49.999999999999993 50.000000000000021 49.999999999999993 -7.1054273576010019e-15 2.1316282072803006e-14 1.0000000000000007 1969.8656512477733 8030.134348750883 0.02758414550115125 0 0 0.99558800859790886 5.1644874053568301e-18 1 2.7271574213304228e-14 7.2142920977402714e-14 -1.6603315992596465e-16 0.33705527356820203 0.33216385707061713 0.0048914164975848995 0.00034061492389342909
2500 0 0 0.11656330137493554 24.915424741979542 0.00061661912540426076 0.000221648881055639 0.00061661912540426575 0.00022164888105563913 0.00061661912540426076 3.3203474691940036e-18 4.4332593152071242e-18 -3.5000047800805299e-21 9.2990359289154639e-18 -5.35820474593543e-17 49.999999999999993 50.000000000000014 49.999999999999993 -7.1054273576010019e-15 1.4210854715202004e-14 1.0000000000000049 1969.865651247695 8030.1343487505392 0.027519609554201099 0 0 0.99617623379598541 5.3803044819898378e-18 1 3.2856961136508867e-14 4.7436610608813604e-14 -2.3055950853673182e-17 0.33692865077230338 0.33225029178055238 0.0046783589917510082 0.000221648881055639
3000 0 0 0.10253884635281976 24.926214389368653 0.00078074633684487244 0.0004185789622972083 0.00078074633684486507 0.0004185789622972083 0.00078074633684487244 5.623973509118025e-18 4.8419601661475115e-18 -2.7288786964469991e-21 2.6055024136959022e-17 -7.2891165761909151e-17 49.999999999999993 50.000000000000021 49.999999999999993 -7.1054273576010019e-15 2.1316282072803006e-14 1.0000000000000069 1969.8656512476255 8030.1343487502563 0.027479309539761895 0 0 0.9968908541012097 5.4987562357020869e-18 1 5.6364628405174838e-14 4.2978970127846919e-14 -2.5118680697119241e-17 0.33654863647471289 0.33243494136036156 0.0041136951143513345 0.0004185789622972083
3500 0 0 0.088903969641143804 24.936707241118956 0.00071790209837555355 0.00038639875707338584 0.00071790209837554271 0.00038639875707338579 0.00071790209837555355 8.6888829464747837e-18 6.5589894626699326e-18 -2.1855984542557116e-20 3.9993768172299487e-17 5.5486970046482638e-18 50.000000000000007 50.000000000000021 50.000000000000007 7.1054273576010019e-15 2.1316282072803006e-14 1.000000000000006 1969.8656512475613 8030.1343487499553 0.027474632742413272 0 0 0.99644600320932764 5.5499161569222411e-18 1 8.6710152946700703e-14 5.8909044227959187e-14 -2.0581639184408091e-16 0.33617121554463203 0.33260603074370743 0.0035651848009246034 0.00038639875707338584
4000 0 0 0.081202818862264575 24.942672939696958 0.00056305672465293156 0.00021473651524920058 0.00056305672465293351 0.00021473651524920085 0.00056305672465293156 1.1509543318414224e-17 -8.7707618945412547e-19 -9.7147282171375872e-21 2.4440874824497063e-17 1.5157748566859819e-17 50.000000000000014 50.000000000000021 50.000000000000014 1.4210854715202004e-14 2.1316282072803006e-14 1.0000000000000002 1969.8656512474847 8030.1343487497425 0.027495277332631591 0 0 0.99620798369501651 5.5522841407206862e-18 1 1.1484651052970189e-13 -9.1398751360296376e-15 -5.0657771310860915e-17 0.33595482921056613 0.33269925114727733 0.0032555780632887998 0.00021473651524920058
4500 0 0 0.080344543333732976 24.943404828983283 0.00064284312327958113 7.3478663387364793e-05 0.00064284312327958341 7.3478663387364766e-05 0.00064284312327958113 1.0068747051398089e-17 -1.4853569763056067e-18 5.148188761873889e-21 2.1570155384269201e-17 5.0814967283254161e-17 50.000000000000021 50.000000000000021 50.000000000000021 2.1316282072803006e-14 2.1316282072803006e-14 1.0000000000000007 1969.8656512474331 8030.1343487494414 0.027523326937083373 0 0 0.99620285583556833 5.5207954872305173e-18 1 1.0036828224140254e-13 -1.468526770456377e-14 2.3299843415624001e-17 0.33592531055107316 0.33270423692922441 0.0032210736218487579 7.3478663387364793e-05
5000 0 0 0.084035231724169421 24.940637274482746 0.00071874116339936637 0.00014122701942652962 0.00071874116339936734 0.00014122701942652965 0.00071874116339936637 3.4834548440233099e-18 -1.7791323969624174e-18 -1.2088685092272652e-20 -1.4888778595556899e-17 3.338684204472012e-18 50.000000000000028 50.000000000000028 50.000000000000028 2.8421709430404007e-14 2.8421709430404007e-14 1.0000000000000018 1969.8656512473658 8030.1343487491558 0.027544573526571626 0 0 0.99634996249128727 5.4733253443305661e-18 1 3.442037897516707e-14 -1.828127577839728e-14 -6.9480709015664014e-17 0.33601950460561975 0.33265009464230066 0.003369409963319081 0.00014122701942652962
5500 0 0 0.088999378655525568 24.936870871715737 0.00073668974504337498 0.0001670663470493647 0.0007366897450433752 0.00016706634704936464 0.00073668974504337498 5.9847959921222566e-19 1.7257029139023827e-18 2.0659138324439405e-21 -2.2702365073895301e-17 -1.5058727900797469e-17 50.000000000000028 50.000000000000021 50.000000000000028 2.8421709430404007e-14 2.1316282072803006e-14 1.0000000000000016 1969.8656512473044 8030.1343487487811 0.027552789650684351 0 0 0.99653458228308267 5.4388967578310692e-18 1 6.0867093022677274e-15 1.7510026021900875e-14 3.0388083900944943e-18 0.33614935713087002 0.33258036970203941 0.0035689874288306056 0.0001670663470493647
6000 0 0 0.092690544026132499 24.934059225372618 0.00070628041638063006 0.00012782692425073909 0.00070628041638063016 0.00012782692425073922 0.00070628041638063006 -8.2182524674435663e-19 4.0099867870696672e-18 -7.4284040131560154e-22 3.7097046082887704e-18 -2.2487235153916153e-17 50.000000000000036 50.000000000000028 50.000000000000036 3.5527136788005009e-14 2.8421709430404007e-14 1.0000000000000024 1969.8656512472207 8030.1343487485437 0.02754916192577387 0 0 0.99666736612881879 5.4261394001312285e-18 1 -8.1913667946613249e-15 4.0132122038278369e-14 -1.9956923872427096e-17 0.33624711282459913 0.33252968586301512 0.0037174269615840028 0.00012782692425073909
6500 0 0 0.094039043763784108 24.933025689396928 0.00066269074534487866 7.665020598699201e-05 0.00066269074534487627 7.665020598699205e-05 0.00066269074534487866 2.2948006342404017e-18 1.8556337022532258e-18 -1.2509910659247957e-20 -6.2897003836855305e-18 -3.1769093327765436e-17 50.000000000000036 50.000000000000036 50.000000000000036 3.5527136788005009e-14 3.5527136788005009e-14 1.0000000000000051 1969.8656512471516 8030.1343487483446 0.027539282005938998 0 0 0.99671242256973314 5.4330987707017234e-18 1 2.2796543298897465e-14 1.8036000871377326e-14 -1.4730171888257462e-16 0.33628380947273212 0.33251214353313557 0.0037716659395965468 7.665020598699201e-05
7000 0 0 0.093340555845012732 24.93354818610953 0.00063152641436758255 7.2770029411058275e-05 0.00063152641436758276 7.2770029411058248e-05 0.00063152641436758255 -5.9219122661187023e-20 -5.3191825943902682e-18 2.0457767617723368e-21 1.1113146826655754e-17 -4.7825381474064876e-17 50.000000000000043 50.000000000000036 50.000000000000043 4.2632564145606011e-14 3.5527136788005009e-14 1.0000000000000022 1969.8656512471023 8030.1343487480399 0.027529408303809025 0 0 0.99668290310637941 5.4512766627662271e-18 1 -1.0574219553086388e-15 -5.3545079340463347e-14 -4.5924401540225211e-18 0.33626647739380011 0.33252290447155503 0.0037435729222450864 7.2770029411058275e-05
7500 0 0 0.091636729993347502 24.934836058013097 0.00061854684593182219 8.6787925625669368e-05 0.00061854684593182197 8.6787925625669395e-05 0.00061854684593182219 4.7683211545937663e-19 -3.1200736438935326e-18 -1.2473467711533191e-20 1.7373687503460672e-17 3.1188725680192428e-19 50.000000000000043 50.000000000000036 50.000000000000043 4.2632564145606011e-14 3.5527136788005009e-14 1.0000000000000029 1969.8656512470286 8030.134348747757 0.027523616326902905 0 0 0.99661795715548807 5.4669687043727318e-18 1 4.9246639548966055e-15 -3.1763559339183234e-14 -8.8194654371308559e-17 0.33622223981530819 0.33254719138987854 0.00367504842542965 8.6787925625669368e-05
8000 0 0 0.090009179857337737 24.936068251161135 0.00061984850402854231 8.4075234130170964e-05 0.00061984850402854036 8.4075234130170991e-05 0.00061984850402854231 2.3117792402617899e-18 -4.2757464235900344e-18 1.4923281191294819e-20 5.6062600717759965e-17 2.1313783410901987e-17 50.000000000000043 50.000000000000021 50.000000000000043 4.2632564145606011e-14 2.1316282072803006e-14 1.0000000000000007 1969.865651246957 8030.1343487474369 0.027522826378529465 0 0 0.99655718423106254 5.4760498194009733e-18 1 2.3064452196817475e-14 -4.1790044613411155e-14 1.6956860220513121e-16 0.33617967076195765 0.33257007285138301 0.0036095979105746356 8.4075234130170964e-05
8500 0 0 0.089111751229133382 24.936748206843113 0.00062997021507033664 7.279797005992788e-05 0.00062997021507033143 7.2797970059927962e-05 0.00062997021507033664 5.136646316631058e-18 -5.8536508973395954e-18 5.837811518617641e-21 4.5816016473322122e-17 2.7144871651181028e-17 50.000000000000043 50.000000000000021 50.000000000000043 4.2632564145606011e-14 2.1316282072803006e-14 1.0000000000000002 1969.8656512468917 8030.1343487471286 0.027525546461474523 0 0 0.99652411121509377 5.4752327357666687e-18 1 5.1210772581344269e-14 -5.7238976259153958e-14 3.6383136399132615e-17 0.33615613909204112 0.33258262780299985 0.0035735112890412646 7.279797005992788e-05
9000 0 0 0.089053484326995766 24.936792420999275 0.00064242846273715015 6.7908797366684264e-05 0.00064242846273715167 6.7908797366684277e-05 0.00064242846273715015 2.8870840180374297e-18 -1.6093734418059083e-18 -1.4327519144432747e-21 4.4824823197777436e-17 6.5210634677716461e-17 50.000000000000043 50.000000000000021 50.000000000000043 4.2632564145606011e-14 2.1316282072803006e-14 1.000000000000002 1969.8656512468106 8030.1343487468785 0.027529379182993793 0 0 0.99652229095062528 5.4725174909633132e-18 1 2.8881899049132925e-14 -1.5952696656067536e-14 2.4267915222585274e-17 0.33615459121882463 0.33258342284947157 0.0035711683693530616 6.7908797366684264e-05
9500 0 0 0.08955349037669065 24.936413389373893 0.0006511465049660023 6.9777527926976433e-05 0.00065114650496600631 6.9777527926976433e-05 0.0006511465049660023 5.258640745079576e-18 -4.3420128603728242e-18 -7.668784567492018e-21 8.0065495728692475e-18 7.8602084035720691e-17 50.000000000000043 50.000000000000007 50.000000000000043 4.2632564145606011e-14 7.1054273576010019e-15 1.0000000000000002 1969.8656512467492 8030.1343487466038 0.027532345570320395 0 0 0.99654108768615968 5.4669262806937871e-18 1 5.267119248416577e-14 -4.3350414404008664e-14 -7.5307531845855816e-17 0.33616767510839418 0.33257640121594051 0.0035912738924536725 6.9777527926976433e-05
10000 0 0 0.090201166966838581 24.935922433510051 0.00065342425302050016 7.0785800483792228e-05 0.00065342425302050288 7.0785800483792255e-05 0.00065342425302050016 2.9840062712470322e-18 -3.9140565788491954e-18 3.1587998314328972e-21 -8.3714959975003903e-18 2.0263306562755931e-17 50.00000000000005 49.999999999999993 50.00000000000005 4.9737991503207013e-14 -7.1054273576010019e-15 1.0000000000000011 1969.8656512466882 8030.1343487463328 0.027533542705824879 0 0 0.99656522612787424 5.4623578610476613e-18 1 2.988337658924034e-14 -3.8997653966087479e-14 4.4714223537099798e-17 0.33618462962421941 0.33256731138755286 0.0036173182366665557 7.0785800483792228e-05
10500 0 0 0.090674047300280808 24.935564172824485 0.0006505230058359749 6.9392504156964605e-05 0.00065052300583597002 6.9392504156964551e-05 0.0006505230058359749 4.5155231550469932e-18 -7.5388480180793622e-18 6.9617583811003434e-21 -2.0710386836790086e-17 -2.3347399169428801e-17 50.00000000000005 49.999999999999993 50.00000000000005 4.9737991503207013e-14 -7.1054273576010019e-15 1.0000000000000011 1969.8656512466173 8030.134348746049 0.027533121602562036 0 0 0.99658278620144813 5.4605592009273916e-18 1 4.5343285993737796e-14 -7.5887118312391311e-14 8.3510779295244445e-17 0.33619700419100129 0.33256066989064886 0.0036363343003524284 6.9392504156964605e-05
11000 0 0 0.090839291260163352 24.935439300348555 0.00064563454106563985 6.8094315013432822e-05 0.00064563454106564646 6.8094315013432673e-05 0.00064563454106563985 7.0440181465568756e-18 -7.6725084619037586e-18 2.1475498752551085e-20 -3.3623107475056618e-17 -2.2651996222746427e-17 50.00000000000005 49.999999999999979 50.00000000000005 4.9737991503207013e-14 -2.1316282072803006e-14 1.0000000000000018 1969.8656512465516 8030.1343487457925 0.027531844453957961 0 0 0.99658890627460206 5.461290460954202e-18 1 7.0283351727143319e-14 -7.6461138935278835e-14 2.1567309151018353e-16 0.33620131385241553 0.33255833447009947 0.0036429793823160583 6.8094315013432822e-05
11500 0 0 0.090739845866078639 24.935515103512351 0.0006415640136543595 6.8018731495489586e-05 0.00064156401365436579 6.80187314954896e-05 0.0006415640136543595 6.0481025569762898e-18 -9.7442670252213289e-18 -1.0427454666869781e-20 2.7922328838216824e-18 -4.0488731563063025e-17 50.000000000000057 49.999999999999972 50.000000000000057 5.6843418860808015e-14 -2.8421709430404007e-14 1.0000000000000038 1969.8656512464725 8030.1343487454815 0.027530550371813126 0 0 0.99658522417375794 5.4632706259321739e-18 1 6.0692336493722217e-14 -9.7527487049275073e-14 -7.5505960764581498e-17 0.33619868291251109 0.33255970270739404 0.0036389802051170483 6.8018731495489586e-05
12000 0 0 0.090512878925323642 24.935687450988016 0.00063965272181235424 6.8296662897558539e-05 0.00063965272181234817 6.829666289755858e-05 0.00063965272181235424 5.9627541619583305e-18 -8.9926330271236744e-18 -1.0479981176539495e-21 4.5570399342493694e-17 -2.5024477949362081e-17 50.000000000000057 49.999999999999964 50.000000000000057 5.6843418860808015e-14 -3.5527136788005009e-14 1.0000000000000002 1969.8656512464127 8030.1343487452077 0.027529780654884241 0 0 0.99657683499554395 5.4656455644332687e-18 1 5.9825408304253909e-14 -9.0102908635637406e-14 -3.2961291222036347e-17 0.33619271215983859 0.33256285919896755 0.0036298529608710384 6.8296662897558539e-05
12500 0 0 0.090298689844225261 24.935849926835996 0.00063986092069951849 6.8236953778580585e-05 0.00063986092069951046 6.8236953778580517e-05 0.00063986092069951849 9.872788350748545e-18 -8.1530268647505316e-18 -1.9460788206440941e-20 1.8072305142118415e-17 -4.2582698854350466e-17 50.000000000000064 49.999999999999972 50.000000000000064 6.3948846218409017e-14 -2.8421709430404007e-14 1.0000000000000022 1969.8656512463403 8030.1343487449212 0.027529662516235918 0 0 0.99656892551757326 5.4670306920890202e-18 1 9.8659470403254752e-14 -8.1761855078509808e-14 -2.056612451927661e-16 0.33618708638710487 0.3325658466816539 0.0036212397054509737 6.8236953778580585e-05
13000 0 0 0.090181350000724081 24.935938822903598 0.00064133299319087643 6.8013545391076228e-05 0.00064133299319088727 6.8013545391076174e-05 0.00064133299319087643 1.1706857271792187e-17 -1.059484531358142e-17 2.0808112709783933e-20 -1.0483601437251257e-17 -9.0391869394180068e-18 50.000000000000071 49.999999999999957 50.000000000000071 7.1054273576010019e-14 -4.2632564145606011e-14 1.0000000000000011 1969.8656512462694 8030.1343487446784 0.027530007116530822 0 0 0.99656459498735928 5.4668210940670228e-18 1 1.1703008343481321e-13 -1.0595493635236605e-13 1.8007872448658171e-16 0.33618401149970101 0.33256749035561267 0.003616521144088336 6.8013545391076228e-05
13500 0 0 0.090174263046661263 24.935944050971031 0.00064301370433062627 6.7926247361674587e-05 0.00064301370433063657 6.7926247361674533e-05 0.00064301370433062627 1.2337141941735086e-17 -1.0501010326058543e-17 -5.8934283603909234e-21 -9.5036295994102601e-18 2.4005827943753417e-17 50.000000000000071 49.99999999999995 50.000000000000071 7.1054273576010019e-14 -4.9737991503207013e-14 1.0000000000000029 1969.8656512462062 8030.1343487443892 0.027530503082727257 0 0 0.99656433273868084 5.4656604351262163e-18 1 1.2330072944882301e-13 -1.0484641584204459e-13 -9.4157017825332258e-17 0.33618383493399789 0.33256759875451586 0.0036162361794820352 6.7926247361674587e-05
14000 0 0 0.090240294777127167 24.93589383746593 0.00064413085285821041 6.7959048430890569e-05 0.00064413085285822157 6.7959048430890596e-05 0.00064413085285821041 7.4813581978850599e-18 -1.0966217083723955e-17 1.2821604885120897e-20 -2.9628972278518698e-17 3.1490713353281045e-17 50.000000000000078 49.999999999999943 50.000000000000078 7.815970093361102e-14 -5.6843418860808015e-14 1.0000000000000029 1969.8656512461348 8030.1343487440754 0.027530890019097521 0 0 0.99656676599083682 5.4649353456118702e-18 1 7.4443218516656584e-14 -1.0928152100690008e-13 1.1385851921885609e-16 0.33618557731634008 0.33256668579533344 0.0036188915210066397 6.7959048430890569e-05
14500 0 0 0.090325547593196692 24.935829103992766 0.00064441960887619168 6.7978113391105443e-05 0.00064441960887620241 6.7978113391105593e-05 0.00064441960887619168 3.950995346867022e-18 -1.0661111750364828e-17 1.2471916537503024e-20 -3.4929076562011832e-17 -2.757965597369624e-18 50.000000000000078 49.999999999999936 50.000000000000078 7.815970093361102e-14 -6.3948846218409017e-14 1.0000000000000031 1969.8656512460739 8030.1343487438044 0.027531047527313439 0 0 0.99656990598412765 5.464358409699993e-18 1 3.9295986222830055e-14 -1.0693740475921885e-13 9.0375727198602928e-17 0.33618782085185839 0.33256550104783256 0.0036223198040258309 6.7978113391105443e-05
15000 0 0 0.090387762061397425 24.935781910300978 0.00064405941806584246 6.7954688709720147e-05 0.00064405941806584474 6.7954688709720079e-05 0.00064405941806584246 1.9869251643315671e-18 -1.1929942710804449e-17 -1.3837345795989682e-20 -5.3979067240584927e-17 -3.8026690032688069e-17 50.000000000000071 49.999999999999929 50.000000000000071 7.1054273576010019e-14 -7.1054273576010019e-14 1.0000000000000031 1969.8656512460072 8030.1343487435361 0.027530993958680732 0 0 0.99657219537040576 5.4641358443162945e-18 1 1.9639454556085561e-14 -1.1909172106349294e-13 -1.0170609298289513e-16 0.33618945552803842 0.33256463388071489 0.0036248216473235284 6.7954688709720147e-05
15500 0 0 0.090409570848957357 24.93576540539485 0.00064343737108833526 6.793273891540331e-05 0.00064343737108832951 6.7932738915403473e-05 0.00064343737108833526 5.8729280119692756e-18 -8.4549175386702569e-18 1.7337247747146414e-20 -2.4238634262325259e-17 -2.4302409265519664e-17 50.000000000000071 49.999999999999929 50.000000000000071 7.1054273576010019e-14 -7.1054273576010019e-14 1.0000000000000027 1969.8656512459363 8030.1343487432441 0.02753082833073597 0 0 0.99657299580488534 5.4642564854726287e-18 1 5.8645796486173468e-14 -8.472707941720638e-14 1.7187443333974195e-16 0.33619002648476726 0.3325643278395034 0.0036256986452638529 6.793273891540331e-05
16000 0 0 0.090396643939515769 24.935775258732118 0.00064290730429818893 6.7931363595498799e-05 0.00064290730429820064 6.793136359549865e-05 0.00064290730429818893 5.9329006551406543e-18 -1.1585497101617454e-17 -1.3220457138284112e-20 -1.515938192705143e-17 6.4946419277682998e-18 50.000000000000071 49.999999999999936 50.000000000000071 7.1054273576010019e-14 -6.3948846218409017e-14 1.0000000000000018 1969.8656512458729 8030.1343487429076 0.027530660015877527 0 0 0.99657251770848143 5.4644906799967937e-18 1 5.9467025487897063e-14 -1.1629147418558348e-13 -1.644968647544865e-16 0.33618968422213591 0.33256450541772475 0.0036251788044111555 6.7931363595498799e-05
16500 0 0 0.090366964938241978 24.935797806344169 0.0006426544454393307 6.7935760259481637e-05 0.00064265444543931704 6.7935760259481637e-05 0.0006426544454393307 1.1143836504633528e-17 -1.3355186097659233e-17 -1.0343126078862943e-21 1.4079679970598027e-17 -9.4237207078513025e-18 50.000000000000078 49.999999999999922 50.000000000000078 7.815970093361102e-14 -7.815970093361102e-14 1.0000000000000011 1969.8656512457942 8030.1343487426866 0.02753055969493156 0 0 0.99657142426437373 5.46474115032728e-18 1 1.1152358335019922e-13 -1.3304427480858286e-13 7.3845208865322904e-18 0.33618890242861743 0.33256491711882114 0.003623985309796296 6.7935760259481637e-05
17000 0 0 0.090338910525392821 24.935819099871292 0.00064268187902898554 6.7934336710647961e-05 0.00064268187902899259 6.7934336710647866e-05 0.00064268187902898554 7.3061944948996545e-18 -1.2157755271289221e-17 8.3226347535219328e-21 -1.9987710329691611e-19 -1.7176969848850867e-17 50.000000000000078 49.999999999999922 50.000000000000078 7.815970093361102e-14 -7.815970093361102e-14 1.0000000000000002 1969.8656512457337 8030.1343487424165 0.027530544165520782 0 0 0.99657039209710951 5.4649067526673208e-18 1 7.3226960519562345e-14 -1.2168709773681123e-13 1.1904130924703095e-16 0.33618816447139438 0.33256530732106082 0.0036228571503335583 6.7934336710647961e-05
17500 0 0 0.090323500380450852 24.935830783561489 0.00064287630636518508 6.7930239084415292e-05 0.00064287630636518996 6.7930239084415292e-05 0.00064287630636518508 1.3130935141313868e-18 -4.9014449183458724e-18 4.5000607476221345e-21 -1.2037670580145667e-17 1.1638148813482332e-17 50.000000000000085 49.999999999999908 50.000000000000085 8.5265128291212022e-14 -9.2370555648813024e-14 1.0000000000000036 1969.8656512456682 8030.1343487421209 0.027530588999033781 0 0 0.99656982625526336 5.4649141522480718e-18 1 1.3232524855081207e-14 -4.8797991611102592e-14 1.0697302054682794e-16 0.33618775977373749 0.3325655223129349 0.0036222374608025909 6.7930239084415292e-05
18000 0 0 0.090322511694187063 24.935831518685486 0.00064309671710884215 6.7928668206395629e-05 0.00064309671710884898 6.7928668206395669e-05 0.00064309671710884215 -8.6899346225908917e-19 -6.9142716725787947e-18 1.3179267644987167e-20 -3.2518417141152743e-17 2.774752760666611e-17 50.000000000000085 49.999999999999908 50.000000000000085 8.5265128291212022e-14 -9.2370555648813024e-14 1.0000000000000022 1969.8656512456084 8030.1343487418417 0.027530653665082012 0 0 0.99656979134097357 5.4648238923908447e-18 1 -8.2516458984885802e-15 -6.8660592351489183e-14 1.3562438577074967e-16 0.33618773454278134 0.33256553683798434 0.0036221977047969922 6.7928668206395629e-05
18500 0 0 0.090331106061036295 24.935824984936723 0.00064324240178467132 6.7929311323686862e-05 0.00064324240178467371 6.7929311323686794e-05 0.00064324240178467132 -2.6344920169042043e-18 -9.3734319351594958e-18 1.0776075524540021e-20 6.4079542267763722e-18 -1.0721962977957602e-17 50.000000000000092 49.999999999999908 50.000000000000092 9.2370555648813024e-14 -9.2370555648813024e-14 1.0000000000000009 1969.8656512455311 8030.1343487415425 0.027530704173394736 0 0 0.99657010864351991 5.4647319070080385e-18 1 -2.7127334660164743e-14 -9.365006668489387e-14 1.2089990838912396e-16 0.33618796113004945 0.33256541781674004 0.003622543313309412 6.7929311323686862e-05
19000 0 0 0.090342239167789773 24.935816531614041 0.00064328010911196727 6.7929790917016131e-05 0.00064328010911196825 6.7929790917015901e-05 0.00064328010911196727 1.3512194835270259e-18 -1.4843166843226092e-17 -1.0389985839427265e-21 -7.5871916210105057e-19 -4.3981522527364228e-17 50.000000000000092 49.999999999999901 50.000000000000092 9.2370555648813024e-14 -9.9475983006414026e-14 1.0000000000000007 1969.8656512454666 8030.1343487412842 0.027530724763933156 0 0 0.99657051865691104 5.4646528763069349e-18 1 1.3559574476807406e-14 -1.4809469500872384e-13 -5.3884682165776356e-17 0.33618825412113967 0.33256526310926515 0.0036229910118745212 6.7929790917016131e-05
19500 0 0 0.090350379041282139 24.935810356129604 0.00064323347077191993 6.7929523846732939e-05 0.00064323347077190475 6.7929523846732898e-05 0.00064323347077191993 1.4797408090536808e-18 -1.5204802477859655e-17 -1.3138776604491538e-20 -2.3789883633903594e-18 -2.2722838377642636e-17 50.000000000000099 49.999999999999886 50.000000000000099 9.9475983006414026e-14 -1.1368683772161603e-13 1.000000000000004 1969.865651245394 8030.1343487409786 0.027530717796613726 0 0 0.99657081791039981 5.4646240650592378e-18 1 1.4691861005716475e-14 -1.5212634145461882e-13 -9.0333185634414758e-17 0.3361884680875481 0.33256514974533619 0.003623318342211912 6.7929523846732939e-05
20000 0 0 0.090353245492784826 24.93580818580681 0.00064315251158272261 6.7929212551271241e-05 0.00064315251158272239 6.79292125512712e-05 0.00064315251158272261 1.7453486572696015e-19 -1.7420361485821103e-17 -5.5584743670347112e-21 -1.2190407556300149e-17 -5.9056196330650328e-17 50.000000000000099 49.999999999999879 50.000000000000099 9.9475983006414026e-14 -1.2079226507921703e-13 1.0000000000000004 1969.8656512453242 8030.1343487406903 0.027530696181608728 0 0 0.99657092281477944 5.4646300351750198e-18 1 1.3470127137487223e-15 -1.7430779649174268e-13 -5.1032010563598021e-17 0.33618854322369751 0.3325651096129027 0.0036234336107948129 6.7929212551271241e-05
20500 0 0 0.090351570813069326 24.935809461631866 0.00064308325044717095 6.792918271866807e-05 0.00064308325044717485 6.7929182718668192e-05 0.00064308325044717095 -1.0491878633265853e-18 -2.135959052861348e-17 -4.8233137864978103e-21 -4.039718306015751e-17 -5.5340319939423606e-17 50.000000000000099 49.999999999999858 50.000000000000099 9.9475983006414026e-14 -1.4210854715202004e-13 1.000000000000004 1969.8656512452628 8030.1343487404311 0.027530674196445004 0 0 0.99657086064988931 5.4646610283863358e-18 1 -1.0441354787197608e-14 -2.1356548664379747e-13 -3.0787184828224483e-17 0.33618849894724079 0.33256513268146581 0.0036233662657749743 6.792918271866807e-05
21000 0 0 0.090347700614505283 24.935812401504268 0.00064305009042624434 6.7929210246339022e-05 0.00064305009042622428 6.7929210246339076e-05 0.00064305009042624434 -1.6212020875090771e-18 -2.0091049592255325e-17 -1.7682257497371917e-20 -2.2981306986837e-17 -1.6730351998412402e-17 50.000000000000099 49.999999999999858 50.000000000000099 9.9475983006414026e-14 -1.4210854715202004e-13 1.0000000000000018 1969.8656512451919 8030.13434874013 0.027530661077562798 0 0 0.99657071793363738 5.4646939384389302e-18 1 -1.6156943397260234e-14 -2.005359379455397e-13 -1.5752639391523597e-16 0.33618839703878622 0.33256518640663313 0.0036232106321530955 6.7929210246339022e-05
21500 0 0 0.090344035885705096 24.935815182934004 0.00064305361159185711 6.7929131753428567e-05 0.00064305361159187197 6.7929131753428581e-05 0.00064305361159185711 1.4276232106224381e-19 -1.4895823832241038e-17 3.2278911891501898e-22 -1.1093415801397669e-17 5.4241299862858074e-17 50.000000000000099 49.999999999999844 50.000000000000099 9.9475983006414026e-14 -1.5631940186722204e-13 1.0000000000000024 1969.865651245123 8030.1343487398244 0.027530659030339615 0 0 0.99657058305280899 5.4647119709029243e-18 1 1.520430904177338e-15 -1.4891385379492271e-13 5.6125108125413368e-18 0.33618830065564342 0.33256523739410881 0.0036230632615346092 6.7929131753428567e-05
22000 0 0 0.090342018938924365 24.935816712157258 0.00064307901134587927 6.7929025527175324e-05 0.00064307901134588036 6.792902552717531e-05 0.00064307901134587927 -7.6160323707447382e-19 -1.5560686419970337e-17 3.1418279586405024e-21 1.4596252461963299e-17 3.2046345889963158e-17 50.000000000000099 49.999999999999837 50.000000000000099 9.9475983006414026e-14 -1.6342482922482304e-13 1.0000000000000018 1969.8656512450625 8030.1343487395516 0.027530664874189759 0 0 0.99657050899305122 5.4647159372089613e-18 1 -7.2902295914313765e-15 -1.5600201186195909e-13 1.6387771701173375e-17 0.33618824768672323 0.33256526553290916 0.0036229821538140694 6.7929025527175324e-05
22500 0 0 0.090341885166894523 24.935816811755064 0.00064310781907576259 6.7928988847404761e-05 0.00064310781907578199 6.7928988847404734e-05 0.00064310781907576259 5.7910219588516388e-18 -1.926176503456566e-17 7.3008682235515004e-21 3.8867987632487355e-17 2.3500458689838399e-17 50.000000000000099 49.999999999999829 50.000000000000099 9.9475983006414026e-14 -1.7053025658242404e-13 1.0000000000000031 1969.8656512449925 8030.1343487392642 0.027530673318962858 0 0 0.99657050428420102 5.4647067450765104e-18 1 5.7602577195512585e-14 -1.9252674678434297e-13 9.6254126183535346e-17 0.33618824426230803 0.33256526748761878 0.0036229767746892572 6.7928988847404761e-05
23000 0 0 0.090343004744475264 24.93581596067779 0.00064312686933683846 6.7929010961759081e-05 0.00064312686933683174 6.7929010961759068e-05 0.00064312686933683846 7.1947656166253599e-18 -1.9142063693712777e-17 -5.5737981380282954e-21 3.5454920488682004e-17 -1.5469973012250308e-17 50.000000000000099 49.999999999999829 50.000000000000099 9.9475983006414026e-14 -1.7053025658242404e-13 1.0000000000000031 1969.8656512449325 8030.1343487390304 0.027530679922517034 0 0 0.99657054564359726 5.4646949707133617e-18 1 7.2246679033492528e-14 -1.9135890179990046e-13 -7.520821038079977e-17 0.33618827377240079 0.33256525197568315 0.0036230217967176404 6.7929010961759081e-05
23500 0 0 0.09034445816685184 24.935814857153819 0.00064313182391485401 6.7929039063370248e-05 0.00064313182391487428 6.7929039063370288e-05 0.00064313182391485401 4.0161992655229108e-18 -2.0411306650979096e-17 7.3225753048494893e-21 4.1652295954502395e-17 -6.0086860233712028e-17 50.000000000000099 49.999999999999815 50.000000000000099 9.9475983006414026e-14 -1.8474111129762605e-13 1.0000000000000002 1969.8656512448608 8030.1343487387594 0.027530682621093264 0 0 0.99657059918879742 5.4646851127338751e-18 1 4.0345873259244411e-14 -2.0428490240263496e-13 4.0752480070324306e-17 0.33618831201708571 0.33256523177349251 0.0036230802435932019 6.7929039063370248e-05
24000 0 0 0.090345522290594435 24.935814049864103 0.00064312575954657649 6.7929051721429975e-05 0.0006431257595465753 6.7929051721429961e-05 0.00064312575954657649 1.6529529481307147e-18 -2.0993832215224634e-17 -1.5953892137804191e-20 -9.9177182355810251e-19 -3.0153375358183554e-17 50.000000000000099 49.999999999999808 50.000000000000099 9.9475983006414026e-14 -1.9184653865522705e-13 1.0000000000000022 1969.8656512448006 8030.1343487384356 0.027530681718309084 0 0 0.9965706383203774 5.4646808046088257e-18 1 1.6691075790268301e-14 -2.0970540163234692e-13 -1.5640325154668511e-16 0.33618833998596365 0.3325652169505604 0.0036231230354032418 6.7929051721429975e-05
24500 0 0 0.090345898242569889 24.935813765221486 0.00064311519627108856 6.7929054762308179e-05 0.00064311519627109604 6.7929054762308179e-05 0.00064311519627108856 7.4037022172861025e-18 -2.0106201317620758e-17 1.0377600177840426e-20 -1.064188618837501e-17 -3.4473912623321942e-17 50.000000000000099 49.999999999999794 50.000000000000099 9.9475983006414026e-14 -2.0605739337042905e-13 1.000000000000002 1969.8656512447194 8030.1343487382283 0.027530678898158092 0 0 0.996570652083416 5.4646805362127409e-18 1 7.4234130114457865e-14 -2.0100854166011842e-13 1.3148579565855174e-16 0.3361883498394545 0.33256521168590536 0.0036231381535491436 6.7929054762308179e-05
25000 0 0 0.090345680774685133 24.935813930898913 0.0006431061440722994 6.7929053523526749e-05 0.00064310614407228107 6.7929053523526709e-05 0.0006431061440722994 6.4650487654445318e-18 -1.8068652043349588e-17 -6.5492975668204358e-21 -4.1427778013198147e-17 -7.5862832081313809e-17 50.000000000000107 49.999999999999794 50.000000000000107 1.0658141036401503e-13 -2.0605739337042905e-13 1.0000000000000031 1969.8656512446587 8030.1343487379308 0.02753067602567745 0 0 0.99657064401046924 5.4646848467534272e-18 1 6.4434623031983239e-14 -1.8070322392290186e-13 -8.1390552012219324e-17 0.33618834408962178 0.33256521468125166 0.0036231294083701182 6.7929053523526749e-05
25500 0 0 0.090345175822230589 24.935814314465894 0.00064310180023742925 6.7929047797470415e-05 0.00064310180023742589 6.7929047797470347e-05 0.00064310180023742925 3.8274884563911475e-18 -1.673077908856591e-17 1.0738027437812827e-20 -1.8411253623365954e-17 2.8383048478828396e-17 50.000000000000107 49.999999999999801 50.000000000000107 1.0658141036401503e-13 -1.9895196601282805e-13 1.0000000000000009 1969.865651244593 8030.1343487376453 0.027530674309011158 0 0 0.99657062538816688 5.4646891200252998e-18 1 3.8094419113060616e-14 -1.6725156822645568e-13 1.0096001731201769e-16 0.33618833079387123 0.33256522169132152 0.0036231091025497042 6.7929047797470415e-05
26000 0 0 0.090344697018991837 24.935814677859653 0.00064310224966934292 6.7929039346597005e-05 0.00064310224966934271 6.7929039346597018e-05 0.00064310224966934292 5.1893005951441698e-18 -2.2519833220476451e-17 1.8029283574918202e-21 8.3882394736788113e-18 3.8403601267825099e-17 50.000000000000107 49.999999999999801 50.000000000000107 1.0658141036401503e-13 -1.9895196601282805e-13 1.0000000000000009 1969.8656512445275 8030.1343487373369 0.027530674038272352 0 0 0.99657060776372619 5.4646915677941887e-18 1 5.2077754028009135e-14 -2.2496599445174836e-13 -2.5221158980401001e-19 0.33618831820179451 0.33256522835347252 0.003623089848321992 6.7929039346597005e-05
26500 0 0 0.090344433061373214 24.935814877985436 0.00064310556235870186 6.7929032779078191e-05 0.0006431055623587204 6.7929032779078191e-05 0.00064310556235870186 4.0230297392103948e-18 -2.644044380146354e-17 -1.7669876044579977e-21 2.700054630011444e-17 2.8661635454524405e-17 50.000000000000114 49.999999999999787 50.000000000000114 1.1368683772161603e-13 -2.1316282072803006e-13 1.0000000000000011 1969.8656512444643 8030.1343487370605 0.027530674799455791 0 0 0.99657059806998038 5.4646918371004957e-18 1 3.9978220390235722e-14 -2.645269935139122e-13 2.5840468755648466e-17 0.33618831127014204 0.33256523203637961 0.0036230792337624274 6.7929032779078191e-05
27000 0 0 0.090344415050920723 24.935814891400149 0.00064310932527394417 6.792903086597577e-05 0.0006431093252739755 6.7929030865975811e-05 0.00064310932527394417 8.9123695403038704e-18 -3.1233211004549102e-17 1.3772833872911268e-21 3.09335368339087e-17 7.4270187387782305e-18 50.000000000000114 49.99999999999978 50.000000000000114 1.1368683772161603e-13 -2.2026824808563106e-13 1.0000000000000002 1969.8656512443922 8030.1343487367358 0.027530675902006321 0 0 0.99657059743430343 5.464690739144949e-18 1 8.9093879850158368e-14 -3.1278275528107866e-13 4.7219436387363471e-17 0.33618831080894312 0.33256523229940227 0.0036230785095408558 6.792903086597577e-05
27500 0 0 0.090344560958685025 24.935814780482868 0.00064311181688493169 6.7929032696918909e-05 0.00064311181688490675 6.7929032696918882e-05 0.00064311181688493169 1.4834650435169883e-17 -2.7203524264000153e-17 -1.5197454809850541e-20 4.6815684765550042e-17 -9.9644766781944212e-18 50.000000000000114 49.999999999999773 50.000000000000114 1.1368683772161603e-13 -2.2737367544323206e-13 1.0000000000000016 1969.8656512443276 8030.1343487365193 0.02753067676530456 0 0 0.99657060282415877 5.4646888412344588e-18 1 1.4853613119888654e-13 -2.7203361633125994e-13 -1.3787632675526724e-16 0.33618831465492482 0.33256523027793478 0.0036230843769900489 6.7929032696918909e-05
28000 0 0 0.090344750743944741 24.935814636386315 0.00064311246826097572 6.7929035772182789e-05 0.00064311246826094775 6.7929035772182748e-05 0.00064311246826097572 1.6978172340287181e-17 -2.8446144636921982e-17 -7.9535131492429237e-21 2.1253416473784787e-17 -6.2168310683295937e-17 50.000000000000121 49.999999999999773 50.000000000000121 1.2079226507921703e-13 -2.2737367544323206e-13 1.0000000000000018 1969.8656512442612 8030.1343487362456 0.027530677119024082 0 0 0.99657060981599432 5.4646877942330673e-18 1 1.6996717616429136e-13 -2.8427915811207746e-13 -6.4276260678222844e-17 0.33618831964885604 0.33256522763997842 0.0036230920088776153 6.7929035772182789e-05
28500 0 0 0.090344889877414056 24.935814530833955 0.00064311167928936253 6.792903823526041e-05 0.00064311167928937782 6.7929038235260301e-05 0.00064311167928936253 1.4623550851176802e-17 -2.9238110955838245e-17 6.6189644930132514e-21 -1.8549867886951808e-17 -3.2758229349201807e-17 50.000000000000128 49.999999999999766 50.000000000000128 1.2789769243681803e-13 -2.3447910280083306e-13 1.0000000000000007 1969.8656512441946 8030.1343487359381 0.027530677002141103 0 0 0.99657061493254939 5.4646872751621248e-18 1 1.4640502352445432e-13 -2.9269103551845273e-13 8.4694333683904757e-17 0.33618832330573328 0.33256522570185515 0.0036230976038781337 6.792903823526041e-05
29000 0 0 0.090344939191297186 24.935814493497155 0.00064311030064070375 6.7929039381913942e-05 0.00064311030064073454 6.792903938191405e-05 0.00064311030064070375 1.3647015375428448e-17 -3.101026109081373e-17 -9.7095475346758011e-21 -2.6450538922680554e-17 2.3471194883689826e-18 50.000000000000128 49.999999999999751 50.000000000000128 1.2789769243681803e-13 -2.4868995751603507e-13 1.0000000000000002 1969.8656512441278 8030.134348735658 0.027530676634263861 0 0 0.99657061673802616 5.4646875611115019e-18 1 1.365977642438316e-13 -3.1024375370447369e-13 -1.2493203616083586e-16 0.33618832459818893 0.33256522501125313 0.0036230995869357963 6.7929039381913942e-05
29500 0 0 0.090344910950882873 24.935814515012876 0.00064310911758168072 6.7929039269515963e-05 0.00064310911758171205 6.7929039269516126e-05 0.00064310911758168072 1.7778758066475588e-17 -3.0911403536727503e-17 3.7269922856047983e-22 -1.0997521518891158e-17 1.5725742423084978e-17 50.000000000000135 49.99999999999973 50.000000000000135 1.3500311979441904e-13 -2.7000623958883807e-13 1.0000000000000002 1969.8656512440623 8030.1343487353797 0.027530676259002022 0 0 0.99657061568969985 5.4646881479744643e-18 1 1.7767048698858051e-13 -3.0952088224179075e-13 2.7755142565375497e-17 0.33618832385144554 0.33256522540016015 0.0036230984512853892 6.7929039269515963e-05
29999 0 0 0.090344841995683406 24.935814567392153 0.0006431085250619479 6.7929038321181575e-05 0.00064310852506192003 6.7929038321181548e-05 0.0006431085250619479 1.5434778021687936e-17 -2.8239436071730132e-17 2.0547876139931123e-21 6.3844728992914281e-19 -7.7387117013825382e-18 50.000000000000135 49.99999999999973 50.000000000000135 1.3500311979441904e-13 -2.7000623958883807e-13 1.0000000000000002 1969.8656512439911 8030.134348735105 0.027530676024777941 0 0 0.99657061314671991 5.4646887221724959e-18 1 1.5493427930566257e-13 -2.8225308239571896e-13 4.8103312730649881e-18 0.33618832203577831 0.33256522635741115 0.0036230956783671608 6.7929038321181575e-05
