# 1:passo  2:raio_area  3:raio_grad  4:raio_linha  5:p_in  6:p_out  7:delta_p  8:sigma  9:|u-v0|max  10:|u-v0|rms  11:Ca  12:massa_R  13:massa_B  14:|q|  15:sd_p_in  16:sd_p_out  17:sigma_2pontos  18:K_perfil  19:r_perfil  20:espessura_10_90  21:residuo_ajuste  22:n_camadas
0 25.04052139 25.08111096 25 0.3333333333 0.3333333333 -2.220446049e-16 -5.560112678e-15 0.005662353057 0.001101230396 0 1969.865651 8030.134349 1.254592893e-15 2.731879552e-08 0 -1.387778781e-15 1.273345395 25.01411833 3.451105388 0.08159937045 12
500 24.23051996 24.19126117 24.07937129 0.3563377793 0.3300499579 0.02628782137 0.6369675804 0.008603295556 0.005863743382 0.004502215298 1969.865651 8030.134349 2.944093175e-14 0.0005407705312 0.0005716475574 0.5929920142 1.282950759 24.19675126 3.4252672 0.1349006223 11
1000 23.99024247 23.94444392 23.83424853 0.3657449003 0.3266791632 0.03906573707 0.9371965046 0.006572276279 0.004503860575 0.00233756608 1969.865651 8030.134349 2.932661533e-14 9.178665682e-05 0.0002399332946 0.9150227411 1.296170171 23.95902381 3.390333502 0.1491264789 12
1500 23.91699836 23.86791398 23.7757292 0.3686193347 0.3254769606 0.04314237412 1.031836091 0.003322960193 0.002271786919 0.001073478053 1969.865651 8030.134349 1.947706291e-14 3.177931669e-05 0.000198716935 1.035306134 1.297578628 23.88233545 3.386653463 0.1668141599 12
2000 23.90902958 23.858467 23.7785099 0.3689329766 0.3253385676 0.04359440903 1.042300015 0.001185813916 0.0007672310968 0.0003792298758 1969.865651 8030.134349 2.376175764e-14 4.533118747e-05 0.0002677915239 1.049665373 1.279337409 23.88731066 3.434941498 0.1084453266 11
2500 23.91901543 23.86802646 23.79285605 0.3685414724 0.3255158074 0.04302566498 1.029131544 0.0002729326665 9.430767687e-05 8.84022611e-05 1969.865651 8030.134349 3.803405958e-14 2.875171313e-05 0.0001750744043 1.032160286 1.27901062 23.89745423 3.43581913 0.109872351 11
3000 23.9288439 23.87787789 23.80353019 0.3681564471 0.3256928481 0.04246359896 1.016104831 0.0002351886083 0.0001327083267 7.715365617e-05 1969.865651 8030.134349 3.831067586e-14 1.228910362e-05 7.592001626e-05 1.014454897 1.298058628 23.89303174 3.385401136 0.1742530703 12
3500 23.93438307 23.88354397 23.80872374 0.3679400099 0.3257935008 0.04214650904 1.008750692 0.0002204516654 0.0001224827474 7.284643176e-05 1969.865651 8030.134349 5.564317482e-14 3.102675289e-06 1.8226993e-05 1.004354053 1.298456372 23.89824998 3.384364118 0.1713812178 12
4000 23.93650244 23.88576217 23.81037339 0.367857375 0.3258321301 0.04202524489 1.005937377 0.0001821363904 6.939448339e-05 6.035378695e-05 1969.865651 8030.134349 2.788191194e-14 5.379377035e-07 3.930284056e-06 1.000465455 1.298417251 23.90047311 3.384466087 0.1708434945 12
4500 23.93688373 23.88619316 23.810462 0.3678425144 0.3258389954 0.04200351901 1.005433351 0.0001603695601 3.142282512e-05 5.316764158e-05 1969.865651 8030.134349 3.321061844e-14 1.082712462e-06 7.641955259e-06 0.9997644816 1.298400506 23.90089483 3.384509737 0.1706268762 12
5000 23.9366809 23.8860067 23.81013663 0.3678503899 0.3258351785 0.04201521137 1.005704708 0.0001534000328 1.981785191e-05 5.084329811e-05 1969.865651 8030.134349 3.050795073e-14 7.5853444e-07 5.227633132e-06 1.000139435 1.298396343 23.9006996 3.384520589 0.1705816122 12
5500 23.93642449 23.88575151 23.80985198 0.3678603529 0.325830418 0.04202993488 1.006046363 0.0001517369458 1.97203171e-05 5.027500104e-05 1969.865651 8030.134349 2.361825438e-14 3.709809919e-07 2.358439822e-06 1.000613196 1.298397031 23.90043956 3.384518795 0.1705974363 12
6000 23.93626594 23.88558997 23.80970026 0.367866515 0.3258274867 0.04203902829 1.006257361 0.0001515761216 1.984555894e-05 5.021118435e-05 1969.865651 8030.134349 5.249393966e-15 1.992364202e-07 6.202752909e-07 1.000906129 1.298398601 23.90027622 3.384514702 0.1706212394 12
6500 23.93619964 23.88552095 23.80964632 0.3678690928 0.3258262663 0.04204282655 1.00634549 0.0001518075917 1.970247605e-05 5.028345742e-05 1969.865651 8030.134349 2.759419207e-14 1.987491931e-07 1.033295333e-07 1.001028588 1.298399706 23.90020692 3.384511821 0.1706366931 12
7000 23.93618436 23.88550419 23.80963941 0.3678696875 0.3258259883 0.04204369922 1.006365736 0.0001520455157 1.962785395e-05 5.036125216e-05 1969.865651 8030.134349 2.510516232e-14 2.084206715e-07 2.542126506e-07 1.001056772 1.298400221 23.90019037 3.38451048 0.1706434434 12
7500 23.93618806 23.88550735 23.80964688 0.3678695443 0.325826059 0.04204348527 1.00636077 0.0001521834354 1.960997668e-05 5.040718329e-05 1969.865651 8030.134349 2.326685799e-14 2.082927973e-07 2.075398478e-07 1.001049909 1.29840037 23.90019376 3.384510092 0.1706451652 12
8000 23.93619476 23.88551397 23.80965461 0.3678692841 0.3258261838 0.04204310031 1.006351837 0.000152236286 1.960568558e-05 5.042513641e-05 1969.865651 8030.134349 2.19034714e-14 2.053498143e-07 1.362559698e-07 1.001037514 1.298400365 23.90020053 3.384510104 0.1706449233 12
8500 23.93619929 23.88551857 23.80965906 0.367869108 0.3258262677 0.04204284029 1.006345804 0.0001522451998 1.960351418e-05 5.042839123e-05 1969.865651 8030.134349 2.124339594e-14 2.038300038e-07 9.184093868e-08 1.001029135 1.298193564 23.90069317 3.385049254 0.1718670363 12
9000 23.93620134 23.88552069 23.80966079 0.3678690284 0.3258263054 0.04204272296 1.006343082 0.0001522395526 1.960244877e-05 5.042665714e-05 1969.865651 8030.134349 3.397366695e-14 2.013338705e-07 7.022610481e-08 1.001025352 1.298193533 23.9006953 3.385049335 0.1718665981 12
9500 23.9362019 23.88552129 23.80966112 0.3678690066 0.3258263157 0.04204269096 1.006342339 0.0001522328228 1.960215971e-05 5.042446522e-05 1969.865651 8030.134349 1.705687018e-14 2.01960649e-07 6.503334384e-08 1.001024319 1.298193517 23.9006959 3.385049376 0.1718663919 12
10000 23.93620185 23.88552127 23.80966096 0.3678690083 0.3258263148 0.04204269347 1.006342397 0.0001522287412 1.960219512e-05 5.042311033e-05 1969.865651 8030.134349 1.451091881e-14 2.025807217e-07 6.029424464e-08 1.001024399 1.298193512 23.90069587 3.385049389 0.171866331 12
10500 23.93620168 23.8855211 23.80966075 0.3678690149 0.3258263116 0.04204270328 1.006342625 0.0001522270654 1.960228885e-05 5.042254386e-05 1969.865651 8030.134349 5.213092467e-15 2.018746161e-07 7.191495732e-08 1.001024715 1.298193512 23.9006957 3.38504939 0.1718663318 12
11000 23.93620156 23.88552097 23.80966062 0.3678690198 0.3258263092 0.04204271061 1.006342795 0.0001522266971 1.960235366e-05 5.042241332e-05 1969.865651 8030.134349 3.745223675e-14 2.024424582e-07 6.773087961e-08 1.001024951 1.298193513 23.90069557 3.385049387 0.1718663471 12
11500 23.93620149 23.88552091 23.80966057 0.3678690223 0.3258263081 0.04204271418 1.006342878 0.0001522268049 1.960238306e-05 5.042244491e-05 1969.865651 8030.134349 1.635948089e-14 2.0182613e-07 7.653831665e-08 1.001025066 1.298193513 23.9006955 3.385049385 0.1718663594 12
12000 23.93620147 23.88552089 23.80966056 0.367869023 0.3258263077 0.04204271528 1.006342904 0.0001522269817 1.960239119e-05 5.042250216e-05 1969.865651 8030.134349 3.755402709e-14 2.019256771e-07 7.025208075e-08 1.001025102 1.298400276 23.9002075 3.384510336 0.1706436383 12
12500 23.93620147 23.88552089 23.80966056 0.367869023 0.3258263077 0.04204271532 1.006342904 0.0001522270987 1.960239065e-05 5.042254089e-05 1969.865651 8030.134349 1.548624362e-14 2.014546078e-07 6.994099846e-08 1.001025103 1.298400276 23.9002075 3.384510335 0.1706436403 12
13000 23.93620148 23.88552089 23.80966056 0.3678690229 0.3258263078 0.04204271508 1.006342899 0.0001522271507 1.960238825e-05 5.042255839e-05 1969.865651 8030.134349 2.610614107e-14 2.023632945e-07 7.38301883e-08 1.001025095 1.298400276 23.9002075 3.384510335 0.1706436405 12
13500 23.93620148 23.88552089 23.80966057 0.3678690227 0.3258263079 0.04204271487 1.006342894 0.0001522271644 1.960238642e-05 5.042256317e-05 1969.865651 8030.134349 3.54545874e-14 2.014345549e-07 6.005178265e-08 1.001025088 1.298400276 23.9002075 3.384510335 0.1706436401 12
14000 23.93620148 23.8855209 23.80966057 0.3678690227 0.3258263079 0.04204271477 1.006342892 0.000152227163 1.960238553e-05 5.04225628e-05 1969.865651 8030.134349 3.627002849e-14 2.023982537e-07 6.793689181e-08 1.001025085 1.298193514 23.90069549 3.385049384 0.1718663671 12
14500 23.93620148 23.8855209 23.80966057 0.3678690226 0.3258263079 0.04204271473 1.006342891 0.0001522271584 1.960238525e-05 5.042256135e-05 1969.865651 8030.134349 2.428141496e-14 2.024655343e-07 6.03725644e-08 1.001025084 1.298400276 23.90020751 3.384510336 0.1706436396 12
15000 23.93620148 23.8855209 23.80966057 0.3678690226 0.3258263079 0.04204271471 1.00634289 0.0001522271551 1.960238524e-05 5.042256028e-05 1969.865651 8030.134349 1.078041494e-14 2.026332903e-07 5.587679562e-08 1.001025084 1.298400276 23.90020751 3.384510336 0.1706436395 12
15500 23.93620148 23.8855209 23.80966057 0.3678690226 0.3258263079 0.04204271471 1.00634289 0.0001522271535 1.96023853e-05 5.042255975e-05 1969.865651 8030.134349 2.425891899e-14 2.024585612e-07 6.280952694e-08 1.001025084 1.298400276 23.90020751 3.384510336 0.1706436395 12
16000 23.93620148 23.8855209 23.80966057 0.3678690227 0.3258263079 0.04204271472 1.00634289 0.0001522271531 1.960238535e-05 5.042255958e-05 1969.865651 8030.134349 3.393437933e-14 2.023290098e-07 6.877513739e-08 1.001025084 1.298400276 23.90020751 3.384510336 0.1706436395 12
16500 23.93620148 23.8855209 23.80966057 0.3678690227 0.3258263079 0.04204271474 1.006342891 0.000152227153 1.960238537e-05 5.042255955e-05 1969.865651 8030.134349 3.254336218e-14 2.026274972e-07 6.553881569e-08 1.001025084 1.298400276 23.90020751 3.384510336 0.1706436395 12
17000 23.93620148 23.8855209 23.80966057 0.3678690227 0.3258263079 0.04204271474 1.006342891 0.0001522271532 1.960238538e-05 5.042255959e-05 1969.865651 8030.134349 5.740883947e-15 2.030426752e-07 6.730751738e-08 1.001025084 1.298400276 23.90020751 3.384510336 0.1706436395 12
17500 23.93620148 23.8855209 23.80966057 0.3678690227 0.3258263079 0.04204271474 1.006342891 0.0001522271533 1.960238538e-05 5.042255962e-05 1969.865651 8030.134349 5.941536861e-15 2.03051346e-07 7.185429864e-08 1.001025084 1.298400276 23.90020751 3.384510336 0.1706436395 12
18000 23.93620148 23.8855209 23.80966057 0.3678690227 0.3258263079 0.04204271472 1.00634289 0.0001522271533 1.960238538e-05 5.042255966e-05 1969.865651 8030.134349 2.353875226e-14 2.016230477e-07 6.644905147e-08 1.001025084 1.298400276 23.90020751 3.384510336 0.1706436395 12
18500 23.93620148 23.8855209 23.80966057 0.3678690227 0.3258263079 0.04204271472 1.00634289 0.0001522271533 1.960238538e-05 5.042255966e-05 1969.865651 8030.134349 2.637429825e-14 2.01773877e-07 6.950223223e-08 1.001025084 1.298400276 23.90020751 3.384510336 0.1706436395 12
19000 23.93620148 23.8855209 23.80966057 0.3678690227 0.3258263079 0.04204271474 1.006342891 0.0001522271533 1.960238538e-05 5.042255964e-05 1969.865651 8030.134349 3.69770856e-14 2.015124049e-07 6.1823743e-08 1.001025084 1.298400276 23.90020751 3.384510336 0.1706436395 12
19500 23.93620148 23.8855209 23.80966057 0.3678690227 0.3258263079 0.04204271474 1.006342891 0.0001522271533 1.960238538e-05 5.042255964e-05 1969.865651 8030.134349 6.235348956e-14 2.019771742e-07 6.644356174e-08 1.001025084 1.298400276 23.90020751 3.384510336 0.1706436395 12
20000 23.93620148 23.8855209 23.80966057 0.3678690227 0.3258263079 0.04204271474 1.006342891 0.0001522271533 1.960238538e-05 5.042255964e-05 1969.865651 8030.134349 4.212478094e-14 2.041900402e-07 6.975140005e-08 1.001025084 1.298400276 23.90020751 3.384510336 0.1706436395 12
20500 23.93620148 23.8855209 23.80966057 0.3678690227 0.3258263079 0.04204271474 1.006342891 0.0001522271533 1.960238538e-05 5.042255964e-05 1969.865651 8030.134349 3.322949666e-14 2.030999154e-07 6.473635349e-08 1.001025084 1.298400276 23.90020751 3.384510336 0.1706436395 12
21000 23.93620148 23.8855209 23.80966057 0.3678690227 0.3258263079 0.04204271474 1.006342891 0.0001522271533 1.960238538e-05 5.042255964e-05 1969.865651 8030.134349 5.490060284e-14 2.019213588e-07 6.919120856e-08 1.001025084 1.298400276 23.90020751 3.384510336 0.1706436395 12
21500 23.93620148 23.8855209 23.80966057 0.3678690227 0.3258263079 0.04204271472 1.00634289 0.0001522271533 1.960238538e-05 5.042255966e-05 1969.865651 8030.134349 2.020288883e-13 2.011502624e-07 6.559847108e-08 1.001025084 1.298400276 23.90020751 3.384510336 0.1706436395 12
22000 23.93620148 23.8855209 23.80966057 0.3678690227 0.3258263079 0.04204271474 1.006342891 0.0001522271533 1.960238538e-05 5.042255964e-05 1969.865651 8030.134349 2.453363056e-13 2.021200626e-07 6.859786815e-08 1.001025084 1.298193514 23.90069549 3.385049384 0.1718663668 12
22500 23.93620148 23.8855209 23.80966057 0.3678690227 0.3258263079 0.04204271472 1.00634289 0.0001522271533 1.960238538e-05 5.042255966e-05 1969.865651 8030.134349 1.43457093e-13 2.025445991e-07 6.887795429e-08 1.001025084 1.298400276 23.90020751 3.384510336 0.1706436395 12
23000 23.93620148 23.8855209 23.80966057 0.3678690227 0.3258263079 0.04204271472 1.00634289 0.0001522271533 1.960238538e-05 5.042255966e-05 1969.865651 8030.134349 2.080518407e-13 2.031527512e-07 6.559792186e-08 1.001025084 1.298400276 23.90020751 3.384510336 0.1706436395 12
23500 23.93620148 23.8855209 23.80966057 0.3678690227 0.3258263079 0.04204271472 1.00634289 0.0001522271533 1.960238538e-05 5.042255966e-05 1969.865651 8030.134349 1.43145039e-13 2.026497578e-07 6.761363818e-08 1.001025084 1.298400276 23.90020751 3.384510336 0.1706436395 12
24000 23.93620148 23.8855209 23.80966057 0.3678690227 0.3258263079 0.04204271472 1.00634289 0.0001522271533 1.960238538e-05 5.042255966e-05 1969.865651 8030.134349 1.934256704e-13 2.032254018e-07 6.34658565e-08 1.001025084 1.298400276 23.90020751 3.384510336 0.1706436395 12
24500 23.93620148 23.8855209 23.80966057 0.3678690227 0.3258263079 0.04204271474 1.006342891 0.0001522271533 1.960238538e-05 5.042255964e-05 1969.865651 8030.134349 3.558950889e-13 2.026619332e-07 6.535587669e-08 1.001025084 1.298400276 23.90020751 3.384510336 0.1706436395 12
25000 23.93620148 23.8855209 23.80966057 0.3678690227 0.3258263079 0.04204271474 1.006342891 0.0001522271533 1.960238538e-05 5.042255964e-05 1969.865651 8030.134349 5.88082498e-13 2.011775648e-07 6.611761571e-08 1.001025084 1.298193514 23.90069549 3.385049384 0.1718663668 12
25500 23.93620148 23.8855209 23.80966057 0.3678690227 0.3258263079 0.04204271472 1.00634289 0.0001522271533 1.960238538e-05 5.042255966e-05 1969.865651 8030.134349 7.758795207e-13 2.021863946e-07 6.783681057e-08 1.001025084 1.298400276 23.90020751 3.384510336 0.1706436395 12
26000 23.93620148 23.8855209 23.80966057 0.3678690227 0.3258263079 0.04204271472 1.00634289 0.0001522271533 1.960238538e-05 5.042255966e-05 1969.865651 8030.134349 9.633141508e-13 2.024208485e-07 6.866392709e-08 1.001025084 1.298400276 23.90020751 3.384510336 0.1706436395 12
26500 23.93620148 23.8855209 23.80966057 0.3678690227 0.3258263079 0.04204271472 1.00634289 0.0001522271533 1.960238538e-05 5.042255966e-05 1969.865651 8030.134349 1.015171665e-12 2.031543418e-07 7.146491659e-08 1.001025084 1.298400276 23.90020751 3.384510336 0.1706436395 12
27000 23.93620148 23.8855209 23.80966057 0.3678690227 0.3258263079 0.04204271472 1.00634289 0.0001522271533 1.960238538e-05 5.042255966e-05 1969.865651 8030.134349 9.384597139e-13 2.021066782e-07 7.52474842e-08 1.001025084 1.298400276 23.90020751 3.384510336 0.1706436395 12
27500 23.93620148 23.8855209 23.80966057 0.3678690227 0.3258263079 0.04204271472 1.00634289 0.0001522271533 1.960238538e-05 5.042255966e-05 1969.865651 8030.134349 9.203984216e-13 2.029136147e-07 7.488720683e-08 1.001025084 1.298400276 23.90020751 3.384510336 0.1706436395 12
28000 23.93620148 23.8855209 23.80966057 0.3678690227 0.3258263079 0.04204271472 1.00634289 0.0001522271533 1.960238538e-05 5.042255966e-05 1969.865651 8030.134349 8.389373671e-13 2.030789039e-07 7.369319154e-08 1.001025084 1.298400276 23.90020751 3.384510336 0.1706436395 12
28500 23.93620148 23.8855209 23.80966057 0.3678690227 0.3258263079 0.04204271472 1.00634289 0.0001522271533 1.960238538e-05 5.042255966e-05 1969.865651 8030.134349 8.060347002e-13 2.016261325e-07 7.076737259e-08 1.001025084 1.298400276 23.90020751 3.384510336 0.1706436395 12
29000 23.93620148 23.8855209 23.80966057 0.3678690227 0.3258263079 0.04204271472 1.00634289 0.0001522271533 1.960238538e-05 5.042255966e-05 1969.865651 8030.134349 7.655068209e-13 2.023703308e-07 6.48895623e-08 1.001025084 1.298400276 23.90020751 3.384510336 0.1706436395 12
29500 23.93620148 23.8855209 23.80966057 0.3678690227 0.3258263079 0.04204271472 1.00634289 0.0001522271533 1.960238538e-05 5.042255966e-05 1969.865651 8030.134349 6.630347384e-13 2.020960683e-07 6.335905269e-08 1.001025084 1.298400276 23.90020751 3.384510336 0.1706436395 12
29999 23.93620148 23.8855209 23.80966057 0.3678690227 0.3258263079 0.04204271472 1.00634289 0.0001522271533 1.960238538e-05 5.042255966e-05 1969.865651 8030.134349 6.113769867e-13 2.02733937e-07 6.585954781e-08 1.001025084 1.298400276 23.90020751 3.384510336 0.1706436395 12
