# 1:passo  2:R0  3:|a2|/R0  4:|a4|/R0  5:|a8|/R0  6:rmin  7:rmax
0 24.99530979 9.196997287e-17 9.52226216e-05 8.27724819e-05 24.98429581 25.00965244
500 23.29607961 5.703955462e-13 0.005802601889 0.003853317589 22.18604148 24.43259592
1000 22.99899782 1.23361131e-13 0.004582513704 0.003709447978 22.06639723 23.95779791
1500 22.94445708 5.007190343e-14 0.003810331225 0.003490709904 22.05236006 23.82997281
2000 22.94864271 1.515108956e-12 0.003601922629 0.003450154759 22.05859333 23.8366406
2500 22.95723131 1.357267254e-11 0.003577051591 0.003435580045 22.06363987 23.85418621
3000 22.9618227 1.238146486e-10 0.003588212488 0.003433036458 22.06584289 23.86384596
3500 22.9635081 1.136411762e-09 0.003597752911 0.003433676192 22.06653382 23.86749092
4000 22.9639498 1.043838741e-08 0.003601943765 0.003434332569 22.06666135 23.86852466
4500 22.96400665 9.567334448e-08 0.003603166633 0.003434548613 22.06652919 23.86908827
5000 22.96399572 8.585931666e-07 0.003602517654 0.00343371453 22.06530588 23.87292256
5500 22.96401437 5.991594737e-06 0.003597708098 0.003427145553 22.05435161 23.90747033
6000 22.95969299 0.0001556266199 0.003765698407 0.003305447005 21.93617597 23.92795482
6500 22.9425152 0.001552741332 0.003921205374 0.002550274582 21.78472048 24.02307076
7000 22.94520169 0.0004588189632 0.00406306848 0.00268756765 21.81566881 23.933797
7500 22.95907651 0.0002298134306 0.003709215343 0.00346675441 21.92200037 23.96154237
8000 22.9454273 0.001030978987 0.003764195389 0.002854743103 21.8640974 23.9831205
8500 22.9368575 0.001952281568 0.004072797191 0.002055615471 21.76154342 23.94365021
9000 22.9348597 0.0003598667717 0.004131890181 0.002142667435 21.83135611 23.94844246
9500 22.93847791 0.0004828929401 0.004114795844 0.002381789351 21.82836479 24.05245829
10000 22.93958314 0.0008663228468 0.00403261132 0.002442618793 21.81623415 23.97279858
10500 22.94634217 0.0009807084434 0.003853338817 0.002689968759 21.90872378 23.97450189
11000 22.94549767 0.0004884712438 0.003889454455 0.002928752801 21.84478503 23.98109142
11500 22.94381611 0.0007135873731 0.004020382657 0.002565120464 21.78887454 23.99519348
12000 22.94535117 0.001615150844 0.003873113545 0.003110859879 21.80144537 24.02584635
12500 22.93008396 0.001396376534 0.004142391322 0.001632447598 21.77388199 23.95308249
13000 22.94021646 0.001256557451 0.004064005183 0.002562122096 21.72784835 23.96103439
13500 22.93823773 0.0007499667164 0.003709824468 0.002310015088 21.87824746 23.92765463
14000 22.94639057 0.0002351718107 0.004026102724 0.002857561413 21.85297671 23.97356873
14500 22.95146964 0.0007623093218 0.003886617389 0.003273745253 21.92429017 23.99505764
15000 22.93932351 0.001311558268 0.003996932965 0.002403613463 21.77609279 23.97077484
15500 22.96343422 0.0001128777973 0.003600965117 0.003423184786 22.02426322 23.97710929
16000 22.94809098 0.0007711411521 0.003946291761 0.0029265053 21.92823803 24.0355251
16500 22.93966299 0.001610248605 0.00396839671 0.002375456772 21.76025469 24.01191565
17000 22.95027137 0.0005722972927 0.003966256737 0.002734758476 21.87860706 23.94490663
17500 22.9388804 0.001155723194 0.004064261084 0.002286062464 21.78316599 23.92169772
18000 22.94927306 0.0007150753338 0.00380663556 0.002989514125 21.9269233 23.96810219
18500 22.94957046 0.0001794083605 0.003755594146 0.003062177097 21.96919808 24.01967744
19000 22.96037629 0.0002503617828 0.003670929699 0.00348562781 22.0242672 23.87486801
19500 22.94198271 0.001443222619 0.003963003531 0.002584939826 21.75652202 23.96856696
20000 22.94091958 0.001565574201 0.003907948995 0.002589325856 21.7743454 23.97470308
20500 22.94064747 0.001668130512 0.003931426508 0.002534480184 21.74704678 24.02379149
21000 22.94812934 0.001197360158 0.003888168081 0.002903239566 21.76197876 23.96983217
21500 22.94310971 0.000350428165 0.004013941405 0.002560744869 21.86363286 24.02143627
22000 22.94273578 0.001061246238 0.003846659556 0.002625349667 21.85377816 23.95214419
22500 22.93262533 0.0005163403766 0.004206724367 0.001846187081 21.83239752 23.98310255
23000 22.94725429 0.0009491746327 0.004003160107 0.003021212151 21.90133564 23.97733179
23500 22.9630457 0.0002212792298 0.003631224358 0.00343692892 22.04224289 23.96576965
24000 22.94819636 0.000429493713 0.003968369745 0.003113614986 21.91299471 23.98259929
24500 22.94784149 0.0005430740343 0.003844681615 0.002900715883 21.94901022 24.02536867
25000 22.94892042 0.0004253076485 0.003987494082 0.003188581261 21.93654204 23.97030214
25500 22.94838775 0.0006613980327 0.00407083941 0.00284428119 21.8868477 23.89783625
26000 22.94116652 0.001037553118 0.00399152551 0.002425979606 21.82584406 23.99302349
26500 22.95558912 0.0007293401574 0.00367217385 0.003118455632 21.96310329 23.94705798
27000 22.93948916 0.0009606083726 0.003994472818 0.00239256279 21.84344219 23.9785616
27500 22.94001745 0.001534827989 0.003926846034 0.002281122393 21.80975732 24.00905462
28000 22.94983833 0.0006390663804 0.003897879894 0.002696856015 21.87754609 23.94300032
28500 22.95273173 0.001642567797 0.003565257006 0.002811872459 21.90624012 23.96013086
29000 22.94039454 0.001412167107 0.003952039114 0.002438709777 21.75334208 24.03201594
29500 22.94682894 0.000924560014 0.003821785444 0.002891942873 21.83656486 23.98817815
29999 22.95295884 0.001296390419 0.003571911992 0.002869554665 21.91666232 24.00476325
