# 1:passo  2:R0  3:|a2|/R0  4:|a4|/R0  5:|a8|/R0  6:rmin  7:rmax
0 29.99612757 1.216230956e-17 8.069068207e-05 6.027722818e-05 29.98418985 30.00871216
500 29.82998175 2.092170718e-16 0.0006244261246 6.464609858e-05 29.80402298 29.85439954
1000 29.90054229 1.342774424e-16 0.0007957192049 7.143077614e-05 29.87046466 29.93029797
1500 29.8926435 1.170202105e-16 0.0006403876217 7.112548916e-05 29.86707971 29.91775844
2000 29.86266297 5.186774124e-17 0.0006305634424 6.959187579e-05 29.83684134 29.88738846
2500 29.90593016 1.66441622e-17 0.0007260384563 7.14003933e-05 29.87807279 29.9336146
3000 29.86818115 2.319435473e-16 0.0006209284499 7.002134203e-05 29.8427383 29.89264613
3500 29.89099344 1.153845391e-16 0.0006941810182 7.144747927e-05 29.86376401 29.91769346
4000 29.88414112 2.358816736e-16 0.0006672717469 7.107709979e-05 29.8575934 29.9100325
4500 29.87918553 2.070478369e-16 0.0006542170985 7.095644774e-05 29.85292815 29.90466586
5000 29.88989887 1.652708783e-16 0.0006910882327 7.132053231e-05 29.86274711 29.91651158
5500 29.87889425 1.064423074e-16 0.0006497267796 7.08853178e-05 29.85276912 29.90424399
6000 29.88671414 1.312851508e-16 0.0006809432033 7.127519482e-05 29.85980087 29.91301208
6500 29.88326666 1.009130948e-16 0.0006661999829 7.108936199e-05 29.85673103 29.90912021
7000 29.88292688 1.334535242e-16 0.0006657123219 7.112024198e-05 29.85639672 29.9087617
7500 29.88553985 1.541483809e-16 0.0006759780662 7.120025149e-05 29.85875436 29.91168914
8000 29.88229783 2.172430471e-16 0.0006625995825 7.107202233e-05 29.85585001 29.90803964
8500 29.88494283 1.586901042e-16 0.0006738114844 7.119210322e-05 29.85820972 29.91102505
9000 29.88348372 1.219903404e-16 0.0006674490986 7.111723342e-05 29.85691377 29.90937371
9500 29.88374765 2.091230259e-17 0.0006687559005 7.114369155e-05 29.85714279 29.90967618
10000 29.88431944 3.665229689e-17 0.0006710816249 7.115664105e-05 29.85765658 29.91031951
10500 29.88339499 1.968762659e-16 0.000667163019 7.112256087e-05 29.85683139 29.90927557
11000 29.88425881 1.407290384e-17 0.0006708848905 7.115946096e-05 29.85760037 29.91025248
11500 29.88369827 1.678764659e-16 0.0006684334025 7.11323112e-05 29.85710264 29.90961772
12000 29.88389497 1.202176573e-16 0.0006693240414 7.11452738e-05 29.8572762 29.90984114
12500 29.88398885 1.26557515e-16 0.0006696984329 7.114538577e-05 29.85736089 29.90994669
13000 29.8837399 2.012909376e-16 0.0006686373065 7.11370355e-05 29.8571388 29.90966533
13500 29.88401058 1.946988979e-16 0.0006698073476 7.114801933e-05 29.85737968 29.9099716
14000 29.88380924 1.191923456e-16 0.0006689279201 7.113874943e-05 29.85720084 29.90974359
14500 29.88390487 1.178364094e-16 0.0006693528239 7.114411686e-05 29.85728551 29.90985203
15000 29.88390553 1.339779545e-16 0.0006693465595 7.11428839e-05 29.85728644 29.9098526
15500 29.88384411 9.138699656e-17 0.0006690857325 7.114112373e-05 29.8572316 29.90978319
16000 29.88392514 2.161088869e-16 0.0006694355966 7.114423671e-05 29.85730374 29.90987487
16500 29.88385658 7.153251361e-17 0.0006691368272 7.114122286e-05 29.8572428 29.90979724
17000 29.88389619 1.787116838e-16 0.0006693114338 7.114325071e-05 29.85727793 29.90984213
17500 29.88388707 1.451218224e-16 0.0006692691123 7.114247176e-05 29.85726993 29.90983176
18000 29.88387408 2.541509374e-16 0.0006692146584 7.11422213e-05 29.8572583 29.90981709
18500 29.88389708 1.098174956e-16 0.0006693136732 7.114304658e-05 29.85727879 29.90984311
19000 29.8838748 1.199946512e-16 0.000669216854 7.114211066e-05 29.85725898 29.90981789
19500 29.88388978 7.991269532e-17 0.0006692825409 7.114282936e-05 29.85727227 29.90983486
20000 29.88388403 9.018588013e-17 0.0006692567467 7.114246913e-05 29.85726719 29.90982833
20500 29.88388217 2.368310578e-17 0.0006692493554 7.114249181e-05 29.85726551 29.90982624
21000 29.88388828 6.125591809e-17 0.0006692754917 7.114268985e-05 29.85727096 29.90983315
21500 29.88388136 1.624898283e-16 0.000669245513 7.114241285e-05 29.8572648 29.90982532
22000 29.88388667 9.753596353e-17 0.0006692687167 7.114265478e-05 29.85726952 29.90983133
22500 29.88388401 5.137851169e-17 0.0006692569305 7.114250938e-05 29.85726716 29.90982831
23000 29.88388417 1.232700564e-16 0.0006692578664 7.114254901e-05 29.8572673 29.9098285
23500 29.88388564 1.657349688e-17 0.000669264089 7.114258854e-05 29.85726861 29.90983016
24000 29.88388359 1.369355039e-16 0.0006692552445 7.114251102e-05 29.85726678 29.90982784
24500 29.88388538 7.658081922e-17 0.0006692630327 7.114258878e-05 29.85726837 29.90982987
25000 29.8838843 1.322576709e-16 0.0006692583055 7.114253475e-05 29.85726742 29.90982865
25500 29.8838846 1.675940635e-16 0.0006692596424 7.114255716e-05 29.85726768 29.90982898
26000 29.88388489 1.466946635e-16 0.0006692608631 7.114256166e-05 29.85726794 29.90982931
26500 29.88388432 1.527980598e-16 0.0006692583977 7.11425415e-05 29.85726743 29.90982866
27000 29.88388489 1.269156735e-16 0.000669260894 7.114256538e-05 29.85726794 29.90982932
27500 29.88388449 2.963282273e-17 0.0006692591449 7.114254648e-05 29.85726759 29.90982886
28000 29.88388466 1.138796937e-16 0.0006692598836 7.114255643e-05 29.85726773 29.90982905
28500 29.88388469 1.061405974e-16 0.0006692600116 7.114255521e-05 29.85726776 29.90982909
29000 29.88388454 4.176185681e-16 0.0006692593741 7.114255053e-05 29.85726763 29.90982892
29500 29.88388472 8.387584982e-17 0.0006692601385 7.114255751e-05 29.85726779 29.90982912
29999 29.88388458 3.645103055e-17 0.0006692595337 7.114255125e-05 29.85726766 29.90982896
