# 1:passo  2:R0  3:|a2|/R0  4:|a4|/R0  5:|a8|/R0  6:rmin  7:rmax
0 24.99530979 1.096091932e-16 9.52226216e-05 8.27724819e-05 24.98429581 25.00965244
500 24.6918281 1.286561874e-16 0.000389500767 2.505535929e-05 24.67864168 24.70489419
1000 24.52823016 4.06566892e-17 7.506885989e-05 1.98374758e-05 24.52085881 24.5353682
1500 24.44111858 1.388547317e-16 0.0003269118539 1.015075226e-05 24.42820838 24.45425113
2000 24.41604519 1.221771461e-16 0.0005073507695 1.313828906e-07 24.39830762 24.43300865
2500 24.4267894 5.131388024e-17 0.0005290107177 1.476643032e-06 24.40854798 24.44416332
3000 24.45114216 2.933113501e-16 0.0004168247065 2.543270306e-06 24.43591027 24.46604247
3500 24.47302004 1.073735476e-16 0.0002708685201 5.856353076e-06 24.46164946 24.48468933
4000 24.4856673 1.147366633e-16 0.0001726200617 7.536372274e-06 24.4765419 24.49515993
4500 24.48938751 6.964886997e-17 0.0001381768349 7.786861616e-06 24.48091531 24.49811721
5000 24.48763413 7.709795084e-17 0.0001472974705 7.346616363e-06 24.47900253 24.49656829
5500 24.48397922 1.469069803e-16 0.00017422612 6.781381981e-06 24.47485328 24.49351193
6000 24.48076062 1.546690019e-16 0.0002005977732 6.367624566e-06 24.47114652 24.49087774
6500 24.47891865 1.096236947e-16 0.0002174941208 6.179820476e-06 24.468935 24.48940929
7000 24.4784035 1.556065197e-16 0.0002236504152 6.179349746e-06 24.46826234 24.48902982
7500 24.47871063 1.488657785e-16 0.0002222227048 6.271039932e-06 24.46861017 24.48930513
8000 24.47929915 2.341105316e-16 0.0002175458138 6.371040574e-06 24.46932283 24.4897902
8500 24.47980727 4.233521999e-16 0.0002129609126 6.436199349e-06 24.46995116 24.49019702
9000 24.48009106 5.735852356e-16 0.0002100762811 6.459774825e-06 24.47029354 24.49041712
9500 24.48016341 1.589381202e-15 0.0002090589228 6.454393413e-06 24.47038543 24.49046705
10000 24.4801076 2.541625727e-15 0.0002093151228 6.436905696e-06 24.47032526 24.49041695
10500 24.48001036 4.707644785e-15 0.0002100975821 6.419927295e-06 24.4702136 24.49033701
11000 24.47992853 8.195606994e-15 0.0002108538082 6.409413479e-06 24.47011766 24.49027188
11500 24.4798839 1.468475497e-14 0.0002113248036 6.405902639e-06 24.47006415 24.49023764
12000 24.47987347 2.590568687e-14 0.0002114876042 6.407092436e-06 24.47005058 24.49023079
12500 24.47988336 4.580937189e-14 0.0002114423059 6.410139966e-06 24.47006124 24.49023967
13000 24.47989947 8.083971819e-14 0.0002113126233 6.412982546e-06 24.47007974 24.49025292
13500 24.47991275 1.423927294e-13 0.0002111889924 6.414692163e-06 24.47009533 24.49026347
14000 24.47991983 2.512699366e-13 0.0002111130038 6.415230297e-06 24.47010384 24.49026888
14500 24.47992135 4.432101379e-13 0.0002110875472 6.415003542e-06 24.47010585 24.49026984
15000 24.47991963 7.816106316e-13 0.0002110957358 6.414486046e-06 24.47010398 24.4902683
15500 24.47991696 1.378231514e-12 0.0002111172249 6.414011887e-06 24.4701009 24.49026611
16000 24.4799148 2.431344537e-12 0.0002111373584 6.413724948e-06 24.47009835 24.49026442
16500 24.47991368 4.290608626e-12 0.0002111495356 6.413622888e-06 24.47009696 24.49026358
17000 24.47991346 7.575689693e-12 0.0002111534385 6.413630123e-06 24.4700966 24.49026348
17500 24.47991375 1.339051257e-11 0.0002111518969 6.413657297e-06 24.47009682 24.49026381
18000 24.47991419 2.371352721e-11 0.0002111482284 6.413630757e-06 24.47009713 24.49026429
18500 24.47991454 4.213334153e-11 0.0002111447665 6.413493484e-06 24.47009721 24.49026478
19000 24.47991472 7.529093157e-11 0.0002111424935 6.413186076e-06 24.47009683 24.49026528
19500 24.47991474 1.358675727e-10 0.000211141328 6.412614797e-06 24.47009583 24.49026594
20000 24.47991468 2.492454654e-10 0.0002111406112 6.411607193e-06 24.47009393 24.49026703
20500 24.47991458 4.69580998e-10 0.0002111394853 6.409847056e-06 24.4700906 24.49026897
21000 24.47991449 9.215880446e-10 0.0002111370438 6.406770513e-06 24.47008481 24.49027246
21500 24.4799144 1.916028986e-09 0.000211132273 6.401393979e-06 24.47007469 24.49027866
22000 24.47991429 4.283340413e-09 0.0002111239094 6.392035026e-06 24.47005691 24.49028963
22500 24.47991412 1.036592885e-08 0.0002111105288 6.375894703e-06 24.47002561 24.49030912
23000 24.47991351 3.994378582e-08 0.0002110663334 6.332497873e-06 24.46997054 24.49033132
23500 24.47991187 9.958911179e-08 0.0002109586406 6.233209364e-06 24.46987347 24.49032019
24000 24.47990724 2.714139831e-07 0.000210876796 6.196799974e-06 24.46970235 24.49030314
24500 24.47989825 7.282591411e-07 0.0002109696638 6.1671397e-06 24.46940149 24.49032664
25000 24.4798811 2.110243403e-06 0.0002120089399 5.975869915e-06 24.46887531 24.49040949
25500 24.47986559 6.206372879e-06 0.0002155151606 5.961297162e-06 24.46796972 24.49077003
26000 24.47985126 1.870018187e-05 0.0002264460899 7.296296858e-06 24.46649061 24.49281432
26500 24.47983229 4.871976959e-05 0.0002613943535 1.143522063e-05 24.4644947 24.49601892
27000 24.47987294 9.522748064e-05 0.000331197512 1.494195059e-05 24.46372575 24.49856473
27500 24.47997947 8.0498827e-05 0.0004028471422 1.368992362e-05 24.46078447 24.49903867
28000 24.48003221 2.848931178e-06 0.000419697035 5.571810557e-06 24.46357005 24.49485001
28500 24.48004765 2.484548131e-05 0.0004148402224 1.085669339e-05 24.46192131 24.49619541
29000 24.480023 1.426059254e-06 0.0004104977046 1.263070012e-05 24.46133603 24.49692565
29500 24.48004934 1.408117065e-05 0.0004149431112 1.109724918e-05 24.46152445 24.49615026
29999 24.48004014 8.163353084e-06 0.0004180605573 6.481718483e-06 24.4626486 24.49540864
