# 1:passo  2:raio_area  3:raio_grad  4:raio_linha  5:p_in  6:p_out  7:delta_p  8:sigma  9:|u-v0|max  10:|u-v0|rms  11:Ca  12:massa_R  13:massa_B  14:|q|  15:sd_p_in  16:sd_p_out  17:sigma_2pontos  18:K_perfil  19:r_perfil  20:espessura_10_90  21:residuo_ajuste  22:n_camadas
0 25.04052139 25.08111096 25 0.3333333333 0.3333333333 -2.220446049e-16 -5.560112678e-15 0.00992315281 0.001210083441 0 1969.865651 8030.134349 4.96814521e-16 2.731879552e-08 0 -1.387778781e-15 1.273345395 25.01411833 3.451105388 0.08159937045 12
500 24.7362905 24.73381375 24.65254596 0.3399850817 0.3323443527 0.007640728985 0.1890032918 0.007243813436 0.004349775105 0.003832638768 1969.865651 8030.134349 3.787712661e-13 0.0003484244239 0.0005030051777 0.1924266647 1.298873443 24.71209545 3.383277393 0.07514675706 12
1000 24.57141024 24.56421514 24.49264345 0.3458739246 0.3303082498 0.01556567489 0.3824705833 0.006942325757 0.0046544908 0.001815126721 1969.865651 8030.134349 4.084302328e-13 0.0001353306438 0.0002913321436 0.3674420904 1.296217711 24.54120492 3.390209158 0.09364622371 12
1500 24.48322373 24.472747 24.40580277 0.3492900065 0.3289940621 0.02029594443 0.4969101483 0.004921944818 0.003192860438 0.0009905100217 1969.865651 8030.134349 5.888981321e-13 8.378563123e-05 0.0002648332038 0.5125133077 1.296099348 24.44941735 3.39051876 0.1040026955 12
2000 24.45734332 24.4449883 24.38244925 0.3502070705 0.3285766033 0.02163046725 0.5290237638 0.003790571543 0.001404336505 0.0007165219792 1969.865651 8030.134349 1.025803603e-12 0.000116372131 0.0003220847224 0.5483214964 1.296764628 24.42212413 3.388779321 0.1089051203 12
2500 24.46759273 24.45444639 24.39323778 0.349878166 0.3287716407 0.02110652529 0.5164258646 0.003056719725 0.0004291362358 0.0005918990381 1969.865651 8030.134349 1.869204593e-12 0.0001123094505 0.0002669465365 0.531535228 1.297008703 24.43236902 3.38814161 0.1095302644 12
3000 24.49180286 24.47878481 24.41573369 0.3489787294 0.3291566413 0.0198220881 0.485478674 0.003173367841 0.0007494746066 0.000653657516 1969.865651 8030.134349 3.292505506e-12 6.759491132e-05 0.0001337113924 0.49208475 1.297104547 24.45732258 3.387891259 0.1074329541 12
3500 24.51378649 24.50134043 24.435257 0.3481417414 0.3294949214 0.01864682 0.4571041643 0.003300641085 0.000802462638 0.0007220763542 1969.865651 8030.134349 5.780174794e-12 2.022951817e-05 8.10493766e-06 0.4566619488 1.297180459 24.48016847 3.387692996 0.1046299415 12
4000 24.526644 24.5147917 24.44648083 0.3476509615 0.3296935437 0.01795741784 0.4404351945 0.003130068628 0.0006176302612 0.0007106763189 1969.865651 8030.134349 1.005186645e-11 8.345133304e-06 7.039314476e-05 0.4357644078 1.29721962 24.49363371 3.387590726 0.1025694207 12
4500 24.53054516 24.51908796 24.4498981 0.3475038048 0.3297542433 0.01774956149 0.4354064199 0.00296687866 0.0004401848673 0.000681404436 1969.865651 8030.134349 1.76005018e-11 1.662542501e-05 8.872617479e-05 0.4295330477 1.297201927 24.49780129 3.38763693 0.1016508468 12
5000 24.52889258 24.51760099 24.4485202 0.3475641159 0.3297245889 0.01783952699 0.4375838412 0.003070117583 0.0003944029488 0.000701606708 1969.865651 8030.134349 3.099668481e-11 1.385894444e-05 6.815265079e-05 0.4325970152 1.297159423 24.49616075 3.387747933 0.1016060275 12
5500 24.52526482 24.51397349 24.44544115 0.3476963583 0.3296609861 0.01803537222 0.4423222798 0.003115416716 0.0004077197528 0.0007043318545 1969.865651 8030.134349 5.455401519e-11 7.638917652e-06 3.365858484e-05 0.4390536291 1.297123462 24.492422 3.387841854 0.1019888072 12
6000 24.52202793 24.51065716 24.44270119 0.3478142406 0.3296039987 0.01821024186 0.4465520595 0.003114704856 0.0004094165748 0.0006975009495 1969.865651 8030.134349 9.622861544e-11 2.066071546e-06 4.074157449e-06 0.4448128082 1.297104677 24.48905531 3.387890918 0.1024409571 12
6500 24.52015139 24.50868978 24.44112388 0.3478829049 0.3295710398 0.0183118651 0.4490097045 0.003091791686 0.0004006136764 0.0006885801476 1969.865651 8030.134349 1.697828443e-10 1.298500348e-06 1.319553968e-05 0.4481474828 1.297100001 24.48708602 3.387903131 0.1027669 12
7000 24.51960578 24.50807948 24.44067123 0.3479032313 0.3295616778 0.01834155358 0.4497276632 0.00306645754 0.0003946317577 0.0006818476582 1969.865651 8030.134349 2.996384552e-10 2.417891133e-06 1.756417784e-05 0.4491008903 1.297103132 24.48649853 3.387894953 0.1029151114 12
7500 24.51989526 24.50833982 24.44091532 0.3478930236 0.3295670945 0.01832592909 0.4493498616 0.003049027482 0.0003935775846 0.0006785419874 1969.865651 8030.134349 5.284106287e-10 2.049148288e-06 1.407290527e-05 0.4485576566 1.297108844 24.48678562 3.387880034 0.1029233595 12
8000 24.52047864 24.5089216 24.44139986 0.3478719548 0.3295776927 0.01829426208 0.4485840626 0.003041614869 0.0003940014798 0.0006780479118 1969.865651 8030.134349 9.316565856e-10 1.106462848e-06 7.883990963e-06 0.4474878755 1.297113859 24.48738645 3.387866937 0.1028605944 12
8500 24.52098956 24.50944474 24.44182088 0.3478534318 0.3295869704 0.01826646146 0.4479117106 0.003041690384 0.0003940345036 0.0006790825763 1969.865651 8030.134349 1.642639143e-09 2.481125325e-07 2.619451454e-06 0.4465512923 1.297116772 24.48791801 3.387859328 0.1027861929 12
9000 24.52127898 24.50974864 24.44205715 0.3478429248 0.3295922568 0.01825066794 0.4475297201 0.003045372267 0.0003937730023 0.0006804849221 1969.865651 8030.134349 2.896151201e-09 2.580000838e-07 1.021937702e-06 0.4460185355 1.297117613 24.48822213 3.38785713 0.1027331494 12
9500 24.52135632 24.50983634 24.44211842 0.3478401066 0.3295936985 0.01824640805 0.4474266735 0.003049481963 0.0003935985944 0.0006815601624 1969.865651 8030.134349 5.10608151e-09 4.023089571e-07 1.627942698e-06 0.4458740928 1.297117147 24.48830597 3.387858348 0.1027096343 12
10000 24.5213034 24.50978807 24.44207329 0.3478420101 0.3295927568 0.01824925327 0.4474954763 0.003052315935 0.0003935611566 0.0006820886684 1969.865651 8030.134349 9.002575479e-09 3.246202036e-07 1.19900053e-06 0.4459697471 1.297116223 24.48825326 3.387860761 0.1027088858 12
10500 24.52120699 24.50969189 24.44199351 0.3478454912 0.3295910028 0.01825448842 0.4476220891 0.003053506073 0.000393566946 0.0006821616153 1969.865651 8030.134349 1.587297195e-08 1.710617898e-07 9.073534226e-07 0.4461468237 1.297115417 24.48815395 3.387862866 0.1027194036 12
11000 24.5211247 24.50960762 24.44192617 0.3478484644 0.3295894912 0.01825897318 0.4477305581 0.00305346916 0.0003935667054 0.0006819881075 1969.865651 8030.134349 2.798692197e-08 4.608977438e-08 1.416122319e-06 0.4462990903 1.29711496 24.48806832 3.38786406 0.1027315596 12
11500 24.52107915 24.50955974 24.4418894 0.34785011 0.3295886445 0.01826146552 0.4477908414 0.003052851837 0.0003935616919 0.0006817584361 1969.865651 8030.134349 4.934613469e-08 5.728702776e-08 1.838003266e-06 0.4463841729 1.297114836 24.48802042 3.387864385 0.1027401072 12
12000 24.52106791 24.50954684 24.44188078 0.3478505158 0.329588426 0.01826208971 0.447805942 0.003052177205 0.0003935598303 0.0006815847936 1969.865651 8030.134349 8.700645118e-08 7.457560225e-08 1.957689352e-06 0.4464059333 1.297114916 24.48800817 3.387864175 0.1027438148 12
12500 24.52107733 24.50955553 24.44188889 0.3478501748 0.3295885905 0.01826158434 0.4477937219 0.003051718939 0.0003935609015 0.0006815010549 1969.865651 8030.134349 1.534081066e-07 6.289735363e-08 1.87492062e-06 0.4463891894 1.297115066 24.48801759 3.387863783 0.1027438393 12
13000 24.52109332 24.5095715 24.44190213 0.347849597 0.3295888805 0.01826071648 0.4477727329 0.003051531078 0.0003935619878 0.0006814910452 1969.865651 8030.134349 2.704854715e-07 4.55489185e-08 1.726945084e-06 0.4463598964 1.297115195 24.48803407 3.387863445 0.102742074 12
13500 24.52110668 24.50958518 24.44191304 0.3478491146 0.3295891262 0.01825998841 0.4477551238 0.003051541947 0.0003935620401 0.0006815202742 1969.865651 8030.134349 4.769120874e-07 3.725307185e-08 1.603143811e-06 0.4463351526 1.297115268 24.48804797 3.387863256 0.1027400827 12
14000 24.52111391 24.5095928 24.44191885 0.3478488535 0.3295892613 0.01825959216 0.4477455392 0.003051645003 0.0003935615354 0.0006815578796 1969.865651 8030.134349 8.408767056e-07 3.673590862e-08 1.535876247e-06 0.4463215766 1.297115287 24.48805558 3.387863206 0.1027387027 12
14500 24.52111556 24.50959471 24.44192009 0.3478487943 0.3295892942 0.01825950011 0.4477433122 0.003051755388 0.0003935610421 0.0006815859232 1969.865651 8030.134349 1.482608062e-06 3.712650365e-08 1.51855451e-06 0.4463183209 1.297115274 24.48805739 3.387863241 0.1027381165 12
15000 24.52111391 24.50959318 24.44191867 0.3478488541 0.3295892656 0.01825958856 0.4477454509 0.003051829476 0.0003935607501 0.0006815992144 1969.865651 8030.134349 2.614091069e-06 3.787888104e-08 1.531624297e-06 0.4463212355 1.29711525 24.48805573 3.387863301 0.1027381233 12
15500 24.52111126 24.50959053 24.44191647 0.3478489498 0.3295892176 0.01825973221 0.4477489252 0.003051859426 0.0003935606333 0.0006816006146 1969.865651 8030.134349 4.609091371e-06 3.847967825e-08 1.554316715e-06 0.4463260772 1.297115232 24.48805301 3.387863349 0.1027384086 12
16000 24.52110909 24.50958831 24.4419147 0.3478490282 0.3295891777 0.01825985048 0.4477517856 0.00305185763 0.0003935606269 0.0006815958591 1969.865651 8030.134349 8.126622328e-06 3.734135163e-08 1.573863703e-06 0.446330096 1.297115225 24.48805075 3.387863367 0.1027387151 12
16500 24.52110794 24.50958709 24.44191378 0.3478490698 0.3295891562 0.01825991358 0.447753312 0.003051841917 0.0003935606755 0.0006815900263 1969.865651 8030.134349 1.432863801e-05 3.916480636e-08 1.584665551e-06 0.4463322603 1.297115231 24.48804955 3.387863353 0.102738903 12
17000 24.5211077 24.50958681 24.4419136 0.3478490784 0.3295891513 0.01825992713 0.4477536398 0.003051826545 0.0003935607357 0.0006815860943 1969.865651 8030.134349 2.526386162e-05 3.590505063e-08 1.587363318e-06 0.4463327435 1.297115248 24.48804929 3.387863308 0.1027389342 12
17500 24.52110799 24.50958708 24.44191385 0.3478490681 0.3295891563 0.0182599118 0.4477532691 0.003051819335 0.0003935607801 0.0006815850482 1969.865651 8030.134349 4.454454376e-05 3.980077757e-08 1.585124365e-06 0.4463322387 1.297115277 24.4880496 3.387863231 0.1027388233 12
18000 24.52110842 24.50958751 24.44191421 0.3478490522 0.3295891642 0.01825988807 0.4477526951 0.00305182296 0.0003935608001 0.0006815867317 1969.865651 8030.134349 7.853970373e-05 3.941277076e-08 1.581334517e-06 0.4463314391 1.297115326 24.48805009 3.387863105 0.1027385866 12
18500 24.52110877 24.50958788 24.4419145 0.3478490395 0.3295891706 0.01825986887 0.4477522307 0.003051838049 0.0003935608007 0.0006815908085 1969.865651 8030.134349 0.000138479018 3.636550849e-08 1.578102786e-06 0.4463307867 1.297115407 24.48805052 3.387862893 0.1027382037 12
19000 24.52110896 24.50958807 24.44191464 0.3478490329 0.3295891741 0.01825985882 0.4477519877 0.003051866502 0.0003935607922 0.0006815975331 1969.865651 8030.134349 0.0002441623408 3.588785381e-08 1.576469469e-06 0.446330442 1.297115547 24.48805083 3.387862527 0.1027375868 12
19500 24.52110899 24.50958811 24.44191467 0.3478490316 0.3295891748 0.01825985684 0.4477519398 0.003051914528 0.000393560784 0.0006816083318 1969.865651 8030.134349 0.000430500226 3.43964293e-08 1.576101334e-06 0.446330371 1.297115792 24.48805108 3.387861886 0.1027365478 12
20000 24.52110894 24.50958806 24.44191463 0.3478490334 0.3295891739 0.01825985948 0.4477520036 0.003051995877 0.0003935607836 0.0006816264031 1969.865651 8030.134349 0.0007590459876 3.538583162e-08 1.576587766e-06 0.446330458 1.297116224 24.48805139 3.387860758 0.1027347423 12
20500 24.52110887 24.50958799 24.44191457 0.347849036 0.3295891726 0.01825986339 0.4477520982 0.003052136517 0.0003935608018 0.0006816576693 1969.865651 8030.134349 0.001338328677 3.645387856e-08 1.576647993e-06 0.4463305898 1.297116984 24.48805196 3.387858775 0.1027315653 12
21000 24.52110882 24.50958793 24.44191453 0.3478490381 0.3295891716 0.01825986648 0.4477521729 0.00305238266 0.0003935608679 0.0006817125286 1969.865651 8030.134349 0.002359703468 3.835178206e-08 1.577419004e-06 0.4463306952 1.297118314 24.48805303 3.387855299 0.1027259579 12
21500 24.52110879 24.50958791 24.44191454 0.3478490391 0.3295891711 0.018259868 0.4477522097 0.003052815 0.0003935610751 0.0006818090306 1969.865651 8030.134349 0.004160561227 3.697488957e-08 1.577868835e-06 0.4463307486 1.297120633 24.48805498 3.387849243 0.1027160623 12
22000 24.52110879 24.50958791 24.44191463 0.347849039 0.329589171 0.01825986804 0.4477522107 0.00305357336 0.0003935617161 0.0006819783995 1969.865651 8030.134349 0.007335773279 3.727116672e-08 1.57783907e-06 0.4463307544 1.297124636 24.48805848 3.387838789 0.1026986097 12
22500 24.52110882 24.50958794 24.44191491 0.3478490381 0.3295891712 0.01825986683 0.4477521815 0.003054897662 0.0003935637047 0.0006822742106 1969.865651 8030.134349 0.01293416265 3.67446055e-08 1.577842976e-06 0.4463307256 1.297131425 24.48806466 3.387821056 0.1026678423 12
23000 24.52110889 24.50958802 24.44191579 0.3478490356 0.3295891718 0.0182598638 0.4477521086 0.003057191514 0.0003935698834 0.0006827866258 1969.865651 8030.134349 0.02280477921 4.623990376e-08 1.577823671e-06 0.4463306608 1.297142563 24.48807552 3.387791967 0.1026136211 12
23500 24.5211091 24.50958824 24.4419185 0.347849029 0.3295891731 0.01825985588 0.4477519182 0.00306110694 0.0003935890864 0.0006836613793 1969.865651 8030.134349 0.04020668881 6.54833892e-08 1.577813964e-06 0.4463305097 1.295561128 24.49154418 3.391927296 0.1106028999 12
24000 24.52110971 24.50958891 24.4419269 0.3478490092 0.3295891766 0.01825983256 0.4477513574 0.003067608311 0.0003936487496 0.0006851142404 1969.865651 8030.134349 0.070880008 9.993921093e-08 1.577760786e-06 0.4463300849 1.294857376 24.49319754 3.393770803 0.1174583423 12
24500 24.52111159 24.50959096 24.44195295 0.3478489483 0.3295891828 0.01825976551 0.4477497476 0.003077819247 0.0003938338976 0.0006873972043 1969.865651 8030.134349 0.1249117219 1.686139264e-07 1.5727124e-06 0.4463287912 1.296334541 24.49119589 3.389903621 0.1249487635 12
25000 24.5211174 24.50959732 24.44203342 0.3478487599 0.3295892162 0.01825954373 0.4477444155 0.003091928768 0.0003944062901 0.0006905566346 1969.865651 8030.134349 0.2199020608 2.914760129e-07 1.573764163e-06 0.4463247911 1.295656757 24.48101398 3.391676947 0.1289126827 12
25500 24.52113522 24.50961682 24.44227868 0.347848177 0.3295893159 0.01825886108 0.4477280016 0.003116796429 0.0003961553535 0.0006961361402 1969.865651 8030.134349 0.3858795305 4.973398165e-07 1.573461828e-06 0.4463124905 1.292506315 24.48044344 3.39994405 0.1164313285 12
26000 24.52118832 24.50967491 24.44299594 0.3478464478 0.3295896213 0.01825682654 0.4476790817 0.003299381256 0.0004013127256 0.0007369969675 1969.865651 8030.134349 0.6704474726 8.340851913e-07 1.578159708e-06 0.4462749561 1.290052105 24.4783801 3.406412143 0.1008639223 12
26500 24.52133369 24.50983391 24.44484583 0.3478416797 0.3295904502 0.01825122957 0.4475444906 0.003478964649 0.000414991097 0.0007773449841 1969.865651 8030.134349 1.130817269 1.25933697e-06 1.57604571e-06 0.4461710483 1.292231245 24.47814159 3.400667777 0.07979508831 12
27000 24.5216502 24.51017972 24.44813179 0.3478312634 0.3295922498 0.01823901356 0.4472507105 0.003611529908 0.0004419692959 0.0008074956224 1969.865651 8030.134349 1.757285356 1.355068667e-06 1.483287871e-06 0.4459300827 1.296343983 24.47432425 3.389878931 0.0853109419 12
27500 24.52205831 24.51062434 24.44968869 0.3478177742 0.3295945634 0.01822321084 0.4468706389 0.003693270629 0.0004651860247 0.0008264742203 1969.865651 8030.134349 2.270954945 4.382495995e-07 1.111974983e-06 0.445567809 1.298048871 24.47831851 3.385426582 0.110538977 12
28000 24.52223331 24.51081405 24.44631075 0.3478119503 0.3295955331 0.01821641722 0.4467072331 0.003638839858 0.0004476900617 0.0008145916582 1969.865651 8030.134349 2.199329393 1.827549474e-06 1.065953104e-06 0.4453391336 1.290079432 24.49415845 3.406339987 0.1338444621 12
28500 24.52216769 24.51074253 24.44608182 0.3478141263 0.3295951527 0.01821897366 0.4467687273 0.003585851273 0.00040921401 0.0008026191303 1969.865651 8030.134349 1.567350488 2.505559568e-06 1.367492682e-06 0.4454016423 1.30300643 24.48386257 3.372546023 0.1235765456 12
29000 24.52212377 24.5106949 24.4470213 0.3478155827 0.3295949055 0.01822067711 0.4468096993 0.003447786886 0.0003918316457 0.0007716454884 1969.865651 8030.134349 0.8225412927 1.958880082e-06 1.343716138e-06 0.4454599464 1.296427778 24.48069635 3.389659825 0.1211890517 12
29500 24.52216486 24.51073969 24.44749003 0.3478142318 0.3295951443 0.01821908758 0.4467714691 0.003487136054 0.0003911180768 0.0007805189667 1969.865651 8030.134349 0.2584769787 1.021103744e-06 1.157203045e-06 0.4454279582 1.30278606 24.48467485 3.3731165 0.1181346615 12
29999 24.52221914 24.51079869 24.4470094 0.347812426 0.329595448 0.01821697806 0.4467207281 0.003468603848 0.0003896556221 0.0007764591231 1969.865651 8030.134349 0.04176869021 2.064190576e-07 1.002183717e-06 0.4453660424 1.295346104 24.49211782 3.392490348 0.1414883318 12
