# step v0 Mach sigma R umax_ref urms_ref umax_mean urms_mean umax_lab mean_x mean_y mean_z drop_ux drop_uy x0 y0 x_unwrapped center_dx center_dy axis_ratio mass_R mass_B min_f negative_total negative_color min_rho min_phi max_phi qx qy qz p_in p_out delta_p urms_lab
0 0 0 -5.560112678108922e-15 25.040521385269312 0.00015637968418652059 3.1752569107152622e-05 0.00015637968418652059 3.1752569107152622e-05 0.00015637968418652059 4.8372030766999905e-21 -9.0438288333586949e-21 -2.0075162583889543e-21 1.8607685393814523e-20 4.0937405449207304e-22 50.000000000000007 50.000000000000007 50.000000000000007 7.1054273576010019e-15 7.1054273576010019e-15 1.0000000000000004 1969.8656512480638 8030.1343487520408 0.027741561744659415 0 0 0.99999999999999956 5.1710809399147485e-26 0.99999999999998512 -1.5016933544640754e-16 -2.2356651167493556e-17 -6.4430558619830892e-18 0.33333333333333387 0.33333333333333409 -2.2204460492503131e-16 3.1752569107152622e-05
500 0 0 0.0075043508480759098 25.026794323303218 0.00067766568058999672 0.00041942482079465029 0.00067766568058999705 0.00041942482079465013 0.00067766568058999672 2.4043267377039649e-19 2.2185554717121432e-18 4.7928633391629118e-20 -2.6367968760578769e-17 6.8944450406571063e-17 50.000000000000014 49.999999999999986 50.000000000000014 1.4210854715202004e-14 -1.4210854715202004e-14 1.0000000000000002 1969.8656512479397 8030.1343487515733 0.027687616867022202 0 0 0.99868548579909178 3.8340927415097439e-18 1 2.4737190648747159e-15 2.8255934918230974e-14 5.0202790912026861e-16 0.33361723662001674 0.33331738396005828 0.00029985265995846611 0.00041942482079465029
1000 0 0 0.023262345872134826 25.012774119475594 0.00093655322458427925 0.00057750579125911332 0.00093655322458427947 0.00057750579125911321 0.00093655322458427925 1.1532441668294914e-18 6.1837254067282154e-18 1.5001400785861573e-19 3.2383188791861379e-17 4.8830389176787093e-17 50.000000000000014 49.999999999999993 50.000000000000014 1.4210854715202004e-14 -7.1054273576010019e-15 1.0000000000000013 1969.8656512478672 8030.1343487511167 0.027644815276741563 0 0 0.99895630419279624 4.6089131918292985e-18 1 1.1449195270237661e-14 7.3995063548659701e-14 1.5724371041505988e-15 0.33408198643511511 0.33315196780699252 0.0009300186281225864 0.00057750579125911332
1500 0 0 0.041009428703633777 24.999279537837836 0.00080864738098293033 0.0004978381372851339 0.00080864738098293672 0.00049783813728513423 0.00080864738098293033 -7.5033729229911263e-18 -1.4171606596560002e-18 1.2630249826635721e-21 -2.9031214955151406e-17 5.4782490548453721e-17 50.000000000000007 50.000000000000014 50.000000000000007 7.1054273576010019e-15 1.4210854715202004e-14 1.0000000000000013 1969.8656512477755 8030.1343487508429 0.027652807034503592 0 0 0.99820365222647478 4.6441454261573545e-18 1 -7.5155146320692034e-14 -8.9990880958006059e-15 1.0488553462374313e-16 0.33460657439558644 0.33296614997289203 0.0016404244226944087 0.0004978381372851339
2000 0 0 0.049106070787242641 24.991836625135086 0.00047070835946318201 0.00025278126202406986 0.00047070835946318873 0.0002527812620240698 0.00047070835946318201 -6.708175681603561e-18 -6.6272508314492282e-18 -2.1943030074223849e-20 -6.0116790779657244e-18 -1.2736697826771005e-17 49.999999999999993 50.000000000000007 49.999999999999993 -7.1054273576010019e-15 7.1054273576010019e-15 1.0000000000000004 1969.8656512476791 8030.1343487504782 0.027686409588194301 0 0 0.99806807215725923 4.7783011207659993e-18 1 -6.7033191334959358e-14 -6.5652019411166496e-14 -2.7155375258731888e-16 0.33481611793540161 0.33285123350038354 0.0019648844350180772 0.00025278126202406986
2500 0 0 0.049852626029175048 24.991656868786723 0.00033404157847495114 0.00019972103339079131 0.00033404157847495547 0.00019972103339079087 0.00033404157847495114 -4.3539607683117592e-18 -9.3249193089417137e-18 -3.8356960245602323e-21 2.9177002879158319e-17 -3.9261176822872145e-17 49.999999999999993 50.000000000000007 49.999999999999993 -7.1054273576010019e-15 7.1054273576010019e-15 1.0000000000000038 1969.865651247598 8030.1343487500862 0.027726678415972414 0 0 0.99846696641980792 4.828477843208424e-18 1 -4.342641612926695e-14 -9.4060394001881879e-14 -6.9986872702571777e-17 0.33487827790412239 0.33288350715759224 0.0019947707465301501 0.00019972103339079131
3000 0 0 0.042082885935049115 24.997854681245286 0.00051177538827454892 0.00035410499235379955 0.00051177538827454881 0.00035410499235379988 0.00051177538827454892 -6.3268834615843392e-18 -6.135315779727823e-18 1.2958793043337937e-20 -7.3752431738843319e-18 -4.9429506956567144e-17 49.999999999999993 50.000000000000007 49.999999999999993 -7.1054273576010019e-15 7.1054273576010019e-15 1.0000000000000002 1969.8656512474934 8030.1343487496952 0.027694410379286268 0 0 0.99875790840319434 4.7066657926235297e-18 1 -6.3667821015300774e-14 -5.5768540827005886e-14 2.0370876456389564e-16 0.33469887491161826 0.33301541501189247 0.0016834598997257921 0.00035410499235379955
3500 0 0 0.029862731082522506 25.007091936206962 0.00051004360281774739 0.00036631116488817378 0.00051004360281774847 0.00036631116488817389 0.00051004360281774739 -3.0231026015857638e-18 -4.6773132242343351e-18 -9.5846597368351446e-20 -6.3224088040885942e-17 -9.8488593635032795e-18 49.999999999999993 50.000000000000014 49.999999999999993 -7.1054273576010019e-15 1.4210854715202004e-14 1.0000000000000016 1969.8656512473997 8030.1343487493486 0.0276974312818569 0 0 0.99885656153284363 5.5275386650444668e-18 1 -3.0102659866757323e-14 -4.4991466200414512e-14 -9.1084749380749263e-16 0.33435683200623906 0.33316266152217389 0.0011941704840651712 0.00036631116488817378
4000 0 0 0.020242592517444001 25.014637333209933 0.00036436758282126948 0.00023139143661769172 0.00036436758282127067 0.00023139143661769153 0.00036436758282126948 1.1940101685152834e-18 -7.0954364345842039e-18 1.2451877754970959e-19 -7.6252676986699788e-17 2.0621679369161843e-17 49.999999999999993 50.000000000000007 49.999999999999993 -7.1054273576010019e-15 7.1054273576010019e-15 1.0000000000000013 1969.8656512473083 8030.134348748963 0.02772444708088689 0 0 0.99886285193347535 5.5752240175993659e-18 1 1.1423154089307275e-14 -7.1721874451849757e-14 1.1503716880105668e-15 0.33407215580263405 0.33326292590064505 0.00080922990198900591 0.00023139143661769172
4500 0 0 0.016886658004012494 25.017342333181823 0.00020044960443135423 0.00012720414324844372 0.00020044960443136141 0.0001272041432484438 0.00020044960443135423 4.5065513820682846e-18 -7.1842380135220595e-18 1.619216528637743e-20 -7.6791374343050182e-17 -4.2855177873848154e-17 49.999999999999993 49.999999999999986 49.999999999999993 -7.1054273576010019e-15 -1.4210854715202004e-14 1.0000000000000013 1969.8656512472317 8030.1343487485847 0.027731619553005786 0 0 0.99890826820586576 5.242976698468565e-18 1 4.4738084764572861e-14 -7.1929902355563624e-14 2.30793677774362e-16 0.33395380889539383 0.33327881081689631 0.00067499807849752402 0.00012720414324844372
5000 0 0 0.020716082377864486 25.014799887896618 0.00037186755148785962 0.00024049176397299707 0.00037186755148784412 0.00024049176397299729 0.00037186755148785962 7.0873428653672924e-18 -1.4637423217951614e-17 3.1089763361332262e-20 -1.549559237824891e-17 -5.7078068526772317e-17 50.000000000000007 49.999999999999979 50.000000000000007 7.1054273576010019e-15 -2.1316282072803006e-14 1.0000000000000024 1969.8656512471334 8030.134348748129 0.02771040985478217 0 0 0.99908134779418645 5.3462985209347381e-18 1 7.0714267774718564e-14 -1.4572327719508671e-13 3.4124068200263274e-16 0.3340442795509676 0.33321612651873456 0.0008281530322330477 0.00024049176397299707
5500 0 0 0.02790950476578264 25.009400870848317 0.00041217280804495547 0.000288912864944376 0.00041217280804493704 0.00028891286494437546 0.00041217280804495547 9.331771466674467e-18 -1.6761939058982173e-17 -4.0196522516146374e-20 6.4628287838140151e-17 -2.3909155009484799e-17 50.000000000000014 49.999999999999964 50.000000000000014 1.4210854715202004e-14 -3.5527136788005009e-14 1.0000000000000013 1969.8656512470436 8030.1343487478061 0.027708509890727977 0 0 0.99911552820184946 5.3176748560607281e-18 1 9.3119957884500899e-14 -1.6317470208956474e-13 -3.6700585621591542e-16 0.33421829614576598 0.33310233559517499 0.0011159605505909886 0.000288912864944376
6000 0 0 0.034974021383141228 25.004070842011089 0.0002970501010491308 0.00021037476100931117 0.00029705010104912939 0.00021037476100931138 0.0002970501010491308 1.0587104110066119e-17 -1.2554779264824251e-17 2.877455560200069e-20 1.20741206350219e-16 -9.1911734616549127e-18 50.000000000000014 49.99999999999995 50.000000000000014 1.4210854715202004e-14 -4.9737991503207013e-14 1.0000000000000011 1969.8656512469497 8030.1343487474624 0.027717643298369364 0 0 0.99842445305889393 5.3049120431714897e-18 1 1.0603150810432806e-13 -1.2334886631798058e-13 2.6111653274418452e-16 0.3343977299009675 0.33299899680649958 0.0013987330944679188 0.00021037476100931117
6500 0 0 0.038527001896737988 25.00126562814355 9.1587883846917844e-05 5.7397777179036878e-05 9.1587883846932805e-05 5.7397777179036858e-05 9.1587883846917844e-05 1.1732975702123836e-17 -1.4963047077427194e-17 2.4207445199804781e-20 8.1613987329818389e-17 -7.9895621456182579e-17 50.000000000000021 49.999999999999936 50.000000000000021 2.1316282072803006e-14 -6.3948846218409017e-14 1.0000000000000009 1969.8656512468542 8030.1343487470303 0.02772501015519967 0 0 0.99820209208082122 5.3165067517234188e-18 1 1.1679632870527151e-13 -1.4923178337733706e-13 3.2589750032199358e-16 0.3344940999443054 0.33295309788185906 0.0015410020624463394 5.7397777179036878e-05
7000 0 0 0.037614481569886622 25.001890493600335 0.00019048965884897596 0.000124840586712279 0.00019048965884898967 0.00012484058671227884 0.00019048965884897596 1.3709020897654381e-17 -1.9106301285035175e-17 -5.1267406157646512e-20 8.4500666406436882e-17 -8.6229101296625328e-17 50.000000000000028 49.999999999999922 50.000000000000028 2.8421709430404007e-14 -7.815970093361102e-14 1.000000000000002 1969.8656512467749 8030.1343487466902 0.027733484341836787 0 0 0.99845932629173328 5.3455043007538381e-18 1 1.3722963610528585e-13 -1.9005725270491991e-13 -5.3713105853430898e-16 0.33448472626993359 0.33298026077443377 0.0015044654954998182 0.000124840586712279
7500 0 0 0.033072993840746003 25.005227260697435 0.00030899374622017151 0.00021240589919605671 0.00030899374622016685 0.00021240589919605652 0.00030899374622017151 1.7062870213980432e-17 -2.4387328094472045e-17 -5.1382425266078347e-20 4.0239278328566915e-17 -4.6398860449339475e-17 50.000000000000043 49.999999999999901 50.000000000000043 4.2632564145606011e-14 -9.9475983006414026e-14 1.0000000000000016 1969.8656512466687 8030.1343487463118 0.027723201001414007 0 0 0.99902483012379328 5.3762741358980435e-18 1 1.7060094317593831e-13 -2.444584231629755e-13 -4.7897887432121719e-16 0.33437895322766797 0.33305631002607111 0.0013226432015968625 0.00021240589919605671
8000 0 0 0.027577985311957137 25.009285299454028 0.0002863009758493111 0.00019652890304809882 0.00028630097584927689 0.00019652890304809855 0.0002863009758493111 2.195487715241348e-17 -2.649714215404492e-17 6.9828633718915351e-20 -5.9089745743690125e-17 -7.8332045807452271e-17 50.000000000000064 49.999999999999879 50.000000000000064 6.3948846218409017e-14 -1.2079226507921703e-13 1.0000000000000009 1969.8656512465845 8030.134348745908 0.027722907797217675 0 0 0.99919319960011133 5.3947107013287413e-18 1 2.1930244417851276e-13 -2.6741971098198213e-13 9.8155286435990625e-16 0.3342434057023046 0.33314069584947409 0.0011027098528305079 0.00019652890304809882
8500 0 0 0.02398960662497673 25.011944371794431 0.00013890790669566944 9.5437402766028714e-05 0.00013890790669566185 9.5437402766028619e-05 0.00013890790669566944 2.14576403520687e-17 -3.3178605804629029e-17 8.4531033250079517e-20 -6.6321742741266469e-17 -7.2999456915530467e-17 50.000000000000078 49.999999999999865 50.000000000000078 7.815970093361102e-14 -1.3500311979441904e-13 1.0000000000000011 1969.865651246475 8030.1343487455042 0.027737806232584469 0 0 0.99906228819740339 5.3929620315694236e-18 1 2.1481167708601191e-13 -3.3021320595440218e-13 9.0739997887163556e-16 0.33415466308348479 0.33319553706479632 0.00095912601868847203 9.5437402766028714e-05
9000 0 0 0.023838827090676581 25.012049767103882 5.283737718080724e-05 3.8334621052186941e-05 5.2837377180799657e-05 3.8334621052186799e-05 5.283737718080724e-05 2.507436532713695e-17 -3.5798233409749039e-17 -2.1904624638477287e-20 1.0792769548349184e-16 -1.5198560844777252e-17 50.000000000000099 49.999999999999844 50.000000000000099 9.9475983006414026e-14 -1.5631940186722204e-13 1.0000000000000067 1969.8656512463881 8030.1343487450922 0.027748497287791343 0 0 0.99905218968947818 5.3765355575506242e-18 1 2.508262694767005e-13 -3.5735409272482396e-13 -1.6269225052406688e-16 0.33415322855540269 0.3332001348540608 0.00095309370134188942 3.8334621052186941e-05
9500 0 0 0.026783084535332593 25.009848017157495 0.00018976104716817395 0.00013420083123035195 0.00018976104716813194 0.00013420083123035189 0.00018976104716817395 2.8180712971528883e-17 -3.12351923839881e-17 -1.1582394539552864e-19 1.7122489723452164e-16 6.0071517865718941e-17 50.000000000000114 49.999999999999829 50.000000000000114 1.1368683772161603e-13 -1.7053025658242404e-13 1.0000000000000016 1969.8656512462974 8030.1343487447994 0.027733914204324792 0 0 0.99914642804649112 5.355402074392328e-18 1 2.8164796714205253e-13 -3.1527590867858057e-13 -1.1311391290983691e-15 0.33422890164584068 0.33315800011469349 0.0010709015311471948 0.00013420083123035195
10000 0 0 0.031034584398517171 25.006658244007852 0.00022457069261656268 0.00015827642053478546 0.00022457069261656355 0.00015827642053478552 0.00022457069261656268 2.9642911389432526e-17 -3.0904749245859238e-17 -1.0292928998057152e-19 1.1188852106045603e-16 5.2625401539751205e-17 50.000000000000135 49.999999999999801 50.000000000000135 1.3500311979441904e-13 -1.9895196601282805e-13 1.0000000000000002 1969.8656512462114 8030.1343487444165 0.027731837627771688 0 0 0.99922957037074833 5.3332832956081189e-18 1 2.9653926883477233e-13 -3.069414314323159e-13 -9.8110992569588861e-16 0.33433447966501745 0.33309342681838394 0.0012410528466335058 0.00015827642053478546
10500 0 0 0.034495295190989574 25.004081303868315 0.00015744342899883245 0.00010812914214189418 0.00015744342899887885 0.00010812914214189403 0.00015744342899883245 2.8702300952671257e-17 -3.7185865823243154e-17 -4.7969908001744096e-20 1.9173646177954824e-17 1.6632904143371681e-17 50.000000000000149 49.999999999999773 50.000000000000149 1.4921397450962104e-13 -2.2737367544323206e-13 1.0000000000000031 1969.8656512461198 8030.1343487439954 0.027740158828389861 0 0 0.99895004835253209 5.3295684089773535e-18 1 2.8715897017292814e-13 -3.6991503694954126e-13 -4.2513959806419028e-16 0.33441889242381573 0.33303930583665914 0.0013795865871565893 0.00010812914214189418
11000 0 0 0.035628683678426448 25.003267752656416 3.9833418443371061e-05 2.4372087929999283e-05 3.9833418443341422e-05 2.4372087929999263e-05 3.9833418443371061e-05 3.0942864373236118e-17 -3.1262970321278293e-17 -1.4140250996632893e-19 2.2921884703218437e-17 2.7190237750587566e-17 50.000000000000171 49.999999999999758 50.000000000000171 1.7053025658242404e-13 -2.4158453015843406e-13 1.000000000000006 1969.8656512460218 8030.1343487436616 0.027743991571723085 0 0 0.99879448873243359 5.340159855177056e-18 1 3.0911303247962985e-13 -3.1239097565836287e-13 -1.3645641504036411e-15 0.3344442388161214 0.33301927772579987 0.0014249610903215304 2.4372087929999283e-05
11500 0 0 0.034131479295791245 25.004439846438128 0.00011085597708401859 7.648937933766289e-05 0.00011085597708402189 7.6489379337662606e-05 0.00011085597708401859 3.3525612841459041e-17 -3.8198792544914281e-17 -1.4322957229609083e-19 -1.6061616565609398e-17 -6.9184405081961804e-18 50.000000000000178 49.999999999999723 50.000000000000178 1.7763568394002505e-13 -2.7711166694643907e-13 1.0000000000000036 1969.8656512459399 8030.1343487432214 0.027739959499998031 0 0 0.99888663585965087 5.3556932131521497e-18 1 3.3492175707610337e-13 -3.8366212333842964e-13 -1.4450355185841236e-15 0.33440290915810122 0.33303789240486037 0.0013650167532408553 7.648937933766289e-05
12000 0 0 0.030931617428108474 25.006875812584614 0.00016717371743832715 0.0001174324255793819 0.00016717371743832737 0.00011743242557938137 0.00016717371743832715 3.7289529103465623e-17 -3.6973023384262438e-17 -1.7378073956334461e-19 -2.3559972981934907e-17 -5.3434662734876474e-17 50.000000000000199 49.999999999999709 50.000000000000199 1.9895196601282805e-13 -2.9132252166164108e-13 1.0000000000000029 1969.8656512458358 8030.1343487429749 0.027738170152734165 0 0 0.99914237970447461 5.3698691174114833e-18 1 3.7317718275204975e-13 -3.6840842876362245e-13 -1.7071746189366996e-15 0.33431821016649055 0.33308128566380868 0.0012369245026818687 0.0001174324255793819
12500 0 0 0.027691149472509686 25.009322864680602 0.00014359535777632687 0.00010063123039553653 0.00014359535777627104 0.00010063123039553637 0.00014359535777632687 4.2540797273776394e-17 -3.6398789256133422e-17 5.0300540473402758e-20 3.0888785978883801e-17 -7.2949652151054104e-17 50.00000000000022 49.99999999999968 50.00000000000022 2.2026824808563106e-13 -3.1974423109204508e-13 1.000000000000002 1969.8656512457478 8030.1343487425256 0.027740345824642243 0 0 0.99925339852226425 5.3765795840486e-18 1 4.2503413982819538e-13 -3.6225953792566384e-13 5.0276572813298886e-16 0.33423390380171214 0.33312667072617708 0.0011072330755350634 0.00010063123039553653
13000 0 0 0.025915959061019109 25.010650813395024 5.9172599492863495e-05 4.0925438050447368e-05 5.9172599492806954e-05 4.0925438050447361e-05 5.9172599492863495e-05 4.2221174473329567e-17 -3.7743289396698276e-17 3.3249355285120342e-20 8.1468354261098096e-17 -1.0326738633991881e-16 50.000000000000249 49.999999999999666 50.000000000000249 2.4868995751603507e-13 -3.3395508580724709e-13 1.0000000000000047 1969.8656512456589 8030.1343487421982 0.0277487356777739 0 0 0.99919277079379432 5.3732567944191726e-18 1 4.2264954472299781e-13 -3.7626837951811043e-13 3.3827294642565244e-16 0.33418953986056221 0.33315334295171811 0.0010361969088441003 4.0925438050447368e-05
13500 0 0 0.026252848543480478 25.010374565461753 4.8021206555157682e-05 3.3581707210925654e-05 4.8021206555094873e-05 3.3581707210925654e-05 4.8021206555157682e-05 4.9259880029246305e-17 -4.0598625264623142e-17 5.003565691433135e-20 7.3560790592190054e-17 -5.2276823205134815e-17 50.000000000000277 49.999999999999638 50.000000000000277 2.7711166694643907e-13 -3.6237679523765109e-13 1.0000000000000004 1969.8656512455666 8030.1343487417889 0.027751802314374088 0 0 0.99919172836332515 5.363411801769223e-18 1 4.9270787187742854e-13 -4.0599048103419355e-13 4.7103181512902013e-16 0.33420110629802291 0.33315142795455122 0.0010496783434716939 3.3581707210925654e-05
14000 0 0 0.028300440231187236 25.008800100135904 0.00011368340926823973 8.0419867054018024e-05 0.00011368340926819539 8.0419867054017644e-05 0.00011368340926823973 4.8617273401616116e-17 -4.1785693828732524e-17 8.2532869726093712e-20 9.4772534604079263e-17 -1.3473199412283325e-17 50.000000000000291 49.999999999999616 50.000000000000291 2.9132252166164108e-13 -3.836930773104541e-13 1.0000000000000029 1969.8656512454868 8030.1343487413333 0.027744840900472145 0 0 0.9992413223313874 5.3519074270017756e-18 1 4.8609640448851309e-13 -4.2019873366418159e-13 8.108898789443182e-16 0.33425676804291193 0.33312514876818178 0.0011316192747301557 8.0419867054018024e-05
14500 0 0 0.030938413337742915 25.006781481454698 0.00012081707041339498 8.5786214445681083e-05 0.00012081707041339306 8.5786214445681232e-05 0.00012081707041339498 5.4750214778594965e-17 -5.2041815410097579e-17 -1.9571482361253242e-19 1.0056308729526482e-16 8.5609914051609861e-18 50.000000000000313 49.999999999999602 50.000000000000313 3.1263880373444408e-13 -3.979039320256561e-13 1.000000000000002 1969.8656512453763 8030.1343487411323 0.027743731815929255 0 0 0.99926109755131143 5.3442743350312299e-18 1 5.4725321496640333e-13 -5.1880567441923986e-13 -2.0139503052068392e-15 0.33432679376413726 0.3330895928328344 0.001237200931302862 8.5786214445681083e-05
15000 0 0 0.032922453244865042 25.005269477539297 7.1871128881115338e-05 5.1508906118074882e-05 7.1871128881039091e-05 5.1508906118074943e-05 7.1871128881115338e-05 5.4452904858857743e-17 -5.338284339320539e-17 4.711027636055408e-20 9.3378672795904813e-17 -1.3744690308331251e-16 50.000000000000341 49.999999999999559 50.000000000000341 3.4106051316484809e-13 -4.4053649617126212e-13 1.0000000000000004 1969.8656512452903 8030.1343487406366 0.027747656810245918 0 0 0.99909961694455252 5.344237882221397e-18 1 5.4465069607156913e-13 -5.3448293967778282e-13 5.4324844254630957e-16 0.33437903721691498 0.33306241660323044 0.0013166206136845382 5.1508906118074882e-05
15500 0 0 0.033441127420305132 25.004879948999132 8.9524534686609081e-06 3.0708767266801041e-06 8.9524534686139282e-06 3.0708767266801058e-06 8.9524534686609081e-06 5.6938862533386789e-17 -5.6695203849933149e-17 -5.1128447312110141e-20 1.3148396409499793e-17 -1.5937423601354626e-16 50.000000000000369 49.999999999999524 50.000000000000369 3.694822225952521e-13 -4.7606363295926712e-13 1.000000000000004 1969.8656512451964 8030.1343487402091 0.027751456231329959 0 0 0.99905376793468315 5.3498940069204835e-18 1 5.698162077765785e-13 -5.6720077480567222e-13 -4.3625032299697052e-16 0.33439248424872564 0.33305510020655016 0.0013373840421754823 3.0708767266801041e-06
16000 0 0 0.032432270128651526 25.005655206764693 6.9255142238105978e-05 4.8100431459774345e-05 6.9255142238105232e-05 4.8100431459774216e-05 6.9255142238105978e-05 5.5988308607452472e-17 -5.7043706238722047e-17 6.6999920984036135e-20 5.7265877905736942e-18 -1.5573807623897105e-16 50.000000000000398 49.999999999999496 50.000000000000398 3.979039320256561e-13 -5.0448534238967113e-13 1.000000000000004 1969.8656512450905 8030.1343487399345 0.027748415154976832 0 0 0.99912851147247028 5.3586192354253375e-18 1 5.5969075072587041e-13 -5.7001106537675375e-13 6.8507209849099204e-16 0.33436541953594179 0.33306842212233762 0.0012969974136041729 4.8100431459774345e-05
16500 0 0 0.030533363589373808 25.00710613658616 9.5176655992216708e-05 6.6453535242406165e-05 9.5176655992216248e-05 6.6453535242406165e-05 9.5176655992216708e-05 5.7566538341857997e-17 -5.8224790006840139e-17 1.8591393952982878e-19 7.1051085041604344e-17 -1.4908845091771863e-16 50.000000000000426 49.999999999999467 50.000000000000426 4.2632564145606011e-13 -5.3290705182007514e-13 1.000000000000002 1969.8656512450154 8030.1343487394615 0.027746868358308807 0 0 0.99927278944798115 5.3663173224315992e-18 1 5.7557734958941544e-13 -5.8101876632257526e-13 1.8716276981698112e-15 0.33431463842466275 0.33309365094124088 0.0012209874834218648 6.6453535242406165e-05
17000 0 0 0.028715536362042715 25.008494606732565 7.5136652150070552e-05 5.2250016265114956e-05 7.5136652149992964e-05 5.2250016265114868e-05 7.5136652150070552e-05 5.2074512237126391e-17 -5.7647541796672395e-17 -1.2288012549995478e-20 2.7705996568163002e-17 -1.2442836500186763e-16 50.000000000000448 49.999999999999439 50.000000000000448 4.4764192352886312e-13 -5.6132876125047915e-13 1.0000000000000013 1969.8656512449261 8030.134348739206 0.027749090919766368 0 0 0.99925843001295678 5.3691179232895962e-18 1 5.2051331994595884e-13 -5.7605837960016115e-13 -1.7028970898350495e-16 0.33426605743990545 0.33311782613635821 0.0011482313035472425 5.2250016265114956e-05
17500 0 0 0.027791474008374818 25.009203159691936 2.40953617328752e-05 1.6162834822903144e-05 2.4095361732871954e-05 1.6162834822903164e-05 2.40953617328752e-05 5.0214379095857471e-17 -5.6108289807999416e-17 8.8590825605946795e-20 2.8577245604932214e-17 -5.5642644084594128e-17 50.000000000000476 49.999999999999396 50.000000000000476 4.7606363295926712e-13 -6.0396132539608516e-13 1.0000000000000031 1969.8656512448306 8030.1343487387212 0.027754428135978788 0 0 0.99923562752060868 5.3665459306207517e-18 1 5.0172474681808854e-13 -5.6047425408449827e-13 8.5385371584326074e-16 0.33424130446442413 0.33313005458449324 0.0011112498799308868 1.6162834822903144e-05
18000 0 0 0.028060316763135917 25.009002785488427 3.4488160736392796e-05 2.3340101156490438e-05 3.448816073631453e-05 2.3340101156490414e-05 3.4488160736392796e-05 5.3598206602257832e-17 -5.7089685897614923e-17 1.0566683037582551e-19 1.3715088397336621e-17 2.0666604801127411e-18 50.000000000000504 49.999999999999361 50.000000000000504 5.0448534238967113e-13 -6.3948846218409017e-13 1.000000000000002 1969.8656512447437 8030.1343487384174 0.027753458955723478 0 0 0.99924470087264139 5.3615399209738675e-18 1 5.3608029537378042e-13 -5.7079918612373533e-13 1.0910173906334571e-15 0.33424815428992688 0.33312614566751919 0.0011220086224076886 2.3340101156490438e-05
18500 0 0 0.029241657343937813 25.008105105397693 6.5196395853801524e-05 4.6835793818881825e-05 6.5196395853802365e-05 4.6835793818881872e-05 6.5196395853801524e-05 5.7711452804243574e-17 -5.6508110365526984e-17 2.5005141640410042e-20 1.0074268065456318e-16 3.5082703859079601e-17 50.000000000000533 49.999999999999339 50.000000000000533 5.3290705182007514e-13 -6.6080474425689317e-13 1.0000000000000004 1969.8656512446516 8030.1343487380027 0.027750275816390328 0 0 0.99927672260015454 5.3545117092059114e-18 1 5.767398277706226e-13 -5.6374388892880991e-13 2.9651128635288864e-16 0.33427908221812386 0.33310979501220811 0.0011692872059157478 4.6835793818881825e-05
19000 0 0 0.030682345639814812 25.007007371901096 6.4231839785071766e-05 4.6115900803015183e-05 6.4231839785157161e-05 4.6115900803015135e-05 6.4231839785071766e-05 5.983024405780758e-17 -6.0945061389140629e-17 -7.4079904254504976e-20 1.2858197815410687e-16 -9.0640710428584346e-17 50.000000000000561 49.999999999999304 50.000000000000561 5.6132876125047915e-13 -6.9633188104489818e-13 1.0000000000000004 1969.8656512445543 8030.1343487376453 0.02775038577914786 0 0 0.999238592078459 5.3502185063012026e-18 1 5.9869513818037209e-13 -6.0992445047376611e-13 -6.256053525881604e-16 0.33431697848340092 0.33309002856558345 0.0012269499178174659 4.6115900803015183e-05
19500 0 0 0.031697657284189475 25.006231957288794 3.367936481212221e-05 2.4497500728218291e-05 3.3679364812201383e-05 2.44975007282184e-05 3.367936481212221e-05 5.6900426211140879e-17 -6.2009751988284288e-17 -7.3912607431191924e-21 1.7979636659741099e-16 -1.5509980245143233e-16 50.00000000000059 49.999999999999275 50.00000000000059 5.8975047068088315e-13 -7.2475359047530219e-13 1.0000000000000007 1969.8656512444607 8030.1343487372187 0.027752425009261419 0 0 0.99915934247632054 5.3493468286113069e-18 1 5.6923075215596349e-13 -6.1991483880367208e-13 -3.3039345438554658e-17 0.33434396075121825 0.33307637044259719 0.0012675903086210583 2.4497500728218291e-05
20000 0 0 0.031881080365191578 25.006088812393198 1.3111328905132639e-05 6.448780943042643e-06 1.3111328905070758e-05 6.44878094304266e-06 1.3111328905132639e-05 6.1880578108577963e-17 -6.3389276771813407e-17 2.4451561638924412e-19 1.8319650764372302e-16 -6.493211230143299e-17 50.000000000000625 49.999999999999233 50.000000000000625 6.2527760746888816e-13 -7.673861546209082e-13 1.0000000000000042 1969.8656512443783 8030.1343487368858 0.027754163747757177 0 0 0.99915080178904658 5.3529145657581124e-18 1 6.1914200581024836e-13 -6.3401791177917931e-13 2.5140766401130475e-15 0.3343492619288353 0.33307432922726898 0.0012749327015663114 6.448780943042643e-06
20500 0 0 0.031254744373406078 25.006561247903523 4.2997812112586172e-05 2.9703438201562191e-05 4.2997812112548164e-05 2.9703438201562194e-05 4.2997812112586172e-05 6.2753404903146604e-17 -6.451512162508989e-17 5.5196630173865486e-20 8.5206756565037741e-17 -2.2681849980431167e-17 50.000000000000661 49.999999999999204 50.000000000000661 6.6080474425689317e-13 -7.9580786405131221e-13 1.0000000000000013 1969.8656512442763 8030.1343487365584 0.027752753086482937 0 0 0.9992084467489224 5.3583945526663465e-18 1 6.2724088118634139e-13 -6.4484121595525439e-13 5.3299079351931505e-16 0.33433324300736211 0.33308338125853704 0.0012498617488250763 2.9703438201562191e-05
21000 0 0 0.030209225696135291 25.007353013205631 5.3277179287704547e-05 3.6961204198093324e-05 5.3277179287615629e-05 3.6961204198093432e-05 5.3277179287704547e-05 6.5308771845508146e-17 -6.5968577985355374e-17 5.2006204707883192e-20 2.1928888669479158e-17 -3.4958021090234655e-17 50.000000000000696 49.999999999999176 50.000000000000696 6.9633188104489818e-13 -8.2422957348171622e-13 1.0000000000000002 1969.8656512441828 8030.1343487360909 0.02775189965575427 0 0 0.99928920932643295 5.362611905659487e-18 1 6.527582302606077e-13 -6.6079388868264116e-13 4.5889003364917583e-16 0.33430603449966756 0.3330980207734574 0.0012080137262101553 3.6961204198093324e-05
21500 0 0 0.029279270843299652 25.008058848977488 3.8439666245749565e-05 2.6488169984533927e-05 3.8439666245653057e-05 2.648816998453391e-05 3.8439666245749565e-05 6.6230506322450922e-17 -7.0254084939011819e-17 -6.8004374094325065e-20 1.1891463043491442e-16 -1.1075494025618249e-16 50.000000000000732 49.99999999999914 50.000000000000732 7.3185901783290319e-13 -8.5975671026972122e-13 1.000000000000002 1969.8656512441107 8030.1343487357772 0.027753352810011265 0 0 0.99926932125085532 5.3635867142357795e-18 1 6.6212150737186034e-13 -7.0261048883773992e-13 -6.6328164907949773e-16 0.33428169299604887 0.33311089957221235 0.0011707934238365247 2.6488169984533927e-05
22000 0 0 0.02887779646776685 25.00836523677685 1.0713097928839304e-05 5.4969453157885165e-06 1.0713097928762708e-05 5.4969453157885081e-06 1.0713097928839304e-05 6.1019266896347796e-17 -6.7180754300090817e-17 -6.5964485149306586e-20 6.8767766763538245e-17 -1.9841595237229501e-17 50.000000000000767 49.999999999999105 50.000000000000767 7.673861546209082e-13 -8.9528384705772623e-13 1.000000000000002 1969.86565124401 8030.1343487353815 0.027756526519891311 0 0 0.99925934179445575 5.3610134608285492e-18 1 6.1027954071423831e-13 -6.7201101376011097e-13 -6.0393767134527067e-16 0.33427108739423317 0.33311636191760347 0.0011547254766297033 5.4969453157885165e-06
22500 0 0 0.029121078792136955 25.008182862169722 2.4732477815569984e-05 1.5993875961096184e-05 2.4732477815659685e-05 1.5993875961096245e-05 2.4732477815569984e-05 6.2659588889173372e-17 -6.4258184683760777e-17 -4.6057827875832573e-20 5.6040025799013067e-17 -4.8536697518449687e-17 50.000000000000803 49.999999999999083 50.000000000000803 8.0291329140891321e-13 -9.1660012913052924e-13 1.0000000000000004 1969.8656512439204 8030.1343487349977 0.027755177341038818 0 0 0.9992668344524378 5.3566077682989061e-18 1 6.2723648995578459e-13 -6.4312428662979614e-13 -5.1850559766365878e-16 0.33427726545395653 0.33311280344755506 0.0011644620064014677 1.5993875961096184e-05
23000 0 0 0.029815001485697795 25.0076580699488 3.8960127864668546e-05 2.7103270339881335e-05 3.8960127864664094e-05 2.7103270339881284e-05 3.8960127864668546e-05 5.6878113330449387e-17 -6.3168411744987663e-17 -1.845252114388375e-20 2.2622789499593645e-17 -9.07257851148229e-17 50.000000000000838 49.999999999999069 50.000000000000838 8.3844042819691822e-13 -9.3081098384573124e-13 1.0000000000000018 1969.8656512438233 8030.1343487345939 0.027753662177705356 0 0 0.99928614996419107 5.353015561475147e-18 1 5.6908384254983346e-13 -6.3255453570490211e-13 -3.1347520413504655e-16 0.33429517642284196 0.33310294157212933 0.0011922348507126257 2.7103270339881335e-05
23500 0 0 0.030584509609321662 25.00707528518733 3.5492705770606018e-05 2.4529329662771699e-05 3.5492705770516822e-05 2.4529329662771699e-05 3.5492705770606018e-05 5.9003127904485312e-17 -6.714360580672642e-17 1.295724186165367e-19 4.8434940407998142e-17 -6.4335817282278386e-17 50.000000000000874 49.999999999999034 50.000000000000874 8.7396756498492323e-13 -9.6633812063373625e-13 1.000000000000002 1969.8656512437485 8030.1343487342201 0.027754100037775585 0 0 0.99925632462322689 5.3514008695304376e-18 1 5.8982593115208815e-13 -6.7091983574190924e-13 1.2956838807808278e-15 0.33431510084387017 0.3330920665921423 0.0012230342517278725 2.4529329662771699e-05
24000 0 0 0.031066952614658843 25.006709863313958 1.8125882166923447e-05 1.116525082238905e-05 1.8125882166922241e-05 1.1165250822389059e-05 1.8125882166923447e-05 6.3540579048481128e-17 -6.8269661571208073e-17 8.61847248615307e-20 1.1577187025121484e-16 -9.288806223705927e-17 50.000000000000902 49.999999999999012 50.000000000000902 9.0238927441532724e-13 -9.8765440270653926e-13 1.0000000000000002 1969.8656512436455 8030.1343487339673 0.027755350713975491 0 0 0.99921454981663016 5.3521684294538447e-18 1 6.3525782420364703e-13 -6.8280344339997017e-13 8.8438827464130186e-16 0.33432763095010731 0.33308528628403689 0.0012423446660704274 1.116525082238905e-05
24500 0 0 0.031075397662449426 25.006703610642308 1.145999580689191e-05 6.0812334046853267e-06 1.1459995806849769e-05 6.0812334046853208e-06 1.145999580689191e-05 6.554131017223115e-17 -7.1382290811942441e-17 -4.4408906010652393e-20 1.2668689165431787e-16 -3.8152389709607416e-17 50.000000000000945 49.999999999998977 50.000000000000945 9.4502183856093325e-13 -1.0231815394945443e-12 1.0000000000000011 1969.8656512435591 8030.1343487335016 0.02775575859662904 0 0 0.99921405451381662 5.3549376344272909e-18 1 6.554001184527369e-13 -7.1330685662986969e-13 -4.2756825829591961e-16 0.33432787208071824 0.33308518939265597 0.0012426826880622688 6.0812334046853267e-06
25000 0 0 0.030663173986688854 25.007015945710215 2.6363642925208658e-05 1.7987408855431325e-05 2.6363642925110636e-05 1.7987408855431301e-05 2.6363642925208658e-05 6.6643880084777292e-17 -7.1978901517664747e-17 1.3106130061147934e-19 1.1800852925664376e-16 -4.9754489806792982e-17 50.000000000000981 49.999999999998948 50.000000000000981 9.8054897534893826e-13 -1.0516032489249483e-12 1.0000000000000007 1969.8656512434598 8030.1343487330878 0.027754909649781855 0 0 0.99924972044171667 5.3582127560714426e-18 1 6.6688766012210662e-13 -7.2004749574914803e-13 1.3816379572381389e-15 0.33431716505106512 0.33309098220488875 0.0012261828461763713 1.7987408855431325e-05
25500 0 0 0.030071042130522373 25.007464385295041 2.9776755929770786e-05 2.0390425620236395e-05 2.977675592977475e-05 2.0390425620236347e-05 2.9776755929770786e-05 6.9636223870738722e-17 -7.5242743757770948e-17 7.3340249199270163e-21 1.3536625153761911e-16 -2.7343793819449782e-18 50.000000000001023 49.99999999999892 50.000000000001023 1.0231815394945443e-12 -1.0800249583553523e-12 1.0000000000000013 1969.8656512433668 8030.1343487326858 0.027754652504255559 0 0 0.99929275640920678 5.3601910798847838e-18 1 6.96515652889618e-13 -7.5272423792063434e-13 5.5051948763640116e-17 0.33430177186668053 0.33309928921321308 0.0012024826534674515 2.0390425620236395e-05
26000 0 0 0.029593578504306238 25.007825836404709 1.9623110026147452e-05 1.3262039964995385e-05 1.9623110026243926e-05 1.3262039964995364e-05 1.9623110026147452e-05 6.3993417769875769e-17 -7.2441660011306752e-17 4.0932932708334344e-20 1.6182206657158359e-16 -6.7558991745859616e-17 50.000000000001066 49.999999999998892 50.000000000001066 1.0658141036401503e-12 -1.1084466677857563e-12 1.0000000000000007 1969.8656512432847 8030.1343487324284 0.027755662711809535 0 0 0.99928034619809403 5.36041729543704e-18 1 6.3977225199685913e-13 -7.2436821748347668e-13 5.565012493881964e-16 0.33428938550449877 0.3331060127995743 0.001183372704924468 1.3262039964995385e-05
26500 0 0 0.029436399677410859 25.007944512704011 8.4044207522617597e-06 2.015558234355037e-06 8.4044207523297104e-06 2.0155582343550378e-06 8.4044207522617597e-06 7.0067248783231222e-17 -7.7478808713416523e-17 -2.4423768091982171e-20 1.0287517976395694e-16 -2.0284306799955022e-17 50.000000000001116 49.999999999998856 50.000000000001116 1.1155520951433573e-12 -1.1439738045737613e-12 1.0000000000000022 1969.8656512431821 8030.1343487319982 0.027757434171444779 0 0 0.99927580997837429 5.358818407289165e-18 1 7.0094536288597417e-13 -7.7463792258694818e-13 -3.0161559756561209e-16 0.33428536103287171 0.33310827909947022 0.0011770819334014915 2.015558234355037e-06
27000 0 0 0.029632561756000542 25.007795296431684 1.6805619551473749e-05 1.0485644993043313e-05 1.6805619551479292e-05 1.0485644993043306e-05 1.6805619551473749e-05 7.1130980879893524e-17 -7.5742381049501302e-17 -1.2482826628909136e-20 3.1734730249947008e-17 -1.1508587254595905e-16 50.000000000001158 49.999999999998828 50.000000000001158 1.1581846592889633e-12 -1.1723955140041653e-12 1.0000000000000016 1969.8656512430973 8030.1343487316162 0.02775636804752761 0 0 0.99928084730964217 5.3566841874610994e-18 1 7.115612624918665e-13 -7.57721518857132e-13 -5.3251676087616948e-17 0.33429053076341841 0.33310559776933601 0.0011849329940823994 1.0485644993043313e-05
27500 0 0 0.030049232314148695 25.007478943411218 2.3325070125519301e-05 1.5496430879111818e-05 2.332507012552273e-05 1.5496430879111821e-05 2.3325070125519301e-05 7.890966526056604e-17 -7.4061811100346907e-17 1.5609062912752737e-19 7.6105195324116207e-17 -8.7166540183712493e-17 50.000000000001201 49.999999999998792 50.000000000001201 1.2008172234345693e-12 -1.2079226507921703e-12 1.0000000000000013 1969.8656512430118 8030.1343487312924 0.027755694745597966 0 0 0.99929114435122923 5.3547304464085821e-18 1 7.8935637323404584e-13 -7.4077646550511564e-13 1.5360592340942274e-15 0.33430141330285151 0.33309980348115992 0.001201609821691596 1.5496430879111818e-05
28000 0 0 0.030469152113492614 25.007160382905511 2.0147403290270559e-05 1.2918263685209534e-05 2.0147403290274065e-05 1.2918263685209551e-05 2.0147403290270559e-05 7.8059032762100485e-17 -7.6461593675705041e-17 2.1093351977646346e-20 1.094416756189993e-16 -2.2503570471927492e-17 50.000000000001251 49.999999999998771 50.000000000001251 1.2505552149377763e-12 -1.2292389328649733e-12 1.0000000000000009 1969.8656512429025 8030.134348730915 0.027756020640650868 0 0 0.99926975877471802 5.3539303138115818e-18 1 7.8004112458496841e-13 -7.6467260325921611e-13 1.9127933499894263e-16 0.33431235218400568 0.33309393507278817 0.0012184171112175068 1.2918263685209534e-05
28500 0 0 0.030699979445376471 25.006985580479043 9.950851066825437e-06 5.0031944001672863e-06 9.9508510668972536e-06 5.0031944001672871e-06 9.950851066825437e-06 7.5889129507623192e-17 -8.1667497471875468e-17 6.7672712614404657e-20 7.1995986321946315e-17 -4.6406553213519534e-17 50.000000000001286 49.999999999998735 50.000000000001286 1.2860823517257813e-12 -1.2647660696529783e-12 1.0000000000000033 1969.8656512428213 8030.1343487305148 0.027756733296018195 0 0 0.99924974560124902 5.3543562408259128e-18 1 7.5908807760970015e-13 -8.1694589995176637e-13 7.1626211263629499e-16 0.33431834561072443 0.33309068946854065 0.0012276561421837862 5.0031944001672863e-06
29000 0 0 0.030658932457216861 25.007017197546208 1.0503308824478767e-05 4.9420355976902943e-06 1.0503308824420776e-05 4.9420355976902833e-06 1.0503308824478767e-05 7.3262595534665807e-17 -7.989813204242189e-17 1.4607610736417492e-19 7.4850239760462169e-17 -1.3969854359141711e-17 50.000000000001329 49.999999999998693 50.000000000001329 1.3287149158713873e-12 -1.3073986337985843e-12 1.0000000000000009 1969.8656512427331 8030.1343487302011 0.02775676251952388 0 0 0.9992526897567191 5.3557763765276787e-18 1 7.3251761623082127e-13 -7.9883721306560278e-13 1.3666629276442971e-15 0.3343172377625796 0.33309122459135559 0.0012260131712240052 4.9420355976902943e-06
29500 0 0 0.030397565981841096 25.00721591608341 1.6053432711774561e-05 1.076277804332852e-05 1.6053432711665836e-05 1.0762778043328532e-05 1.6053432711774561e-05 7.2654078933843159e-17 -8.1110599736490176e-17 -1.6695075094086967e-19 6.6143915974759021e-17 -6.8752958134603869e-17 50.000000000001357 49.99999999999865 50.000000000001357 1.3571366253017914e-12 -1.3500311979441904e-12 1.0000000000000013 1969.8656512426444 8030.1343487297281 0.027756221104795812 0 0 0.99927428266514773 5.3574973689392839e-18 1 7.2656564467123153e-13 -8.109397010781956e-13 -1.7306216734573054e-15 0.33431037616052411 0.33309482437403792 0.0012155517864861909 1.076277804332852e-05
30000 0 0 0.030062141913539616 25.007470670177106 1.6645350931555802e-05 1.1174487427522539e-05 1.6645350931548053e-05 1.1174487427522542e-05 1.6645350931555802e-05 7.1071523232773115e-17 -8.2030774317558817e-17 6.8433079933142851e-20 8.1826770864459633e-17 -2.9432735921092012e-17 50.000000000001393 49.999999999998622 50.000000000001393 1.3926637620897964e-12 -1.3784529073745944e-12 1.0000000000000007 1969.8656512425398 8030.1343487293661 0.027756200202894953 0 0 0.99929228348608612 5.358533632364557e-18 1 7.1020340758516654e-13 -8.2055138711837304e-13 7.5137030582759473e-16 0.33430159004447335 0.33309946359554021 0.0012021264489331385 1.1174487427522539e-05
30500 0 0 0.029815051759853467 25.007658251054139 1.1898140085409095e-05 6.6010782118891822e-06 1.1898140085366174e-05 6.6010782118891856e-06 1.1898140085409095e-05 6.7793400017181605e-17 -8.0572292680230733e-17 -6.9344424191478378e-21 7.3751956416255587e-17 -7.5308441431812231e-17 50.000000000001428 49.999999999998586 50.000000000001428 1.4281908988778014e-12 -1.4139800441625994e-12 1.0000000000000007 1969.8656512424509 8030.134348729036 0.0277568906790709 0 0 0.9992863199839046 5.3585330994890609e-18 1 6.7783498530060168e-13 -8.0539025291591002e-13 -2.2000476623540282e-18 0.33429513095712121 0.33310289410469235 0.0011922368524288629 6.6010782118891822e-06
31000 0 0 0.029758290660971461 25.007701272335098 8.1742953081378353e-06 1.9211652619739663e-06 8.174295308205581e-06 1.9211652619739663e-06 8.1742953081378353e-06 6.6490392971387014e-17 -7.5110150395504227e-17 -1.2459324646196335e-21 6.0144015945675095e-17 -8.4540858462907442e-17 50.000000000001464 49.99999999999855 50.000000000001464 1.4637180356658064e-12 -1.4495071809506044e-12 1.0000000000000004 1969.8656512423677 8030.1343487286686 0.027757721597644457 0 0 0.99928489898204165 5.3576536808312262e-18 1 6.644533963217536e-13 -7.5082229955295769e-13 -9.2870369909543786e-17 0.33429366087019274 0.3331036958135527 0.001189965056640041 1.9211652619739663e-06
31500 0 0 0.029894249488316611 25.007597920719338 1.2042976801305983e-05 6.7453882909492134e-06 1.2042976801193705e-05 6.745388290949221e-06 1.2042976801305983e-05 7.4579150364251569e-17 -8.4020909397963166e-17 -3.6517102817415718e-20 5.8263326958193051e-17 -1.0801485886314332e-16 50.000000000001499 49.999999999998508 50.000000000001499 1.4992451724538114e-12 -1.4921397450962104e-12 1.0000000000000007 1969.8656512422799 8030.1343487282602 0.027757103830358364 0 0 0.99928810225627718 5.3563280283194077e-18 1 7.4560843605055581e-13 -8.4034732472489118e-13 -3.1329736993262059e-16 0.33429723087753566 0.33310182420220885 0.0011954066753268044 6.7453882909492134e-06
32000 0 0 0.030137091998761321 25.007413389898115 1.4751031985600646e-05 8.8359768509491151e-06 1.4751031985481661e-05 8.8359768509490965e-06 1.4751031985600646e-05 7.8559099330146173e-17 -8.9501829545517502e-17 -6.7954689649937929e-20 4.6355571574570877e-17 -8.4058593313728277e-17 50.000000000001521 49.999999999998479 50.000000000001521 1.5205614545266144e-12 -1.5205614545266144e-12 1.0000000000000002 1969.865651242173 8030.13434872785 0.027756837649946846 0 0 0.99929372936182526 5.355248700034512e-18 1 7.8529806855364456e-13 -8.951296735087988e-13 -6.1702958139645722e-16 0.33430359101163543 0.33309846469453558 0.0012051263170998472 8.8359768509491151e-06
32500 0 0 0.030362883718139774 25.007241833495627 1.2153168186803769e-05 6.8227746374441616e-06 1.215316818677686e-05 6.8227746374441514e-06 1.2153168186803769e-05 8.2940734358926036e-17 -9.0461400984216418e-17 -2.7080297112155701e-20 6.5609379818121027e-17 -1.0589201124184213e-17 50.000000000001556 49.999999999998444 50.000000000001556 1.5560885913146194e-12 -1.5560885913146194e-12 1.0000000000000004 1969.8656512420816 8030.1343487275772 0.027757043441908408 0 0 0.99927769126458565 5.3549117802584009e-18 1 8.2912935425560045e-13 -9.0482012000760417e-13 -3.5246104510410106e-16 0.33430950310605312 0.33309533946816361 0.0012141636378895093 6.8227746374441616e-06
33000 0 0 0.030470739990811607 25.007159879943341 8.3214666980961238e-06 2.5196075748327631e-06 8.3214666980914685e-06 2.5196075748327585e-06 8.3214666980961238e-06 9.2109004749886092e-17 -9.2410259598522884e-17 -4.1978548981130704e-20 1.727764055618187e-16 1.9792840746817436e-17 50.000000000001592 49.999999999998423 50.000000000001592 1.5916157281026244e-12 -1.5774048733874224e-12 1.0000000000000004 1969.8656512419973 8030.1343487271379 0.027757403213966924 0 0 0.99926873035595709 5.3553376235402212e-18 1 9.2175701479121214e-13 -9.2427489561285785e-13 -3.2974504091726576e-16 0.33431233129657678 0.33309385066394603 0.0012184806326307474 2.5196075748327631e-06
33500 0 0 0.030425985465803988 25.007193838851595 9.6672013092022985e-06 3.7398449629150544e-06 9.6672013091693506e-06 3.7398449629150616e-06 9.6672013092022985e-06 9.3122083937490104e-17 -9.2268153939756823e-17 -6.4145030149544182e-20 1.306884752003568e-16 2.6119120808642656e-17 50.000000000001634 49.999999999998373 50.000000000001634 1.6342482922482304e-12 -1.6271428648906294e-12 1.0000000000000002 1969.8656512418966 8030.1343487267241 0.0277573370946998 0 0 0.99927256166450107 5.3562365153815304e-18 1 9.3149947927737429e-13 -9.2267872899229951e-13 -5.0138251053413833e-16 0.33431116631957847 0.33309447700762002 0.0012166893119584521 3.7398449629150544e-06
34000 0 0 0.03026792764725008 25.007313842251154 1.177191698959987e-05 6.4443663639408441e-06 1.1771916989539365e-05 6.4443663639408433e-06 1.177191698959987e-05 9.4369542562610733e-17 -9.3931064776628252e-17 1.9494691004702316e-20 1.1521707645436673e-16 -5.2175612910230097e-17 50.00000000000167 49.99999999999833 50.00000000000167 1.6697754290362354e-12 -1.6697754290362354e-12 1.0000000000000004 1969.8656512418042 8030.1343487264003 0.027757004703441456 0 0 0.99928585252263602 5.357489150040594e-18 1 9.4393584756074226e-13 -9.3935295531201346e-13 1.0949418842272263e-16 0.33430703338785006 0.33309667037812485 0.0012103630097252127 6.4443663639408441e-06
34500 0 0 0.030082850999979049 25.007454384001772 1.1538300728414243e-05 6.1780599525096696e-06 1.1538300728345765e-05 6.1780599525096696e-06 1.1538300728414243e-05 1.0042583626702014e-16 -9.4722921997706259e-17 -1.6163234740417059e-19 1.3457054102731257e-16 -8.829797047181774e-17 50.000000000001712 49.999999999998295 50.000000000001712 1.7124079931818414e-12 -1.7053025658242404e-12 1.0000000000000018 1969.8656512417242 8030.134348726041 0.027757054660079116 0 0 0.99929244880794654 5.3579582973603386e-18 1 1.0044454959089913e-12 -9.4711967664400806e-13 -1.6799297375260542e-15 0.33430219001694811 0.33309923466859309 0.0012029553483550171 6.1780599525096696e-06
35000 0 0 0.02995872336376626 25.007548686118152 9.4714537597207153e-06 3.4685621637514036e-06 9.4714537596495798e-06 3.468562163751393e-06 9.4714537597207153e-06 1.0666357865888488e-16 -9.3722280472501212e-17 -5.3086896086782365e-20 1.1064553633703151e-16 -1.7339301541976844e-16 50.000000000001755 49.999999999998245 50.000000000001755 1.7550405573274475e-12 -1.7550405573274475e-12 1.0000000000000011 1969.8656512416294 8030.1343487257036 0.027757510183101519 0 0 0.99928951847536718 5.3577217581447232e-18 1 1.066717670848557e-12 -9.3686157738366372e-13 -4.9050868283301704e-16 0.33429893913208292 0.33310095192670774 0.0011979872053751728 3.4685621637514036e-06
35500 0 0 0.029944696053457606 25.007559415286092 8.2449140820162737e-06 2.0530975957385807e-06 8.2449140818770147e-06 2.0530975957385782e-06 8.2449140820162737e-06 1.0400257315547883e-16 -9.6000658556685801e-17 -7.4289417053624473e-20 9.5922535294369795e-17 -2.1300977618989792e-16 50.000000000001805 49.999999999998195 50.000000000001805 1.8047785488306545e-12 -1.8047785488306545e-12 1.0000000000000007 1969.8656512415378 8030.134348725258 0.02775782018012898 0 0 0.99928921768967838 5.3571084240185603e-18 1 1.0398080914846468e-12 -9.6019416567513697e-13 -8.0124707091018642e-16 0.33429856657883167 0.33310114081023973 0.0011974257685919421 2.0530975957385807e-06
36000 0 0 0.030033461777031999 25.007492087373219 9.2272753171907305e-06 4.3740641408286813e-06 9.2272753172496705e-06 4.374064140828688e-06 9.2272753171907305e-06 1.0293537398356404e-16 -9.4609404844413352e-17 -7.5562584845826055e-20 1.7403506827552685e-17 -1.5970912504155073e-16 50.000000000001847 49.999999999998153 50.000000000001847 1.8474111129762605e-12 -1.8474111129762605e-12 1.0000000000000031 1969.8656512414391 8030.1343487248869 0.027757563871181199 0 0 0.99929139117409949 5.3564136718112256e-18 1 1.0292727769820085e-12 -9.4607915749585968e-13 -8.3607926353140182e-16 0.33430088102554245 0.33309990246791266 0.0012009785576297949 4.3740641408286813e-06
36500 0 0 0.030171657541392536 25.007387199576311 9.9646916334044346e-06 5.1270557745455014e-06 9.964691633264249e-06 5.1270557745454946e-06 9.9646916334044346e-06 1.0640596205832061e-16 -9.1515876704862322e-17 3.9214705710427005e-20 7.358060481146898e-17 -8.4682649583144789e-17 50.000000000001897 49.999999999998103 50.000000000001897 1.8971491044794675e-12 -1.8971491044794675e-12 1.0000000000000011 1969.8656512413329 8030.1343487244958 0.027757480180560481 0 0 0.99929356482416021 5.3558890178956225e-18 1 1.0634040034199988e-12 -9.1496577911174163e-13 3.5841347261759708e-16 0.33430448879234542 0.33309797899983484 0.0012065097925105794 5.1270557745455014e-06
37000 0 0 0.030289969041757892 25.007297379377036 8.8758864609240245e-06 3.7782600770975373e-06 8.8758864610261224e-06 3.7782600770975357e-06 8.8758864609240245e-06 1.0747659815113176e-16 -9.2133501535677808e-17 -2.3837967310711575e-19 1.1101405899074805e-16 -1.2885400163669777e-16 50.00000000000194 49.999999999998053 50.00000000000194 1.9397816686250735e-12 -1.9468870959826745e-12 1.0000000000000007 1969.865651241269 8030.1343487241356 0.027757595551882418 0 0 0.9992835888534547 5.3557727161087385e-18 1 1.0746477627073412e-12 -9.2111460636928964e-13 -2.3846800449638409e-15 0.33430758026344404 0.33309633505840491 0.0012112452050391243 3.7782600770975373e-06
37500 0 0 0.030336747315986668 25.00726184502064 8.199530763377841e-06 1.8753140195006147e-06 8.1995307633014555e-06 1.8753140195006107e-06 8.199530763377841e-06 1.1091061676423801e-16 -9.9584590434175207e-17 1.1759324071028736e-20 1.3080902801890174e-16 -8.482078242339093e-17 50.00000000000199 49.99999999999801 50.00000000000199 1.9895196601282805e-12 -1.9895196601282805e-12 1.0000000000000009 1969.8656512411724 8030.1343487237482 0.027757759280583095 0 0 0.99927968772133413 5.3560692430882707e-18 1 1.1090598044166178e-12 -9.9538033484932148e-13 6.0358259511315831e-17 0.33430880581224215 0.33309568829845776 0.0012131175137843897 1.8753140195006147e-06
37999 0 0 0.030296053901265167 25.007292702436686 9.1228573900367419e-06 2.932640895568727e-06 9.1228573899393568e-06 2.9326408955687228e-06 9.1228573900367419e-06 1.1039505965768627e-16 -9.7055476499806494e-17 7.6782129107464951e-20 1.1045234076593095e-16 -8.3265871857975173e-17 50.000000000002039 49.999999999997961 50.000000000002039 2.0392576516314875e-12 -2.0392576516314875e-12 1.0000000000000007 1969.8656512410666 8030.1343487233762 0.02775762437373629 0 0 0.99928317620326557 5.3565953446472272e-18 1 1.104200959103948e-12 -9.7071690742951125e-13 7.773666581807668e-16 0.33430774663121071 0.33309625787623992 0.0012114887549707909 2.932640895568727e-06
