# 1:passo  2:R0  3:|a2|/R0  4:|a4|/R0  5:|a8|/R0  6:rmin  7:rmax
0 24.99530979 9.196997287e-17 9.52226216e-05 8.27724819e-05 24.98429581 25.00965244
500 24.98167679 1.493094278e-16 6.62152037e-05 7.717800301e-05 24.97291711 24.99378967
1000 24.96762502 1.110033132e-16 2.396349712e-05 7.87242258e-05 24.95992867 24.98119993
1500 24.95418334 1.792241776e-16 7.131308676e-06 8.487765402e-05 24.9466779 24.96754567
2000 24.94684833 1.393738493e-16 2.224567758e-05 8.789382717e-05 24.9389603 24.96009096
2500 24.94678487 3.033442898e-16 4.660595147e-05 8.812856791e-05 24.93833532 24.95969566
3000 24.95304293 5.620691893e-17 6.079240685e-05 8.588326064e-05 24.94429259 24.96569213
3500 24.96225523 1.893581489e-16 9.42592586e-05 8.272409481e-05 24.95277553 24.97432486
4000 24.96969299 1.875118643e-16 0.0001124054391 7.982816016e-05 24.95983702 24.98139364
4500 24.97226548 2.323349309e-16 9.964007563e-05 7.835885882e-05 24.96272504 24.98408935
5000 24.96962767 3.243973611e-16 6.387365889e-05 7.921176884e-05 24.9608957 24.98198486
5500 24.9642105 2.35057307e-16 2.734857097e-05 8.122676656e-05 24.95628781 24.97715658
6000 24.95893902 1.707969374e-16 4.216649725e-06 8.330203184e-05 24.9515185 24.97228157
6500 24.95623763 3.107227599e-16 2.415161582e-06 8.430802191e-05 24.94895623 24.96970814
7000 24.95696415 8.328392108e-17 8.669403326e-06 8.408459655e-05 24.94943133 24.97027344
7500 24.96035684 3.784057417e-16 3.420459936e-05 8.291814794e-05 24.95225328 24.97326984
8000 24.96440604 3.69620343e-16 6.281225769e-05 8.149561884e-05 24.95566524 24.97686733
8500 24.96700296 1.602963859e-16 8.0851263e-05 8.055726246e-05 24.95786127 24.9791764
9000 24.96702717 1.43314524e-16 8.169651408e-05 8.057149686e-05 24.95786579 24.9791893
9500 24.96476277 1.377870543e-16 6.900782414e-05 8.147425601e-05 24.95587973 24.97713583
10000 24.96155318 2.567259908e-16 5.067727107e-05 8.268767669e-05 24.95307413 24.97422637
10500 24.95900133 1.574840721e-16 3.473585854e-05 8.359022169e-05 24.95087622 24.97192897
11000 24.95824018 2.118112582e-17 2.682788272e-05 8.379776388e-05 24.95029402 24.97128578
11500 24.95946476 2.268929064e-16 2.935307877e-05 8.329503456e-05 24.95146734 24.97245791
12000 24.96192979 2.287186039e-16 3.976960647e-05 8.235114474e-05 24.95370605 24.97474385
12500 24.96437289 1.23341863e-16 5.186449418e-05 8.141654644e-05 24.95588452 24.97698353
13000 24.9656706 2.34507836e-16 5.947543737e-05 8.092618858e-05 24.95701446 24.97815645
13500 24.96535561 2.557056253e-16 5.99582374e-05 8.108324378e-05 24.95668608 24.97784054
14000 24.96375302 2.46518048e-16 5.458760159e-05 8.174910895e-05 24.95519729 24.97633764
14500 24.96172849 1.821502923e-16 4.685510613e-05 8.25522118e-05 24.95333912 24.97445034
15000 24.96023253 3.735376441e-16 4.061346785e-05 8.311819189e-05 24.95197881 24.97306186
15500 24.95987057 1.437378435e-16 3.862134448e-05 8.323910469e-05 24.95166102 24.9727322
16000 24.96067048 2.373794317e-16 4.145714086e-05 8.292383522e-05 24.95240009 24.97348147
16500 24.96213189 3.68924605e-16 4.722940452e-05 8.235821971e-05 24.9537367 24.97484193
17000 24.96351347 2.105775482e-16 5.26965958e-05 8.181775747e-05 24.95500026 24.97612731
17500 24.96420302 1.808890906e-16 5.516647646e-05 8.154460802e-05 24.95563694 24.97677216
18000 24.96398179 3.41769851e-16 5.382454994e-05 8.16332327e-05 24.95544524 24.97657287
18500 24.9630713 1.230345273e-16 4.97647436e-05 8.199389582e-05 24.9546229 24.9757323
19000 24.96197387 1.914787978e-16 4.513508389e-05 8.242123991e-05 24.95362583 24.97471508
19500 24.96121027 2.000849674e-16 4.208482571e-05 8.271255578e-05 24.95292829 24.97400465
20000 24.96108371 3.125441259e-16 4.187513222e-05 8.275873277e-05 24.95280594 24.97388279
20500 24.96156934 3.127131508e-16 4.436934617e-05 8.257383759e-05 24.95323684 24.97432703
21000 24.96236526 4.002232807e-16 4.815845179e-05 8.227080573e-05 24.95394993 24.97505907
21500 24.96306536 1.265533506e-16 5.134611707e-05 8.200259046e-05 24.95458055 24.97570481
22000 24.96335989 2.003602785e-16 5.254125385e-05 8.188993231e-05 24.9548492 24.97597845
22500 24.96316563 3.656481521e-16 5.145696158e-05 8.196675881e-05 24.95467876 24.97580211
23000 24.96263433 8.773375004e-17 4.886576392e-05 8.217265934e-05 24.95420408 24.97531449
23500 24.96205271 2.302100844e-16 4.609625524e-05 8.239453568e-05 24.95368298 24.97477961
24000 24.96169466 4.768609423e-16 4.439330575e-05 8.252798003e-05 24.95336221 24.97445021
24500 24.96169788 2.027360729e-16 4.439338059e-05 8.252343873e-05 24.9533655 24.97445332
25000 24.96201723 1.388756073e-16 4.589624432e-05 8.23999257e-05 24.95365204 24.97474725
25500 24.96246734 2.239011921e-16 4.803262735e-05 8.222781859e-05 24.95405549 24.97516129
26000 24.96282506 2.115027719e-17 4.974541105e-05 8.209195823e-05 24.95437576 24.9754901
26500 24.96293696 3.92143389e-16 5.031339638e-05 8.205132919e-05 24.95447518 24.97559255
27000 24.96278141 3.979251721e-16 4.963824414e-05 8.211383052e-05 24.95433425 24.97544868
27500 24.96246198 1.120105889e-16 4.819449497e-05 8.22381669e-05 24.95404624 24.97515393
28000 24.9621446 2.140139986e-16 4.673513799e-05 8.235956001e-05 24.95376069 24.97486135
28500 24.96197415 5.172626274e-16 4.592363106e-05 8.242300632e-05 24.95360801 24.97470456
29000 24.96201091 3.142130028e-16 4.6049869e-05 8.240685659e-05 24.95364209 24.974739
29500 24.96221309 1.40650873e-16 4.69392429e-05 8.232802045e-05 24.95382495 24.97492592
30000 24.96246826 9.023253059e-17 4.808441745e-05 8.222971426e-05 24.95405518 24.97516152
30500 24.9626534 2.92154595e-16 4.892255303e-05 8.215906962e-05 24.95422206 24.97533237
31000 24.9626926 2.585382872e-16 4.910633428e-05 8.214514869e-05 24.95425723 24.97536847
31500 24.96258597 2.843063851e-16 4.863552689e-05 8.218745048e-05 24.95416082 24.97526994
32000 24.96240014 1.454982228e-16 4.780882076e-05 8.225962852e-05 24.95399297 24.97509828
32500 24.96222962 9.154977241e-17 4.704879317e-05 8.232498689e-05 24.95383899 24.97494075
33000 24.96215027 2.711936564e-16 4.669615098e-05 8.235468237e-05 24.95376733 24.97486742
33500 24.96218702 3.00298555e-16 4.686495322e-05 8.233974223e-05 24.95380042 24.97490129
34000 24.9623087 2.064320112e-16 4.741576472e-05 8.229251903e-05 24.9539101 24.97501356
34500 24.96244916 4.113841588e-16 4.804890175e-05 8.223849792e-05 24.95403677 24.97514322
35000 24.96254189 2.830086592e-16 4.846282138e-05 8.220319575e-05 24.95412048 24.97522887
35500 24.96255045 1.201847265e-17 4.849433686e-05 8.220047821e-05 24.95412835 24.97523688
36000 24.96248142 3.588478043e-16 4.81759645e-05 8.222753833e-05 24.95406626 24.97517328
36500 24.96237602 3.708259804e-16 4.769570918e-05 8.226823376e-05 24.95397133 24.97507606
37000 24.96228697 1.911587663e-16 4.729209964e-05 8.230221993e-05 24.95389107 24.97499389
37500 24.96225298 9.891748422e-17 4.714002095e-05 8.231481243e-05 24.9538604 24.97496249
37999 24.96228541 8.845022353e-17 4.729039829e-05 8.230190228e-05 24.95388956 24.97499236
