# 1:passo  2:sigma_pop  3:int_grad  4:K  5:espessura_10_90  6:residuo  7:d0  8:|u|max  9:|u|rms  10:|u_n|max  11:|u_t|max  12:massa_R  13:massa_B  14:qx  15:qy  16:soma_Fx  17:soma_Fy  18:min_f  19:neg_total  20:neg_cor
0 0.09999968901 2.00000311 1.273753378 3.45 7.549516567e-15 -4.048032582e-17 2.194270918e-17 7.236105331e-18 1.551583846e-17 2.172217384e-17 20000 20000 -6.938893904e-16 6.938893904e-16 0 0 0.02423200072 0 0
500 0.09999424246 2.000001951 1.293586102 3.397106035 0.0675837624 1.188519131e-12 0.001786147935 0.0005057771853 0.0002082483598 0.001776217956 20000 20000 8.992806499e-13 -1.11577414e-12 0 0 0.02438720126 0 0
1000 0.0999942096 2.000001951 1.293583229 3.397113579 0.06758271666 1.406915337e-12 0.001789172219 0.0005072288427 0.0002081628531 0.001779272654 20000 20000 2.395306176e-12 -3.010786065e-12 0 0 0.02438710999 0 0
1500 0.09999420284 2.000001951 1.29358385 3.397111951 0.06758291726 1.609988164e-12 0.001789744499 0.0005075270004 0.0002081933513 0.001779843308 20000 20000 2.633310237e-12 -3.875372245e-12 0 0 0.0243871251 0 0
2000 0.09999420151 2.000001951 1.293583727 3.397112272 0.06758287423 1.813648091e-12 0.001789852594 0.0005075855275 0.0002081854621 0.001779953249 20000 20000 3.410466354e-12 -6.845218836e-12 0 0 0.02438712294 0 0
2500 0.09999420125 2.000001951 1.293583749 3.397112214 0.06758288115 2.047835387e-12 0.001789873993 0.0005075968574 0.0002081872652 0.001779974483 20000 20000 3.288341821e-12 -8.096995296e-12 0 0 0.02438712318 0 0
3000 0.0999942012 2.000001951 1.293583745 3.397112224 0.06758287987 2.282913984e-12 0.001789877998 0.0005075990418 0.0002081868899 0.001779978569 20000 20000 5.139638715e-12 -1.131109095e-11 0 0 0.02438712317 0 0
3500 0.09999420119 2.000001951 1.293583746 3.397112223 0.06758288003 2.538063959e-12 0.001789878795 0.0005075994637 0.0002081869625 0.001779979359 20000 20000 3.532590886e-12 -1.726882526e-11 0 0 0.02438712317 0 0
4000 0.09999420119 2.000001951 1.293583746 3.397112223 0.06758288 2.837164974e-12 0.001789878944 0.0005075995449 0.0002081869495 0.001779979511 20000 20000 6.008388231e-12 -2.243552566e-11 0 0 0.02438712317 0 0
4500 0.09999420119 2.000001951 1.293583746 3.397112223 0.06758288 3.090199685e-12 0.001789878973 0.0005075995606 0.0002081869517 0.001779979541 20000 20000 1.305136554e-11 -2.856950787e-11 0 0 0.02438712317 0 0
5000 0.09999420119 2.000001951 1.293583746 3.397112223 0.06758288 3.296974653e-12 0.001789878979 0.0005075995636 0.0002081869514 0.001779979546 20000 20000 1.957739526e-11 -3.43357287e-11 0 0 0.02438712317 0 0
5500 0.09999420119 2.000001951 1.293583746 3.397112223 0.06758288 3.465296291e-12 0.00178987898 0.0005075995642 0.0002081869514 0.001779979547 20000 20000 2.590774817e-11 -3.989863995e-11 0 0 0.02438712317 0 0
6000 0.09999420119 2.000001951 1.293583746 3.397112223 0.06758288 3.58323791e-12 0.00178987898 0.0005075995643 0.0002081869514 0.001779979548 20000 20000 3.078162725e-11 -4.115943697e-11 0 0 0.02438712317 0 0
6500 0.09999420119 2.000001951 1.293583746 3.397112223 0.06758288 3.657970812e-12 0.00178987898 0.0005075995643 0.0002081869514 0.001779979548 20000 20000 3.55916685e-11 -4.206288096e-11 0 0 0.02438712317 0 0
7000 0.09999420119 2.000001951 1.293583746 3.397112223 0.06758288 3.628021587e-12 0.00178987898 0.0005075995643 0.0002081869514 0.001779979548 20000 20000 5.362169042e-11 -4.923075836e-11 0 0 0.02438712317 0 0
7500 0.09999420119 2.000001951 1.293583746 3.397112223 0.06758288 3.440208876e-12 0.00178987898 0.0005075995643 0.0002081869514 0.001779979548 20000 20000 7.166003901e-11 -5.914435608e-11 0 0 0.02438712317 0 0
8000 0.09999420119 2.000001951 1.293583746 3.397112223 0.06758288 3.14761382e-12 0.00178987898 0.0005075995643 0.0002081869514 0.001779979548 20000 20000 8.789913242e-11 -6.355263538e-11 0 0 0.02438712317 0 0
8500 0.09999420119 2.000001951 1.293583746 3.397112223 0.06758288 2.688485858e-12 0.00178987898 0.0005075995643 0.0002081869514 0.001779979548 20000 20000 1.071302769e-10 -6.982539547e-11 0 0 0.02438712317 0 0
9000 0.09999420119 2.000001951 1.293583746 3.397112223 0.06758288 2.057178606e-12 0.00178987898 0.0005075995643 0.0002081869514 0.001779979548 20000 20000 1.237371317e-10 -7.302491944e-11 0 0 0.02438712317 0 0
9500 0.09999420119 2.000001951 1.293583746 3.397112223 0.06758288 1.322826511e-12 0.00178987898 0.0005075995643 0.0002081869514 0.001779979548 20000 20000 1.368551106e-10 -7.704045735e-11 0 0 0.02438712317 0 0
10000 0.09999420119 2.000001951 1.293583746 3.397112223 0.06758288 4.405452819e-13 0.00178987898 0.0005075995643 0.0002081869514 0.001779979548 20000 20000 1.524509685e-10 -8.418890585e-11 0 0 0.02438712317 0 0
10500 0.09999420119 2.000001951 1.293583746 3.397112223 0.06758288 -5.683349688e-13 0.00178987898 0.0005075995643 0.0002081869514 0.001779979548 20000 20000 1.684173634e-10 -9.288472769e-11 0 0 0.02438712317 0 0
11000 0.09999420119 2.000001951 1.293583746 3.397112223 0.06758288 -1.732920132e-12 0.00178987898 0.0005075995643 0.0002081869514 0.001779979548 20000 20000 1.788916237e-10 -9.959880143e-11 0 0 0.02438712317 0 0
11500 0.09999420119 2.000001951 1.293583746 3.397112223 0.06758288 -2.974827616e-12 0.00178987898 0.0005075995643 0.0002081869514 0.001779979548 20000 20000 1.913073866e-10 -1.065487976e-10 0 0 0.02438712317 0 0
12000 0.09999420119 2.000001951 1.293583746 3.397112223 0.06758288 -4.278104463e-12 0.00178987898 0.0005075995643 0.0002081869514 0.001779979548 20000 20000 2.021563472e-10 -1.127972715e-10 0 0 0.02438712317 0 0
12500 0.09999420119 2.000001951 1.293583746 3.397112223 0.06758288 -5.664625184e-12 0.00178987898 0.0005075995643 0.0002081869514 0.001779979548 20000 20000 2.056764481e-10 -1.138637795e-10 0 0 0.02438712317 0 0
13000 0.09999420119 2.000001951 1.293583746 3.397112223 0.06758288 -7.108550798e-12 0.00178987898 0.0005075995643 0.0002081869514 0.001779979548 20000 20000 2.112046649e-10 -1.198291466e-10 0 0 0.02438712317 0 0
13500 0.09999420119 2.000001951 1.293583746 3.397112223 0.06758288 -8.622559691e-12 0.00178987898 0.0005075995643 0.0002081869514 0.001779979548 20000 20000 2.214763095e-10 -1.234533309e-10 0 0 0.02438712317 0 0
14000 0.09999420119 2.000001951 1.293583746 3.397112223 0.06758288 -1.023860914e-11 0.00178987898 0.0005075995643 0.0002081869514 0.001779979548 20000 20000 2.295670598e-10 -1.21878202e-10 0 0 0.02438712317 0 0
14500 0.09999420119 2.000001951 1.293583746 3.397112223 0.06758288 -1.188265324e-11 0.00178987898 0.0005075995643 0.0002081869514 0.001779979548 20000 20000 2.342882832e-10 -1.263995852e-10 0 0 0.02438712317 0 0
15000 0.09999420119 2.000001951 1.293583746 3.397112223 0.06758288 -1.357349593e-11 0.00178987898 0.0005075995643 0.0002081869514 0.001779979548 20000 20000 2.424144219e-10 -1.382317871e-10 0 0 0.02438712317 0 0
15500 0.09999420119 2.000001951 1.293583746 3.397112223 0.06758288001 -1.525499039e-11 0.00178987898 0.0005075995643 0.0002081869514 0.001779979548 20000 20000 2.506876651e-10 -1.466549104e-10 0 0 0.02438712317 0 0
16000 0.09999420119 2.000001951 1.293583746 3.397112223 0.06758288001 -1.69810533e-11 0.00178987898 0.0005075995643 0.0002081869514 0.001779979548 20000 20000 2.557863643e-10 -1.478393796e-10 0 0 0.02438712317 0 0
16500 0.09999420119 2.000001951 1.293583746 3.397112223 0.06758288001 -1.881185618e-11 0.00178987898 0.0005075995643 0.0002081869514 0.001779979548 20000 20000 2.660885401e-10 -1.492639345e-10 0 0 0.02438712317 0 0
17000 0.09999420119 2.000001951 1.293583746 3.397112223 0.06758288001 -2.073935705e-11 0.00178987898 0.0005075995643 0.0002081869514 0.001779979548 20000 20000 2.812576561e-10 -1.602447341e-10 0 0 0.02438712317 0 0
17500 0.09999420119 2.000001951 1.293583746 3.397112223 0.06758288001 -2.274677255e-11 0.00178987898 0.0005075995643 0.0002081869514 0.001779979548 20000 20000 2.920663711e-10 -1.725841692e-10 0 0 0.02438712317 0 0
18000 0.09999420119 2.000001951 1.293583746 3.397112223 0.06758288001 -2.484788546e-11 0.00178987898 0.0005075995643 0.0002081869514 0.001779979548 20000 20000 3.028452489e-10 -1.866160004e-10 0 0 0.02438712317 0 0
18500 0.09999420119 2.000001951 1.293583746 3.397112223 0.06758288001 -2.700202089e-11 0.00178987898 0.0005075995643 0.0002081869514 0.001779979548 20000 20000 3.191280573e-10 -2.034226954e-10 0 0 0.02438712317 0 0
19000 0.09999420119 2.000001951 1.293583746 3.397112223 0.06758288001 -2.925899175e-11 0.00178987898 0.0005075995643 0.0002081869514 0.001779979548 20000 20000 3.360062228e-10 -2.155955969e-10 0 0 0.02438712317 0 0
19500 0.09999420119 2.000001951 1.293583746 3.397112223 0.06758288001 -3.158377878e-11 0.00178987898 0.0005075995643 0.0002081869514 0.001779979548 20000 20000 3.477815258e-10 -2.222430573e-10 0 0 0.02438712317 0 0
19999 0.09999420119 2.000001951 1.293583746 3.397112223 0.06758288001 -3.399924863e-11 0.00178987898 0.0005075995643 0.0002081869514 0.001779979548 20000 20000 3.574002205e-10 -2.277081301e-10 0 0 0.02438712317 0 0
