# 1:passo  2:raio_area  3:raio_grad  4:raio_linha  5:p_in  6:p_out  7:delta_p  8:sigma  9:|u-v0|max  10:|u-v0|rms  11:Ca  12:massa_R  13:massa_B  14:|q|  15:sd_p_in  16:sd_p_out  17:sigma_2pontos  18:K_perfil  19:r_perfil  20:espessura_10_90  21:residuo_ajuste  22:n_camadas
0 25.04052139 25.08111096 25 0.3333333333 0.3333333333 -2.220446049e-16 -5.560112678e-15 2.501853777e-17 7.413421503e-18 0 1969.865651 8030.134349 4.263015527e-16 2.731879552e-08 0 2.775557562e-15 1.273345395 25.01411833 3.451105388 0.08159937045 12
500 24.98397761 25.01339243 24.93949689 0.3346238794 0.3332053642 0.001418515212 0.03544015231 0.001797262074 0.001153435178 0.005071259453 1969.865651 8030.134349 8.479769519e-14 9.511037919e-05 0.0001712878191 0.03708132298 1.295607126 24.95948876 3.391806873 0.0731547004 12
1000 24.94199816 24.97037672 24.89897511 0.3360930184 0.3326692678 0.003423750584 0.08539518077 0.002069861402 0.001402838241 0.002423862077 1969.865651 8030.134349 1.541690822e-13 3.576101963e-05 0.0001523528416 0.08555758882 1.295324127 24.91612107 3.392547906 0.07805340665 12
1500 24.91223144 24.93953118 24.86840577 0.3371970125 0.3322351145 0.004961897981 0.1236119509 0.001560603075 0.001019267802 0.001262501775 1969.865651 8030.134349 1.763368363e-13 3.118801711e-05 0.000200666717 0.1337795226 1.295606919 24.88479882 3.391807416 0.0772199135 12
2000 24.90081145 24.92732352 24.85642534 0.3376006693 0.3320748562 0.00552581312 0.1375972306 0.0006371680318 0.0003797063208 0.0004630674825 1969.865651 8030.134349 1.966659414e-13 4.974781155e-05 0.000197429346 0.1486454815 1.29595843 24.87283939 3.390887433 0.0780923215 12
2500 24.90517481 24.93133232 24.85995485 0.3374716318 0.3321773693 0.005294262499 0.131854533 0.0005140428588 0.0002836787367 0.0003898560383 1969.865651 8030.134349 1.638643897e-13 4.903755849e-05 0.0001249546978 0.1392603364 1.296078375 24.87718636 3.390573625 0.07817816518 12
3000 24.91811304 24.94438842 24.87176889 0.3370181567 0.3324028144 0.004615342303 0.1150056212 0.000795409777 0.0005264910467 0.0006916268689 1969.865651 8030.134349 1.887205592e-13 2.748519302e-05 1.47004448e-05 0.1164573541 1.296064585 24.89049235 3.390609701 0.07761834923 12
3500 24.93119942 24.95787999 24.88395639 0.3365460898 0.3326165681 0.003929521725 0.09796768973 0.0007084941725 0.0004829446105 0.0007231916711 1969.865651 8030.134349 1.854000052e-13 1.917956931e-06 8.522759574e-05 0.09427498217 1.295991724 24.90406071 3.390800321 0.07683399492 12
4000 24.93883346 24.96595285 24.89136953 0.3362688651 0.3327353007 0.003533564381 0.08812297361 0.000394801465 0.0002540988217 0.0004480119642 1969.865651 8030.134349 2.160235144e-13 1.342295525e-05 0.0001285078005 0.08193285524 1.295916998 24.91205203 3.390995844 0.07624667683 12
4500 24.93972676 24.96713382 24.89267047 0.33623242 0.3327396616 0.003492758394 0.08710843999 0.0002500848195 5.255700214e-05 0.0002870959686 1969.865651 8030.134349 2.303932273e-13 1.611230807e-05 0.0001127920212 0.08137276688 1.295862044 24.91307174 3.391139646 0.07604436303 12
5000 24.93589119 24.96337413 24.88951551 0.3363628166 0.332663651 0.003699165571 0.09224199017 0.0003817995773 0.0001883361027 0.0004139108194 1969.865651 8030.134349 2.519952256e-13 1.058163237e-05 5.910318963e-05 0.08901141666 1.295843739 24.90916076 3.391187551 0.07618013846 12
5500 24.9306069 24.95799687 24.88484049 0.3365445417 0.332564907 0.003979634692 0.09921470813 0.0004158758007 0.000223769268 0.0004191674889 1969.865651 8030.134349 2.908366443e-13 2.545226721e-06 1.6163449e-06 0.09894018558 1.29586275 24.90370094 3.3911378 0.07648513803 12
6000 24.92662022 24.95384262 24.88118971 0.3366829666 0.3324926865 0.004190280049 0.1044495194 0.0003239854734 0.0001564916656 0.0003101837857 1969.865651 8030.134349 3.081625882e-13 3.842131435e-06 4.180086403e-05 0.1062331377 1.295899893 24.89954534 3.391040602 0.07677977151 12
6500 24.92520222 24.95227561 24.87979172 0.3367334674 0.3324688671 0.004264600321 0.1062960254 0.0002588681594 5.401389677e-05 0.000243535126 1969.865651 8030.134349 3.120125988e-13 6.439851592e-06 5.317093757e-05 0.1086759725 1.295931472 24.89803301 3.390957972 0.07694636621 12
7000 24.92611299 24.95311127 24.88049316 0.3367031276 0.3324875701 0.0042155575 0.1050774626 0.0002563458588 5.98657093e-05 0.0002439589352 1969.865651 8030.134349 3.062840496e-13 5.307249161e-06 3.973993226e-05 0.1068229126 1.295944443 24.89893882 3.390924031 0.07695647392 12
7500 24.92819858 24.95520222 24.88229389 0.3366314024 0.3325269916 0.004104410829 0.1023155682 0.0002662914009 9.686005862e-05 0.0002602647922 1969.865651 8030.134349 2.921078631e-13 2.127208915e-06 1.481233727e-05 0.1028548967 1.295939452 24.90108144 3.39093709 0.07685619035 12
8000 24.93018124 24.95724134 24.88405678 0.3365628435 0.3325638495 0.003998994045 0.09969564632 0.0002621342058 8.698858e-05 0.0002629344565 1969.865651 8030.134349 2.395065525e-13 9.952669237e-07 7.793755992e-06 0.09913350182 1.295924719 24.90313839 3.390975642 0.07672387159 12
8500 24.93124677 24.95837339 24.88503712 0.3365259816 0.3325835309 0.003942450641 0.09829020979 0.0002533335476 5.147106327e-05 0.0002577403672 1969.865651 8030.134349 2.229497015e-13 2.67730532e-06 1.962225035e-05 0.097146862 1.295924549 24.90475334 3.390976087 0.07600463408 12
9000 24.93123963 24.9584114 24.88506932 0.3365262497 0.332583355 0.003942894732 0.0983012534 0.0002525644783 3.343797267e-05 0.0002569290519 1969.865651 8030.134349 2.331270127e-13 2.660746654e-06 1.93836406e-05 0.09716669225 1.29589997 24.90426873 3.3910404 0.07659254741 12
9500 24.93051141 24.95769504 24.88444646 0.3365514324 0.332569849 0.003981583405 0.09926291053 0.000256537662 4.646498773e-05 0.0002584426153 1969.865651 8030.134349 2.68466426e-13 1.516278799e-06 1.117557179e-05 0.09853029369 1.295898451 24.90352625 3.391044376 0.07661624815 12
10000 24.92960445 24.95677268 24.88364514 0.3365827779 0.3325530508 0.004029727065 0.1004595018 0.000257484153 5.008958977e-05 0.0002563064205 1969.865651 8030.134349 2.445278404e-13 9.714003937e-08 1.051063821e-06 0.1002247337 1.295903077 24.90258957 3.39103227 0.07666837645 12
10500 24.92896007 24.95610113 24.88306297 0.3366050503 0.3325411203 0.004063930007 0.1013095489 0.000254838621 4.153901605e-05 0.0002515445226 1969.865651 8030.134349 2.499642182e-13 9.153648491e-07 6.136136611e-06 0.101428077 1.295909954 24.90191763 3.391014277 0.0767177467 12
11000 24.9287654 24.95588286 24.88287562 0.3366117722 0.3325374968 0.004074275387 0.1015666553 0.0002522133945 3.363759561e-05 0.0002483230287 1969.865651 8030.134349 2.786232644e-13 1.220133395e-06 8.3563593e-06 0.1017934398 1.295915421 24.90170848 3.39099997 0.07674450033 12
11500 24.92895693 24.95606319 24.88303462 0.3366051204 0.3325409908 0.004064129594 0.1013145116 0.0002513007809 3.43411157e-05 0.0002480402629 1969.865651 8030.134349 3.038080773e-13 9.134325264e-07 6.323546017e-06 0.1014401554 1.29591762 24.90190049 3.390994218 0.07674472928 12
12000 24.92932866 24.95643682 24.88336075 0.336592225 0.3325478049 0.004044420184 0.10082468 0.0002512796993 3.661438385e-05 0.0002492243956 1969.865651 8030.134349 3.307515467e-13 3.19564657e-07 2.298279327e-06 0.1007514421 1.295916702 24.90228259 3.39099662 0.07672697714 12
12500 24.92966533 24.95678341 24.88366235 0.3365805517 0.3325539855 0.004026566141 0.1003809463 0.0002513506699 3.570094866e-05 0.0002503967925 1969.865651 8030.134349 3.228419044e-13 2.185258016e-07 1.367113141e-06 0.1001269042 1.295914079 24.90263193 3.391003483 0.07670460496 12
13000 24.92983646 24.95696566 24.88382029 0.3365746261 0.3325571362 0.004017489883 0.1001553658 0.0002515674874 3.366071598e-05 0.000251177244 1969.865651 8030.134349 2.797189001e-13 4.900357313e-07 3.245352104e-06 0.09980880299 1.295911403 24.90281192 3.391010484 0.076688566 12
13500 24.92982382 24.95696026 24.88381472 0.3365750745 0.3325569174 0.004018157144 0.1001719497 0.0002520035754 3.310191506e-05 0.0002515709999 1969.865651 8030.134349 2.515404155e-13 4.673009296e-07 3.130826723e-06 0.09983126119 1.295909809 24.90280184 3.391014656 0.0766835568 12
14000 24.92969257 24.95683057 24.88370114 0.3365796322 0.3325545196 0.004025112619 0.1003448202 0.0002523671922 3.357802703e-05 0.0002514999696 1969.865651 8030.134349 3.170660635e-13 2.568732156e-07 1.725458246e-06 0.1000737529 1.295909613 24.90266782 3.391015168 0.07668808592 12
14500 24.92953661 24.95667169 24.88356252 0.3365850429 0.3325516643 0.004033378638 0.1005502604 0.0002524033958 3.368988467e-05 0.0002510221205 1969.865651 8030.134349 3.337723045e-13 2.10230719e-08 5.354145903e-08 0.1003623328 1.295910445 24.90250666 3.391012992 0.07669713181 12
15000 24.92942965 24.95656002 24.88346536 0.336588752 0.3325497043 0.004039047668 0.1006911547 0.0002521771082 3.33328974e-05 0.0002504461379 1969.865651 8030.134349 4.046131424e-13 1.64364925e-07 1.11097772e-06 0.1005603627 1.295911619 24.90239507 3.391009921 0.07670541055 12
15500 24.92940077 24.9565272 24.88343706 0.3365897525 0.3325491738 0.004040578778 0.1007292077 0.0002519092784 3.308740459e-05 0.0002500856348 1969.865651 8030.134349 4.244438416e-13 2.1123287e-07 1.42514974e-06 0.1006139235 1.295912527 24.90236387 3.391007543 0.0767096838 12
16000 24.92943667 24.95656135 24.88346709 0.3365885058 0.33254983 0.004038675883 0.1006819147 0.0002517397451 3.31193252e-05 0.0002500347217 1969.865651 8030.134349 4.727017041e-13 1.525636008e-07 1.040559559e-06 0.1005475585 1.295912874 24.9024 3.391006635 0.07670945576 12
16500 24.92950111 24.95662625 24.88352378 0.3365862695 0.3325510093 0.004035260212 0.1005970239 0.0002516875153 3.318596204e-05 0.0002501937984 1969.865651 8030.134349 5.248366694e-13 5.325949746e-08 3.476156106e-07 0.1004283432 1.295912697 24.90246629 3.391007098 0.07670628956 12
17000 24.92955764 24.95668453 24.88357457 0.3365843082 0.3325520441 0.004032264127 0.100522561 0.0002517223399 3.315171519e-05 0.0002504137752 1969.865651 8030.134349 6.073826393e-13 3.533522736e-08 2.61721081e-07 0.1003237501 1.295912242 24.90252498 3.391008289 0.07670247781 12
17500 24.92958502 24.95671381 24.88359999 0.3365833586 0.3325525456 0.004030813072 0.1004864972 0.0002518051175 3.309113166e-05 0.0002505860236 1969.865651 8030.134349 6.582508795e-13 8.616148677e-08 5.576964039e-07 0.1002730869 1.295911791 24.90255382 3.391009468 0.07669983778 12
18000 24.92958123 24.9567112 24.8835976 0.3365834906 0.3325524762 0.004031014409 0.1004915011 0.0002518911197 3.307830859e-05 0.0002506591272 1969.865651 8030.134349 7.212281665e-13 8.329916948e-08 5.171622142e-07 0.1002801161 1.295911533 24.9025504 3.391010143 0.07669909998 12
18500 24.92955803 24.95668821 24.88357749 0.3365842957 0.3325520514 0.004032244278 0.1005220677 0.0002519416061 3.30929092e-05 0.0002506331314 1969.865651 8030.134349 7.589017715e-13 4.454366614e-08 2.681022376e-07 0.1003230612 1.295911514 24.90252669 3.391010194 0.07669995491 12
19000 24.92953153 24.95666117 24.88355391 0.3365852151 0.3325515661 0.004033648986 0.1005569796 0.000251943339 3.309494825e-05 0.0002505478388 1969.865651 8030.134349 7.735542513e-13 2.166926979e-08 1.259399949e-08 0.1003721122 1.295911663 24.90249929 3.391009803 0.07670152292 12
19500 24.92951397 24.9566428 24.88353793 0.3365858241 0.3325512445 0.004034579622 0.100580109 0.000251910965 3.308379243e-05 0.0002504580352 1969.865651 8030.134349 7.993071178e-13 3.629147015e-08 2.081737702e-07 0.1004046076 1.295911864 24.90248095 3.391009279 0.07670291079 12
20000 24.92950983 24.95663801 24.8835338 0.3365859674 0.3325511688 0.004034798661 0.1005855529 0.000251870474 3.307686127e-05 0.0002504042248 1969.865651 8030.134349 8.373772759e-13 3.972968598e-08 2.530590938e-07 0.100412253 1.295912014 24.90247645 3.391008886 0.07670359245 12
20500 24.92951649 24.95664438 24.88353939 0.3365857365 0.3325512907 0.004034445886 0.1005767852 0.0002518418965 3.307795202e-05 0.0002503976398 1969.865651 8030.134349 8.608840125e-13 3.465307182e-08 1.806649573e-07 0.1003999303 1.295912067 24.90248316 3.391008747 0.07670351092 12
21000 24.92952761 24.9566556 24.88354919 0.3365853508 0.3325514943 0.004033856452 0.1005621358 0.0002518327708 3.307974159e-05 0.000250425042 1969.865651 8030.134349 9.436199098e-13 2.636322098e-08 5.398906285e-08 0.1003793444 1.295912032 24.90249461 3.391008838 0.07670294942 12
21500 24.92953705 24.95666535 24.88355768 0.3365850232 0.3325516673 0.00403335594 0.1005496963 0.0002518402228 3.307866595e-05 0.0002504634344 1969.865651 8030.134349 1.031816036e-12 1.931274961e-08 4.336985019e-08 0.1003618649 1.295911953 24.90250442 3.391009046 0.07670230108 12
22000 24.92954138 24.95667001 24.88356172 0.336584873 0.3325517467 0.004033126272 0.1005439883 0.0002518558381 3.307705271e-05 0.0002504931846 1969.865651 8030.134349 1.110213287e-12 2.22214623e-08 8.84035981e-08 0.1003538447 1.295911877 24.90250899 3.391009244 0.07670186745 12
22500 24.92954045 24.95666927 24.88356105 0.3365849055 0.3325517296 0.004033175901 0.1005452217 0.0002518705294 3.307685537e-05 0.0002505047232 1969.865651 8030.134349 1.123801056e-12 1.440883565e-08 7.617552989e-08 0.1003555787 1.295911835 24.90250811 3.391009353 0.07670176123 12
23000 24.92953635 24.9566652 24.8835575 0.3365850474 0.3325516546 0.004033392825 0.1005506131 0.000251878351 3.307732112e-05 0.0002504990704 1969.865651 8030.134349 1.195660801e-12 2.299571673e-08 3.065158287e-08 0.1003631553 1.295911835 24.90250392 3.391009355 0.07670192041 12
23500 24.92953186 24.95666061 24.88355349 0.3365852033 0.3325515723 0.004033631071 0.1005565343 0.0002518781446 3.307732793e-05 0.0002504841145 1969.865651 8030.134349 1.227781422e-12 2.13170014e-08 0 0.1003714762 1.295911861 24.90249927 3.391009285 0.07670219136 12
24000 24.92952899 24.9566576 24.88355088 0.3365853029 0.3325515197 0.004033783288 0.1005603174 0.0002518726052 3.30769495e-05 0.0002504691828 1969.865651 8030.134349 1.274031848e-12 1.879156207e-08 5.388387436e-08 0.1003767923 1.295911896 24.90249627 3.391009196 0.07670242345 12
24500 24.92952842 24.95665692 24.88355029 0.3365853226 0.3325515092 0.004033813384 0.1005610654 0.0002518658425 3.307671883e-05 0.0002504605948 1969.865651 8030.134349 1.359233172e-12 0 5.087933588e-08 0.1003778433 1.29591192 24.90249564 3.391009131 0.07670253156 12
25000 24.92952964 24.9566581 24.88355133 0.3365852802 0.3325515317 0.004033748502 0.1005594529 0.0002518611125 3.307673374e-05 0.0002504599074 1969.865651 8030.134349 1.392137374e-12 6.399464426e-09 3.557276555e-08 0.1003755772 1.295911928 24.90249688 3.39100911 0.07670251055 12
25500 24.92953156 24.95666004 24.88355302 0.3365852137 0.3325515667 0.004033646958 0.1005569291 0.0002518597272 3.307677964e-05 0.0002504648157 1969.865651 8030.134349 1.460350538e-12 1.908609267e-08 3.717744504e-08 0.1003720307 1.295911922 24.90249885 3.391009127 0.07670241139 12
26000 24.92953313 24.95666166 24.88355444 0.3365851591 0.3325515956 0.004033563498 0.1005548549 0.00025186117 3.307675881e-05 0.0002504714171 1969.865651 8030.134349 1.558518476e-12 1.462427681e-08 0 0.1003691158 1.295911908 24.90250049 3.391009163 0.07670230135 12
26500 24.92953382 24.9566624 24.88355508 0.3365851355 0.3325516081 0.004033527396 0.1005539576 0.000251863915 3.307673293e-05 0.000250476382 1969.865651 8030.134349 1.573619043e-12 2.019049164e-08 1.628198804e-08 0.100367855 1.295911895 24.90250121 3.391009197 0.07670223035 12
27000 24.92953361 24.95666222 24.88355492 0.3365851427 0.3325516043 0.004033538422 0.1005542316 0.0002518663852 3.307674436e-05 0.000250478156 1969.865651 8030.134349 1.67473214e-12 2.425068528e-08 0 0.1003682401 1.295911888 24.90250101 3.391009214 0.07670221558 12
27500 24.92953289 24.95666151 24.88355429 0.3365851676 0.3325515911 0.00403357656 0.1005551795 0.0002518676272 3.307676312e-05 0.0002504770301 1969.865651 8030.134349 1.728930736e-12 1.47244397e-08 2.909207563e-08 0.1003695721 1.295911889 24.90250027 3.391009214 0.07670224492 12
28000 24.92953213 24.95666073 24.88355361 0.336585194 0.3325515771 0.004033616897 0.100556182 0.0002518675153 3.307675882e-05 0.0002504744216 1969.865651 8030.134349 1.749769139e-12 1.243401776e-08 2.352905071e-08 0.1003709808 1.295911893 24.90249949 3.391009201 0.07670229163 12
28500 24.92953166 24.95666024 24.88355318 0.3365852103 0.3325515686 0.004033641717 0.1005567989 0.000251866538 3.30767398e-05 0.0002504719131 1969.865651 8030.134349 1.770890075e-12 1.845096449e-08 0 0.1003718477 1.295911899 24.902499 3.391009186 0.07670233036 12
29000 24.92953159 24.95666014 24.88355311 0.3365852128 0.3325515672 0.004033645623 0.100556896 0.0002518653903 3.30767261e-05 0.0002504705301 1969.865651 8030.134349 1.833311257e-12 1.546134857e-08 0 0.1003719841 1.295911903 24.90249891 3.391009175 0.07670234738 12
29500 24.92953181 24.95666036 24.8835533 0.3365852051 0.3325515713 0.004033633787 0.1005566018 0.0002518646117 3.307672269e-05 0.0002504704884 1969.865651 8030.134349 1.856278009e-12 1.265256629e-08 1.623446246e-08 0.1003715707 1.295911905 24.90249914 3.391009172 0.07670234262 12
29999 24.92953215 24.95666071 24.8835536 0.3365851931 0.3325515776 0.00403361551 0.1005561475 0.0002518644033 3.307672389e-05 0.0002504714127 1969.865651 8030.134349 1.949804886e-12 1.351219343e-08 0 0.1003709324 1.295911903 24.9024995 3.391009176 0.07670232431 12
