# step v0 Mach sigma R umax_ref urms_ref umax_mean urms_mean umax_lab mean_x mean_y mean_z drop_ux drop_uy x0 y0 x_unwrapped center_dx center_dy axis_ratio mass_R mass_B min_f negative_total negative_color min_rho min_phi max_phi qx qy qz p_in p_out delta_p urms_lab
0 0.14999999999999999 0.25980762113533162 -5.560112678108922e-15 25.040521385269312 2.2228841655759984e-16 7.7894616445074605e-17 1.8152149432090017e-14 1.7998408551203903e-14 0.15000000000000011 0.15000000000001792 -7.9797279894933125e-21 1.3877787807814457e-21 0.1499999999999983 -4.578561780622378e-20 50.000000000000007 50.000000000000007 50.000000000000007 7.1054273576010019e-15 7.1054273576010019e-15 1.0000000000000007 1969.8656512480636 8030.1343487520408 0.015980627350277454 0 3142 0.99999999999999944 5.1710809399147439e-26 0.99999999999998512 1500.0000000001 -1.2425096444364897e-16 4.8619362853696125e-18 0.33333333333333387 0.33333333333333409 -2.2204460492503131e-16 0.15000000000000621
500 0.14999999999999999 0.25980762113533162 0.11772811527880499 25.010764157997571 0.011287125854188453 0.0018044896137505836 0.011287125854188314 0.0018044896137505827 0.16125651644009448 0.15000000000000013 -3.3195668436293178e-18 -7.6327832942981804e-21 0.1498609007909957 -6.4420006470252404e-13 24.93544557574997 49.999999999468443 124.93544557574997 -0.064554424250033549 -5.3155702062213095e-10 1.0002327301018212 1969.8656512480018 8030.1343487517042 0.014287764152639286 0 108827 0.92985664637004173 -1.4395938544114775e-07 1.0000008283873549 1499.9999999999673 -3.3335815119613088e-14 -2.8861605732851728e-17 0.33869992525200154 0.3339928273586667 0.004707097893334844 0.15002783047009549
1000 0.14999999999999999 0.25980762113533162 0.10097139129337525 25.01506868861027 0.012258269526106697 0.0017522531259132629 0.01225826952610627 0.0017522531259132595 0.1620188360681285 0.15000000000000044 -3.946495907847454e-18 2.0816681711722838e-21 0.14983228843849988 1.8144263306055242e-12 99.825115656662121 49.999999999269463 199.82511565666212 -0.1748843433378795 -7.3053740834438941e-10 1.0001684732181511 1969.8656512479483 8030.1343487514914 0.014283114192175608 0 109802 0.93093706089877581 -1.4557992207505823e-07 1.0000007397361834 1499.9999999999184 -4.6304269012836796e-14 2.2217204006505721e-18 0.33812524743308997 0.33408882472523033 0.0040364227078596437 0.15002761704182727
1500 0.14999999999999999 0.25980762113533162 0.09757810045217874 25.018378729125025 0.012462359421862032 0.001738182130594121 0.012462359421862726 0.0017381821305941232 0.16213538812139364 0.14999999999999927 -7.8690526317266271e-18 2.0816681711723361e-21 0.14982892481589954 -1.3101038302294874e-12 74.70608764745991 50.00000000016739 274.70608764745992 -0.29391235254007597 1.673896576903644e-10 1.0001426722724149 1969.8656512479004 8030.1343487512759 0.014268875177312408 0 109706 0.93028020625964269 -1.2967743768135995e-07 1.0000004518800654 1499.9999999998711 -7.8877526522179084e-14 2.0109937123698219e-17 0.33809271803950341 0.33419246129190755 0.0039002567475958649 0.15002765367348764
2000 0.14999999999999999 0.25980762113533162 0.094812476090153724 25.019924818907384 0.012464351554662698 0.001725545075567874 0.01246435155466344 0.0017255450755678788 0.16208945785211712 0.14999999999999922 -4.0301095793897565e-18 5.5511151231263863e-21 0.14982739084788946 -6.5745988979754655e-14 49.586021094567009 50.000000000312077 349.586021094567 -0.41397890543299809 3.120774749731936e-10 1.0000476597232646 1969.8656512478333 8030.1343487510539 0.014267672510865581 0 109853 0.9302024184537121 -1.1760775485085408e-07 1.0000005656312447 1499.9999999998281 -4.0719142128746964e-14 2.2466526097125247e-17 0.33799963189210713 0.33421015303569968 0.0037894788564074577 0.15002754874941035
2500 0.14999999999999999 0.25980762113533162 0.096123801222485927 25.019070255538924 0.012449834988900182 0.0017243795960450276 0.012449834988901291 0.0017243795960450411 0.16204891173516248 0.14999999999999883 -4.0530079292727626e-18 -5.5511151231265368e-21 0.14982707940618761 8.860123845447412e-13 24.466946965862931 50.000000000376282 424.46694696586292 -0.53305303413708316 3.7628211657647626e-10 1.000028065296557 1969.8656512477821 8030.1343487508257 0.014268827244628478 0 109914 0.9300454701565446 -1.0416900023655551e-07 1.000000655505574 1499.9999999997972 -4.0267400823251406e-14 -4.355785768676228e-17 0.33803364421373705 0.33419162289796872 0.0038420213157683292 0.1500275486401344
3000 0.14999999999999999 0.25980762113533162 0.098527645481107679 25.017340457079492 0.012449008687558761 0.0017260444818244277 0.01244900868755818 0.0017260444818244221 0.16203737651797015 0.15000000000000061 -4.9994730577660172e-19 3.1225022567587895e-21 0.14982819146807949 6.4034816243943923e-14 99.349265089515683 50.000000001751566 499.34926508951571 -0.65073491048428878 1.7515660033495806e-09 1.0000372655016054 1969.8656512477323 8030.1343487506074 0.014270677773752011 0 109696 0.93008710919527404 -9.929380783550519e-08 1.0000007778757749 1499.9999999997485 -6.1522882871100498e-15 7.938137309262571e-17 0.33809118778596209 0.33415281369499328 0.0039383740909688103 0.15002756171544887
3500 0.14999999999999999 0.25980762113533162 0.1006440601358054 25.01578981243598 0.012448348469361404 0.0017260898670827822 0.012448348469361169 0.0017260898670827783 0.16203885113977393 0.15000000000000024 -7.3246964049659146e-18 4.1633363423451582e-21 0.14983074204917746 7.1865199495695649e-13 74.232800188306797 50.000000001880338 574.23280018830678 -0.76719981169321727 1.8803376633513835e-09 1.0000320153803095 1969.8656512476689 8030.1343487503782 0.01427210109698172 0 109846 0.93030605100947383 -1.0353374122678756e-07 1.0000008792919428 1499.999999999701 -7.2446851645470607e-14 1.0861832145573402e-16 0.33814163491033578 0.33411841354133576 0.0040232213690000185 0.15002755575317564
4000 0.14999999999999999 0.25980762113533162 0.10177046748610298 25.01495779064539 0.012444968929374434 0.0017253699463745855 0.012444968929374753 0.0017253699463745924 0.16204591353315151 0.14999999999999966 -4.2667258615135054e-18 1.3877787807817549e-21 0.14983404840833303 9.3161494294957001e-13 49.117275129202163 50.000000002851209 649.1172751292022 -0.88272487079780149 2.8512090466392692e-09 1.0000253628508091 1969.8656512476102 8030.134348750169 0.014272712391550861 0 109886 0.93048976922279525 -1.1077737278827611e-07 1.0000010144561684 1499.9999999996653 -4.3286670092530094e-14 -9.0355260271155572e-17 0.33816863124288121 0.33410024670520427 0.004068384537676939 0.15002754650847461
4500 0.14999999999999999 0.25980762113533162 0.10189211069423922 25.014869304749858 0.01243450719520948 0.0017251205531789611 0.012434507195209346 0.0017251205531789589 0.16205202067225966 0.15000000000000013 -7.7396422604200789e-18 6.9388939039089829e-21 0.14983711164845226 2.1097633333602094e-12 24.002449334753891 50.000000002838995 724.00244933475392 -0.99755066524608083 2.8389948170115531e-09 1.000037796174216 1969.8656512475573 8030.134348749938 0.014272661151541983 0 109794 0.93055555071881202 -1.1476923188666168e-07 1.0000010948437899 1499.9999999996269 -7.8095861754442358e-14 6.2851036342089489e-17 0.33817117479824171 0.3340979130332925 0.0040732617649492098 0.15002754632620338
5000 0.14999999999999999 0.25980762113533162 0.10139908088519531 25.015238231460618 0.012413050657332806 0.001725284686146964 0.012413050657332463 0.0017252846861469584 0.16205203008990743 0.15000000000000036 -4.4769743468021917e-18 -7.6327832943000777e-21 0.1498391278335687 2.1488888147814997e-12 98.888135660595154 50.000000002909609 798.88813566059514 -1.1118643394048604 2.9096085540913919e-09 1.0000392269581233 1969.8656512475036 8030.1343487497279 0.014272382284721961 0 109885 0.93055205951830744 -1.1299563081120806e-07 1.0000010512611817 1499.9999999995784 -4.5152351638415994e-14 -9.0744402674208066e-17 0.33815840578865353 0.33410491327553127 0.0040534925131222588 0.15002755219488595
5500 0.14999999999999999 0.25980762113533162 0.10075797478331547 25.015718796617573 0.012418236049909168 0.0017254161946049806 0.012418236049909459 0.0017254161946049808 0.16206059395827155 0.14999999999999969 -5.7287508070675519e-18 8.6736173798866763e-21 0.14983988421978361 4.6463571202511411e-12 73.774194505062042 50.000000004724825 873.77419450506204 -1.2258054949379584 4.7248249757103622e-09 1.0000301253450588 1969.8656512474543 8030.1343487495014 0.014272278988544426 0 109875 0.93051833827040298 -1.1772025300143898e-07 1.0000007845755317 1499.9999999995453 -5.6466814459931597e-14 6.3215229017134868e-17 0.3381419284712423 0.33411414195819039 0.0040277865130519119 0.15002755691547254
6000 0.14999999999999999 0.25980762113533162 0.10028566535536361 25.016073382796648 0.01244666099167039 0.001725395748243305 0.012446660991670392 0.0017253957482433046 0.16206604552192538 0.14999999999999999 -3.9097197701578198e-18 -9.3675067702778538e-21 0.14983970972362831 6.8498677366421354e-12 48.660523650029845 50.000000006074508 948.66052365002986 -1.3394763499701412 6.0745080077140301e-09 1.000024760788669 1969.8656512474033 8030.1343487492959 0.014272566880593605 0 109829 0.93049066298707672 -1.1403396635138479e-07 1.0000005246981323 1499.999999999503 -3.9057432469307004e-14 -1.2176385004122264e-16 0.33812980580096019 0.33412095661744567 0.0040088491835145179 0.1500275581576927
6500 0.14999999999999999 0.25980762113533162 0.10009001199952616 25.01622046397048 0.01246338181250857 0.001725330707730142 0.012463381812509517 0.0017253307077301522 0.16206694471239627 0.149999999999999 -7.6636613721730804e-18 3.4694469519548556e-21 0.14983916573597983 1.0920807260868864e-11 23.547047510982079 50.000000010393506 1023.5470475109821 -1.4529524890178891 1.0393506499895011e-08 1.0000236860492773 1969.8656512473453 8030.1343487490731 0.014272286232041898 0 109949 0.93047810742634884 -1.1114281192727616e-07 1.0000006053205373 1499.9999999994495 -7.6417001795402867e-14 -2.9675660783634814e-17 0.33812480410056289 0.33412379954659038 0.0040010045539725092 0.15002755740311211
7000 0.14999999999999999 0.25980762113533162 0.10012169735440503 25.016196896767052 0.012471100056136532 0.0017252961774828525 0.012471100056136266 0.001725296177482851 0.16206581079325533 0.15000000000000027 -9.5201624361644047e-19 -1.3877787807819831e-21 0.1498387326790761 1.1292642887340341e-11 98.433709092807405 50.000000016338923 1098.4337090928075 -1.5662909071926379 1.6338923103376146e-08 1.0000234405630593 1969.8656512472883 8030.1343487488266 0.014271793271223469 0 109921 0.93016767808142253 -1.0938278992171924e-07 1.0000006735708606 1499.9999999994038 -9.0139738528156529e-15 1.5956167895354077e-17 0.33812567172639996 0.33412339680957021 0.0040022749168297511 0.15002755629722903
7500 0.14999999999999999 0.25980762113533162 0.100264519997732 25.016089694510228 0.012471463170956249 0.0017252894518407756 0.01247146317095572 0.0017252894518407691 0.16206396205459569 0.15000000000000055 -3.387568003888925e-18 -2.0816681711730388e-21 0.14983864041132747 7.4256358726609456e-12 73.320465831937867 50.000000022144441 1173.3204658319378 -1.6795341680622187 2.2144440947613475e-08 1.0000243209133486 1969.8656512472346 8030.1343487486101 0.014271540056566386 0 109856 0.93020814538863628 -1.0597722319940545e-07 1.000000794861917 1499.9999999993715 -3.3898810814598709e-14 -1.2612009657899084e-17 0.33812939888771415 0.33412139758846493 0.0040080012992492198 0.1500275554961463
8000 0.14999999999999999 0.25980762113533162 0.10041129354566393 25.015978925068666 0.012464952657421362 0.0017252924997808059 0.012464952657422763 0.0017252924997808192 0.16206154455110672 0.14999999999999852 -3.0721952759562822e-18 -3.4694469519551463e-22 0.14983886677100547 2.0418356187086436e-12 48.207287053223396 50.000000024860142 1248.2072870532234 -1.7927129467766463 2.4860142389115936e-08 1.0000262712309758 1969.8656512471809 8030.1343487483882 0.014271435031361636 0 109829 0.93030402124742495 -1.0871071866839864e-07 1.0000008951302588 1499.9999999993333 -2.9775043616385357e-14 3.2138370281395425e-17 0.33813321906396082 0.33411933282563172 0.0040138862383291007 0.15002755515657229
8500 0.14999999999999999 0.25980762113533162 0.10050320038199545 25.015909443028793 0.012451347712134951 0.0017253000851215556 0.012451347712135031 0.0017253000851215566 0.16205802644858586 0.14999999999999991 -1.3430229151018798e-18 1.3877787807821025e-21 0.14983924505282073 1.5226739733362628e-12 23.094151669647967 50.000000026531701 1323.094151669648 -1.9058483303520006 2.6531701280418929e-08 1.0000278211707858 1969.8656512471234 8030.1343487481463 0.01427144319499421 0 109779 0.93042726470807158 -1.1289812866440657e-07 1.0000010297120505 1499.9999999992815 -1.3568563183826224e-14 4.0034907101176663e-17 0.33813561256993718 0.33411804124754008 0.0040175713223971066 0.15002755526250558
9000 0.14999999999999999 0.25980762113533162 0.1005296238623886 25.015889421752135 0.012430291061800731 0.0017253106675269216 0.012430291061801102 0.0017253106675269264 0.16205278813796933 0.14999999999999961 -1.9626661407211386e-18 4.8572257327374823e-21 0.14983959319213461 3.9328471086674692e-12 97.981045887464049 50.000000026338689 1397.981045887464 -2.0189541125359938 2.6338689451677055e-08 1.0000283368185745 1969.8656512470739 8030.1343487479617 0.014271571611125217 0 109760 0.93050575996584106 -1.1581286737716024e-07 1.0000011006945866 1499.9999999992449 -1.9523016761709665e-14 6.1113272802742455e-17 0.3381362955610368 0.33411766475533078 0.0040186308057060249 0.15002755563596903
9500 0.14999999999999999 0.25980762113533162 0.10051033506342055 25.01590396309355 0.012401663441137573 0.0017253200075170669 0.012401663441136484 0.001725320007517056 0.1620454777279266 0.15000000000000113 3.1225022567599058e-20 3.1225022567599055e-21 0.14983980017639942 6.8044406437120351e-12 72.86796098995201 50.000000028401402 1472.8679609899521 -2.1320390100479472 2.8401402119015984e-08 1.0000281705738014 1969.8656512470188 8030.1343487476915 0.014271845609239584 0 109814 0.93050774241494505 -1.1314794622502883e-07 1.0000010373679373 1499.9999999992078 6.2167983163729373e-16 5.3514224942723555e-17 0.33813578982042636 0.33411793241212701 0.0040178574082993523 0.15002755602575263
10000 0.14999999999999999 0.25980762113533162 0.10047385444160134 25.015931509275603 0.012416771542070163 0.001725324622369837 0.012416771542070241 0.00172532462236984 0.16205416694468414 0.14999999999999991 3.1693397906113879e-18 2.7755575615644337e-21 0.1498398487539323 2.2466205770838585e-12 47.754891380988617 50.00000002929881 1547.7548913809885 -2.2451086190114893 2.9298810488853633e-08 1.0000277048046211 1969.8656512469618 8030.1343487474833 0.014272289328948844 0 109732 0.93050224712167284 -1.1475250326785214e-07 1.0000007083000648 1499.9999999991733 3.0604774221626094e-14 -4.7730050541256872e-17 0.33813483561027907 0.33411844092178439 0.0040163946884946844 0.1500275562617702
10500 0.14999999999999999 0.25980762113533162 0.10044228602861782 25.015955327663814 0.012444938711948137 0.0017253245721903598 0.0124449387119489 0.0017253245721903683 0.16206098127263224 0.14999999999999919 -4.4159120804491145e-18 -3.122502256760059e-21 0.14983978913511847 -4.8837180141339943e-13 22.641833146109697 50.000000028442564 1622.6418331461098 -2.358166853890225 2.8442563859698566e-08 1.0000271874526747 1969.8656512469097 8030.1343487472586 0.014272916009315937 0 109752 0.93049719922639507 -1.1440602985720811e-07 1.0000005411149886 1499.9999999991269 -4.4633669319098929e-14 -4.4767679505963788e-18 0.33813401097693074 0.33411888204369572 0.0040151289332350237 0.15002755631376855
11000 0.14999999999999999 0.25980762113533162 0.1004253334639167 25.015967831209743 0.01246335457581315 0.0017253221607143028 0.012463354575812964 0.0017253221607142993 0.16206495478997207 0.15000000000000019 -1.5369649997163913e-18 7.2858385991070461e-21 0.14983969376276876 -9.2344316934934119e-13 97.528783259429986 50.000000028255855 1697.5287832594299 -2.4712167405700711 2.8255854545022885e-08 1.0000268365070559 1969.8656512468642 8030.134348747044 0.014272507411490477 0 109970 0.93046000857173206 -1.0919091987164792e-07 1.0000006170853808 1499.9999999990789 -1.5453560469041311e-14 8.5385894400391108e-17 0.33813356682795598 0.33411911757132451 0.0040144492566314693 0.15002755624546965
11500 0.14999999999999999 0.25980762113533162 0.10042367192879176 25.015969337681032 0.012472588106855923 0.0017253196701448809 0.01247258810685534 0.0017253196701448731 0.16206646227878257 0.15000000000000061 -4.6990189517289897e-18 -6.2450045135205122e-21 0.14983961970495541 -2.684479247064428e-12 72.415739259082926 50.000000026456213 1772.415739259083 -2.5842607409169887 2.6456213220171776e-08 1.0000267397814202 1969.8656512467958 8030.1343487468184 0.014271940557081787 0 109857 0.9301565453063817 -1.0996419132788748e-07 1.0000006932129646 1499.9999999990516 -4.7604698367965589e-14 3.5528290461939118e-17 0.33813352614000963 0.33411914354410815 0.0040143825959014778 0.15002755614346089
12000 0.14999999999999999 0.25980762113533162 0.10043040357766285 25.015964311301104 0.012473135990418528 0.0017253182925605578 0.012473135990418712 0.0017253182925605634 0.16206577490949414 0.1499999999999998 -2.028585632808624e-18 -9.714451465476564e-21 0.1498395916965172 2.9143153858253416e-12 47.302699193665994 50.000000026123317 1847.3026991936661 -2.6973008063339421 2.6123316843040811e-08 1.0000268283340987 1969.865651246751 8030.1343487465947 0.014271569649308605 0 109668 0.9302201962097052 -1.0652907061747266e-07 1.0000008101174682 1499.9999999990014 -2.0231366063301203e-14 -8.3210063089347346e-17 0.33813370239164076 0.33411904989502311 0.0040146524966176433 0.15002755606949836
12500 0.14999999999999999 0.25980762113533162 0.10043913084702792 25.015957714066346 0.012465408605573172 0.0017253181816464637 0.012465408605574152 0.0017253181816464756 0.16206306017280112 0.14999999999999897 5.2111093218379208e-18 -3.4694469519560058e-22 0.1498396050615097 2.7992385816849026e-12 22.189661615243402 50.000000027473902 1922.1896616152435 -2.8103383847565055 2.7473902264318895e-08 1.000026984092296 1969.8656512466928 8030.1343487463882 0.014271382675887963 0 109824 0.9303152065733149 -1.0910328638216819e-07 1.0000009163503927 1499.9999999989598 5.2870072008532817e-14 -2.7053275605161743e-17 0.33813393165790168 0.33411892923444653 0.0040150024234551496 0.1500275560455005
13000 0.14999999999999999 0.25980762113533162 0.10044550910662761 25.015952841065211 0.012449762549726321 0.001725318897981123 0.012449762549726085 0.0017253188979811191 0.16205842180154631 0.15000000000000024 7.0957129061406575e-18 4.5102810375429565e-21 0.14983963949799387 -2.5374155454474461e-12 97.076625574988341 50.00000002670054 1997.0766255749884 -2.923374425011616 2.6700540445290244e-08 1.0000271213613008 1969.8656512466241 8030.1343487461254 0.014271372150628099 0 109657 0.93042129978730181 -1.1234506857698861e-07 1.0000010445517449 1499.9999999989252 7.0860214939662269e-14 3.3832553181910233e-17 0.33813410005756822 0.33411884188432206 0.0040152581732461612 0.15002755606207022
13500 0.14999999999999999 0.25980762113533162 0.1004482801260676 25.01595080133038 0.012426545391466773 0.0017253198510498845 0.012426545391466565 0.001725319851049878 0.16205194534495831 0.15000000000000022 1.1538339728120807e-17 -3.4694469519562221e-22 0.14983967377819007 -3.0147309261880306e-12 71.963590525618088 50.000000026238624 2071.9635905256182 -3.0364094743817986 2.623862371819996e-08 1.0000271970432877 1969.8656512465843 8030.1343487458907 0.014271534291710861 0 109976 0.93050191313973163 -1.1605299886711192e-07 1.0000011213393436 1499.9999999988659 1.1511474807640544e-13 -3.1663227019518841e-17 0.33813417400054446 0.33411880472980199 0.0040153692707424748 0.15002755609630802
14000 0.14999999999999999 0.25980762113533162 0.10044786928419126 25.015951090053075 0.012396128208951909 0.0017253205924548239 0.012396128208952311 0.0017253205924548272 0.16204543326620571 0.14999999999999958 1.4193160535758049e-17 6.9388939039126106e-22 0.14983969491196766 -2.407376050117956e-12 46.850556191232883 50.000000024538927 2146.850556191233 -3.149443808767046 2.4538927334560867e-08 1.0000272074012611 1969.8656512465225 8030.1343487457234 0.014271867491041097 0 109894 0.93050481197499124 -1.1442508994234536e-07 1.000001005484614 1499.9999999988388 1.4134010890963381e-13 2.0662687031208889e-17 0.33813416039185817 0.3341188075906556 0.0040153528012025763 0.15002755612722773
14500 0.14999999999999999 0.25980762113533162 0.10044609618953079 25.015952526656996 0.012421101451511856 0.0017253209310209364 0.012421101451512061 0.0017253209310209388 0.16205476949970313 0.14999999999999977 1.8694767955921926e-17 -2.7755575615651289e-21 0.14983970021220847 -5.6896439233965914e-14 21.73752242549325 50.000000024270008 2221.7375224254934 -3.2624775745066472 2.4270008225357742e-08 1.0000271753553434 1969.8656512464688 8030.134348745486 0.014272371019091679 0 109869 0.93050002863864756 -1.1293792875980488e-07 1.0000006118492217 1499.9999999987915 1.8682909494645294e-13 8.9005898072423298e-18 0.33813411219778255 0.33411883050573044 0.0040152816920521195 0.15002755614368332
15000 0.14999999999999999 0.25980762113533162 0.1004439521433613 25.015954025100626 0.012447853760935049 0.0017253209173128739 0.012447853760934909 0.0017253209173128743 0.16206127315278493 0.15000000000000013 2.4037716261935471e-17 3.4694469519565084e-22 0.14983969433715719 -1.595992139272081e-12 96.624489132680608 50.000000025016753 2296.6244891326805 -3.3755108673194627 2.5016753113504819e-08 1.0000271315655673 1969.8656512464204 8030.1343487452668 0.014273044373917781 0 109848 0.93049684529329058 -1.1478270254323265e-07 1.0000005543377037 1499.9999999987554 2.3997373099077235e-13 2.4412891121459068e-17 0.33813405271849328 0.33411885697410643 0.0040151957443868569 0.15002755614544586
15500 0.14999999999999999 0.25980762113533162 0.10044221387494595 25.015954973515338 0.01246511160186041 0.0017253207173415974 0.012465111601860337 0.001725320717341598 0.16206513336866388 0.15000000000000008 1.9673498941069888e-17 -1.0408340855869794e-21 0.14983968445267995 -4.3032076609921593e-12 71.51145621583639 50.000000023284159 2371.5114562158365 -3.4885437841635394 2.3284158601200033e-08 1.0000270983592368 1969.8656512463692 8030.1343487449931 0.014272428267262782 0 110009 0.93038582982883233 -1.0723872767262455e-07 1.0000006270914277 1499.9999999987153 1.9748616279211028e-13 -1.0319068443423831e-16 0.3381340042012469 0.33411887809547619 0.0040151261057707055 0.150027556138288
16000 0.14999999999999999 0.25980762113533162 0.1004423131036596 25.015955254819684 0.012473247068745835 0.0017253204981008865 0.012473247068745761 0.0017253204981008835 0.16206653444639177 0.15000000000000008 1.9746704271756697e-17 1.387778780782676e-21 0.14983967633445019 -5.8371680684768605e-12 46.398423567128908 50.000000021211378 2446.3984235671287 -3.6015764328712976 2.1211377543295384e-08 1.0000270835963001 1969.8656512463119 8030.1343487448084 0.014271884961803604 0 109927 0.93014850569845964 -1.0991043060913878e-07 1.0000007114153395 1499.9999999986564 1.9742428184723655e-13 7.2026222427418485e-17 0.33813401351643751 0.33411888348919988 0.0040151300272376345 0.15002755612915888
16500 0.14999999999999999 0.25980762113533162 0.10044263637445809 25.015955065158742 0.012472645036911581 0.0017253203619552256 0.012472645036912063 0.0017253203619552293 0.16206564896598591 0.14999999999999949 2.0621004903650412e-17 -2.4286128663697571e-21 0.14983967264146569 -1.9322224001804391e-12 21.285391091255928 50.000000020560542 2521.2853910912559 -3.7146089087441396 2.0560541713621205e-08 1.0000270851555702 1969.8656512462521 8030.1343487446002 0.014271533472010833 0 109728 0.9302321535043292 -1.0768590467350632e-07 1.0000008242225138 1499.9999999986312 2.0615191547107906e-13 -1.050529171895977e-17 0.33813402165873085 0.3341188786784674 0.0040151429802634531 0.15002755612280866
17000 0.14999999999999999 0.25980762113533162 0.10044307413607734 25.015954693896209 0.012463698430219224 0.0017253203307412306 0.012463698430219628 0.0017253203307412341 0.16206263661433051 0.14999999999999958 2.5432780881319973e-17 1.0408340855870667e-21 0.1498396731182749 3.238690739683003e-12 96.172358713983698 50.00000001986502 2596.1723587139836 -3.8276412860163873 1.9865019851295074e-08 1.0000270956692181 1969.8656512462057 8030.134348744341 0.014271367185186776 0 109920 0.93033519122500075 -1.1025772511144039e-07 1.0000009389266626 1499.9999999985926 2.5508766174115079e-13 -6.5902853541049112e-17 0.33813403564452504 0.3341188751053758 0.0040151605391492429 0.15002755612073312
17500 0.14999999999999999 0.25980762113533162 0.10044349576701202 25.015954368499838 0.012446807675530858 0.0017253203736148552 0.012446807675531421 0.0017253203736148589 0.16205764656049912 0.14999999999999941 2.1990742560284121e-17 -3.1225022567612819e-21 0.14983967590799421 5.7365183642405687e-12 71.059326385678673 50.000000023316538 2671.0593263856786 -3.9406736143214403 2.3316538033668621e-08 1.0000271069259916 1969.8656512461498 8030.13434874415 0.014271380695798837 0 109823 0.93042627534695366 -1.1103535197862045e-07 1.0000010574877984 1499.9999999985498 2.2078853976754791e-13 -4.4767922126849973e-17 0.33813404692998866 0.33411886948413072 0.0040151774458579426 0.15002755612193561
18000 0.14999999999999999 0.25980762113533162 0.10044371737479811 25.015954194365861 0.012422381616704928 0.0017253204434506701 0.012422381616705731 0.0017253204434506798 0.16205082074418248 0.14999999999999916 2.1957088924850721e-17 -1.3877787807828287e-21 0.14983967896389896 3.0017162663275724e-12 45.946294077953915 50.000000025085683 2745.946294077954 -4.0537059220459923 2.5085682864300907e-08 1.0000271141581809 1969.8656512460798 8030.1343487439262 0.014271569756223873 0 109789 0.93050208898817421 -1.1559227476014719e-07 1.0000011157502973 1499.9999999985012 2.1945194750540639e-13 4.7700556979591482e-18 0.33813405234171173 0.33411886600924634 0.0040151863324653925 0.15002755612457924
18500 0.14999999999999999 0.25980762113533162 0.10044379501923938 25.015954169890684 0.012390837925236911 0.0017253205041636982 0.012390837925237423 0.0017253205041637049 0.16204702467986784 0.14999999999999947 2.108452301643407e-17 -1.7347234759785815e-21 0.14983968099014128 1.9160720542935318e-12 20.833261792282133 50.000000026897254 2820.833261792282 -4.1667382077180264 2.6897254201685428e-08 1.0000271168535295 1969.8656512460364 8030.1343487437043 0.014271931183888434 0 109786 0.93050389607378847 -1.1577200342676632e-07 1.0000009635463192 1499.9999999984616 2.1065801555399111e-13 -1.2140741148853735e-17 0.33813405409785385 0.33411886465766316 0.0040151894401906918 0.15002755612708962
19000 0.14999999999999999 0.25980762113533162 0.10044388519472663 25.015954236162585 0.012425774378024666 0.0017253205357123358 0.012425774378024343 0.0017253205357123309 0.16205589410392718 0.15000000000000033 2.1932802796188369e-17 1.7347234759786428e-21 0.14983968161404101 -2.70975033096345e-12 95.72022952430406 50.000000025557569 2895.7202295243042 -4.279770475695841 2.5557568505973904e-08 1.0000271158156153 1969.8656512459859 8030.1343487434906 0.014272462776475736 0 109940 0.93049930769383815 -1.1097514271553199e-07 1.0000005042989328 1499.9999999984186 2.1929365197652026e-13 2.0401506842573006e-17 0.33813405345872927 0.33411886042445649 0.0040151930342727793 0.15002755612848145
19500 0.14999999999999999 0.25980762113533162 0.10044365356293673 25.015954325947135 0.012451054856214802 0.0017253205408974928 0.012451054856215032 0.0017253205408974954 0.16206198927824975 0.14999999999999974 2.0341367479326068e-17 4.8572257327403193e-21 0.14983968118028518 -8.732446896790908e-13 70.607197274295714 50.000000025669124 2970.6071972742957 -4.3928027257043141 2.566912371548824e-08 1.000027112646777 1969.8656512459286 8030.134348743245 0.014273045379029223 0 109924 0.93049648355397829 -1.1480649287896129e-07 1.000000566792417 1499.9999999983761 2.0380888088447147e-13 -1.7769843084572677e-18 0.33813404834739086 0.3341188645868915 0.0040151837604993634 0.15002755612877172
20000 0.14999999999999999 0.25980762113533162 0.10044305022567707 25.015954393698376 0.012466913212065058 0.0017253205294971996 0.012466913212066199 0.0017253205294972119 0.16206548284306721 0.1499999999999988 2.3440624441510167e-17 3.4694469519574568e-22 0.14983968032138398 -2.6394974385827943e-12 45.494165039690472 50.000000025279562 3045.4941650396904 -4.5058349603095849 2.5279561555180408e-08 1.0000271097404518 1969.8656512458695 8030.1343487430358 0.014272333764833174 0 109953 0.93032158850111024 -1.0582277421558453e-07 1.0000006362678528 1499.9999999983363 2.3562354288603286e-13 3.091197066473757e-17 0.33813402680569327 0.33411886717416711 0.0040151596315261551 0.15002755612839969
20500 0.14999999999999999 0.25980762113533162 0.10044327412810082 25.015954423238426 0.012473708436444802 0.0017253205121261221 0.012473708436445482 0.001725320512126131 0.16206654318455513 0.14999999999999927 2.4094268247259607e-17 7.6327832943066138e-21 0.14983967956618199 -6.6303886937962436e-12 20.381132818408485 50.000000023037202 3120.3811328184083 -4.6188671815916678 2.3037202367959253e-08 1.0000271084179158 1969.8656512458249 8030.1343487427966 0.014271819833630085 0 109872 0.93015032755254468 -1.0945987236964648e-07 1.0000007296231852 1499.9999999983013 2.4104012514257478e-13 8.058939013220767e-18 0.33813403621426497 0.33411886763709508 0.0040151685771698808 0.15002755612777943
21000 0.14999999999999999 0.25980762113533162 0.10044347600486274 25.015954420612267 0.012471817634718276 0.0017253204974304989 0.012471817634717991 0.0017253204974304924 0.16206533333851411 0.1500000000000003 2.3191518150360887e-17 1.0408340855872939e-21 0.14983967918122892 -5.2544289059318814e-12 95.268100610858795 50.000000019144885 3195.2681006108587 -4.7318993891412902 1.9144884788602212e-08 1.0000271082126246 1969.8656512457703 8030.1343487425947 0.014271496480313232 0 109756 0.9302539369056636 -1.0871741455680439e-07 1.0000008381851411 1499.9999999982413 2.3223121288409171e-13 -3.7485987193282278e-17 0.33813404406942477 0.33411886742191294 0.0040151766475118311 0.15002755612720611
21500 0.14999999999999999 0.25980762113533162 0.10044344782373772 25.015954401590058 0.012461633018561709 0.0017253204890733363 0.012461633018560894 0.001725320489073325 0.16206201063113804 0.15000000000000085 1.8346435481952604e-17 -2.7755575615662032e-21 0.14983967916941496 -1.7789312315438568e-12 70.155068409435088 50.000000017547869 3270.155068409435 -4.844931590565011 1.7547868935707811e-08 1.0000271086964616 1969.8656512457167 8030.1343487423928 0.014271357584894744 0 109748 0.93036499424963837 -1.1154207732286684e-07 1.0000009587053922 1499.9999999982099 1.8481350381549608e-13 -2.0737415987300532e-17 0.33813404592658042 0.33411887040254151 0.0040151755240389053 0.15002755612686217
22000 0.14999999999999999 0.25980762113533162 0.10044351245796186 25.015954380956238 0.012443559263205778 0.0017253204869983091 0.012443559263206873 0.0017253204869983169 0.16205672643096034 0.14999999999999886 2.5010896131968903e-17 6.9388939039156885e-22 0.14983967938035797 -4.655658342566767e-12 45.042036211681811 50.000000016740593 3345.042036211682 -4.9579637883180112 1.6740592911901331e-08 1.0000271090997406 1969.8656512456548 8030.1343487421354 0.014271398022427851 0 109737 0.93044103392588529 -1.1177480375266803e-07 1.0000010696358324 1499.9999999981587 2.501130614882444e-13 9.040545952079131e-17 0.33813404943328745 0.33411887132221663 0.0040151781110708273 0.15002755612667334
22500 0.14999999999999999 0.25980762113533162 0.10044347532273666 25.015954367430954 0.012418011095143856 0.001725320488522265 0.012418011095145188 0.0017253204885222797 0.16204962615611765 0.14999999999999861 1.7802773144581729e-17 3.4694469519579303e-22 0.14983967963140848 -2.4758385441516187e-12 19.929004012653767 50.000000016166574 3419.9290040126539 -5.070995987346123 1.6166573857390176e-08 1.0000271098664009 1969.8656512456107 8030.1343487419026 0.014271613663968171 0 109814 0.93050250936079193 -1.1457437313128925e-07 1.0000011059439902 1499.9999999981269 1.778624719294547e-13 5.4300140989265584e-17 0.33813404652731111 0.33411886989853107 0.0040151766287800372 0.15002755612663934
23000 0.14999999999999999 0.25980762113533162 0.10044359027032072 25.015954362966042 0.012396738722393733 0.0017253204947929714 0.012396738722394359 0.0017253204947929774 0.16204856665228087 0.14999999999999933 1.7677873054311711e-17 -4.5102810375454294e-21 0.14983967980925672 -1.3089095868797665e-12 94.815971811540436 50.000000014744323 3494.8159718115403 -5.1840281884597061 1.4744323095783329e-08 1.0000271102478888 1969.8656512455511 8030.1343487417143 0.014272001368770253 0 109856 0.93050305288613666 -1.1662086908107916e-07 1.0000009599892121 1499.9999999980876 1.7770267408175749e-13 -1.1537070940770983e-17 0.33813404764534222 0.33411886642087457 0.0040151812244676455 0.1500275561267902
23500 0.14999999999999999 0.25980762113533162 0.10044369503232295 25.015954365104744 0.012430262217469446 0.0017253205036749395 0.01243026221746907 0.0017253205036749384 0.16205699831959217 0.15000000000000038 2.1507448599883693e-17 -3.4694469519581377e-22 0.14983967987727706 -4.1501645798319194e-12 69.702939609864032 50.000000012693093 3569.7029396098642 -5.2970603901358118 1.2693092799054284e-08 1.0000271102552802 1969.8656512454918 8030.1343487414479 0.014272558982184182 0 109801 0.93049875834558793 -1.1004212442529798e-07 1.0000004929219064 1499.9999999980364 2.1465672596083889e-13 -9.2442971909469215e-18 0.33813404928539836 0.33411886387346645 0.0040151854119319097 0.15002755612710447
24000 0.14999999999999999 0.25980762113533162 0.10044363380965869 25.015954370054466 0.012454078821682403 0.0017253205101673665 0.012454078821682714 0.0017253205101673732 0.16206268471973798 0.14999999999999966 1.8447743332952334e-17 4.510281037545707e-21 0.14983967985241964 4.3468481222947511e-13 44.589907412419976 50.000000011580305 3644.58990741242 -5.4100925875800385 1.1580304715153034e-08 1.0000271103384644 1969.8656512454463 8030.1343487412432 0.01427292347853765 0 109873 0.93049618555696878 -1.1433994660322998e-07 1.0000005787085371 1499.9999999979993 1.8404503137415461e-13 6.6952268361051163e-17 0.33813404707360867 0.33411886410981595 0.0040151829637927183 0.15002755612736579
24500 0.14999999999999999 0.25980762113533162 0.1004429465563164 25.015954374566096 0.012468528393218168 0.0017253205122956046 0.012468528393218013 0.001725320512295604 0.16206579677054087 0.15000000000000016 1.7281662212399695e-17 1.0755285551070859e-20 0.14983967978284388 5.4270352533603101e-12 19.476875214782542 50.000000012584856 3719.4768752147825 -5.5231247852175329 1.2584855824115948e-08 1.0000271102312353 1969.8656512453831 8030.1343487410259 0.014272242615644805 0 109922 0.93026741682301983 -1.0711752955019578e-07 1.0000006440341032 1499.9999999979693 1.7216181822168886e-13 1.0837098153415031e-16 0.33813402292050532 0.3341188674300381 0.0040151554904672149 0.15002755612756438
25000 0.14999999999999999 0.25980762113533162 0.10044351241388765 25.015954377137472 0.012473971739607601 0.0017253205108329721 0.012473971739608363 0.0017253205108329827 0.16206650095890796 0.14999999999999919 1.3899645323631038e-17 0 0.1498396797194298 1.6213726799803393e-12 94.363843020129224 50.000000015242314 3794.363843020129 -5.6361569798709752 1.5242314077568153e-08 1.0000271099166576 1969.8656512453354 8030.1343487408121 0.014271758246668251 0 109682 0.93016227243332117 -1.0853279326107608e-07 1.0000007480897728 1499.9999999979184 1.3871338160140884e-13 -4.2291519161156735e-17 0.33813404450644635 0.33411886639652444 0.004015178109921913 0.15002755612763283
25500 0.14999999999999999 0.25980762113533162 0.10044352978536782 25.015954377745974 0.012470787678297252 0.0017253205053838585 0.012470787678297362 0.0017253205053838602 0.16206495881946151 0.14999999999999988 1.0973513764349634e-17 -6.9388939039170596e-22 0.14983967968044667 1.5581520432363749e-12 69.250810820852536 50.000000015789929 3869.2508108208526 -5.749189179147379 1.5789929364018462e-08 1.0000271095376119 1969.8656512452771 8030.1343487406084 0.014271463444278626 0 109768 0.93028574235687644 -1.0957748920308777e-07 1.0000008497828643 1499.9999999978775 1.0989380724315233e-13 1.7583822774754222e-17 0.33813404570757766 0.33411886690333736 0.0040151788042402936 0.15002755612750721
26000 0.14999999999999999 0.25980762113533162 0.10044345269342662 25.01595437706235 0.012459370222934585 0.0017253204990852736 0.0124593702229348 0.0017253204990852775 0.16206132665025455 0.14999999999999977 1.3211307048363205e-17 -1.3877787807834454e-21 0.14983967967259748 7.0390835229120097e-13 44.137778621816274 50.000000015539328 3944.1377786218163 -5.8622213781836763 1.5539328046543233e-08 1.0000271095125175 1969.865651245218 8030.1343487403801 0.014271352260325023 0 109813 0.93040470571142331 -1.1261574998789197e-07 1.000000975571669 1499.9999999978345 1.3155869144287023e-13 3.4267814515920299e-17 0.33813404557188925 0.33411886984925021 0.0040151757226390417 0.15002755612729254
26500 0.14999999999999999 0.25980762113533162 0.10044334549988623 25.015954375923361 0.012440125911710568 0.0017253204943751968 0.012440125911710731 0.0017253204943751955 0.16205575513352655 0.14999999999999983 1.6838960781331631e-17 -6.2450045135256896e-21 0.14983967969137729 1.3985980512420161e-12 19.024746420755566 50.0000000165385 4019.0247464207555 -5.9752535792445087 1.6538500346996443e-08 1.0000271097260192 1969.8656512451676 8030.1343487401182 0.014271419729401795 0 109767 0.93046557662676377 -1.128751592561082e-07 1.0000010838944697 1499.9999999977856 1.6749454470957326e-13 -3.1385688301848209e-17 0.33813404256614493 0.33411887112833011 0.004015171437814824 0.15002755612701069
27000 0.14999999999999999 0.25980762113533162 0.10044344803107674 25.015954374943469 0.012413471120727755 0.0017253204934390279 0.012413471120727999 0.0017253204934390295 0.16204838910291625 0.14999999999999974 2.1607715616799501e-17 -1.3877787807835261e-21 0.14983967972012097 -2.1160008867167625e-12 93.911714227060529 50.000000016126847 4093.9117142270607 -6.0882857729393436 1.6126847413033829e-08 1.0000271098283369 1969.865651245123 8030.1343487398735 0.014271661870324599 0 109766 0.93050294889790641 -1.1301368672326413e-07 1.0000010912607027 1499.9999999977442 2.1596703510826445e-13 -3.1509781947843153e-17 0.33813404646764411 0.33411887093104004 0.0040151755366040764 0.15002755612679888
27500 0.14999999999999999 0.25980762113533162 0.10044359352396752 25.015954374454033 0.012402508361723859 0.0017253204952143394 0.012402508361724114 0.0017253204952143396 0.16205004111608623 0.14999999999999972 2.5059121444608739e-17 -5.551115123134239e-21 0.14983967973140697 -4.6330906807362067e-12 68.79868202814697 50.000000014203231 4168.7986820281467 -6.2013179718533138 1.4203230591647298e-08 1.0000271100910256 1969.8656512450602 8030.1343487396634 0.014272075687995689 0 109914 0.93050227166017185 -1.1671431922326192e-07 1.0000009015401758 1499.9999999977117 2.4965686934224837e-13 -5.3024570661393789e-17 0.33813404748650505 0.33411886613381842 0.0040151813526866365 0.15002755612677815
28000 0.14999999999999999 0.25980762113533162 0.10044377551407201 25.015954374277737 0.012434525715525453 0.0017253205015850908 0.012434525715525786 0.0017253205015850942 0.16205804142885225 0.14999999999999963 2.706897206387939e-17 -6.9388939039180197e-22 0.14983967973633389 -2.930300701869344e-13 43.68564983170085 50.000000012171689 4243.6856498317011 -6.3143501682989154 1.2171689434126165e-08 1.0000271100756097 1969.8656512450079 8030.1343487394661 0.014272659171331661 0 109893 0.9304982597326994 -1.1138113408577305e-07 1.0000005065563056 1499.9999999976646 2.706026301930439e-13 2.3010695471970181e-17 0.33813405292244031 0.3341188642947639 0.0040151886276764137 0.15002755612701194
28500 0.14999999999999999 0.25980762113533162 0.10044361688423607 25.015954374395594 0.012456886885636722 0.0017253205080700646 0.012456886885636653 0.0017253205080700652 0.16206332307638333 0.15000000000000008 3.193972863973547e-17 5.2041704279386495e-21 0.14983967973373194 8.4947260088147464e-13 18.572617635776339 50.000000010659029 4318.5726176357766 -6.4273823642233765 1.0659029214821203e-08 1.0000271097656237 1969.865651244944 8030.1343487392442 0.014272806302043039 0 109941 0.93049592541464055 -1.1330430734423564e-07 1.0000005901292743 1499.9999999976355 3.1861536317818497e-13 3.1519011584806129e-18 0.33813404717565004 0.33411886488913922 0.0040151822865108211 0.15002755612729862
29000 0.14999999999999999 0.25980762113533162 0.1004434610368212 25.015954374621003 0.012469935064727735 0.0017253205108755138 0.012469935064727903 0.0017253205108755162 0.16206605625022102 0.14999999999999983 2.9813998492270926e-17 6.2450045135265465e-21 0.1498396797184354 1.014450916131781e-12 93.459585435604438 50.000000011784451 4393.4595854356048 -6.5404145643951779 1.1784450748564268e-08 1.0000271096104139 1969.8656512448906 8030.1343487390095 0.014272155983822782 0 109935 0.93022332940296459 -1.0840644737813567e-07 1.0000006499531908 1499.9999999975862 2.9860982054554473e-13 4.6824091345032587e-17 0.33813404338706377 0.33411886733050994 0.0040151760565538264 0.1500275561275338
29500 0.14999999999999999 0.25980762113533162 0.10044364819995159 25.015954374826769 0.012474033890017586 0.0017253205094147955 0.012474033890017331 0.0017253205094147905 0.16206640660121235 0.15000000000000027 2.816011313027294e-17 4.5102810375471033e-21 0.14983967970795747 2.2519305214590724e-12 68.346553233579257 50.000000011272654 4468.3465532335795 -6.6534467664205295 1.1272653921423625e-08 1.0000271097301308 1969.8656512448463 8030.1343487388194 0.014271701034685069 0 109798 0.9301776980894525 -1.0716841225685669e-07 1.0000007667068054 1499.9999999975432 2.8132821051039814e-13 6.0352179938189481e-17 0.33813404953608633 0.33411886599781498 0.0040151835382713497 0.15002755612760488
29999 0.14999999999999999 0.25980762113533162 0.10044342080971794 25.015954375168842 0.012451122210013873 0.0017253204964974478 0.012451122210014225 0.0017253204964974532 0.16205889634164503 0.14999999999999963 2.6237692574192977e-17 2.4286128663715815e-21 0.14983967970992262 3.2857559761284941e-12 43.083747094455603 50.000000011931 4543.0837470944552 -6.7662529055442064 1.1931000187814789e-08 1.0000271098633198 1969.8656512447888 8030.1343487385502 0.014271362490512867 0 109665 0.93042213080028535 -1.1271926270678679e-07 1.0000010383727707 1499.9999999974998 2.6308588278922327e-13 3.2932900814123185e-18 0.33813404632100363 0.33411887187259565 0.0040151744484079877 0.15002755612714419
