# 1:passo  2:R0  3:|a2|/R0  4:|a4|/R0  5:|a8|/R0  6:rmin  7:rmax
0 24.99530979 1.096091932e-16 9.52226216e-05 8.27724819e-05 24.98429581 25.00965244
500 24.96182869 0.0001410587276 0.0002717640361 5.332200337e-05 24.88707699 25.03376199
1000 24.96661813 3.858713158e-05 0.0004207405294 2.22880304e-05 24.88401293 25.03456829
1500 24.97003468 8.264268624e-06 0.000539579517 9.389375911e-06 24.88960197 25.0417513
2000 24.97145271 9.290394702e-05 0.000552515482 8.913383644e-06 24.89205284 25.04369968
2500 24.97043009 7.200507704e-05 0.0005550077357 1.659036912e-05 24.89210937 25.04043475
3000 24.9684873 1.535987795e-05 0.0005646809227 3.538301841e-05 24.88804923 25.04000162
3500 24.96654551 1.093028347e-05 0.0005771484037 5.786416728e-05 24.88505128 25.03734448
4000 24.96550921 2.071447152e-05 0.000587787752 7.644799822e-05 24.88301177 25.03572889
4500 24.96556855 1.354599429e-05 0.0005681870856 6.015025691e-05 24.88191319 25.03774335
5000 24.96636579 1.363914557e-05 0.0005454033607 3.714454742e-05 24.88289055 25.03752311
5500 24.9671725 4.093359741e-05 0.0005269149285 1.779801249e-05 24.88689908 25.03831362
6000 24.96760941 5.598435047e-05 0.0005134791495 8.026425646e-06 24.89004264 25.03956657
6500 24.96768661 5.625878435e-05 0.0005130854653 9.542966584e-06 24.88847279 25.03824836
7000 24.9675409 4.106011026e-05 0.0005317712012 2.089824995e-05 24.88949493 25.03767917
7500 24.96717318 1.523712845e-05 0.0005577558207 4.121485557e-05 24.88713757 25.03865866
8000 24.96668746 1.279337988e-05 0.0005811018834 6.213699611e-05 24.88553537 25.03740268
8500 24.96647366 2.092166602e-05 0.0005915424418 7.602379341e-05 24.88374157 25.03777719
9000 24.96665425 3.61725448e-06 0.0005689990034 5.500519118e-05 24.88281819 25.0390049
9500 24.967093 2.328343508e-05 0.000545516436 3.314942676e-05 24.88407218 25.03801745
10000 24.96740245 4.526796221e-05 0.0005249855932 1.498432525e-05 24.88787309 25.03891105
10500 24.96747813 5.602573477e-05 0.0005112535858 7.74746171e-06 24.88931258 25.03931134
11000 24.96741079 5.335107774e-05 0.0005134802878 1.078101867e-05 24.8882992 25.03756877
11500 24.96729465 3.618368225e-05 0.000534625068 2.365360906e-05 24.88866831 25.03779688
12000 24.96698557 9.670683547e-06 0.0005609908706 4.47279898e-05 24.88646741 25.03842544
12500 24.96662226 1.639135515e-05 0.0005845169143 6.533193857e-05 24.88564491 25.03733349
13000 24.96652951 1.928017862e-05 0.0005897769295 7.490803632e-05 24.88375049 25.03820793
13500 24.9667791 1.372980608e-06 0.0005653018926 5.123348943e-05 24.88285507 25.03904995
14000 24.96719311 2.735924019e-05 0.0005423775831 2.975209605e-05 24.88457982 25.03777382
14500 24.96744103 4.780277506e-05 0.0005227025636 1.275954739e-05 24.88860566 25.03917048
15000 24.96746592 5.647698686e-05 0.0005100210287 7.820544091e-06 24.88888173 25.03915448
15500 24.9673757 5.150101696e-05 0.0005158143597 1.207642711e-05 24.88845155 25.03715675
16000 24.96725183 3.219486925e-05 0.0005389599892 2.621619335e-05 24.88813882 25.03807235
16500 24.96692051 5.233370459e-06 0.0005645360207 4.809802697e-05 24.88605538 25.03827536
17000 24.96658309 1.933540426e-05 0.0005876433824 6.827353153e-05 24.88527915 25.03721572
17500 24.96654615 1.761568454e-05 0.0005870180935 7.252909067e-05 24.88379752 25.03851081
18000 24.96685046 5.643498295e-06 0.0005610719977 4.779462264e-05 24.88291353 25.0389748
18500 24.96725471 3.124731088e-05 0.0005388738588 2.653365364e-05 24.88508789 25.03745013
19000 24.96745201 4.968330454e-05 0.0005206835626 1.1169205e-05 24.88933214 25.03933641
19500 24.96745542 5.633790921e-05 0.000509489437 7.975981468e-06 24.88856018 25.03895355
20000 24.96735569 4.915403753e-05 0.0005186691555 1.356974576e-05 24.88868954 25.03673636
20500 24.96721326 2.810756831e-05 0.0005433379165 2.935468808e-05 24.88773937 25.03828762
21000 24.96687056 7.568275547e-07 0.0005681601064 5.125077865e-05 24.88576266 25.03808398
21500 24.96655858 2.077692522e-05 0.0005901601589 7.108691995e-05 24.88475636 25.03703355
22000 24.96656789 1.520667411e-05 0.0005837759811 6.938719288e-05 24.88383047 25.03874501
22500 24.9669125 9.794432105e-06 0.0005576512437 4.462892551e-05 24.88305198 25.03884908
23000 24.96730351 3.499272863e-05 0.0005362423956 2.374736993e-05 24.88564046 25.03751812
23500 24.96746352 5.133474269e-05 0.0005186842729 9.865501809e-06 24.89007051 25.03943503
24000 24.96744177 5.5982842e-05 0.0005097653846 8.526005195e-06 24.88833889 25.03870936
24500 24.96734123 4.630932131e-05 0.0005220221012 1.543957564e-05 24.88899418 25.03629626
25000 24.96717468 2.440960268e-05 0.0005475086399 3.28249557e-05 24.88744788 25.03843136
25500 24.96681342 3.800192524e-06 0.0005719790833 5.467489337e-05 24.88557316 25.03784515
26000 24.96654033 2.175226161e-05 0.0005921006869 7.383196166e-05 24.88434966 25.03678843
26500 24.9666024 1.22928975e-05 0.0005798386501 6.549189499e-05 24.88342973 25.03891565
27000 24.96698141 1.405346099e-05 0.0005543912573 4.131868799e-05 24.88326879 25.03867969
27500 24.96734734 3.821854736e-05 0.0005332116159 2.131100945e-05 24.88623573 25.03802013
28000 24.96747402 5.286809986e-05 0.0005163209576 9.020470872e-06 24.89081757 25.03947163
28500 24.96743318 5.555880629e-05 0.0005102561259 9.073754769e-06 24.8882127 25.03842564
29000 24.96732721 4.356711385e-05 0.0005252509954 1.750903796e-05 24.88935966 25.03666967
29500 24.96713197 2.009232191e-05 0.0005513875357 3.614358846e-05 24.88725767 25.03850637
29999 24.96652512 1.982835185e-05 0.0005906953966 7.547245511e-05 24.88375975 25.03806599
