# step v0 Mach sigma R umax_ref urms_ref umax_mean urms_mean umax_lab mean_x mean_y mean_z drop_ux drop_uy x0 y0 x_unwrapped center_dx center_dy axis_ratio mass_R mass_B min_f negative_total negative_color min_rho min_phi max_phi qx qy qz p_in p_out delta_p urms_lab
0 0 0 -5.560112678108922e-15 25.040521385269312 2.5018537765542003e-17 7.3826700743131386e-18 2.5024696278069708e-17 7.382667155809767e-18 2.5018537765542003e-17 6.2450045135165046e-21 -1.7347234759768068e-21 1.040834085586084e-21 1.0719263158053101e-20 -1.2513112063584964e-20 50.000000000000007 50.000000000000007 50.000000000000007 7.1054273576010019e-15 7.1054273576010019e-15 1.0000000000000004 1969.8656512480643 8030.1343487520408 0.0022035866323728572 0 0 0.99999999999999967 5.1710809399147474e-26 0.99999999999998501 -1.5393138792249286e-16 3.0022392133397885e-17 -1.6183625354581612e-17 0.33333333333333387 0.33333333333333409 -2.2204460492503131e-16 7.3826700743131386e-18
500 0 0 0.071091659492920997 24.906283589561568 0.025319649252586739 0.0057066798142360094 0.025319649252586739 0.0057066798142360094 0.025319649252586739 -5.3346216333241548e-18 4.5938947090820196e-18 1.2698175844150888e-19 -7.276856318998972e-18 -9.9562967867979126e-18 49.999999999999993 50.000000000000014 49.999999999999993 -7.1054273576010019e-15 1.4210854715202004e-14 1.000000000000002 1969.8656512479508 8030.1343487515087 0.013169170807143462 0 0 0.98476253785922507 4.1542683787461896e-18 1 -5.298544806034422e-14 5.371137562493189e-14 1.2941508158782741e-15 0.33626038707963979 0.33340602066092945 0.0028543664187103412 0.0057066798142360094
1000 0 0 0.20991364566094131 24.772023143925153 0.027313235548678993 0.0072787116352758512 0.027313235548679007 0.0072787116352758512 0.027313235548678993 -4.4408920985011316e-18 1.248341707782572e-17 -2.5465740627342429e-19 -6.6805376169133846e-17 -4.6563576708135854e-17 49.999999999999986 50.000000000000014 49.999999999999986 -1.4210854715202004e-14 1.4210854715202004e-14 1.0000000000000011 1969.8656512478433 8030.1343487510858 0.013312534227757866 0 0 0.98657446582464337 5.8753038955080101e-18 1 -4.463118243036579e-14 1.8338802698636414e-13 -2.5818202275536198e-15 0.34029359768056999 0.33181977846760763 0.0084738192129623635 0.0072787116352758512
1500 0 0 0.41307014465765057 24.625910603616166 0.027238900270051419 0.0069715650672914284 0.027238900270051422 0.0069715650672914284 0.027238900270051419 -9.2717500344022749e-18 2.4447457946944933e-17 4.6455894686666094e-19 -1.1595703516842114e-16 2.0646441047239531e-17 49.999999999999979 50.000000000000021 49.999999999999979 -2.1316282072803006e-14 2.1316282072803006e-14 1.0000000000000024 1969.8656512477351 8030.134348750752 0.013644414398405386 0 0 0.97799438336631717 6.1781133835868339e-18 1 -9.1239515942476146e-14 2.7926619350360227e-13 4.6741249914251082e-15 0.34651506262035864 0.32974126077779881 0.016773801842559832 0.0069715650672914284
2000 0 0 0.50088596515234596 24.537388816425 0.027027423772595295 0.0050753118191914212 0.027027423772595281 0.0050753118191914203 0.027027423772595295 -7.7514383800563856e-18 1.8931037293338853e-17 7.9450335199754365e-20 -9.1498499021886637e-17 -8.7702224685347347e-18 49.999999999999964 50.000000000000043 49.999999999999964 -3.5527136788005009e-14 4.2632564145606011e-14 1.0000000000000013 1969.8656512476484 8030.13434875029 0.013850929981982785 0 0 0.98063859819792953 5.6159387567443881e-18 1 -7.7528261588355463e-14 1.6229384372859479e-13 7.9628714759411849e-16 0.34865690819422046 0.32824373510152938 0.020413173092691084 0.0050753118191914212
2500 0 0 0.54592107512079291 24.511029629114706 0.02803057606488241 0.0044180773781001392 0.028030576064882393 0.0044180773781001374 0.02803057606488241 -6.2092692099129597e-18 2.1013746298597987e-17 9.3501595355173645e-20 -1.328682517110355e-16 3.7142501148702911e-17 49.999999999999957 50.00000000000005 49.999999999999957 -4.2632564145606011e-14 4.9737991503207013e-14 1.0000000000000029 1969.8656512475561 8030.1343487498198 0.013720918505671774 0 0 0.98485885223387704 5.0660703555993604e-18 1 -6.0784710598227321e-14 1.3738578959372749e-13 9.5737173340747511e-16 0.35083339804485608 0.32856093200073949 0.02227246604411659 0.0044180773781001392
3000 0 0 0.49657838671509463 24.563221615137817 0.026334976340064868 0.00543615758836656 0.026334976340064875 0.0054361575883665582 0.026334976340064868 3.4659775050027647e-19 9.8795971403862592e-18 -4.7878367936975126e-20 -1.3271063292136538e-17 2.9996954318855617e-17 49.999999999999957 50.000000000000071 49.999999999999957 -4.2632564145606011e-14 7.1054273576010019e-14 1.0000000000000016 1969.8656512474388 8030.134348749476 0.013641757172544752 0 0 0.98615058872895323 5.4196147917537823e-18 1 3.6186602759419317e-15 1.1822487433477136e-13 -2.9646601173935763e-16 0.35014018111752659 0.32992384327326502 0.020216337844261578 0.00543615758836656
3500 0 0 0.33247199282407403 24.673096052850891 0.024198514460527964 0.0060836033146019581 0.024198514460527957 0.0060836033146019581 0.024198514460527964 -5.7454041524373199e-19 8.5143697647925291e-18 6.2345961726629615e-19 -3.7600692367539559e-18 3.9669691186086372e-17 49.99999999999995 50.000000000000078 49.99999999999995 -4.9737991503207013e-14 7.815970093361102e-14 1.0000000000000024 1969.8656512473615 8030.1343487490321 0.013546088067847883 0 0 0.98557930527651239 6.4130797627936834e-18 1 -6.411537967210279e-15 4.4898113005231721e-14 5.982097225479022e-15 0.34488940808693797 0.33141432607404814 0.013475082012889827 0.0060836033146019581
4000 0 0 0.19021771005291638 24.779808932309734 0.025079483179762278 0.0052898393566181076 0.025079483179762281 0.0052898393566181093 0.025079483179762278 -1.5657614094173168e-18 9.0458890378324175e-18 3.4694469519550565e-22 -4.1030485434422149e-19 -5.1836291376698682e-17 49.999999999999943 50.000000000000085 49.999999999999943 -5.6843418860808015e-14 8.5265128291212022e-14 1.0000000000000044 1969.8656512472608 8030.1343487484964 0.01335334068506764 0 0 0.98422093224811069 6.5965711560644377e-18 1 -1.6157214455247981e-14 1.3355636041545438e-14 -9.3145040524211446e-17 0.34035401209900462 0.33267769342469489 0.0076763186743097345 0.0052898393566181076
4500 0 0 0.12762884553052806 24.840385487826811 0.026549520405898183 0.0044805781795580176 0.026549520405898176 0.0044805781795580176 0.026549520405898183 -2.7693125570506584e-18 9.4965701968918349e-18 1.2403272853239919e-19 2.9460160782478273e-17 -4.0009409792122281e-17 49.999999999999929 50.000000000000099 49.999999999999929 -7.1054273576010019e-14 9.9475983006414026e-14 1.0000000000000011 1969.8656512471566 8030.134348748189 0.013204127811412059 0 0 0.98964154619266598 6.52158843341556e-18 1 -2.8026192477881295e-14 8.5678914050341115e-14 1.184491616910256e-15 0.33829695909007096 0.33315900156549577 0.0051379575245751874 0.0044805781795580176
5000 0 0 0.16217111480688975 24.824390119221945 0.026196119311345026 0.0047284700129051086 0.026196119311345026 0.0047284700129051086 0.026196119311345026 2.7120666823435363e-18 -6.4948046940605094e-19 6.9388939039108005e-21 1.6042174280997308e-17 -3.376738411588872e-17 49.999999999999922 50.000000000000107 49.999999999999922 -7.815970093361102e-14 1.0658141036401503e-13 1.0000000000000011 1969.8656512470477 8030.1343487477061 0.01327549101270902 0 0 0.98778587968625786 5.5913472363009883e-18 1 2.6683624927692495e-14 3.3386054337780635e-14 2.2078273648837361e-16 0.33958084714344416 0.3330481140519948 0.0065327330914493609 0.0047284700129051086
5500 0 0 0.21998221716129895 24.775340146315532 0.02560191528752731 0.0053541007644916814 0.025601915287527314 0.0053541007644916823 0.02560191528752731 9.811249035435305e-18 -3.2342184486130312e-18 -5.0931481254708537e-19 2.650221352975008e-17 -8.8734773297677802e-18 49.999999999999915 50.000000000000107 49.999999999999915 -8.5265128291212022e-14 1.0658141036401503e-13 1.0000000000000036 1969.865651246959 8030.1343487473141 0.013446343223565655 0 0 0.99113816679873912 5.1570646567517876e-18 1 9.8709235230032277e-14 -5.2829322947506308e-14 -5.1743846179201345e-15 0.34058680652703088 0.33170772693166906 0.0088790795953618273 0.0053541007644916814
6000 0 0 0.31132922340811275 24.711196289605205 0.02530306915798047 0.0051286956551889768 0.025303069157980463 0.0051286956551889785 0.02530306915798047 7.284450820326297e-18 2.5097979250447908e-18 2.0122792321343359e-20 -3.0902038624190617e-17 -1.8194338753360887e-17 49.999999999999908 50.000000000000099 49.999999999999908 -9.2370555648813024e-14 9.9475983006414026e-14 1.0000000000000031 1969.8656512468526 8030.1343487468785 0.013617029459473295 0 0 0.97899450024351131 5.3615134176761599e-18 1 7.2511468400884849e-14 -2.5101177646841277e-15 3.1941875896674003e-16 0.34259775037831541 0.32999903926131968 0.012598711116995731 0.0051286956551889768
6500 0 0 0.37407550485892893 24.652191534503931 0.026150036455329803 0.0042663890378823455 0.026150036455329803 0.0042663890378823455 0.026150036455329803 1.1948775302536309e-18 -9.1891771969505427e-18 -2.4182045255133008e-19 2.1365868227960217e-18 -1.0968295701292728e-16 49.999999999999908 50.000000000000099 49.999999999999908 -9.2370555648813024e-14 9.9475983006414026e-14 1.0000000000000007 1969.8656512467592 8030.1343487464637 0.013727479727924315 0 0 0.97570013804394939 5.3387823686593074e-18 1 1.215695567217262e-14 -1.0010697511827343e-13 -2.3333883470148791e-15 0.34422243557141302 0.32904830777286165 0.015174127798551373 0.0042663890378823455
7000 0 0 0.41554519792821654 24.619690621448591 0.02746440588307307 0.0041047130633599356 0.027464405883073074 0.0041047130633599365 0.02746440588307307 -1.8839096949121847e-18 -7.8288070470890325e-18 -6.6179700608563388e-19 4.805714563243181e-17 2.2877717901976138e-17 49.999999999999901 50.000000000000107 49.999999999999901 -9.9475983006414026e-14 1.0658141036401503e-13 1.0000000000000029 1969.8656512466589 8030.134348746069 0.013594431062206501 0 0 0.97970668774290959 4.8828869426408626e-18 1 -1.8408888915197666e-14 -8.2665413075433229e-14 -6.5716845402034901e-15 0.34608177429131831 0.3292032032191784 0.016878571072139914 0.0041047130633599356
7500 0 0 0.4016401798880801 24.638680194977216 0.026922777839252895 0.0047036130626997496 0.026922777839252888 0.0047036130626997488 0.026922777839252895 -2.095545958981633e-18 -6.5721733610909063e-18 2.425143419417486e-19 4.3849094341841825e-17 3.8544544464067365e-17 49.999999999999893 50.000000000000092 49.999999999999893 -1.0658141036401503e-13 9.2370555648813024e-14 1.0000000000000033 1969.8656512465666 8030.1343487456597 0.013535621370710009 0 0 0.987193499253052 5.0214489594732386e-18 1 -2.0408987813549245e-14 -8.3190825918549177e-14 2.5088340037688014e-15 0.34625255585549403 0.32995135072966275 0.016301205125831275 0.0047036130626997496
8000 0 0 0.31944182219997053 24.691640822344624 0.025825965221067945 0.0050911633179737213 0.025825965221067951 0.0050911633179737186 0.025825965221067945 -1.3996442893582913e-17 -2.0893009544682045e-17 5.5112164831829005e-19 4.4203543678391877e-17 7.7798636744450633e-17 49.999999999999886 50.000000000000099 49.999999999999886 -1.1368683772161603e-13 9.9475983006414026e-14 1.0000000000000007 1969.8656512464765 8030.1343487452204 0.013450335570279481 0 0 0.99105009062382288 5.3562707084314174e-18 1 -1.4076934062856594e-13 -2.1871697500537059e-13 5.5034477623322037e-15 0.34387153067752219 0.33093428505264283 0.012937245624879357 0.0050911633179737213
8500 0 0 0.24318065152540128 24.745503516675353 0.026344948255351365 0.0045524046955417114 0.026344948255351344 0.0045524046955417114 0.026344948255351365 -1.4064790998537146e-17 -1.8565010639920143e-17 -2.8900493109799067e-19 -6.9188558262315912e-18 4.4252452106637986e-17 49.999999999999879 50.000000000000092 49.999999999999879 -1.2079226507921703e-13 9.2370555648813024e-14 1.000000000000004 1969.8656512463688 8030.1343487448557 0.013329161490993306 0 0 0.98741604105172687 5.2707589467910366e-18 1 -1.4033560554946312e-13 -2.1428258473177308e-13 -3.0423339311920938e-15 0.34174376951442326 0.33191650326536398 0.0098272662490592744 0.0045524046955417114
9000 0 0 0.21465576340984122 24.771400117500438 0.026372306891256952 0.0039218777056205063 0.026372306891256976 0.0039218777056205063 0.026372306891256952 -1.3028120249293192e-17 -2.0534268729851851e-17 -7.2684913643496154e-20 1.5123202548742433e-17 -5.1720086361068548e-17 49.999999999999879 50.000000000000078 49.999999999999879 -1.2079226507921703e-13 7.815970093361102e-14 1.0000000000000027 1969.8656512462612 8030.1343487444419 0.013264780777385531 0 0 0.9886506551471812 5.5764647693635772e-18 1 -1.3067682786555013e-13 -2.3422626685420944e-13 -5.4441819139296981e-16 0.3412479431795869 0.33258247564881976 0.0086654675307671347 0.0039218777056205063
9500 0 0 0.22944711347496308 24.759088906668623 0.025773676550617235 0.0039840612110171201 0.025773676550617259 0.0039840612110171219 0.025773676550617235 -1.2130227378127326e-17 -2.0082893681403205e-17 -1.4797191250096686e-19 -3.7381141177953069e-17 -1.1114596806283059e-16 49.999999999999865 50.000000000000064 49.999999999999865 -1.3500311979441904e-13 6.3948846218409017e-14 1.0000000000000018 1969.8656512461741 8030.1343487439699 0.013345594677146246 0 0 0.98890854975305031 5.4042800142427815e-18 1 -1.2162189658160294e-13 -2.1026051993250361e-13 -1.4031851120951356e-15 0.3419340306095387 0.33266684334186974 0.0092671872676689526 0.0039840612110171201
10000 0 0 0.26697965357015885 24.72929922971305 0.025428926844243711 0.0045594660580312637 0.025428926844243735 0.0045594660580312646 0.025428926844243711 -9.0084190107568955e-18 -2.2902166274564738e-17 8.9685203708093882e-20 -1.3527199297036621e-17 -4.1794455926685946e-17 49.999999999999858 50.000000000000057 49.999999999999858 -1.4210854715202004e-13 5.6843418860808015e-14 1.000000000000004 1969.8656512460734 8030.1343487435806 0.013483415838562603 0 0 0.99088973403430014 5.1814576801209176e-18 1 -9.0080720660523639e-14 -2.3729106245033715e-13 8.3289136617285173e-16 0.34263436588061291 0.33183827938054039 0.010796086500072521 0.0045594660580312637
10500 0 0 0.32131594695672228 24.693250110364193 0.02545547915874399 0.0046415997448696388 0.025455479158743965 0.0046415997448696423 0.02545547915874399 -3.0683788843111085e-18 -2.6577698375469522e-17 7.297981663442353e-19 -2.4419524749563438e-17 3.3957230669085129e-17 49.999999999999844 50.00000000000005 49.999999999999844 -1.5631940186722204e-13 4.9737991503207013e-14 1.0000000000000033 1969.86565124598 8030.1343487431031 0.013625266797463242 0 0 0.98943731069995766 4.8372855982664098e-18 1 -3.032995946408712e-14 -2.2983440779895947e-13 7.2107071946399289e-15 0.3436229295910197 0.33061063086482406 0.013012298726195637 0.0046415997448696388
11000 0 0 0.36350405210602516 24.660687586487509 0.025892159396750467 0.0041723099919011471 0.025892159396750457 0.0041723099919011462 0.025892159396750467 -2.5420637816993086e-18 -9.8081265331840391e-18 9.9312918999785337e-19 -6.7367825054095935e-17 4.8249443388990555e-17 49.999999999999851 50.000000000000036 49.999999999999851 -1.4921397450962104e-13 3.5527136788005009e-14 1.0000000000000056 1969.8656512458722 8030.1343487426884 0.013694494559530306 0 0 0.98429291390681783 4.7738045015534336e-18 1 -2.5438201892158396e-14 -8.1755349018441947e-14 1.000543901473427e-14 0.34454130680604494 0.32980108308636236 0.014740223719682588 0.0041723099919011471
11500 0 0 0.38472817833439582 24.647401659165197 0.026212512160960239 0.0038407780617772339 0.026212512160960235 0.0038407780617772331 0.026212512160960239 1.2202044930035393e-18 -7.5515982356312303e-18 1.4380857615864857e-18 5.4306003659442922e-17 2.7791924880282213e-17 49.999999999999844 50.000000000000043 49.999999999999844 -1.5631940186722204e-13 4.2632564145606011e-14 1.0000000000000013 1969.8656512457701 8030.1343487423201 0.013654773651347908 0 0 0.98368800572022208 4.6701485998937142e-18 1 1.2125717097077882e-14 -7.7826200345354479e-14 1.4338672596375248e-14 0.34529354046029009 0.32968426108656212 0.015609279373727969 0.0038407780617772339
12000 0 0 0.36443050123012438 24.666964755690639 0.025692841536340476 0.0040464879879503705 0.02569284153634049 0.0040464879879503687 0.025692841536340476 4.5810577553652838e-18 -9.3137303425311295e-18 1.9326554245881788e-18 7.0460951934225856e-17 5.1956068728034929e-17 49.999999999999837 50.000000000000043 49.999999999999837 -1.6342482922482304e-13 4.2632564145606011e-14 1.0000000000000016 1969.8656512456816 8030.1343487419608 0.013571099096464253 0 0 0.98561269094095227 4.6958353243415732e-18 1 4.6018744370712739e-14 -1.0152816087849459e-13 1.9415423872870876e-14 0.34482913259916065 0.33005510162941798 0.014774030969742669 0.0040464879879503705
12500 0 0 0.30253818523107534 24.708753488313736 0.025254247672737283 0.0043837395004598136 0.025254247672737276 0.0043837395004598127 0.025254247672737283 -4.1276010387445557e-18 -1.150815553964503e-17 2.6000035457974029e-18 7.0392918726417374e-17 1.8191367055894027e-17 49.999999999999829 50.000000000000043 49.999999999999829 -1.7053025658242404e-13 4.2632564145606011e-14 1.0000000000000044 1969.8656512455768 8030.1343487414151 0.013463061451791993 0 0 0.98903045413277524 5.0248769366112458e-18 1 -4.0894438985313031e-14 -1.0340384418942167e-13 2.5900418181295568e-14 0.34295035592638773 0.33070618564178944 0.012244170284598288 0.0043837395004598136
13000 0 0 0.24400733505516375 24.750117423905941 0.026111476551317361 0.0042691518220513451 0.026111476551317372 0.0042691518220513459 0.026111476551317361 -6.8001160258382149e-20 -1.2342904476286751e-17 2.5505639267321244e-18 5.501781229589576e-17 -1.9102119536424575e-17 49.999999999999829 50.000000000000036 49.999999999999829 -1.7053025658242404e-13 3.5527136788005009e-14 1.0000000000000022 1969.8656512454752 8030.1343487410304 0.013336110237898172 0 0 0.99215233572371941 5.221749514660236e-18 1 -2.3591561646926773e-16 -8.5193570947827979e-14 2.5604787038255509e-14 0.3413024785882357 0.33144364313804592 0.0098588354501897846 0.0042691518220513451
13500 0 0 0.22136697503075234 24.769781430047129 0.026475001154821275 0.0039506676630802293 0.026475001154821265 0.0039506676630802285 0.026475001154821275 5.8019561377601353e-18 -1.1383949338766104e-17 2.7958538262357264e-18 -9.0656665605611733e-18 -4.3353479655097015e-17 49.999999999999829 50.000000000000028 49.999999999999829 -1.7053025658242404e-13 2.8421709430404007e-14 1.000000000000002 1969.8656512453829 8030.1343487406975 0.013266524954665126 0 0 0.99118649231300815 5.2506132193143058e-18 1 5.8650997334644059e-14 -1.2564646182213271e-13 2.7908263160470491e-14 0.34096452453014048 0.33202754720331507 0.0089369773268254127 0.0039506676630802293
14000 0 0 0.23322096805888845 24.760230491241185 0.026164291235021033 0.00386578081453853 0.026164291235021044 0.00386578081453853 0.026164291235021033 2.760985884368707e-18 -1.4621290289639408e-17 2.3918367286803049e-18 -1.1312762456313495e-16 -1.0595122215843741e-16 49.999999999999815 50.000000000000028 49.999999999999815 -1.8474111129762605e-13 2.8421709430404007e-14 1.0000000000000002 1969.8656512452935 8030.1343487401482 0.013310997782699816 0 0 0.99029023897324431 5.1260249155592984e-18 1 2.7009637744695308e-14 -1.4306372926597977e-13 2.3969176435428602e-14 0.34160984240349762 0.33219066643333089 0.0094191759701667266 0.00386578081453853
14500 0 0 0.26789259587607167 24.731996749517897 0.025770666246965661 0.0041070879055276344 0.025770666246965671 0.0041070879055276344 0.025770666246965661 4.2091330421164358e-18 -1.2780748681625887e-17 3.7574110489713978e-18 -1.2549935491095218e-16 -8.5430556308085185e-17 49.999999999999815 50.000000000000021 49.999999999999815 -1.8474111129762605e-13 2.1316282072803006e-14 1.0000000000000038 1969.8656512451921 8030.1343487397316 0.013421840456111262 0 0 0.99122964413565806 5.1382853102752314e-18 1 4.2632564145606011e-14 -1.2540576216357735e-13 3.7471891048116972e-14 0.34257214961251342 0.33174032723321872 0.010831822379294698 0.0041070879055276344
15000 0 0 0.31486699375086741 24.69625265861583 0.025607019418978926 0.0042106377789754993 0.025607019418978944 0.0042106377789754993 0.025607019418978926 -1.4016565685914446e-19 -1.6270318425907025e-17 2.9875407703319132e-18 -1.092953469915563e-17 -9.4933199042498382e-17 49.999999999999815 50.000000000000014 49.999999999999815 -1.8474111129762605e-13 1.4210854715202004e-14 1.0000000000000004 1969.8656512450857 8030.1343487393433 0.013553342549348816 0 0 0.990565955388375 4.6512615546894127e-18 1 -1.248973797648989e-15 -1.9346934536194904e-13 2.9850518954274809e-14 0.34369366455526212 0.33094407869284914 0.012749585862412982 0.0042106377789754993
15500 0 0 0.35568138454550596 24.663836236887285 0.025909447360535121 0.004008203377093472 0.0259094473605351 0.0040082033770934703 0.025909447360535121 -1.4380857615870774e-18 -2.082431449504935e-17 4.8541032304860793e-18 3.9268795438213154e-17 -7.4176457238733103e-17 49.999999999999815 49.999999999999993 49.999999999999815 -1.8474111129762605e-13 -7.1054273576010019e-15 1.0000000000000007 1969.8656512449825 8030.1343487389686 0.013645064381766605 0 0 0.98973479568048672 4.6115741811047004e-18 1 -1.4762462899244738e-14 -1.8515224076143255e-13 4.865252743119337e-14 0.34473683009943829 0.33031565972150867 0.014421170377929615 0.004008203377093472
16000 0 0 0.37744154931485951 24.648426023043417 0.026069934576191424 0.0038138827825316113 0.026069934576191441 0.0038138827825316113 0.026069934576191424 5.8980598183309164e-21 -1.953749662056876e-17 6.4330485383230505e-18 3.7469577148272718e-17 -1.0202806811880543e-16 49.999999999999815 49.999999999999979 49.999999999999815 -1.8474111129762605e-13 -2.1316282072803006e-14 1.0000000000000042 1969.8656512448754 8030.1343487385384 0.013645644691278491 0 0 0.98860747756398126 4.7093390221188643e-18 1 -2.9837921413158885e-16 -1.9729167979225595e-13 6.4340469035364222e-14 0.34541932322388164 0.33010631504388688 0.015313008179994758 0.0038138827825316113
16500 0 0 0.36630192987447069 24.659962173995428 0.025711857064877178 0.0038929456006701006 0.025711857064877192 0.0038929456006701001 0.025711857064877178 -5.457440055432317e-19 -1.4252835023344882e-17 7.340655860955942e-18 3.3451698927701713e-17 1.0002068834043444e-17 49.999999999999808 49.999999999999972 49.999999999999808 -1.9184653865522705e-13 -2.8421709430404007e-14 1.0000000000000002 1969.8656512447856 8030.1343487380773 0.013599543833347574 0 0 0.98915864453670921 4.876078700079606e-18 1 -5.9361695246840096e-15 -1.2410690151346687e-13 7.3385363394507836e-14 0.34512210476278699 0.33026798912019506 0.014854115642591925 0.0038929456006701006
17000 0 0 0.32239714386506924 24.692814312956997 0.02525640992763898 0.0040921846409909179 0.025256409927638973 0.0040921846409909179 0.02525640992763898 -4.7926940194371473e-18 -2.0801069200474458e-17 8.1172915611525431e-18 1.71333443194233e-17 2.0180350866466225e-17 49.999999999999808 49.999999999999957 49.999999999999808 -1.9184653865522705e-13 -4.2632564145606011e-14 1.0000000000000004 1969.8656512446898 8030.1343487377153 0.013518738317273817 0 0 0.99074807517261843 5.0189695116976404e-18 1 -4.8523657964968936e-14 -1.6650698560823768e-13 8.1315852952821785e-14 0.34374154989874878 0.33068523562938262 0.013056314269366154 0.0040921846409909179
17500 0 0 0.27185671822293023 24.730418662779876 0.025541338920623619 0.0040700628958521912 0.025541338920623605 0.0040700628958521912 0.025541338920623619 -3.6137759451614168e-18 -1.742217481396176e-17 1.1018269630034204e-17 -4.8653314913931972e-17 4.7203770869718927e-17 49.999999999999808 49.999999999999943 49.999999999999808 -1.9184653865522705e-13 -5.6843418860808015e-14 1.0000000000000016 1969.8656512445921 8030.1343487373051 0.013414807272311022 0 0 0.99261535056047512 5.1369748241588185e-18 1 -3.6276564434681302e-14 -1.7429070339747277e-13 1.102946339474539e-13 0.34220823745604584 0.33121543050320262 0.010992806952843215 0.0040700628958521912
18000 0 0 0.24129012578733353 24.755232908119666 0.025906738520825933 0.0038788998049669849 0.025906738520825923 0.0038788998049669866 0.025906738520825933 -2.1406487693593497e-19 -1.3178347302325047e-17 1.35731703654581e-17 -6.5280928515621034e-17 -8.4125244550209549e-17 49.999999999999801 49.999999999999929 49.999999999999801 -1.9895196601282805e-13 -7.1054273576010019e-14 1.0000000000000024 1969.8656512444813 8030.1343487368931 0.013342109864961125 0 0 0.99191952246814941 5.1513578240573169e-18 1 -2.4182587356202934e-15 -1.5699247457590104e-13 1.3574053366235057e-13 0.3414197017366199 0.33167266656700972 0.0097470351696101742 0.0038788998049669849
18500 0 0 0.23766397530498004 24.758177626976089 0.025908314126367578 0.0037904660245306867 0.025908314126367564 0.0037904660245306862 0.025908314126367578 -3.7862074586742274e-18 -1.7453399836531263e-17 1.6312992623421927e-17 -4.0707445821944084e-17 -9.2575661554774177e-17 49.999999999999801 49.999999999999915 49.999999999999801 -1.9895196601282805e-13 -8.5265128291212022e-14 1.0000000000000036 1969.865651244399 8030.1343487364647 0.013341820055442464 0 0 0.99105049429840253 5.0541629166545905e-18 1 -3.761834593829505e-14 -1.7571989785421021e-13 1.632714010206916e-13 0.34144473706037676 0.33184532393370036 0.0095994131266763927 0.0037904660245306867
19000 0 0 0.25741574823540198 24.742198729282766 0.025789340373887568 0.0039150662561835579 0.025789340373887571 0.0039150662561835579 0.025789340373887568 -3.176625629214949e-18 -1.4260814751338058e-17 1.9919656202333079e-17 2.8293408328026477e-17 -8.0198908750783056e-17 49.999999999999794 49.999999999999901 49.999999999999794 -2.0605739337042905e-13 -9.9475983006414026e-14 1.0000000000000013 1969.8656512442838 8030.1343487360618 0.013398572410686042 0 0 0.99151497635041708 4.8916553173106305e-18 1 -3.1540823555373243e-14 -1.266625828744497e-13 1.992960920104644e-13 0.34200443894665478 0.33160052331038004 0.010403915636274741 0.0039150662561835579
19500 0 0 0.29250394085672754 24.715073704678101 0.025658864119568275 0.0040227054007699724 0.025658864119568262 0.0040227054007699716 0.025658864119568275 -2.6003504904944818e-18 -1.2395293125269694e-17 1.9064264056328388e-17 1.9001674500422155e-17 -6.5222844871406732e-17 49.999999999999787 49.999999999999893 49.999999999999787 -2.1316282072803006e-13 -1.0658141036401503e-13 1.0000000000000033 1969.8656512441921 8030.1343487355916 0.013483883078430535 0 0 0.9927955318179339 4.736895862464602e-18 1 -2.5295737726693801e-14 -1.1406847688633093e-13 1.9071714012628318e-13 0.34290714048507415 0.33107209826137396 0.011835042223700187 0.0040227054007699724
20000 0 0 0.32914012562061923 24.686347262395397 0.025871257777588134 0.0039434889906124248 0.025871257777588145 0.0039434889906124248 0.025871257777588134 5.370703881635259e-19 -1.1947040579076883e-17 2.6438920497416985e-17 -8.9700914677025539e-18 -1.8586271945393303e-17 49.99999999999978 49.999999999999872 49.99999999999978 -2.2026824808563106e-13 -1.2789769243681803e-13 1.0000000000000022 1969.8656512440964 8030.1343487352515 0.013563106660365636 0 0 0.99033225533787683 4.6695855276251912e-18 1 5.925815393936773e-15 -1.2019205075652906e-13 2.6436429184004693e-13 0.34391635565702949 0.33058347484958833 0.013332880807441161 0.0039434889906124248
20500 0 0 0.35377422934038605 24.667467590711492 0.026028496611385031 0.0038080752640274216 0.026028496611385041 0.0038080752640274208 0.026028496611385031 3.0531133177256416e-18 -9.0556034893132925e-18 2.8892860326540451e-17 -3.8428897287778283e-17 -4.5902596576113273e-17 49.999999999999773 49.999999999999872 49.999999999999773 -2.2737367544323206e-13 -1.2789769243681803e-13 1.0000000000000016 1969.8656512440139 8030.1343487348076 0.013596796141065463 0 0 0.98965917502185208 4.7331916767676249e-18 1 3.1005580047871462e-14 -9.0319031686167742e-14 2.889116062868683e-13 0.34469890145840232 0.33035716864616993 0.014341732812232388 0.0038080752640274216
21000 0 0 0.35486645491044932 24.667358289120301 0.025863977629238751 0.003807520432442858 0.025863977629238765 0.0038075204324428584 0.025863977629238751 -1.4474532683581848e-18 -1.3453821390314884e-17 3.2274183325923252e-17 -9.7438904106196866e-17 2.2493290561991543e-17 49.999999999999766 49.999999999999858 49.999999999999766 -2.3447910280083306e-13 -1.4210854715202004e-13 1.0000000000000038 1969.8656512438979 8030.1343487344129 0.013578372137749432 0 0 0.99036600639833683 4.850481416076422e-18 1 -1.4873519083025144e-14 -1.3045933690974953e-13 3.2260429532848938e-13 0.34480698315370917 0.3304209086194545 0.014386074534254667 0.003807520432442858
21500 0 0 0.33065921566520851 24.685228364528378 0.025549322161545752 0.003919848570949104 0.025549322161545759 0.0039198485709491023 0.025549322161545752 -4.6095072203758201e-18 -1.0805592531883556e-17 3.2819927331468573e-17 -3.8686878111260263e-17 1.2992694629478389e-16 49.999999999999758 49.999999999999851 49.999999999999758 -2.4158453015843406e-13 -1.4921397450962104e-13 1.0000000000000027 1969.8656512438115 8030.1343487340346 0.013526037063702132 0 0 0.99189332022199728 4.967252430587061e-18 1 -4.6726518325174854e-14 -1.1047435346080506e-13 3.2823359381968589e-13 0.34410237859893605 0.33070735503333065 0.013395023565605402 0.003919848570949104
22000 0 0 0.29547071959523974 24.71126579106674 0.025459576603579857 0.003950346521056667 0.025459576603579847 0.003950346521056667 0.025459576603579857 -2.0095036745760829e-18 -1.0424994201253824e-17 3.2252499282476612e-17 2.4924239270442977e-17 1.247563686178174e-16 49.999999999999751 49.999999999999829 49.999999999999751 -2.4868995751603507e-13 -1.7053025658242404e-13 1.0000000000000016 1969.8656512437099 8030.1343487336371 0.013456246745846143 0 0 0.99214201139107838 5.0813262210689831e-18 1 -1.9761969838327786e-14 -1.2065045143505593e-13 3.2263641689128198e-13 0.34306088254316341 0.33110395884312155 0.011956923700041866 0.003950346521056667
22500 0 0 0.26818011409325099 24.73282740078897 0.02568371354237255 0.0038610480377667638 0.025683713542372547 0.0038610480377667651 0.02568371354237255 -7.3094308383927756e-18 -1.1134496102930481e-17 3.2198722854722763e-17 6.0713318272377064e-17 6.3878148510468034e-17 49.999999999999737 49.999999999999829 49.999999999999737 -2.6290081223123707e-13 -1.7053025658242404e-13 1.0000000000000002 1969.865651243623 8030.1343487331696 0.013400340186983994 0 0 0.99209992289817239 5.1213982221413833e-18 1 -7.2775105711651855e-14 -1.0124409990930339e-13 3.2202408940210531e-13 0.34230687265478965 0.33146378909837038 0.010843083556419275 0.0038610480377667638
23000 0 0 0.25819104918948571 24.741270053520502 0.025720721995787545 0.0037893977811506814 0.025720721995787538 0.0037893977811506809 0.025720721995787545 -8.0602191587977291e-18 -7.5588840742392445e-18 3.4935769555127271e-17 3.2676129520294345e-17 3.3415387223801993e-17 49.999999999999737 49.999999999999829 49.999999999999737 -2.6290081223123707e-13 -1.7053025658242404e-13 1.0000000000000022 1969.8656512435068 8030.1343487327522 0.013388742119382607 0 0 0.9916769591444824 5.0587461406394046e-18 1 -8.0643824951209808e-14 -7.6568742665705791e-14 3.4941585789087761e-13 0.34206388906785973 0.33162824657129569 0.010435642496564035 0.0037893977811506814
23500 0 0 0.2659838634385065 24.735479625295913 0.025652490302320002 0.0038321063006567903 0.025652490302320002 0.0038321063006567903 0.025652490302320002 -9.6402053007216329e-18 -8.1351592129605137e-18 3.7874044178745654e-17 5.4110631600962611e-17 -5.9595393037712776e-17 49.999999999999737 49.999999999999822 49.999999999999737 -2.6290081223123707e-13 -1.7763568394002505e-13 1.0000000000000016 1969.8656512434177 8030.1343487323265 0.013419769676963705 0 0 0.99181895900985351 4.9382088687342062e-18 1 -9.5980494873530026e-14 -8.9350178460439328e-14 3.7870564736660673e-13 0.34225317792002274 0.33150004648825959 0.010753131431763152 0.0038321063006567903
24000 0 0 0.28707834120243003 24.719501064322539 0.025571784249780381 0.0039010215359070446 0.025571784249780384 0.003901021535907045 0.025571784249780381 -8.757577996143002e-18 -4.3187675658025545e-18 3.9655084771537627e-17 5.8893281942713793e-18 -2.0407377186799411e-17 49.99999999999973 49.999999999999822 49.99999999999973 -2.7000623958883807e-13 -1.7763568394002505e-13 1.0000000000000002 1969.8656512433229 8030.1343487319318 0.013474149298433921 0 0 0.99257151584030567 4.8142601844074526e-18 1 -8.7358980184297497e-14 -7.4833788796767331e-14 3.9632038335862958e-13 0.34275723186565488 0.33114379596112653 0.011613435904528346 0.0039010215359070446
24500 0 0 0.31247906893658484 24.699976999576105 0.025645910100816238 0.0038794269720764762 0.025645910100816245 0.0038794269720764771 0.025645910100816238 -4.2462561245067219e-18 -9.4410590456799519e-18 4.2099483621544358e-17 -1.2479307464170323e-17 -3.8185365548504109e-18 49.999999999999723 49.999999999999829 49.999999999999723 -2.7711166694643907e-13 -1.7053025658242404e-13 1.0000000000000029 1969.8656512432231 8030.134348731558 0.013527225025599072 0 0 0.99089041755191098 4.7371694566844797e-18 1 -4.2275244990872679e-14 -9.5838281429817818e-14 4.2099884473781729e-13 0.34341374239777633 0.33076275616641476 0.012650986231361572 0.0038794269720764762
25000 0 0 0.33191417462003975 24.685113424543751 0.025810868321120915 0.0038050874094642186 0.025810868321120926 0.0038050874094642168 0.025810868321120915 -7.3441253079143386e-18 -1.2691583894974227e-17 4.3625693335715168e-17 -8.3064293259947949e-17 -1.1687607331606187e-17 49.999999999999723 49.999999999999822 49.999999999999723 -2.7711166694643907e-13 -1.7763568394002505e-13 1.0000000000000011 1969.8656512431139 8030.1343487311133 0.013553874069795208 0 0 0.98980465440356824 4.7514448701672357e-18 1 -7.3496330549316369e-14 -1.2758240644505925e-13 4.364089839525818e-13 0.3439844102758276 0.33053848564458704 0.013445924631240558 0.0038050874094642186
25500 0 0 0.33662669325134548 24.681764312512648 0.025794608324621569 0.003788562035536432 0.025794608324621573 0.0037885620355364328 0.025794608324621569 -6.7317679208932589e-18 -1.1791956300330881e-17 4.2791811760812946e-17 -1.0236825880016156e-16 -8.510314094177435e-17 49.999999999999716 49.999999999999822 49.999999999999716 -2.8421709430404007e-13 -1.7763568394002505e-13 1.0000000000000007 1969.8656512430264 8030.1343487307568 0.013545250854272353 0 0 0.99009219094361167 4.8237403338301484e-18 1 -6.7309005167859618e-14 -1.1744300236159991e-13 4.2779683586866952e-13 0.3441724869744246 0.33053380665201793 0.013638680322406671 0.003788562035536432
26000 0 0 0.32405301514041313 24.690996516402194 0.025643991822501003 0.0038453455398197393 0.02564399182250101 0.0038453455398197401 0.025643991822501003 -1.2324169462762671e-17 -1.4613310561667803e-17 4.3836462238051449e-17 -2.1290541871399871e-16 -1.1695764132376181e-16 49.999999999999716 49.999999999999808 49.999999999999716 -2.8421709430404007e-13 -1.9184653865522705e-13 1.0000000000000022 1969.8656512429395 8030.1343487303147 0.013510246803533169 0 0 0.99136409304723661 4.9092713948562172e-18 1 -1.2302313979811394e-13 -1.3398234683715572e-13 4.3838325310958877e-13 0.34384410099316737 0.33071976172540452 0.013124339267762852 0.0038453455398197393
26500 0 0 0.30157715413443131 24.707395269082369 0.025524692664909993 0.0038771172059230089 0.025524692664909986 0.0038771172059230089 0.025524692664909993 -1.5869597302974274e-17 -2.1046359099998371e-17 4.6250503427229285e-17 -1.8759193782017845e-16 -3.3641478224035184e-17 49.999999999999709 49.999999999999808 49.999999999999709 -2.9132252166164108e-13 -1.9184653865522705e-13 1.000000000000002 1969.8656512428395 8030.1343487298263 0.013462590750491603 0 0 0.99266061980578102 4.9847905551240938e-18 1 -1.5898044735057973e-13 -2.0871564025692901e-13 4.6266914637588637e-13 0.34322011973995148 0.33101417286250745 0.012205946877444029 0.0038771172059230089
27000 0 0 0.28156721294564679 24.722549740134863 0.025664477064637724 0.0038364232709087566 0.025664477064637713 0.0038364232709087545 0.025664477064637724 -1.5658307983600591e-17 -1.6838960781353688e-17 4.7509045309056511e-17 -8.1108228590258291e-17 -3.9351854094495816e-18 49.999999999999709 49.999999999999794 49.999999999999709 -2.9132252166164108e-13 -2.0605739337042905e-13 1.0000000000000013 1969.8656512427431 8030.1343487294689 0.013422719573822402 0 0 0.99239698241561114 5.0470139512247844e-18 1 -1.5662472675152112e-13 -1.7941095657725281e-13 4.7530041769984892e-13 0.34269148064124538 0.33130239594305394 0.011389084698191443 0.0038364232709087566
27500 0 0 0.2724186332997981 24.729746415603419 0.025697217751545379 0.0037876129889621185 0.025697217751545376 0.0037876129889621189 0.025697217751545379 -1.7842324839862359e-17 -1.6779286293780761e-17 4.8444408207308242e-17 5.2040433761528339e-17 3.4333529366883614e-17 49.999999999999702 49.999999999999773 49.999999999999702 -2.9842794901924208e-13 -2.2737367544323206e-13 1.0000000000000009 1969.8656512426517 8030.1343487290433 0.013411326650302501 0 0 0.99205774682840353 5.0265852296629068e-18 1 -1.7840069699293082e-13 -1.7195734108008988e-13 4.8423178667303342e-13 0.34247786923258128 0.33146204122037354 0.01101582801220774 0.0037876129889621185
28000 0 0 0.27617113884529682 24.726964306087687 0.025639908260760545 0.0037991180887530862 0.025639908260760531 0.0037991180887530871 0.025639908260760545 -1.6266155089586131e-17 -2.0035709202894577e-17 4.9888218556370155e-17 7.3615920409243013e-17 1.0239210712059185e-16 49.999999999999702 49.999999999999744 49.999999999999702 -2.9842794901924208e-13 -2.5579538487363607e-13 1.0000000000000002 1969.8656512425462 8030.1343487286777 0.01343188356584849 0 0 0.99205391749213989 4.962985216579912e-18 1 -1.6251105346945689e-13 -1.9037960972772237e-13 4.9863292775109572e-13 0.34258285160256247 0.33141402653262436 0.011168825069938104 0.0037991180887530862
28500 0 0 0.29014179526343031 24.716427626956389 0.025556846966737688 0.0038414251186541671 0.025556846966737674 0.0038414251186541671 0.025556846966737688 -1.4683740334796427e-17 -1.963464113524878e-17 5.241692496731201e-17 1.1518794234562508e-16 1.6016453199776911e-16 49.999999999999702 49.999999999999723 49.999999999999702 -2.9842794901924208e-13 -2.7711166694643907e-13 1.0000000000000024 1969.8656512424523 8030.1343487281929 0.01347227680561385 0 0 0.99249533061287543 4.8659839996848064e-18 1 -1.4712536066828139e-13 -1.8382519085483745e-13 5.2424113872666174e-13 0.34292191038910802 0.33118308633077226 0.011738824058335762 0.0038414251186541671
29000 0 0 0.30814138743617547 24.70283957645379 0.025566425862381524 0.003842030835578744 0.025566425862381531 0.0038420308355787435 0.025566425862381524 -1.6887533038684694e-17 -2.3519033942668654e-17 5.1919232802055436e-17 7.2242527321202031e-17 2.756561872622829e-17 49.999999999999702 49.999999999999694 49.999999999999702 -2.9842794901924208e-13 -3.0553337637684308e-13 1.0000000000000031 1969.8656512423504 8030.1343487277982 0.01351380854901044 0 0 0.99221103903673902 4.814307500096681e-18 1 -1.6874870234885944e-13 -2.3906354326697077e-13 5.1912924603305474e-13 0.34336975010019405 0.33089582432002224 0.012473925780171813 0.003842030835578744
29500 0 0 0.32257271296813134 24.692044080669064 0.025671602260120146 0.0038016679463759849 0.025671602260120156 0.0038016679463759857 0.025671602260120146 -1.6716142359258391e-17 -1.7803467034003949e-17 5.2619020252268827e-17 4.7654713528727903e-17 -8.4829676429455735e-17 49.999999999999702 49.999999999999687 49.999999999999702 -2.9842794901924208e-13 -3.1263880373444408e-13 1.0000000000000016 1969.8656512422469 8030.1343487274398 0.013537584354484364 0 0 0.9909244617490548 4.8014713353070239e-18 1 -1.6730106883189322e-13 -1.7598531139306761e-13 5.2611472980156946e-13 0.34375591828913593 0.33069208639598507 0.013063831893150857 0.0038016679463759849
29999 0 0 0.32695058278320754 24.689021452174849 0.025673168406582875 0.0037822369910791541 0.025673168406582878 0.0037822369910791537 0.025673168406582875 -1.4664311431867581e-17 -1.7034290644754406e-17 5.4240813229967345e-17 -6.7892465689389334e-17 -2.707507836768523e-16 49.999999999999702 49.999999999999659 49.999999999999702 -2.9842794901924208e-13 -3.4106051316484809e-13 1.0000000000000013 1969.8656512421555 8030.1343487270233 0.013533875651786924 0 0 0.99067647723850094 4.8298462412604685e-18 1 -1.4722077045946011e-13 -1.7105625726640539e-13 5.4236888544928103e-13 0.34388932762686913 0.33064657584683022 0.013242751780038919 0.0037822369910791541
