# 1:passo  2:raio_area  3:raio_grad  4:raio_linha  5:p_in  6:p_out  7:delta_p  8:sigma  9:|u-v0|max  10:|u-v0|rms  11:Ca  12:massa_R  13:massa_B  14:|q|  15:sd_p_in  16:sd_p_out  17:sigma_2pontos  18:K_perfil  19:r_perfil  20:espessura_10_90  21:residuo_ajuste  22:n_camadas
0 25.04052139 25.08111096 25 0.3333333333 0.3333333333 -2.220446049e-16 -5.560112678e-15 2.860979249e-17 7.430855618e-18 0 1969.865651 8030.134349 1.00566366e-16 2.731879552e-08 0 -2.775557562e-15 1.273345395 25.01411833 3.451105388 0.08159937045 12
500 24.9043458 24.92317762 24.77473454 0.3581816971 0.3366460399 0.02153565719 0.5363314537 0.03293088546 0.005801404439 0.03070012511 1969.865651 8030.134349 3.090111162e-14 4.377524915e-05 0.0006274554498 0.5672022556 1.01505985 24.86157935 4.32925128 0.1961928608 15
1000 24.92063988 24.94031146 24.78486106 0.3576627356 0.3371317514 0.02053098418 0.5116452629 0.0331808315 0.005781299691 0.03242562172 1969.865651 8030.134349 8.100440435e-14 2.425433734e-05 5.563684084e-05 0.5120235945 1.014744358 24.87925029 4.330597278 0.1989059394 15
1500 24.92758028 24.94785432 24.79100835 0.3574215076 0.3372559064 0.02016560117 0.502679642 0.0331460084 0.005769828914 0.03296931646 1969.865651 8030.134349 8.599810935e-14 1.333850537e-05 1.728644658e-05 0.4997156148 1.014703548 24.88624452 4.330771448 0.200793532 15
2000 24.92875175 24.94922485 24.79211109 0.3573810548 0.3372719351 0.02010911971 0.501295253 0.03311532706 0.005765586589 0.03302976325 1969.865651 8030.134349 1.473917993e-13 1.13681648e-05 1.993194307e-05 0.4980727499 1.001431136 24.87165874 4.388169088 0.1261642959 14
2500 24.92849127 24.94901353 24.79189595 0.3573914029 0.3372653246 0.02012607831 0.5017127673 0.03310340464 0.00576426444 0.0329903949 1969.865651 8030.134349 2.377577215e-13 1.171220876e-05 1.605409245e-05 0.4987180552 1.014690396 24.88721836 4.330827584 0.201067882 15
3000 24.92817195 24.94870044 24.79162194 0.3574031946 0.3372588127 0.02014438187 0.502162615 0.03310021143 0.005763870772 0.03295766196 1969.865651 8030.134349 2.948227296e-13 1.216648661e-05 1.346121714e-05 0.4993616155 1.014692473 24.88688058 4.330818717 0.2010080147 15
3500 24.92800412 24.94853011 24.79147865 0.3574092592 0.3372554976 0.02015376159 0.5023930519 0.03309977854 0.0057637736 0.03294211416 1969.865651 8030.134349 4.127681379e-13 1.240374785e-05 1.243876383e-05 0.4996892681 1.014693881 24.88670282 4.330812707 0.2009745966 15
4000 24.92793971 24.94846322 24.791424 0.3574115477 0.33725425 0.02015729772 0.5024799024 0.03309993048 0.005763762406 0.03293657151 1969.865651 8030.134349 5.517938345e-13 1.249326622e-05 1.211539704e-05 0.4998127753 1.014694507 24.88663454 4.330810036 0.2009612742 15
4500 24.9279211 24.94844334 24.79140831 0.3574121951 0.3372538982 0.02015829693 0.5025044354 0.03310008731 0.005763768454 0.03293511955 1969.865651 8030.134349 6.761471684e-13 1.251848695e-05 1.203105319e-05 0.4998476304 1.014694717 24.88661479 4.330809139 0.2009572439 15
5000 24.92791791 24.94843967 24.79140567 0.3574122996 0.3372538421 0.02015845745 0.5025083726 0.03310016788 0.00576377392 0.03293494168 1969.865651 8030.134349 7.641639282e-13 1.252249649e-05 1.201805449e-05 0.4998531958 1.014694767 24.88661139 4.330808926 0.2009564661 15
5500 24.92791841 24.94844003 24.79140611 0.3574122782 0.3372538586 0.02015841955 0.5025074377 0.03310019847 0.005763776625 0.03293503338 1969.865651 8030.134349 8.765037318e-13 1.252161638e-05 1.202216787e-05 0.4998520018 1.014675014 24.88698845 4.330893237 0.2006462988 15
6000 24.92791917 24.94844077 24.79140677 0.3574122499 0.3372538742 0.02015837575 0.5025063611 0.03310020718 0.005763777623 0.03293511261 1969.865651 8030.134349 9.684888324e-13 1.252050986e-05 1.202589691e-05 0.4998504632 1.014675009 24.88698925 4.330893257 0.2006464388 15
6500 24.92791959 24.9484412 24.79140713 0.3574122346 0.3372538826 0.02015835201 0.5025057779 0.03310020861 0.005763777896 0.03293515226 1969.865651 8030.134349 1.041889308e-12 1.251988622e-05 1.202790226e-05 0.4998496315 1.014675006 24.8869897 4.330893272 0.2006465224 15
7000 24.92791976 24.94844137 24.79140727 0.3574122286 0.3372538815 0.02015834702 0.5025056571 0.03310020834 0.005763777936 0.03293515991 1969.865651 8030.134349 1.079722556e-12 1.25196589e-05 1.202741471e-05 0.499849305 1.014694761 24.88661334 4.330808954 0.2009567755 15
7500 24.92791981 24.94844143 24.79140731 0.3574122268 0.3372538825 0.02015834425 0.5025055889 0.03310020797 0.005763777924 0.03293516401 1969.865651 8030.134349 1.162400652e-12 1.25195864e-05 1.2027684e-05 0.499849208 1.01469476 24.88661339 4.330808956 0.2009567865 15
8000 24.92791982 24.94844144 24.79140732 0.3574122264 0.3372538827 0.02015834373 0.5025055763 0.03310020776 0.005763777911 0.03293516463 1969.865651 8030.134349 1.387018188e-12 1.251957649e-05 1.202771577e-05 0.4998491902 1.01469476 24.8866134 4.330808957 0.2009567889 15
8500 24.92791982 24.94844144 24.79140732 0.3574122265 0.3372538827 0.02015834378 0.5025055775 0.03310020768 0.005763777904 0.03293516447 1969.865651 8030.134349 1.560642011e-12 1.25195623e-05 1.202767828e-05 0.499849192 1.01469476 24.8866134 4.330808957 0.2009567889 15
9000 24.92791982 24.94844144 24.79140732 0.3574122265 0.3372538827 0.02015834389 0.5025055801 0.03310020766 0.005763777902 0.03293516428 1969.865651 8030.134349 1.735112531e-12 1.251957368e-05 1.202764802e-05 0.4998491956 1.01469476 24.8866134 4.330808957 0.2009567886 15
9500 24.92791982 24.94844144 24.79140732 0.3574122266 0.3372538826 0.02015834395 0.5025055815 0.03310020765 0.005763777901 0.03293516418 1969.865651 8030.134349 1.954752082e-12 1.251958541e-05 1.202768682e-05 0.4998491977 1.01469476 24.8866134 4.330808957 0.2009567884 15
10000 24.92791982 24.94844144 24.79140732 0.3574122266 0.3372538826 0.02015834397 0.5025055821 0.03310020765 0.005763777901 0.03293516414 1969.865651 8030.134349 2.174987075e-12 1.251959235e-05 1.202764645e-05 0.4998491986 1.01469476 24.8866134 4.330808957 0.2009567883 15
10500 24.92791982 24.94844144 24.79140732 0.3574122266 0.3372538826 0.02015834398 0.5025055823 0.03310020766 0.005763777901 0.03293516412 1969.865651 8030.134349 2.387456563e-12 1.251958998e-05 1.202765901e-05 0.4998491989 1.01469476 24.8866134 4.330808957 0.2009567882 15
11000 24.92791982 24.94844144 24.79140732 0.3574122266 0.3372538826 0.02015834398 0.5025055824 0.03310020766 0.005763777901 0.03293516412 1969.865651 8030.134349 2.6578534e-12 1.251957426e-05 1.202766402e-05 0.4998491989 1.01469476 24.8866134 4.330808957 0.2009567882 15
11500 24.92791982 24.94844144 24.79140732 0.3574122266 0.3372538826 0.02015834398 0.5025055824 0.03310020766 0.005763777901 0.03293516412 1969.865651 8030.134349 2.840664523e-12 1.251959601e-05 1.202770883e-05 0.4998491989 1.01469476 24.8866134 4.330808957 0.2009567882 15
12000 24.92791982 24.94844144 24.79140732 0.3574122266 0.3372538826 0.02015834398 0.5025055824 0.03310020766 0.005763777901 0.03293516412 1969.865651 8030.134349 3.00450895e-12 1.251957881e-05 1.202768331e-05 0.4998491989 1.01469476 24.8866134 4.330808957 0.2009567882 15
12500 24.92791982 24.94844144 24.79140732 0.3574122266 0.3372538826 0.02015834398 0.5025055824 0.03310020766 0.005763777901 0.03293516412 1969.865651 8030.134349 3.186082835e-12 1.251958748e-05 1.202766603e-05 0.4998491989 1.01469476 24.8866134 4.330808957 0.2009567882 15
13000 24.92791982 24.94844144 24.79140732 0.3574122266 0.3372538826 0.02015834398 0.5025055824 0.03310020766 0.005763777901 0.03293516412 1969.865651 8030.134349 3.35223609e-12 1.251957722e-05 1.20276928e-05 0.4998491989 1.01469476 24.8866134 4.330808957 0.2009567882 15
13500 24.92791982 24.94844144 24.79140732 0.3574122266 0.3372538826 0.02015834398 0.5025055824 0.03310020766 0.005763777901 0.03293516412 1969.865651 8030.134349 3.700202885e-12 1.251959535e-05 1.202768074e-05 0.4998491989 1.01469476 24.8866134 4.330808957 0.2009567882 15
14000 24.92791982 24.94844144 24.79140732 0.3574122266 0.3372538826 0.02015834398 0.5025055824 0.03310020766 0.005763777901 0.03293516412 1969.865651 8030.134349 4.017154836e-12 1.25195738e-05 1.20276762e-05 0.4998491989 1.01469476 24.8866134 4.330808957 0.2009567882 15
14500 24.92791982 24.94844144 24.79140732 0.3574122266 0.3372538826 0.02015834398 0.5025055824 0.03310020766 0.005763777901 0.03293516412 1969.865651 8030.134349 4.34878552e-12 1.251956848e-05 1.202768808e-05 0.4998491989 1.01469476 24.8866134 4.330808957 0.2009567882 15
15000 24.92791982 24.94844144 24.79140732 0.3574122266 0.3372538826 0.02015834398 0.5025055824 0.03310020766 0.005763777901 0.03293516412 1969.865651 8030.134349 4.479022013e-12 1.251957326e-05 1.202769525e-05 0.4998491989 1.01469476 24.8866134 4.330808957 0.2009567882 15
15500 24.92791982 24.94844144 24.79140732 0.3574122266 0.3372538826 0.02015834398 0.5025055824 0.03310020766 0.005763777901 0.03293516412 1969.865651 8030.134349 4.760054948e-12 1.251957296e-05 1.202770377e-05 0.4998491989 1.01469476 24.8866134 4.330808957 0.2009567882 15
16000 24.92791982 24.94844144 24.79140732 0.3574122266 0.3372538826 0.02015834398 0.5025055824 0.03310020766 0.005763777901 0.03293516412 1969.865651 8030.134349 4.939615259e-12 1.251958216e-05 1.202769154e-05 0.4998491989 1.01469476 24.8866134 4.330808957 0.2009567882 15
16500 24.92791982 24.94844144 24.79140732 0.3574122266 0.3372538826 0.02015834398 0.5025055824 0.03310020766 0.005763777901 0.03293516412 1969.865651 8030.134349 5.063447985e-12 1.251958707e-05 1.202769977e-05 0.4998491989 1.01469476 24.8866134 4.330808957 0.2009567882 15
17000 24.92791982 24.94844144 24.79140732 0.3574122266 0.3372538826 0.02015834398 0.5025055824 0.03310020766 0.005763777901 0.03293516412 1969.865651 8030.134349 4.987195238e-12 1.251958645e-05 1.202769735e-05 0.4998491989 1.01469476 24.8866134 4.330808957 0.2009567882 15
17500 24.92791982 24.94844144 24.79140732 0.3574122266 0.3372538826 0.02015834398 0.5025055824 0.03310020766 0.005763777901 0.03293516412 1969.865651 8030.134349 5.143399931e-12 1.251957901e-05 1.20276967e-05 0.4998491989 1.01469476 24.8866134 4.330808957 0.2009567882 15
18000 24.92791982 24.94844144 24.79140732 0.3574122266 0.3372538826 0.02015834398 0.5025055824 0.03310020766 0.005763777901 0.03293516412 1969.865651 8030.134349 5.042544543e-12 1.251957142e-05 1.202770287e-05 0.4998491989 1.01469476 24.8866134 4.330808957 0.2009567882 15
18500 24.92791982 24.94844144 24.79140732 0.3574122266 0.3372538826 0.02015834398 0.5025055824 0.03310020766 0.005763777901 0.03293516412 1969.865651 8030.134349 4.995614747e-12 1.25195727e-05 1.202770228e-05 0.4998491989 1.01469476 24.8866134 4.330808957 0.2009567882 15
19000 24.92791982 24.94844144 24.79140732 0.3574122266 0.3372538826 0.02015834398 0.5025055824 0.03310020766 0.005763777901 0.03293516412 1969.865651 8030.134349 4.778516299e-12 1.251957714e-05 1.202768716e-05 0.4998491989 1.01469476 24.8866134 4.330808957 0.2009567882 15
19500 24.92791982 24.94844144 24.79140732 0.3574122266 0.3372538826 0.02015834398 0.5025055824 0.03310020766 0.005763777901 0.03293516412 1969.865651 8030.134349 4.475184798e-12 1.251957841e-05 1.202768531e-05 0.4998491989 1.01469476 24.8866134 4.330808957 0.2009567882 15
20000 24.92791982 24.94844144 24.79140732 0.3574122266 0.3372538826 0.02015834398 0.5025055824 0.03310020766 0.005763777901 0.03293516412 1969.865651 8030.134349 4.413477655e-12 1.251957082e-05 1.202768466e-05 0.4998491989 1.01469476 24.8866134 4.330808957 0.2009567882 15
20500 24.92791982 24.94844144 24.79140732 0.3574122266 0.3372538826 0.02015834398 0.5025055824 0.03310020766 0.005763777901 0.03293516412 1969.865651 8030.134349 4.415459328e-12 1.251957891e-05 1.202767301e-05 0.4998491989 1.01469476 24.8866134 4.330808957 0.2009567882 15
21000 24.92791982 24.94844144 24.79140732 0.3574122266 0.3372538826 0.02015834398 0.5025055824 0.03310020766 0.005763777901 0.03293516412 1969.865651 8030.134349 4.143149415e-12 1.251957907e-05 1.202767969e-05 0.4998491989 1.01469476 24.8866134 4.330808957 0.2009567882 15
21500 24.92791982 24.94844144 24.79140732 0.3574122266 0.3372538826 0.02015834398 0.5025055824 0.03310020766 0.005763777901 0.03293516412 1969.865651 8030.134349 4.14912078e-12 1.2519571e-05 1.202768135e-05 0.4998491989 1.01469476 24.8866134 4.330808957 0.2009567882 15
22000 24.92791982 24.94844144 24.79140732 0.3574122266 0.3372538826 0.02015834398 0.5025055824 0.03310020766 0.005763777901 0.03293516412 1969.865651 8030.134349 4.257643887e-12 1.251956927e-05 1.20276829e-05 0.4998491989 1.01469476 24.8866134 4.330808957 0.2009567882 15
22500 24.92791982 24.94844144 24.79140732 0.3574122266 0.3372538826 0.02015834398 0.5025055824 0.03310020766 0.005763777901 0.03293516412 1969.865651 8030.134349 4.379479517e-12 1.251956452e-05 1.202768295e-05 0.4998491989 1.01469476 24.8866134 4.330808957 0.2009567882 15
23000 24.92791982 24.94844144 24.79140732 0.3574122266 0.3372538826 0.02015834398 0.5025055824 0.03310020766 0.005763777901 0.03293516412 1969.865651 8030.134349 4.458513255e-12 1.2519565e-05 1.202767654e-05 0.4998491989 1.01469476 24.8866134 4.330808957 0.2009567882 15
23500 24.92791982 24.94844144 24.79140732 0.3574122266 0.3372538826 0.02015834398 0.5025055824 0.03310020766 0.005763777901 0.03293516412 1969.865651 8030.134349 4.545856302e-12 1.251958292e-05 1.202768484e-05 0.4998491989 1.01469476 24.8866134 4.330808957 0.2009567882 15
24000 24.92791982 24.94844144 24.79140732 0.3574122266 0.3372538826 0.02015834398 0.5025055824 0.03310020766 0.005763777901 0.03293516412 1969.865651 8030.134349 4.916507659e-12 1.251958942e-05 1.202767802e-05 0.4998491989 1.01469476 24.8866134 4.330808957 0.2009567882 15
24500 24.92791982 24.94844144 24.79140732 0.3574122266 0.3372538826 0.02015834398 0.5025055824 0.03310020766 0.005763777901 0.03293516412 1969.865651 8030.134349 5.008935865e-12 1.251958848e-05 1.202767796e-05 0.4998491989 1.01469476 24.8866134 4.330808957 0.2009567882 15
25000 24.92791982 24.94844144 24.79140732 0.3574122266 0.3372538826 0.02015834398 0.5025055824 0.03310020766 0.005763777901 0.03293516412 1969.865651 8030.134349 5.049535091e-12 1.251959198e-05 1.202767593e-05 0.4998491989 1.01469476 24.8866134 4.330808957 0.2009567882 15
25500 24.92791982 24.94844144 24.79140732 0.3574122266 0.3372538826 0.02015834398 0.5025055824 0.03310020766 0.005763777901 0.03293516412 1969.865651 8030.134349 5.158489288e-12 1.251960751e-05 1.202768134e-05 0.4998491989 1.01469476 24.8866134 4.330808957 0.2009567882 15
26000 24.92791982 24.94844144 24.79140732 0.3574122266 0.3372538826 0.02015834398 0.5025055824 0.03310020766 0.005763777901 0.03293516412 1969.865651 8030.134349 5.218668464e-12 1.251959627e-05 1.202767683e-05 0.4998491989 1.01469476 24.8866134 4.330808957 0.2009567882 15
26500 24.92791982 24.94844144 24.79140732 0.3574122266 0.3372538826 0.02015834398 0.5025055824 0.03310020766 0.005763777901 0.03293516412 1969.865651 8030.134349 5.410337119e-12 1.251958757e-05 1.2027671e-05 0.4998491989 1.01469476 24.8866134 4.330808957 0.2009567882 15
27000 24.92791982 24.94844144 24.79140732 0.3574122266 0.3372538826 0.02015834398 0.5025055824 0.03310020766 0.005763777901 0.03293516412 1969.865651 8030.134349 5.600465444e-12 1.251958584e-05 1.202766413e-05 0.4998491989 1.01469476 24.8866134 4.330808957 0.2009567882 15
27500 24.92791982 24.94844144 24.79140732 0.3574122266 0.3372538826 0.02015834398 0.5025055824 0.03310020766 0.005763777901 0.03293516412 1969.865651 8030.134349 5.633849286e-12 1.251958506e-05 1.202767905e-05 0.4998491989 1.01469476 24.8866134 4.330808957 0.2009567882 15
28000 24.92791982 24.94844144 24.79140732 0.3574122266 0.3372538826 0.02015834398 0.5025055824 0.03310020766 0.005763777901 0.03293516412 1969.865651 8030.134349 5.486015147e-12 1.25195941e-05 1.202767789e-05 0.4998491989 1.01469476 24.8866134 4.330808957 0.2009567882 15
28500 24.92791982 24.94844144 24.79140732 0.3574122266 0.3372538826 0.02015834398 0.5025055824 0.03310020766 0.005763777901 0.03293516412 1969.865651 8030.134349 5.339816728e-12 1.251960536e-05 1.202768497e-05 0.4998491989 1.01469476 24.8866134 4.330808957 0.2009567882 15
29000 24.92791982 24.94844144 24.79140732 0.3574122266 0.3372538826 0.02015834398 0.5025055824 0.03310020766 0.005763777901 0.03293516412 1969.865651 8030.134349 5.312971647e-12 1.251959618e-05 1.202768624e-05 0.4998491989 1.01469476 24.8866134 4.330808957 0.2009567882 15
29500 24.92791982 24.94844144 24.79140732 0.3574122266 0.3372538826 0.02015834398 0.5025055824 0.03310020766 0.005763777901 0.03293516412 1969.865651 8030.134349 5.176399878e-12 1.251959112e-05 1.202768386e-05 0.4998491989 1.01469476 24.8866134 4.330808957 0.2009567882 15
29999 24.92791982 24.94844144 24.79140732 0.3574122266 0.3372538826 0.02015834398 0.5025055824 0.03310020766 0.005763777901 0.03293516412 1969.865651 8030.134349 5.088579184e-12 1.25195832e-05 1.20276778e-05 0.4998491989 1.01469476 24.8866134 4.330808957 0.2009567882 15
