# 1:passo  2:raio_area  3:raio_grad  4:raio_linha  5:p_in  6:p_out  7:delta_p  8:sigma  9:|u-v0|max  10:|u-v0|rms  11:Ca  12:massa_R  13:massa_B  14:|q|  15:sd_p_in  16:sd_p_out  17:sigma_2pontos  18:K_perfil  19:r_perfil  20:espessura_10_90  21:residuo_ajuste  22:n_camadas
0 25.04052139 25.08111096 25 0.3333333333 0.3333333333 -2.220446049e-16 -5.560112678e-15 2.501853777e-17 7.512053719e-18 0 1969.865651 8030.134349 5.004801354e-17 2.78221524e-08 0 -1.387778781e-15 1.273345395 25.01411833 3.451105388 0.08159937045 12
500 25.0029403 25.0368181 24.8254352 0.3400974467 0.3346890763 0.005408370362 0.1352251613 0.03464660088 0.006005573226 0.001708094389 1969.865651 8030.134349 1.059600451e-13 0.00214464034 0.003432784922 0.5036978535 1.208416717 24.97540524 3.63653456 0.06038624162 12
1000 25.02663509 25.06262091 24.91153446 0.3377320724 0.3338493323 0.003882740147 0.09717192082 0.03301710915 0.005925206253 0.002265202325 1969.865651 8030.134349 8.681278872e-14 0.00117794123 0.003120986909 0.004934390823 1.219034203 24.99986203 3.604861245 0.07156340785 12
1500 25.000782 25.03123282 24.86079404 0.3420276611 0.334872205 0.007155456056 0.178891997 0.02978536071 0.006030854934 0.001109994157 1969.865651 8030.134349 8.984633465e-14 0.001183331673 0.001089212458 0.1813272181 1.204864223 24.97094897 3.647256738 0.07009876013 12
2000 25.04096682 25.07691863 24.92882559 0.3361398844 0.3336979762 0.00244190824 0.06114774321 0.02985348722 0.006045421757 0.003254793026 1969.865651 8030.134349 1.250243597e-13 0.0008399802313 0.001718572447 -0.1409892966 1.217231513 25.01341878 3.610199956 0.07354367302 12
2500 25.02696236 25.06131076 24.91304255 0.3376301025 0.3341360612 0.003494041314 0.08744524044 0.03102379507 0.005864695882 0.002365197916 1969.865651 8030.134349 1.272116912e-13 0.0005517809804 0.001829347158 0.1377550662 1.209622102 24.99831111 3.632910763 0.07245862224 12
3000 25.00073781 25.03388487 24.91060093 0.337131553 0.3345215332 0.002610019798 0.06525242065 0.03269806141 0.005983910863 0.003340674168 1969.865651 8030.134349 2.001673066e-13 0.001638950837 0.0008485963351 -0.0410434584 1.216010265 24.97126376 3.613825705 0.07847414723 12
3500 24.99760875 25.0309804 24.9369652 0.3391418726 0.3344931152 0.004648757454 0.11620782 0.03415187199 0.00581098247 0.001959241182 1969.865651 8030.134349 2.676066469e-13 0.0001091616789 0.0009486014531 0.08676174866 1.209830681 24.96631341 3.632284436 0.08289610584 12
4000 25.0001645 25.03435218 24.93211915 0.339837929 0.3341295015 0.005708427528 0.1427116272 0.02986558631 0.005865397316 0.001395148472 1969.865651 8030.134349 3.354385457e-13 0.0002958357194 0.0007559958549 0.2070506071 1.211755858 24.96947843 3.626513647 0.08157039938 12
4500 25.02708997 25.06331066 24.95856118 0.3360263134 0.3332329738 0.002793339549 0.06990916021 0.03142807872 0.005504934945 0.002997039646 1969.865651 8030.134349 3.512919092e-13 0.0003581350039 0.0005331879303 0.03454006112 1.214280348 24.99754819 3.618974121 0.08056837115 12
5000 25.01663741 25.05165737 24.95093954 0.3394410529 0.3338418381 0.005599214804 0.1400735265 0.0316224679 0.005535616297 0.001505041373 1969.865651 8030.134349 4.063974784e-13 0.0005691409875 0.001458453052 0.2749094558 1.214421908 24.98661801 3.618552273 0.08180170829 12
5500 25.02361426 25.05784834 24.9905418 0.3368476515 0.3339091921 0.002938459396 0.07353087446 0.03186926723 0.005442109811 0.00288942275 1969.865651 8030.134349 3.893047353e-13 0.000193908151 0.001077290335 -0.00229683218 1.215911572 24.99278537 3.614119032 0.08745173843 12
6000 25.01408379 25.04594776 24.96520526 0.3398622961 0.3348018529 0.005060443148 0.1265823489 0.03141400722 0.005413842837 0.001654470126 1969.865651 8030.134349 4.006380299e-13 0.0006130222586 0.001115022601 0.214785045 1.210563282 24.98253467 3.630086274 0.08525915363 12
6500 25.04082298 25.07476036 24.98922666 0.3355268431 0.3340404955 0.001486347561 0.03721936615 0.0316165773 0.005500313767 0.005663105092 1969.865651 8030.134349 3.576527296e-13 0.0005827095794 0.0007648365393 -0.04146468161 1.215318581 25.01143475 3.615882473 0.08314875006 12
7000 25.03211593 25.06624989 24.96128556 0.338166881 0.334378165 0.003788716089 0.09483958036 0.03283093172 0.005429017693 0.002307822085 1969.865651 8030.134349 4.143679403e-13 0.0002050503671 0.000985282594 0.159039326 1.21149261 25.00230108 3.62730166 0.08023430676 12
7500 25.02115189 25.05576327 24.96496829 0.337403588 0.3342385791 0.003165008851 0.07919216719 0.03221035618 0.00554614292 0.002711577616 1969.865651 8030.134349 4.213764818e-13 0.0002260595513 0.0009292247339 -0.002287204235 1.216131113 24.99121198 3.613466598 0.08346583747 12
8000 24.9978064 25.03089036 24.94361305 0.339989092 0.3345060197 0.005483072361 0.1370647814 0.03209412052 0.005490740143 0.001561019551 1969.865651 8030.134349 4.48173312e-13 0.0003852903747 0.0003628987722 0.1298980593 1.21065792 24.96626633 3.629802509 0.08436213998 12
8500 24.9973151 25.03118103 24.94342475 0.3389471293 0.3340563484 0.004890780908 0.1222563914 0.0301892751 0.005555397775 0.001646227503 1969.865651 8030.134349 4.708490378e-13 6.790441216e-05 0.0002766546357 0.1122188879 1.21410923 24.96619517 3.619484182 0.0846694777 12
9000 25.00375898 25.03791333 24.94143015 0.3378141335 0.3336640782 0.004150055308 0.1037669827 0.03165476655 0.0054846524 0.00203370833 1969.865651 8030.134349 3.979657038e-13 0.000250238386 0.0004247412319 0.1090674801 1.212931921 24.97296086 3.622997366 0.08277452544 12
9500 25.00729501 25.04193531 24.94575876 0.3384845796 0.3337949339 0.00468964573 0.1172753543 0.03221680515 0.005494290679 0.001831405263 1969.865651 8030.134349 3.989055473e-13 4.355495289e-05 0.000633620233 0.1638433313 1.21520278 24.97694084 3.616227043 0.08303123666 12
10000 25.01592589 25.05003415 24.96487491 0.3378906979 0.3339480769 0.003942621013 0.09862831505 0.03265614815 0.005476767462 0.002207354493 1969.865651 8030.134349 4.686099876e-13 9.700541372e-05 0.0005811950102 0.07128366769 1.213556019 24.98521671 3.621134159 0.08440228068 12
10500 25.02079234 25.05417274 24.96296994 0.3390117753 0.3344300463 0.004581728966 0.114638489 0.03138273742 0.005421249496 0.00182502623 1969.865651 8030.134349 4.878253678e-13 0.0003303075547 0.0006348549056 0.1517248805 1.212249569 24.99019889 3.62503668 0.08317156776 12
11000 25.04153955 25.07588348 24.98115509 0.3363364218 0.3341315907 0.002204831099 0.05521236516 0.03125945574 0.005432896105 0.003774451085 1969.865651 8030.134349 5.065225732e-13 0.0003190526097 0.0003527777535 0.01789573729 1.213927964 25.01193198 3.620024653 0.08174416998 12
11500 25.03810071 25.07249768 24.9658702 0.3375195947 0.3343744194 0.003145175351 0.0787492172 0.03185102673 0.00539400495 0.002696410019 1969.865651 8030.134349 5.296006667e-13 3.068716196e-05 0.0007437645644 0.1296616003 1.213018998 25.00875784 3.622737288 0.07966732661 12
12000 25.03115609 25.06585657 24.96808999 0.3368947171 0.3342359378 0.002658779355 0.06655232106 0.03238676613 0.005450772698 0.003244241084 1969.865651 8030.134349 5.261427612e-13 0.0002452710613 0.0004476619314 0.0253002945 1.215048857 25.00162365 3.616685149 0.08154753981 12
12500 25.00811669 25.04152492 24.94282989 0.339289288 0.3344592803 0.00483000777 0.1207893979 0.03248664279 0.005435751788 0.001793018447 1969.865651 8030.134349 5.105125059e-13 0.0002845681275 0.000140663105 0.1331237244 1.211661071 24.97738188 3.626797344 0.08212244999 12
13000 25.00285752 25.03665793 24.93940668 0.3385976171 0.3340315534 0.004566063692 0.1141646399 0.03151802192 0.005448184612 0.001840501107 1969.865651 8030.134349 5.649628363e-13 4.609894518e-05 0.0004673552027 0.08089727089 1.213643251 24.97210223 3.620873886 0.08293227467 12
13500 24.99867462 25.03236096 24.92701466 0.3388790404 0.3338418335 0.005037206896 0.1259234962 0.03170653334 0.005429136926 0.001678613566 1969.865651 8030.134349 5.964795455e-13 8.634066651e-05 0.0002986386223 0.1412812827 1.212431507 24.96785507 3.624492707 0.08168740712 12
14000 25.00061563 25.03464045 24.93234833 0.3384461065 0.3337915273 0.004654579184 0.1163673451 0.03172392312 0.005436391116 0.001817458503 1969.865651 8030.134349 5.783538462e-13 5.215506571e-05 0.0001694606566 0.1170458401 1.214963653 24.97009454 3.616938782 0.0824521402 12
14500 25.00472414 25.0382727 24.94314314 0.3385868948 0.3340261393 0.004560755477 0.1140404326 0.03214043317 0.005461187548 0.001878891106 1969.865651 8030.134349 6.33358674e-13 2.227746779e-05 0.0001220894038 0.1123283989 1.213372205 24.97389786 3.621682727 0.08325610248 12
15000 25.01510066 25.04870824 24.95503342 0.3385257484 0.3342750542 0.004250694219 0.1063315438 0.03137463677 0.005443465902 0.001967094972 1969.865651 8030.134349 6.257949504e-13 0.0001053090173 0.0002329535634 0.1152558534 1.213437409 24.98459134 3.621488116 0.08301397129 12
15500 25.03294741 25.06722755 24.97055 0.3371440972 0.3342074842 0.002936613083 0.07351208088 0.03153548349 0.005440125482 0.002859891246 1969.865651 8030.134349 6.674782099e-13 0.0001642124118 0.0001044892795 0.0600998816 1.213239588 25.0031213 3.622078605 0.08157275868 12
16000 25.03901777 25.07385867 24.97145353 0.3373556607 0.3342984523 0.003057208368 0.07654949465 0.03177280747 0.00540847155 0.00276708184 1969.865651 8030.134349 6.400985575e-13 2.264134028e-05 0.0003799201867 0.1027743169 1.213556156 25.00970749 3.62113375 0.08025882001 12
16500 25.03694017 25.07194506 24.97479118 0.3370236132 0.334231554 0.002792059178 0.06990461859 0.03219527704 0.005428219509 0.003070400563 1969.865651 8030.134349 6.374232667e-13 0.0001412062148 0.0001776814516 0.05074424849 1.214088826 25.00749619 3.619545011 0.08120942381 12
17000 25.02035857 25.05441998 24.9581421 0.3384805457 0.3343672108 0.004113334962 0.1029171156 0.03207092164 0.005433851564 0.002077459546 1969.865651 8030.134349 6.436767801e-13 0.0001496781033 0.0002007383703 0.1160910476 1.212678046 24.99010957 3.623755843 0.08204913846 12
17500 25.01185132 25.04573703 24.95123968 0.3381268489 0.3340738519 0.004052997014 0.1013729587 0.03173032045 0.005439884448 0.002086705097 1969.865651 8030.134349 6.324900478e-13 4.49171638e-05 0.0002559557716 0.08090638091 1.213442945 24.98127829 3.621471594 0.08295605173 12
18000 25.00270585 25.03623638 24.93567645 0.3387363577 0.333949349 0.004787008641 0.1196881689 0.03182061603 0.005428629399 0.001772417793 1969.865651 8030.134349 5.700784265e-13 6.522301451e-05 0.0002636369699 0.1393533391 1.212763247 24.97188585 3.623501262 0.08239378984 12
18500 25.00083848 25.03449354 24.93524184 0.3383885336 0.3338327243 0.004555809261 0.1138990515 0.03197135618 0.005419533692 0.001871327037 1969.865651 8030.134349 5.543519849e-13 6.37861051e-05 0.0001631118114 0.1059755321 1.214326202 24.97008757 3.618837465 0.08297400777 12
19000 25.00040132 25.03366716 24.93649799 0.3389396677 0.3340277218 0.004911945941 0.1228006198 0.03216357673 0.005436111102 0.001746113702 1969.865651 8030.134349 5.476795992e-13 0.0001022662249 4.547912622e-05 0.1258252132 1.212991141 24.9698927 3.622820487 0.08496785133 12
19500 25.00917815 25.04266751 24.94761113 0.3385920948 0.3341648591 0.004427235686 0.110721526 0.03156870878 0.005437820423 0.001900787193 1969.865651 8030.134349 5.159555998e-13 8.035853979e-05 0.0001870062694 0.1010925696 1.213577933 24.97849159 3.621068772 0.08317021139 12
20000 25.02223117 25.05615621 24.95840894 0.3378902686 0.3342322008 0.003658067771 0.09153301739 0.0315246163 0.005443389031 0.002296046986 1969.865651 8030.134349 5.968930965e-13 2.967044973e-05 8.824150949e-05 0.08495288591 1.213092709 24.99205058 3.622517161 0.08193062687 12
20500 25.03199776 25.06664856 24.96688885 0.3374799271 0.3342736941 0.003206232951 0.08025841603 0.03160843161 0.005426065435 0.002625554899 1969.865651 8030.134349 5.429310832e-13 5.369838257e-05 0.0001606183019 0.08669360138 1.213853518 25.00240332 3.620246667 0.08104969278 12
21000 25.03393826 25.0688451 24.97193507 0.3372929298 0.3342708339 0.003022095881 0.07565496171 0.03199453542 0.005427466251 0.002819337925 1969.865651 8030.134349 5.269418479e-13 9.345996218e-05 2.621408677e-05 0.07022633982 1.213744055 25.00436564 3.620573164 0.08128676767 12
21500 25.02596344 25.06049651 24.96545157 0.3379756602 0.3343108634 0.003664796727 0.09171506892 0.03193794355 0.005430348933 0.002321533704 1969.865651 8030.134349 5.427803109e-13 4.213510613e-05 0.0001877798137 0.09949140037 1.213272864 24.99599624 3.621979263 0.08193751418 12
22000 25.01933232 25.05362571 24.95980255 0.3379171822 0.3341089092 0.003808273002 0.09528044781 0.03185774368 0.005435862223 0.002229050794 1969.865651 8030.134349 6.005783046e-13 3.925375331e-05 0.0001777097512 0.08799423218 1.213276543 24.9890346 3.62196828 0.08257253161 12
22500 25.0109442 25.04486562 24.94737492 0.3383889581 0.3339832016 0.004405756463 0.1101921291 0.03182979169 0.005434455026 0.001925714777 1969.865651 8030.134349 5.606585702e-13 4.055900968e-05 0.000222711569 0.127305885 1.213083249 24.98038914 3.622545411 0.08248149133 12
23000 25.00653792 25.04027013 24.94291543 0.3382421775 0.333871674 0.004370503429 0.1092911597 0.0320028313 0.005427559453 0.001952145162 1969.865651 8030.134349 5.377154491e-13 5.356957324e-05 4.548571573e-05 0.106672326 1.213872693 24.97586482 3.62018948 0.08295350736 12
23500 25.00288938 25.03614662 24.93894944 0.3387869998 0.3340107248 0.00477627502 0.119420676 0.03210985076 0.005433202928 0.001792534416 1969.865651 8030.134349 5.018197537e-13 8.01689528e-05 4.589192569e-05 0.1259632469 1.213279487 24.9719744 3.621959491 0.08316633231 12
24000 25.00735662 25.04065262 24.94457858 0.3385371223 0.3341097422 0.004427380119 0.1107170735 0.0317996777 0.005433172024 0.001914771088 1969.865651 8030.134349 5.713561971e-13 4.478636906e-05 0.0001866620971 0.09951126493 1.213516124 24.97658368 3.621253205 0.08317167187 12
24500 25.01539315 25.0489497 24.95000389 0.3382633166 0.3342228458 0.004040470846 0.1010739667 0.0316873312 0.005436934679 0.002090042387 1969.865651 8030.134349 5.809277192e-13 3.252391624e-05 0.0001499602499 0.09663484888 1.213087286 24.98497159 3.622533353 0.08216459837 12
25000 25.02431923 25.05855875 24.95838001 0.3377695069 0.3342550181 0.003514488746 0.08794768831 0.0316870078 0.005430372115 0.002401958741 1969.865651 8030.134349 6.613518292e-13 4.032533544e-05 0.0001914320396 0.08186826567 1.213729211 24.99441322 3.620617444 0.08143298223 12
25500 25.02758647 25.06218441 24.96326993 0.3376919608 0.334289897 0.003402063865 0.08514544753 0.03188979889 0.005431407655 0.002496888153 1969.865651 8030.134349 6.203812338e-13 3.305155198e-05 0.0001114486857 0.08093453302 1.213524868 24.9978095 3.621227113 0.08128877466 12
26000 25.02500676 25.05962669 24.96322889 0.3378994082 0.3342853751 0.003614033041 0.09044120129 0.03181878398 0.005433330453 0.002345449016 1969.865651 8030.134349 6.612893787e-13 1.771063453e-05 6.489202371e-05 0.08949417375 1.21350684 24.99509278 3.621280909 0.08175613465 12
26500 25.02097967 25.0554725 24.96055567 0.3379309152 0.3341509787 0.003779936462 0.09457771338 0.03180092479 0.005434844862 0.002241608067 1969.865651 8030.134349 6.909451466e-13 2.271274035e-05 0.0001325125952 0.09299819202 1.21328845 24.99082365 3.621932736 0.08221209224 12
27000 25.01564621 25.04991581 24.9538675 0.3381380907 0.334017376 0.004120714664 0.1030823402 0.03177308157 0.005432708328 0.002054867433 1969.865651 8030.134349 6.733556312e-13 1.597150446e-05 0.0002128187106 0.1157061973 1.213361124 24.98530068 3.621715799 0.08240281538 12
27500 25.0116908 25.04568642 24.94973039 0.3381079977 0.3339161517 0.004191846056 0.1048451574 0.03196426793 0.005428935786 0.002032474601 1969.865651 8030.134349 7.015484301e-13 4.728828418e-05 0.0001476493391 0.1094684223 1.213662668 24.98117354 3.620815958 0.08280184583 12
28000 25.00815761 25.04170256 24.9457053 0.3384873087 0.3339892317 0.004498077083 0.1124886206 0.03205527147 0.005433733525 0.001899763804 1969.865651 8030.134349 7.350527732e-13 4.048064538e-05 0.0001411451995 0.1215681954 1.213422917 24.97742935 3.621531367 0.0830741002 12
28500 25.00995449 25.04334154 24.94760761 0.3383867735 0.3340682792 0.004318494285 0.1080053455 0.03192467382 0.005436139197 0.001970561343 1969.865651 8030.134349 6.568108264e-13 2.667597966e-05 9.03358931e-05 0.1027588057 1.213435296 24.97924488 3.621494422 0.08310395336 12
29000 25.01440747 25.04785878 24.94944968 0.3383039981 0.3341847345 0.004119263566 0.1030409373 0.03180143032 0.005437027835 0.002057527241 1969.865651 8030.134349 6.846978729e-13 3.806261021e-05 9.620575395e-05 0.1009688006 1.213165934 24.98391394 3.622298509 0.08238283635 12
29500 25.02050574 25.05440855 24.95454188 0.3379338645 0.3342331839 0.003700680564 0.0925928993 0.03178520694 0.005430786037 0.002288527319 1969.865651 8030.134349 7.142679319e-13 2.807077315e-05 0.0002108232228 0.08357399747 1.213559203 24.99038079 3.621124658 0.08176572817 12
29999 25.02269431 25.05691586 24.95709408 0.3379396318 0.3342917638 0.00364786794 0.09127948437 0.03188339736 0.005429518508 0.002328628211 1969.865651 8030.134349 7.665706785e-13 1.589322709e-05 0.0001904338115 0.08543687464 1.213416676 24.99270853 3.621549994 0.08147988206 12
