# step v0 Mach sigma R umax_ref urms_ref umax_mean urms_mean umax_lab mean_x mean_y mean_z drop_ux drop_uy x0 y0 x_unwrapped center_dx center_dy axis_ratio mass_R mass_B min_f negative_total negative_color min_rho min_phi max_phi qx qy qz p_in p_out delta_p urms_lab
0 0 0 -5.560112678108922e-15 25.040521385269312 2.5018537765542006e-17 7.6089330093457126e-18 2.5027101959041858e-17 7.6089276781235452e-18 2.5018537765542006e-17 4.5102810375396982e-21 -7.2858385991025893e-21 2.7755575615628915e-21 2.6586884914742182e-21 -2.5342676824479155e-20 50.000000000000007 50.000000000000007 50.000000000000007 7.1054273576010019e-15 7.1054273576010019e-15 1.0000000000000004 1969.8656512480636 8030.1343487520398 0.027338221367465158 0 0 0.99999999999999956 5.1710809399147485e-26 0.99999999999998512 -2.3949566201178771e-17 5.2322449857678241e-17 1.108560421122053e-17 0.33333333333333387 0.33333333333333409 -2.2204460492503131e-16 7.6089330093457126e-18
500 0 0 0.037441120061087754 25.031074768627292 0.00057555443468222244 0.00034142672358954162 0.00057555443468222136 0.00034142672358954156 0.00057555443468222244 -2.2676305277969545e-18 1.4828416272650219e-18 -8.673617379884311e-21 -2.6707668542623596e-17 7.8294051877020907e-18 49.999999999999986 50.000000000000021 49.999999999999986 -1.4210854715202004e-14 2.1316282072803006e-14 1.0000000000000002 1969.8656512479756 8030.1343487517042 0.026820263680778587 0 0 0.97775581894120944 5.6814345545345589e-18 0.99999999999999978 -2.256006525255122e-14 6.5782814850749716e-15 -1.8662688740360089e-17 0.33504965782493262 0.33355387227009042 0.0014957855548421994 0.00034142672358954162
1000 0 0 0.029347350457154715 25.033119588537314 0.00028434736291952365 0.00017745997555769632 0.00028434736291952175 0.00017745997555769627 0.00028434736291952365 -6.6335825721357565e-19 -1.9831358777368195e-18 9.3675067702753892e-21 2.1570442633978585e-18 9.7893735922615025e-18 49.999999999999986 50.000000000000014 49.999999999999986 -1.4210854715202004e-14 1.4210854715202004e-14 1.0000000000000011 1969.865651247909 8030.1343487513795 0.026843417339657671 0 0 0.97806025381898265 8.3567712458535182e-18 0.99999999999999978 -6.8603976666192779e-15 -2.166669960308211e-14 6.9525851303827727e-17 0.33473447895202418 0.33356213803169427 0.0011723409203299173 0.00017745997555769632
1500 0 0 0.029349717134475779 25.034171036082444 0.00033211336847600035 0.00013256899315635182 0.00033211336847600831 0.00013256899315635182 0.00033211336847600035 7.3968609015658498e-19 -9.1936874779828072e-18 8.6736173798849083e-21 1.3322331719033463e-19 1.9141694899888517e-17 49.999999999999993 50.000000000000014 49.999999999999993 -7.1054273576010019e-15 1.4210854715202004e-14 1.0000000000000018 1969.8656512478258 8030.1343487510894 0.026830357656326655 0 0 0.97795950609226978 9.6904305170295581e-18 0.99999999999999978 7.5203375529675747e-15 -9.1692102480973945e-14 6.413239776203507e-17 0.33478229013196542 0.33360990391265849 0.0011723862193069312 0.00013256899315635182
2000 0 0 0.027172824171493058 25.035006624786408 0.00020685586583730602 5.9252623777324045e-05 0.0002068558658373102 5.92526237773241e-05 0.00020685586583730602 1.8970935933284953e-18 -1.1380132947104605e-17 3.8163916471494972e-21 -1.4649681924490804e-17 1.152471175765983e-17 49.999999999999993 49.999999999999993 49.999999999999993 -7.1054273576010019e-15 -7.1054273576010019e-15 1.0000000000000011 1969.8656512477628 8030.1343487508511 0.026832231219063266 0 0 0.97804761782185756 9.8291894638466185e-18 0.99999999999999978 1.8449001007447841e-14 -1.1437456071215074e-13 1.7840892000534755e-17 0.33469321089642656 0.33360781776756715 0.0010853931288594132 5.9252623777324045e-05
2500 0 0 0.028219148488411061 25.034347157881502 0.00014246300260378677 3.6028608155651883e-05 0.00014246300260379317 3.6028608155651856e-05 0.00014246300260378677 3.8857805861887352e-20 -9.0878693459489031e-18 -3.1225022567588049e-21 2.3302187064809981e-17 1.5459073993686181e-17 49.999999999999986 49.999999999999986 49.999999999999986 -1.4210854715202004e-14 -1.4210854715202004e-14 1.0000000000000002 1969.8656512477062 8030.1343487505383 0.026832475484530556 0 0 0.9780490974304914 9.8421259952433881e-18 0.99999999999999978 6.2883741886027018e-16 -9.0676676101552819e-14 -3.0825345800462542e-18 0.33473164121018439 0.33360442393903111 0.0011272172711532802 3.6028608155651883e-05
3000 0 0 0.029685282726394386 25.033303801534007 0.00018533896821940074 5.2344001146150123e-05 0.00018533896821940822 5.2344001146150062e-05 0.00018533896821940074 -1.1577544478671716e-18 -9.4427937691341956e-18 -7.2858385991041662e-21 5.7372494699154631e-18 1.0542203411433692e-17 49.999999999999986 49.999999999999979 49.999999999999986 -1.4210854715202004e-14 -2.1316282072803006e-14 1.0000000000000022 1969.8656512476402 8030.1343487502791 0.026834238251145934 0 0 0.97809214165126623 9.8368774492380763e-18 0.99999999999999978 -1.1359836682434121e-14 -9.444631534166162e-14 -3.3836787271781638e-17 0.33477195159026257 0.33358611998921855 0.0011858316010440184 5.2344001146150123e-05
3500 0 0 0.030861763924453649 25.032438856365239 0.00017890811742227723 4.959916491249933e-05 0.00017890811742228398 4.9599164912499283e-05 0.00017890811742227723 2.2325891135827045e-18 -1.1788139908655719e-17 -9.367506770277082e-21 1.1602346738020013e-17 8.4028149273857405e-18 49.999999999999986 49.999999999999979 49.999999999999986 -1.4210854715202004e-14 -2.1316282072803006e-14 1.0000000000000029 1969.8656512475607 8030.134348749968 0.0268359634286389 0 0 0.9781460958012631 9.8298162695255539e-18 0.99999999999999978 2.26892072838214e-14 -1.1816434874849235e-13 -1.4028418899651101e-16 0.33479777161985319 0.3335649007796791 0.001232870840174094 4.959916491249933e-05
4000 0 0 0.031461114816003118 25.032015123428639 0.00015359405906372473 3.2405332937213395e-05 0.00015359405906373893 3.2405332937213422e-05 0.00015359405906372473 -4.3888503942225326e-18 -1.5695084121252091e-17 -9.7144514654728009e-21 2.0287962434355325e-19 -4.2189740001613213e-17 49.999999999999986 49.999999999999972 49.999999999999986 -1.4210854715202004e-14 -2.8421709430404007e-14 1.0000000000000022 1969.8656512475027 8030.1343487496852 0.026836862122442823 0 0 0.97817658549189201 9.8270292235987593e-18 0.99999999999999978 -4.4377750172547303e-14 -1.5770170553291155e-13 -1.0097814946809843e-16 0.3348092672834827 0.33355243220005559 0.0012568350834271103 3.2405332937213395e-05
4500 0 0 0.03138511068583405 25.032086731553324 0.00014886208991081218 2.16242034375271e-05 0.00014886208991083145 2.1624203437527144e-05 0.00014886208991081218 -2.0365653607974101e-18 -1.9162449405036211e-17 -1.3183898417427869e-20 -1.0494784419906433e-17 -4.0924355842524678e-17 49.999999999999986 49.999999999999972 49.999999999999986 -1.4210854715202004e-14 -2.8421709430404007e-14 1.0000000000000029 1969.8656512474295 8030.1343487494796 0.026836935772451706 0 0 0.9781768678154894 9.8343635417488571e-18 0.99999999999999978 -2.0000385896057349e-14 -1.9095823318058484e-13 -1.2057364401529963e-16 0.33480508639322742 0.3335512911734197 0.0012537952198077296 2.16242034375271e-05
5000 0 0 0.030861063965147817 25.032495117867434 0.00015943113857513682 2.6566337826225269e-05 0.00015943113857513558 2.6566337826225262e-05 0.00015943113857513682 4.9613091412953617e-19 -2.3353541322998138e-17 4.8572257327367172e-21 -6.193800473632942e-18 -2.2642557984105068e-17 49.999999999999979 49.999999999999957 49.999999999999979 -2.1316282072803006e-14 -4.2632564145606011e-14 1.0000000000000002 1969.8656512473638 8030.1343487491949 0.026836351790586632 0 0 0.97815595059188776 9.8428785980993995e-18 0.99999999999999978 4.7360119298511805e-15 -2.3338224934424737e-13 3.5100525945797988e-17 0.33479094815735611 0.33355810805013403 0.0012328401072220774 2.6566337826225269e-05
5500 0 0 0.030212776681545959 25.032985890412391 0.00016284079248094369 2.8796712727994902e-05 0.00016284079248096237 2.8796712727994966e-05 0.00016284079248094369 2.2638141361506225e-18 -1.886962808229273e-17 5.8980598183234617e-21 1.7793015753398228e-17 2.8364567161680925e-17 49.999999999999986 49.99999999999995 49.999999999999986 -1.4210854715202004e-14 -4.9737991503207013e-14 1.0000000000000022 1969.8656512472994 8030.1343487488721 0.026835604080422407 0 0 0.97813087877189919 9.8488220699789846e-18 0.99999999999999978 2.2792531750859268e-14 -1.8914438814524677e-13 6.0814522541243468e-17 0.33477403946488454 0.33356712084903067 0.0012069186158538692 2.8796712727994902e-05
6000 0 0 0.02974953836509793 25.033333580293455 0.00015870119322108507 2.4908389284141051e-05 0.00015870119322110497 2.4908389284141095e-05 0.00015870119322108507 6.237371730224851e-18 -2.0207793771662391e-17 -5.8980598183236437e-21 4.1128600362286573e-17 3.5775168089847169e-17 49.999999999999986 49.999999999999943 49.999999999999986 -1.4210854715202004e-14 -5.6843418860808015e-14 1.0000000000000027 1969.8656512472285 8030.1343487486211 0.026835046647370679 0 0 0.97811278539355184 9.8505101095272768e-18 0.99999999999999978 6.2946067629077174e-14 -2.0209764298514406e-13 -2.402075351792167e-17 0.33476226590620473 0.33357386891266499 0.0011883969935397309 2.4908389284141051e-05
6500 0 0 0.029603847976488046 25.033440019703367 0.0001516842353261564 2.08772274021551e-05 0.00015168423532617301 2.0877227402155124e-05 0.0001516842353261564 3.4455077679867131e-18 -1.6580486983393921e-17 -1.1449174941452173e-20 2.4551411878394978e-17 1.4786632427736084e-17 49.999999999999986 49.999999999999936 49.999999999999986 -1.4210854715202004e-14 -6.3948846218409017e-14 1.0000000000000004 1969.8656512471487 8030.1343487483855 0.026834857323442228 0 0 0.97810685017560872 9.8484794484010146e-18 0.99999999999999978 3.4378350047357259e-14 -1.6537384353965594e-13 -1.1785311866164636e-16 0.33475884362841019 0.33357627151873659 0.0011825721096735964 2.08772274021551e-05
7000 0 0 0.029735997751414379 25.033337169894462 0.0001461735958433849 2.0897458812789458e-05 0.00014617359584340428 2.0897458812789482e-05 0.0001461735958433849 3.1707275693919624e-18 -1.9658580319169204e-17 -5.2041704279329725e-21 -6.9044636210484054e-18 -1.906974093799214e-17 49.999999999999986 49.999999999999936 49.999999999999986 -1.4210854715202004e-14 -6.3948846218409017e-14 1.0000000000000027 1969.8656512470679 8030.1343487480608 0.026834993454889433 0 0 0.97811161043379236 9.8448313007007721e-18 0.99999999999999978 3.1865108425163657e-14 -1.9641734866717754e-13 -6.6467041737851676e-17 0.33476260100344946 0.33357474508357732 0.0011878559198721383 2.0897458812789458e-05
7500 0 0 0.0300025462939397 25.033133640177041 0.00014382409891763336 2.2037660899694366e-05 0.00014382409891761558 2.2037660899694291e-05 0.00014382409891763336 -4.2292558344336621e-19 -1.7834692056526858e-17 9.020562075084103e-21 -2.0068003579868862e-17 -8.0347184416602469e-17 49.999999999999979 49.999999999999922 49.999999999999979 -2.1316282072803006e-14 -7.815970093361102e-14 1.0000000000000016 1969.8656512470166 8030.1343487478489 0.026835292312000391 0 0 0.97812171871694076 9.8419190913633894e-18 0.99999999999999978 -4.5851994076584468e-15 -1.7846873067925428e-13 8.6085841901652868e-17 0.33476972454310439 0.33357121113582616 0.0011985134072782233 2.2037660899694366e-05
8000 0 0 0.030250734638702703 25.032944987519112 0.00014430143446727273 2.1737395257496829e-05 0.00014430143446729198 2.1737395257496826e-05 0.00014430143446727273 3.8639230703928999e-18 -1.9726234534733692e-17 2.2898349882906652e-20 -3.847276834348848e-18 -6.0986499768516491e-17 49.999999999999979 49.999999999999915 49.999999999999979 -2.1316282072803006e-14 -8.5265128291212022e-14 1.0000000000000004 1969.8656512469497 8030.1343487474778 0.026835575040318436 0 0 0.9781312460872319 9.840359361970121e-18 0.99999999999999978 3.843399155029325e-14 -1.9710582731698032e-13 2.1951643719894466e-16 0.33477625407040751 0.33356781716241346 0.0012084369079940482 2.1737395257496829e-05
8500 0 0 0.03038432817443143 25.032843766831526 0.00014649231258186625 2.076871705325019e-05 0.00014649231258187048 2.0768717053250213e-05 0.00014649231258186625 3.0159902353350412e-18 -1.634664625883421e-17 1.422473250301814e-20 -4.286607690240576e-18 -2.6115205163253948e-17 49.999999999999979 49.999999999999908 49.999999999999979 -2.1316282072803006e-14 -9.2370555648813024e-14 1.000000000000002 1969.8656512468667 8030.1343487471959 0.026835728107071792 0 0 0.97813640829442172 9.8405602597536854e-18 0.99999999999999978 2.9759777541576993e-14 -1.635959289801959e-13 1.3416463911521888e-16 0.33477972907268494 0.3335659505480616 0.0012137785246233435 2.076871705325019e-05
9000 0 0 0.030385475670633582 25.032843167919989 0.00014902090909397407 2.0430066799434686e-05 0.00014902090909397475 2.0430066799434706e-05 0.00014902090909397407 -1.2895934320419622e-18 -1.3151632560778764e-17 2.0816681711734661e-21 -7.6588431933735278e-18 1.1710694871097427e-17 49.999999999999972 49.999999999999901 49.999999999999972 -2.8421709430404007e-14 -9.9475983006414026e-14 1.000000000000002 1969.8656512468069 8030.1343487469912 0.026835729435758737 0 0 0.97813647532287162 9.8418038377639731e-18 0.99999999999999978 -1.2544842551906465e-14 -1.3130456737089208e-13 -1.6649233117202239e-17 0.33477972469565559 0.33356590030236521 0.0012138243932903747 2.0430066799434686e-05
9500 0 0 0.030296996763215771 25.032910516380099 0.0001507094109688906 2.063521027297368e-05 0.000150709410968897 2.063521027297369e-05 0.0001507094109688906 -6.7727073949131282e-18 -1.2342904476278339e-17 -4.5102810375426804e-21 2.2947167722925294e-17 5.5494370770144273e-17 49.999999999999964 49.999999999999893 49.999999999999964 -3.5527136788005009e-14 -1.0658141036401503e-13 1.0000000000000007 1969.865651246733 8030.1343487466638 0.026835627936653395 0 0 0.97813308591902159 9.8431917287294942e-18 0.99999999999999978 -6.7355687377044289e-14 -1.2372606366838986e-13 -3.5025004819645701e-17 0.33477738182588179 0.333567095201664 0.0012102866242177934 2.063521027297368e-05
10000 0 0 0.030185043701767625 25.032995584005082 0.00015106456311780154 2.0717621621512479e-05 0.00015106456311781354 2.0717621621512462e-05 0.00015106456311780154 -7.5401490606859073e-18 -1.2209677713323446e-17 1.0408340855867906e-21 2.8098268314054695e-17 3.326737096273793e-17 49.999999999999964 49.999999999999893 49.999999999999964 -3.5527136788005009e-14 -1.0658141036401503e-13 1.0000000000000007 1969.8656512466696 8030.1343487464537 0.026835499797403389 0 0 0.97812878721821728 9.8442050619700942e-18 0.99999999999999978 -7.5613045582183911e-14 -1.222725483546379e-13 6.2629068387556244e-17 0.33477443667106649 0.33356862637958645 0.0012058102914800362 2.0717621621512479e-05
10500 0 0 0.030103977187782443 25.033057160748466 0.00015035394728368123 2.056415683197351e-05 0.00015035394728368396 2.0564156831973496e-05 0.00015035394728368123 -2.5184715424249447e-18 -7.5654760234355057e-18 5.8980598183253966e-21 5.3537326980248205e-17 1.6058919672954807e-17 49.999999999999957 49.999999999999879 49.999999999999957 -4.2632564145606011e-14 -1.2079226507921703e-13 1.0000000000000009 1969.8656512466066 8030.1343487461154 0.026835407553091033 0 0 0.97812567402242823 9.8444343577656092e-18 0.99999999999999978 -2.4925933306317941e-14 -7.5774703461293729e-14 5.7836141764642672e-17 0.33477230897290872 0.33356974002599699 0.0012025689469117307 2.056415683197351e-05
11000 0 0 0.030077504724613034 25.033077295970021 0.00014924040530730058 2.0437334864312983e-05 0.00014924040530729635 2.0437334864312973e-05 0.00014924040530730058 4.4950154709545248e-18 -5.8130583680027071e-18 -3.4694469519562559e-22 2.0105066555037807e-17 4.5121854628130025e-17 49.99999999999995 49.999999999999872 49.99999999999995 -4.9737991503207013e-14 -1.2789769243681803e-13 1.0000000000000011 1969.8656512465393 8030.1343487458334 0.026835378263732078 0 0 0.978124661528468 9.844064087869696e-18 0.99999999999999978 4.5575569956445711e-14 -5.7819559110981657e-14 1.8244919050691329e-17 0.33477161412359446 0.33357010364332063 0.0012015104802738374 2.0437334864312983e-05
11500 0 0 0.030098768044119074 25.033061206972619 0.00014833219954209031 2.0442093408132678e-05 0.00014833219954209101 2.0442093408132654e-05 0.00014833219954209031 3.1780134079920216e-19 -7.1945921442718954e-18 -9.3675067702821601e-21 -1.4913345525380177e-17 3.399229929760878e-17 49.999999999999943 49.999999999999872 49.999999999999943 -5.6843418860808015e-14 -1.2789769243681803e-13 1.000000000000002 1969.8656512464468 8030.1343487456043 0.026835403710997099 0 0 0.97812548674042488 9.8434736279562894e-18 0.99999999999999978 3.0955327277176758e-15 -7.1785183183252646e-14 -3.9356936682274301e-17 0.334772169162671 0.33356980850069429 0.0012023606619767091 2.0442093408132678e-05
12000 0 0 0.030143190182925203 25.033027536001189 0.00014793634763290582 2.047591583525373e-05 0.0001479363476329039 2.0475915835253693e-05 0.00014793634763290582 2.0566881531198019e-18 -2.2665896937131693e-18 -1.7000290064586759e-20 -1.4216112257402222e-17 1.234577325650261e-17 49.999999999999943 49.999999999999865 49.999999999999943 -5.6843418860808015e-14 -1.3500311979441904e-13 1.0000000000000038 1969.8656512463908 8030.1343487452841 0.026835455356654037 0 0 0.97812720235256845 9.8429549235060173e-18 0.99999999999999978 2.1097164813743685e-14 -2.2872364394379749e-14 -1.3133964182570166e-16 0.33477333000802884 0.33356919318759931 0.0012041368204295244 2.047591583525373e-05
12500 0 0 0.030184548377679424 25.032996169612108 0.00014804517420263276 2.0464773719468082e-05 0.00014804517420263563 2.0464773719468095e-05 0.00014804517420263276 1.709396513229023e-18 -2.971234369655643e-18 -1.0755285551065499e-20 -2.8205110971868925e-17 -7.1392710939545685e-18 49.999999999999943 49.999999999999872 49.999999999999943 -5.6843418860808015e-14 -1.2789769243681803e-13 1.0000000000000027 1969.8656512463258 8030.1343487450131 0.026835502958218925 0 0 0.97812879698707145 9.8427072381337485e-18 0.99999999999999978 1.76745012120026e-14 -2.9791454244463699e-14 -1.1540828345426034e-16 0.3347744111172436 0.33356862064081949 0.0012057904764241067 2.0464773719468082e-05
13000 0 0 0.03020649121424844 25.032979510914277 0.00014844974543960164 2.0436027606510043e-05 0.00014844974543961082 2.0436027606510077e-05 0.00014844974543960164 9.3723639960159999e-18 3.1651764542701553e-18 8.6736173798919079e-21 -5.5468865140528778e-17 -3.4918871395772277e-17 49.999999999999943 49.999999999999865 49.999999999999943 -5.6843418860808015e-14 -1.3500311979441904e-13 1.000000000000002 1969.8656512462517 8030.1343487447175 0.02683552783235783 0 0 0.97812964052554585 9.8427262757082843e-18 0.99999999999999978 9.3816244378132352e-14 3.1802378197411408e-14 9.2634077388422004e-17 0.33477498541078471 0.33356831757481742 0.00120666783596729 2.0436027606510043e-05
13500 0 0 0.030206163247044584 25.03297973269542 0.00014888659901599933 2.042750628608653e-05 0.00014888659901600033 2.0427506286086537e-05 0.00014888659901599933 1.2813361482966961e-17 1.6157214455262952e-18 5.8980598183266094e-21 -6.4766992246735666e-17 -6.6492091023953069e-17 49.99999999999995 49.999999999999872 49.99999999999995 -4.9737991503207013e-14 -1.2789769243681803e-13 1.0000000000000029 1969.8656512461723 8030.1343487444856 0.026835526937205041 0 0 0.97812962414812032 9.8429402764032926e-18 0.99999999999999978 1.2789565277982668e-13 1.5822201489664118e-14 5.7166616646320063e-17 0.33477497827481384 0.33356832355094201 0.001206654723871825 2.042750628608653e-05
14000 0 0 0.030190990868961792 25.032991212757139 0.00014916129488398719 2.0433898935274748e-05 0.00014916129488399754 2.0433898935274748e-05 0.00014916129488398719 1.0267134364926325e-17 -2.0539125955585386e-18 1.0061396160675274e-20 -1.5781602780414105e-17 -5.8627609446011153e-17 49.999999999999957 49.999999999999879 49.999999999999957 -4.2632564145606011e-14 -1.2079226507921703e-13 1.0000000000000011 1969.8656512461118 8030.1343487441827 0.026835509050970249 0 0 0.97812903573074905 9.8431764875655739e-18 0.99999999999999978 1.023401469905233e-13 -2.0391856572191027e-14 1.4647123133052156e-16 0.33477458342900357 0.33356853535379088 0.0012060480752126845 2.0433898935274748e-05
14500 0 0 0.030172205582488575 25.033005441633293 0.00014920956235357153 2.0435921319699517e-05 0.00014920956235357948 2.0435921319699527e-05 0.00014920956235357153 8.286774044749537e-18 -7.916584054975715e-18 -7.2858385991099139e-21 3.0042961130162353e-17 -3.8802909986333863e-17 49.999999999999964 49.999999999999865 49.999999999999964 -3.5527136788005009e-14 -1.3500311979441904e-13 1.0000000000000022 1969.8656512460416 8030.134348743888 0.026835487229236399 0 0 0.97812830937750384 9.8433463435753616e-18 0.99999999999999978 8.2450973105838867e-14 -7.9242321695584001e-14 -6.9081767271248538e-17 0.33477409388383789 0.33356879691488872 0.0012052969689491655 2.0435921319699517e-05
15000 0 0 0.030158885139634363 25.033015538441898 0.00014908449367798609 2.0431144358189202e-05 0.00014908449367799224 2.0431144358189134e-05 0.00014908449367798609 5.800568358977304e-18 -7.6653960956543179e-18 9.3675067702845389e-21 1.7452454779928611e-17 3.8809395194970942e-17 49.999999999999964 49.999999999999872 49.999999999999964 -3.5527136788005009e-14 -1.2789769243681803e-13 1.0000000000000002 1969.8656512459759 8030.1343487435897 0.026835471924268193 0 0 0.97812779537711636 9.8434262603803952e-18 0.99999999999999978 5.779763196245864e-14 -7.7135061267634769e-14 1.115595532206211e-16 0.33477374649272285 0.33356898212490943 0.0012047643678134157 2.0431144358189202e-05
15500 0 0 0.030154844659849432 25.033018608033807 0.00014889567303792261 2.0427485256891042e-05 0.00014889567303792939 2.0427485256891049e-05 0.00014889567303792261 9.2766072601435205e-18 -7.2317152266598681e-18 7.6327832943061354e-21 3.5542720914682023e-17 2.1360098116290194e-17 49.999999999999972 49.999999999999858 49.999999999999972 -2.8421709430404007e-14 -1.4210854715202004e-13 1.0000000000000011 1969.8656512459036 8030.1343487433851 0.026835467441966524 0 0 0.97812764045295086 9.8433624273833555e-18 0.99999999999999978 9.2500280399046245e-14 -7.2286270715813663e-14 5.6673154665620539e-17 0.33477364087222922 0.3335690380581614 0.0012046028140678122 2.0427485256891042e-05
16000 0 0 0.030158753009196671 25.033015654684139 0.00014874343810454885 2.0427662013203848e-05 0.00014874343810455812 2.0427662013203848e-05 0.00014874343810454885 1.0148132334475548e-17 -9.7904323537287348e-18 1.0408340855872358e-21 3.0194930991490284e-17 1.8282026112305192e-17 49.999999999999972 49.999999999999851 49.999999999999972 -2.8421709430404007e-14 -1.4921397450962104e-13 1.0000000000000009 1969.8656512458292 8030.1343487430568 0.02683547213678231 0 0 0.97812779256241011 9.8432576291150821e-18 0.99999999999999978 1.0173145555217303e-13 -9.8133460774142265e-14 -1.5509303440842512e-17 0.33477374244115404 0.33356898335718194 0.0012047590839721067 2.0427662013203848e-05
16500 0 0 0.030166372714735899 25.033009886333044 0.00014867956404989921 2.0428580593566376e-05 0.00014867956404988932 2.0428580593566352e-05 0.00014867956404989921 1.0135295380753774e-17 -4.4964032497370664e-18 -1.07552855510686e-20 6.0761136100972964e-17 4.9971362866225529e-17 49.999999999999979 49.999999999999851 49.999999999999979 -2.1316282072803006e-14 -1.4921397450962104e-13 1.0000000000000018 1969.8656512457762 8030.1343487428048 0.026835481043710203 0 0 0.97812808761161607 9.8431695973600393e-18 0.99999999999999978 1.0137133780389069e-13 -4.4793072039161132e-14 -1.2022619350272522e-16 0.33477394081964146 0.33356887707174571 0.0012050637478957515 2.0428580593566376e-05
17000 0 0 0.03017328941403 25.033004646966983 0.00014870187573260603 2.042822082044379e-05 0.0001487018757325928 2.0428220820443821e-05 0.00014870187573260603 1.3655743202905474e-17 -8.3336115786023747e-18 3.4694469519576918e-21 4.4603896553342491e-17 1.7016837554399734e-18 49.999999999999986 49.999999999999851 49.999999999999986 -1.4210854715202004e-14 -1.4921397450962104e-13 1.0000000000000002 1969.865651245693 8030.1343487425311 0.026835489046815632 0 0 0.97812835496272121 9.843130307764305e-18 0.99999999999999978 1.3674537169923104e-13 -8.3524773746819314e-14 2.1146968204245441e-17 0.33477412097843695 0.33356878067512319 0.0012053403033137622 2.042822082044379e-05
17500 0 0 0.030176824643659925 25.0330019669018 0.00014877294142712823 2.0427443718358137e-05 0.00014877294142711371 2.0427443718358103e-05 0.00014877294142712823 1.430938700865484e-17 -4.4179937486230898e-18 -1.0408340855873465e-20 3.2296695436266088e-17 -3.1885027491506613e-17 49.999999999999993 49.999999999999844 49.999999999999993 -7.1054273576010019e-15 -1.5631940186722204e-13 1.0000000000000018 1969.8656512456332 8030.134348742261 0.026835493078058867 0 0 0.97812849127897283 9.8431383589814159e-18 0.99999999999999978 1.4353487609546974e-13 -4.4097225566738069e-14 -1.1592392531766443e-16 0.33477421309882721 0.33356873144370813 0.0012054816551190783 2.0427443718358137e-05
18000 0 0 0.030176595049768763 25.033002138208406 0.0001488470886752088 2.0427276059229996e-05 0.00014884708867520178 2.0427276059229922e-05 0.0001488470886752088 1.2544132399499036e-17 -6.4601102245456364e-18 9.7144514654821597e-21 9.9317299492285286e-18 -3.8362937785858174e-17 50.000000000000014 49.999999999999844 50.000000000000014 1.4210854715202004e-14 -1.5631940186722204e-13 1.0000000000000016 1969.8656512455489 8030.1343487419581 0.026835492738692981 0 0 0.97812848199932934 9.8431764101455058e-18 0.99999999999999978 1.2541499820752549e-13 -6.5306968257917926e-14 7.82976378220547e-17 0.33477420715830708 0.33356873468308568 0.001205472475221403 2.0427276059229996e-05
18500 0 0 0.030173924760214868 25.033004159100265 0.00014889214531577346 2.0427492639053008e-05 0.00014889214531576127 2.0427492639052994e-05 0.00014889214531577346 1.1806874922208462e-17 -8.3870410616634051e-18 1.5612511283811253e-20 -2.5183129486527196e-17 -2.5973013335566367e-17 50.000000000000021 49.999999999999837 50.000000000000021 2.1316282072803006e-14 -1.6342482922482304e-13 1.0000000000000004 1969.8656512454936 8030.1343487416643 0.026835489596446511 0 0 0.97812837850025347 9.8432195334079703e-18 0.99999999999999978 1.1817477064104819e-13 -8.4057350787985693e-14 9.7565339627636725e-17 0.3347741376300199 0.33356877192287421 0.0012053657071456891 2.0427492639053008e-05
19000 0 0 0.030170731933095371 25.033006577053452 0.00014889861677497943 2.0427538395631483e-05 0.0001488986167749687 2.0427538395631439e-05 0.00014889861677497943 1.1870018856734354e-17 -1.1291315105147737e-17 8.3266726846995142e-21 -1.7057864337272831e-17 -1.7645373386892029e-17 50.000000000000028 49.999999999999822 50.000000000000028 2.8421709430404007e-14 -1.7763568394002505e-13 1.0000000000000022 1969.8656512454222 8030.1343487413815 0.026835485885578519 0 0 0.97812825499914746 9.8432466017356899e-18 0.99999999999999978 1.1888657647316642e-13 -1.129873600313558e-13 8.6622173267712648e-17 0.33477405447576303 0.33356881642973657 0.0012052380460264578 2.0427538395631483e-05
19500 0 0 0.030168528855441207 25.033008246312452 0.00014887635516741104 2.0427376960254169e-05 0.00014887635516741126 2.0427376960254128e-05 0.00014887635516741104 1.5038317813263107e-17 -7.4461270482928319e-18 7.2858385991123604e-21 2.250216792750842e-18 1.8481711979624157e-17 50.000000000000036 49.999999999999815 50.000000000000036 3.5527136788005009e-14 -1.8474111129762605e-13 1.0000000000000036 1969.8656512453526 8030.1343487411314 0.02683548335074112 0 0 0.97812816991748952 9.84325112806832e-18 0.99999999999999978 1.5070723939048483e-13 -7.4257966905377911e-14 8.6602018164575153e-17 0.33477399709269745 0.33356884713394708 0.0012051499587503733 2.0427376960254169e-05
20000 0 0 0.030167918733021479 25.033008709391552 0.00014884409942384614 2.0427253653290256e-05 0.00014884409942386251 2.0427253653290246e-05 0.00014884409942384614 1.6880247200058423e-17 -9.9698027611476713e-18 -6.93889390391681e-21 2.8218260829774225e-17 9.0755368514440553e-17 50.000000000000043 49.999999999999808 50.000000000000043 4.2632564145606011e-14 -1.9184653865522705e-13 1.0000000000000002 1969.8656512452906 8030.1343487408676 0.026835482673555032 0 0 0.97812814648242408 9.8432380372993528e-18 0.99999999999999978 1.6869550868638932e-13 -1.0029013371134624e-13 -8.4198966881557412e-17 0.33477398119912244 0.33356885563538213 0.0012051255637403058 2.0427253653290256e-05
20500 0 0 0.030168638636379985 25.033008164898078 0.0001488186671321068 2.0427246960580925e-05 0.00014881866713209154 2.0427246960580952e-05 0.0001488186671321068 1.5928577901136828e-17 -1.3803541643062227e-17 -1.2836953722246579e-20 5.3569638883613684e-17 4.1250531790707391e-17 50.00000000000005 49.999999999999801 50.00000000000005 4.9737991503207013e-14 -1.9895196601282805e-13 1.0000000000000022 1969.8656512452133 8030.1343487405447 0.026835483532831522 0 0 0.97812817444253852 9.8432202023420329e-18 0.99999999999999978 1.5956449350837051e-13 -1.3822019243270528e-13 -9.8669913819718319e-17 0.33477399994999429 0.33356884560187711 0.0012051543481171878 2.0427246960580925e-05
21000 0 0 0.030169952428443631 25.033007170124513 0.00014880851149775236 2.0427267967470454e-05 0.00014880851149773629 2.0427267967470492e-05 0.00014880851149775236 1.5360976379796984e-17 -1.4990786390022994e-17 1.0061396160680124e-20 1.6778732011557458e-17 2.0670604549861944e-17 50.00000000000005 49.999999999999794 50.00000000000005 4.9737991503207013e-14 -2.0605739337042905e-13 1.0000000000000022 1969.8656512451441 8030.1343487402555 0.02683548506651837 0 0 0.97812822529181453 9.8432057153962482e-18 0.99999999999999978 1.5332133213813364e-13 -1.4944171922111026e-13 8.2975065279669774e-17 0.33477403417155177 0.33356882729315285 0.0012052068783989234 2.0427267967470454e-05
21500 0 0 0.030171114413526521 25.033006289892693 0.00014881291268581927 2.0427260577670989e-05 0.00014881291268583656 2.0427260577671002e-05 0.00014881291268581927 1.4415205140693634e-17 -1.6607548669636405e-17 1.0755285551072293e-20 1.675750146615631e-17 -2.5635203693084246e-17 50.000000000000057 49.99999999999978 50.000000000000057 5.6843418860808015e-14 -2.2026824808563106e-13 1.0000000000000004 1969.8656512450852 8030.13434874002 0.0268354864102789 0 0 0.97812827020036353 9.8431993419335411e-18 0.99999999999999978 1.4418833830107622e-13 -1.6625615246977707e-13 1.5659864760120027e-16 0.33477406443942698 0.33356881110052983 0.0012052533388971498 2.0427260577670989e-05
22000 0 0 0.030171685813265386 25.033005856741934 0.00014882527618766299 2.0427247288666448e-05 0.00014882527618767351 2.0427247288666469e-05 0.00014882527618766299 1.5272852427218171e-17 -1.1271192312828804e-17 -4.8572257327424272e-21 -2.6909448865302061e-17 -3.8765516724695841e-17 50.000000000000064 49.999999999999773 50.000000000000064 6.3948846218409017e-14 -2.2737367544323206e-13 1.0000000000000022 1969.8656512450086 8030.1343487397307 0.026835487061416072 0 0 0.97812829223469988 9.8432011013154641e-18 0.99999999999999978 1.5251216495051263e-13 -1.1287148507641468e-13 -6.8822206298384758e-17 0.33477407932341546 0.33356880313780951 0.0012052761856059524 2.0427247288666448e-05
22500 0 0 0.030171619076565643 25.033005906923382 0.00014883781305168552 2.0427251408486575e-05 0.00014883781305169021 2.0427251408486588e-05 0.00014883781305168552 1.4238957235534872e-17 -5.4040105723713153e-18 3.8163916471548838e-21 -1.0326308480819335e-17 -2.5107846314046719e-17 50.000000000000071 49.999999999999766 50.000000000000071 7.1054273576010019e-14 -2.3447910280083306e-13 1.0000000000000007 1969.8656512449356 8030.1343487395161 0.026835486972177539 0 0 0.97812828959433507 9.8432076924156628e-18 0.99999999999999978 1.4221641849770903e-13 -5.4164613212474411e-14 2.8711939725685192e-17 0.33477407758441141 0.33356880406716988 0.0012052735172415341 2.0427251408486575e-05
23000 0 0 0.03017115030133264 25.03300626177095 0.00014884519845017861 2.0427261881202558e-05 0.00014884519845017683 2.0427261881202548e-05 0.00014884519845017861 1.1834977442523046e-17 -4.8822057507969136e-18 -2.0816681711754891e-21 2.0527579808555907e-17 -2.9713649625268676e-17 50.000000000000078 49.999999999999773 50.000000000000078 7.815970093361102e-14 -2.2737367544323206e-13 1.0000000000000016 1969.8656512448711 8030.1343487391723 0.026835486421475516 0 0 0.97812827143400005 9.8432147984238941e-18 0.99999999999999978 1.1796894163548578e-13 -4.8677167016549254e-14 2.6979871664748842e-17 0.33477406537245336 0.33356881059858273 0.0012052547738706232 2.0427261881202558e-05
23500 0 0 0.030170607541640811 25.033006672850515 0.00014884600751874439 2.0427262498142844e-05 0.00014884600751873626 2.042726249814283e-05 0.00014884600751874439 1.1156700563415498e-17 -1.3402473575418747e-18 -6.9388939039185855e-21 9.8896990844754731e-18 5.1258402873981484e-18 50.000000000000078 49.999999999999766 50.000000000000078 7.815970093361102e-14 -2.3447910280083306e-13 1.0000000000000024 1969.8656512448013 8030.1343487388967 0.026835485791176349 0 0 0.9781282504447586 9.8432193317974252e-18 0.99999999999999978 1.113640904138903e-13 -1.4000966303412697e-14 -6.4473814325586758e-17 0.33477405123326676 0.33356881816095019 0.0012052330723165694 2.0427262498142844e-05
24000 0 0 0.030170242977834605 25.033006949099988 0.00014884204443603246 2.0427254514561397e-05 0.00014884204443603842 2.0427254514561342e-05 0.00014884204443603246 5.9920818307289959e-18 -2.844946500606668e-20 -1.0408340855878055e-21 -3.5749579239144939e-18 3.4655385050778253e-17 50.000000000000085 49.999999999999758 50.000000000000085 8.5265128291212022e-14 -2.4158453015843406e-13 1.0000000000000022 1969.8656512447371 8030.1343487386384 0.026835485372075633 0 0 0.97812823636829205 9.8432200103902699e-18 0.99999999999999978 5.9715192599048379e-14 -2.7424936283988682e-16 -6.528749662023343e-17 0.3347740417362024 0.33356882324051068 0.0012052184956917178 2.0427254514561397e-05
24500 0 0 0.030170151690807442 25.033007018406643 0.00014883653098221914 2.0427247338924383e-05 0.0001488365309822148 2.0427247338924372e-05 0.00014883653098221914 1.1051923265466988e-17 4.8728382440271183e-18 1.7347234759797502e-20 -7.8566934734970085e-18 2.2159947850751852e-17 50.000000000000085 49.999999999999758 50.000000000000085 8.5265128291212022e-14 -2.4158453015843406e-13 1.0000000000000002 1969.865651244666 8030.1343487383929 0.026835485271406487 0 0 0.97812823286525985 9.8432179849793247e-18 0.99999999999999978 1.1047225280586098e-13 4.8973294396072109e-14 1.3332795224456301e-16 0.33477403935817418 0.33356882451248571 0.0012052148456884737 2.0427247338924383e-05
25000 0 0 0.030170282933120317 25.033006919124244 0.00014883228950549841 2.0427244688798523e-05 0.00014883228950549748 2.0427244688798543e-05 0.00014883228950549841 1.2495907086872918e-17 3.2404634531302737e-19 3.1225022567636468e-21 -5.0950690367243082e-18 9.0834972871245334e-18 50.000000000000092 49.999999999999758 50.000000000000092 9.2370555648813024e-14 -2.4158453015843406e-13 1.0000000000000009 1969.8656512445973 8030.1343487380509 0.026835485427636384 0 0 0.97812823795994042 9.8432149246837583e-18 0.99999999999999978 1.2477308276291096e-13 3.465116919524019e-15 -4.0643523692317886e-18 0.33477404277720324 0.33356882268396421 0.0012052200932390345 2.0427244688798523e-05
25500 0 0 0.03017050900135133 25.033006747938881 0.00014883068721720179 2.0427244582897856e-05 0.00014883068721719236 2.0427244582897825e-05 0.00014883068721720179 9.4316915389025284e-18 -2.4633073358914089e-20 -9.0205620750953004e-21 -2.7719639189548313e-18 -5.1125179240529448e-18 50.000000000000099 49.999999999999758 50.000000000000099 9.9475983006414026e-14 -2.4158453015843406e-13 1.0000000000000004 1969.865651244522 8030.1343487378344 0.026835485691352103 0 0 0.97812824670820964 9.8432124607025498e-18 0.99999999999999978 9.3924779791654934e-14 -4.2355586065919749e-16 -1.1280889025763424e-16 0.33477404866653293 0.333568819534246 0.0012052291322869335 2.0427244582897856e-05
26000 0 0 0.030170703987249487 25.033006600223739 0.00014883153665423108 2.04272451923293e-05 0.00014883153665422422 2.0427245192329252e-05 0.00014883153665423108 6.8584027346342355e-18 2.3939183968522979e-20 -1.0408340855879556e-21 2.6940893090279587e-17 -1.3168218415759086e-17 50.000000000000099 49.999999999999758 50.000000000000099 9.9475983006414026e-14 -2.4158453015843406e-13 1.0000000000000033 1969.8656512444579 8030.1343487375234 0.026835485916696 0 0 0.97812825424287808 9.8432114316704152e-18 0.99999999999999978 6.8561035484719493e-14 5.1192557058404227e-17 -9.3756310397265297e-18 0.3347740537461486 0.33356881681759765 0.0012052369285509568 2.04272451923293e-05
26500 0 0 0.030170796096866199 25.033006530392363 0.00014883368150481836 2.0427246366069953e-05 0.00014883368150482346 2.0427246366069946e-05 0.00014883368150481836 1.0293849106465208e-17 5.5882382055219116e-18 8.6736173798999065e-21 3.7300233336634245e-18 1.2547996764275236e-17 50.000000000000099 49.999999999999766 50.000000000000099 9.9475983006414026e-14 -2.3447910280083306e-13 1 1969.8656512443843 8030.1343487371987 0.026835486021493708 0 0 0.97812825779372303 9.8432118070636974e-18 0.99999999999999978 1.0342516909134118e-13 5.5607630400705279e-14 8.7877321945931192e-17 0.33477405614573919 0.3335688155342994 0.001205240611439784 2.0427246366069953e-05
27000 0 0 0.030170780172512703 25.033006542390954 0.0001488357982007653 2.0427247866750965e-05 0.00014883579820076074 2.0427247866750944e-05 0.0001488357982007653 8.3519996474535285e-18 4.982125823014692e-18 -8.6736173799002285e-21 2.3611370006749842e-17 4.216351021505613e-17 50.000000000000099 49.999999999999758 50.000000000000099 9.9475983006414026e-14 -2.4158453015843406e-13 1.0000000000000004 1969.8656512443229 8030.1343487369913 0.026835486001017241 0 0 0.97812825716773977 9.8432129290595414e-18 0.99999999999999978 8.3709806401735482e-14 5.0061573755858957e-14 -7.4120605105201922e-17 0.33477405573091901 0.33356881575619118 0.0012052399747278231 2.0427247866750965e-05
27500 0 0 0.030170698131948517 25.033006604495633 0.00014883700650040088 2.042724882796274e-05 0.00014883700650040481 2.0427248827962737e-05 0.00014883700650040088 7.2958999952771219e-18 5.2808452055786334e-18 1.0408340855880626e-20 3.0518738525669825e-17 4.9330319002130394e-17 50.000000000000107 49.999999999999758 50.000000000000107 1.0658141036401503e-13 -2.4158453015843406e-13 1.0000000000000011 1969.8656512442526 8030.1343487367176 0.026835485904718417 0 0 0.97812825398988423 9.8432141160272592e-18 0.99999999999999978 7.2984444822368072e-14 5.2673159291360572e-14 5.5881805885842088e-17 0.33477405359367551 0.33356881689923346 0.0012052366944420578 2.042724882796274e-05
28000 0 0 0.03017060600559511 25.033006674273086 0.00014883709485693318 2.042724874305547e-05 0.00014883709485692787 2.0427248743055466e-05 0.00014883709485693318 5.4799914606213567e-18 5.6222387856517304e-18 -4.8572257327444758e-21 2.7130453556789088e-17 3.0784479134824782e-17 50.000000000000114 49.999999999999751 50.000000000000114 1.1368683772161603e-13 -2.4868995751603507e-13 1.0000000000000018 1969.8656512441871 8030.134348736331 0.026835485797783616 0 0 0.97812825042751195 9.8432148414406549e-18 0.99999999999999978 5.4925512658143649e-14 5.6433101278081455e-14 -4.7163438391162356e-17 0.33477405119365783 0.33356881818277057 0.0012052330108872633 2.042724874305547e-05
28500 0 0 0.030170545791941641 25.033006719902311 0.00014883639132041949 2.0427247951411874e-05 0.00014883639132041499 2.0427247951411843e-05 0.00014883639132041949 6.1096960824022958e-18 6.2332083938920867e-18 4.8572257327445849e-21 2.3820874317169785e-17 5.7419080301103279e-18 50.000000000000114 49.999999999999758 50.000000000000114 1.1368683772161603e-13 -2.4158453015843406e-13 1.0000000000000011 1969.8656512441178 8030.1343487361337 0.026835485728612836 0 0 0.97812824810283394 9.8432149577633523e-18 0.99999999999999978 6.0619037723390513e-14 6.2279178684481301e-14 9.3278694860508411e-17 0.33477404962498331 0.3335688190216633 0.0012052306033200066 2.0427247951411874e-05
29000 0 0 0.030170532385708982 25.033006730084946 0.00014883544973380547 2.0427247111609884e-05 0.00014883544973381458 2.0427247111609894e-05 0.00014883544973380547 9.3636903786464236e-18 4.5741188614648355e-18 -3.1225022567645266e-21 -1.0623120490091986e-17 9.4402248595620869e-18 50.000000000000114 49.999999999999758 50.000000000000114 1.1368683772161603e-13 -2.4158453015843406e-13 1.000000000000002 1969.8656512440461 8030.1343487358927 0.026835485713956324 0 0 0.97812824758904804 9.8432146083265197e-18 0.99999999999999978 9.3275735713830438e-14 4.5995658064218849e-14 -2.089288506874867e-17 0.33477404927569204 0.33356881920840453 0.0012052300672875105 2.0427247111609884e-05
29500 0 0 0.030170556157321858 25.033006712100597 0.00014883474336162823 2.0427246615299111e-05 0.00014883474336162194 2.0427246615299186e-05 0.00014883474336162823 8.0619538822710565e-18 6.7064409581400151e-18 3.1225022567646214e-21 -5.0436226290174746e-17 -7.5894490956432093e-18 50.000000000000121 49.999999999999766 50.000000000000121 1.2079226507921703e-13 -2.3447910280083306e-13 1.000000000000002 1969.8656512439813 8030.1343487356544 0.026835485742196529 0 0 0.97812824851154034 9.8432140773207665e-18 0.99999999999999978 8.0544735652268632e-14 6.7480533574843351e-14 2.349340477507703e-17 0.33477404989493692 0.33356881887717277 0.0012052310177641523 2.0427246615299111e-05
29999 0 0 0.03017059684219105 25.033006681292019 0.00014883448346186153 2.042724650785207e-05 0.00014883448346187243 2.0427246507852097e-05 0.00014883448346186153 1.0827450047679322e-17 -2.0903417885563929e-18 -7.2858385991177184e-21 -4.6145839708041653e-17 7.2128787875269949e-18 50.000000000000121 49.999999999999766 50.000000000000121 1.2079226507921703e-13 -2.3447910280083306e-13 1.0000000000000004 1969.8656512439009 8030.1343487353697 0.026835485789629628 0 0 0.97812825008578619 9.8432136536408276e-18 0.99999999999999978 1.0824078857188512e-13 -2.1364183056726452e-14 -7.0190669419691253e-17 0.33477405095480522 0.33356881831030877 0.0012052326444964567 2.042724650785207e-05
