# step v0 Mach sigma R umax_ref urms_ref umax_mean urms_mean umax_lab mean_x mean_y mean_z drop_ux drop_uy x0 y0 x_unwrapped center_dx center_dy axis_ratio mass_R mass_B min_f negative_total negative_color min_rho min_phi max_phi qx qy qz p_in p_out delta_p urms_lab
0 0 0 -5.560112678108922e-15 25.040521385269312 2.5018537765542006e-17 7.6160485226974869e-18 2.5021809423070917e-17 7.6160478114782965e-18 2.5018537765542006e-17 -2.7755575615628915e-21 -1.7347234759768071e-21 3.4694469519536144e-22 4.4330595481563336e-21 -1.9792292271728084e-20 50.000000000000007 50.000000000000007 50.000000000000007 7.1054273576010019e-15 7.1054273576010019e-15 1.0000000000000007 1969.8656512480636 8030.1343487520398 0.027191702564027618 0 0 0.99999999999999956 5.1710809399147485e-26 0.99999999999998512 -1.6274980806820292e-16 -4.8180379495243751e-17 -5.4892620477721613e-18 0.33333333333333387 0.33333333333333409 -2.2204460492503131e-16 7.6160485226974869e-18
500 0 0 0.0044479700703868195 25.034011918810819 0.00014676057845123511 9.9102942318203855e-05 0.00014676057845123649 9.9102942318203815e-05 0.00014676057845123511 5.0549842089965303e-19 1.3853501679151097e-18 -3.4694469519536933e-21 2.5603560420827701e-18 -1.5393885033804794e-18 50.000000000000007 50.000000000000014 50.000000000000007 7.1054273576010019e-15 1.4210854715202004e-14 1.0000000000000004 1969.8656512479859 8030.1343487517242 0.027211373565863953 0 0 0.99959794825103443 4.047605988453953e-18 0.99999999999999978 5.0727659716581254e-15 1.4315535281988426e-14 -1.5012081567635328e-17 0.33348902486477316 0.33331134778749077 0.00017767707728238991 9.9102942318203855e-05
1000 0 0 0.009094629660386714 25.0302373912386 0.00015030763137141939 0.00010500271281302431 0.00015030763137142226 0.00010500271281302442 0.00015030763137141939 1.4366979828040726e-18 2.610064941954851e-18 6.9388939039076199e-22 6.265986859773767e-18 1.4598131865139898e-17 50.000000000000014 50.000000000000014 50.000000000000014 1.4210854715202004e-14 1.4210854715202004e-14 1.0000000000000036 1969.865651247934 8030.1343487514432 0.027216355273201973 0 0 0.99970726526242992 4.6824614078963369e-18 0.99999999999999978 1.4462823300087635e-14 2.5567655631553166e-14 1.0980256008259127e-17 0.33362530770505194 0.33326196198370572 0.0003633457213462199 0.00010500271281302431
1500 0 0 0.011680621917412847 25.028207825078873 9.2964191016996884e-05 6.4737900301409948e-05 9.2964191016995745e-05 6.4737900301409934e-05 9.2964191016996884e-05 -1.3152673394857176e-18 -2.8553548414580469e-19 5.8980598183216035e-21 2.7962543566660381e-17 1.2443731100288917e-17 50.000000000000014 50.000000000000014 50.000000000000014 1.4210854715202004e-14 1.4210854715202004e-14 1.0000000000000022 1969.8656512478763 8030.1343487512459 0.027218946527196922 0 0 0.99962497368851055 4.6775967337612082e-18 0.99999999999999978 -1.3045551679115742e-14 -2.6034404666808175e-15 5.2956042876434612e-17 0.3336989244739485 0.33323222617900672 0.00046669829494178083 6.4737900301409948e-05
2000 0 0 0.012222801707308687 25.027772578115471 2.9226624089885694e-05 1.822555159318239e-05 2.9226624089886508e-05 1.8225551593182407e-05 2.9226624089885694e-05 -8.1219753145243016e-19 5.3897858398605309e-18 2.0816681711723967e-21 2.9496050929616754e-17 3.1632485829658559e-17 50.000000000000014 50.000000000000014 50.000000000000014 1.4210854715202004e-14 1.4210854715202004e-14 1.000000000000002 1969.8656512478103 8030.1343487510312 0.027219466284511513 0 0 0.99960495576687514 4.6812884531446568e-18 0.99999999999999978 -8.5182503615339154e-15 5.373846056221153e-14 1.1053527372830234e-17 0.3337147070661412 0.33322633752909353 0.00048836953704767261 1.822555159318239e-05
2500 0 0 0.011564311237833734 25.028274504911842 3.3688346337139503e-05 1.5702558008620237e-05 3.3688346337139015e-05 1.570255800862024e-05 3.3688346337139503e-05 1.99701366554478e-18 8.6094326112741001e-18 2.7755575615632801e-21 1.4072127956600607e-17 2.3628619901874252e-17 50.000000000000021 50.000000000000021 50.000000000000021 2.1316282072803006e-14 2.1316282072803006e-14 1.0000000000000013 1969.8656512477651 8030.1343487508484 0.027218698911872796 0 0 0.99965982263703879 4.6906627299915432e-18 0.99999999999999978 1.9718709959887378e-14 8.5719869787406755e-14 3.2053963632828505e-17 0.33369752059692309 0.33323547071667409 0.00046204988024900473 1.5702558008620237e-05
3000 0 0 0.010586558121517599 25.029023106878178 4.0113267005291432e-05 2.4754283518804625e-05 4.0113267005280496e-05 2.4754283518804622e-05 4.0113267005291432e-05 3.6418784654663315e-18 1.0997452948304447e-17 -4.1633363423450491e-21 -1.6626296650146596e-18 2.0054900677904611e-17 50.000000000000021 50.000000000000028 50.000000000000021 2.1316282072803006e-14 2.8421709430404007e-14 1.0000000000000018 1969.8656512477087 8030.1343487505401 0.027217598158449267 0 0 0.99973369915206645 4.6970821969405731e-18 0.99999999999999978 3.5971443473564279e-14 1.1027822806406601e-13 -3.9662168044225344e-17 0.33367142437131558 0.3332484530840899 0.00042297128722568189 2.4754283518804625e-05
3500 0 0 0.0098664578960399978 25.029574988883294 3.4229280625034644e-05 1.9360239155809408e-05 3.4229280625023104e-05 1.9360239155809445e-05 3.4229280625034644e-05 1.6320278461993079e-18 1.1767670171638632e-17 1.7347234759771555e-21 -9.658364704741436e-18 -2.1911766649050701e-18 50.000000000000021 50.000000000000028 50.000000000000021 2.1316282072803006e-14 2.8421709430404007e-14 1.0000000000000002 1969.865651247645 8030.1343487503837 0.027216793054169394 0 0 0.99973110343659599 4.6997555612239867e-18 0.99999999999999978 1.6239342769813758e-14 1.1741152619376347e-13 2.8952638110719042e-17 0.33365211003757445 0.33325791805067806 0.00039419198689638613 1.9360239155809408e-05
4000 0 0 0.0095839120343102369 25.029792554703068 2.6028195523816602e-05 9.0019685392511443e-06 2.6028195523822328e-05 9.0019685392511104e-06 2.6028195523816602e-05 1.9671764217581283e-19 1.2628439960418715e-17 -4.8572257327361191e-21 -1.7216527696269048e-17 -1.8846292728163364e-17 50.000000000000021 50.000000000000036 50.000000000000021 2.1316282072803006e-14 3.5527136788005009e-14 1.0000000000000029 1969.8656512475877 8030.1343487501645 0.027216484072615135 0 0 0.99972396510655326 4.6989690979179822e-18 0.99999999999999978 1.8839907983155121e-15 1.2654172143727188e-13 -5.9858491094225712e-18 0.33364443074290639 0.33326153056451441 0.0003829001783919872 9.0019685392511443e-06
4500 0 0 0.0096438886193703985 25.029748410569169 2.3237961237211885e-05 4.2170605436887313e-06 2.3237961237220122e-05 4.2170605436887271e-06 2.3237961237211885e-05 1.2261025528207134e-18 9.6339602961872015e-18 -7.632783294299858e-21 2.1379168535820006e-17 -2.6876392282295506e-17 50.000000000000021 50.000000000000036 50.000000000000021 2.1316282072803006e-14 3.5527136788005009e-14 1.0000000000000007 1969.8656512475411 8030.1343487499425 0.027216563653891114 0 0 0.9997256234821541 4.6969128353533236e-18 0.99999999999999978 1.2143762280368742e-14 9.5824672892608112e-14 -3.9426937579070441e-17 0.33364585769511929 0.33326056062935661 0.00038529706576267975 4.2170605436887313e-06
5000 0 0 0.0098524928146675513 25.029590469413804 2.3621678172595148e-05 6.6798683265371882e-06 2.3621678172601158e-05 6.6798683265372136e-06 2.3621678172595148e-05 2.764108386622197e-18 8.1507717242268458e-18 -6.2450045135182064e-21 3.0210863930594309e-17 -1.8933507269842001e-17 50.000000000000021 50.000000000000043 50.000000000000021 2.1316282072803006e-14 4.2632564145606011e-14 1.0000000000000002 1969.865651247484 8030.1343487496451 0.027216810535747805 0 0 0.99973109842886865 4.6949352224556924e-18 0.99999999999999978 2.8073545113643718e-14 8.1446439490710093e-14 -3.6269640884505001e-17 0.33365125552664066 0.33325762172641099 0.00039363380022966465 6.6798683265371882e-06
5500 0 0 0.010047568366629156 25.029442383131677 2.3637688375534984e-05 6.6315475830345558e-06 2.3637688375536502e-05 6.6315475830345448e-06 2.3637688375534984e-05 2.0879131756863321e-18 5.2676613071528048e-18 -7.2858385991048478e-21 1.2937121319978171e-18 -2.7539431705023463e-17 50.000000000000021 50.000000000000043 50.000000000000021 2.1316282072803006e-14 4.2632564145606011e-14 1.0000000000000013 1969.8656512474192 8030.1343487493941 0.027217038873268602 0 0 0.99973619417709592 4.693830311804923e-18 0.99999999999999978 2.1114918624318135e-14 5.2476440498411134e-14 -4.0007853832830432e-17 0.33365634105050757 0.33325491107804439 0.00040142997246317424 6.6315475830345558e-06
6000 0 0 0.010151926246898124 25.029363051382497 2.3374882565697875e-05 5.0401228646737327e-06 2.3374882565701748e-05 5.0401228646737302e-06 2.3374882565697875e-05 2.1239954239867043e-18 3.2415042872113326e-18 -4.5102810375411886e-21 1.0671037104045211e-17 -2.9000219165043826e-17 50.000000000000021 50.000000000000043 50.000000000000021 2.1316282072803006e-14 4.2632564145606011e-14 1.0000000000000004 1969.8656512473694 8030.1343487492459 0.027217160322508267 0 0 0.99973891156524031 4.6936299404814156e-18 0.99999999999999978 2.1297918372036753e-14 3.2346400116150517e-14 -2.5865047884418304e-17 0.33365907273987677 0.33325347207692513 0.00040560066295164399 5.0401228646737327e-06
6500 0 0 0.010164731537781004 25.029353228614706 2.3450094426092621e-05 4.1034991639848412e-06 2.345009442609055e-05 4.1034991639848437e-06 2.3450094426092621e-05 -3.0010716134409714e-19 3.0340313594845428e-18 -1.040834085586464e-20 -1.0635775963264664e-17 -3.3312497002595285e-18 50.000000000000021 50.000000000000043 50.000000000000021 2.1316282072803006e-14 4.2632564145606011e-14 1.0000000000000002 1969.8656512473149 8030.1343487489939 0.027217174677573303 0 0 0.99973923782134333 4.6940451089006473e-18 0.99999999999999978 -2.7636652256008859e-15 3.0850805310692264e-14 -1.0207553479046112e-16 0.33365941678433714 0.33325330435126954 0.00040611243306759581 4.1034991639848412e-06
7000 0 0 0.010124730857197744 25.02938352998482 2.3678687465414079e-05 4.1786665819699909e-06 2.3678687465409712e-05 4.1786665819699918e-06 2.3678687465414079e-05 -3.0166841247248491e-18 3.1644825648781307e-18 0 -2.4471629234236405e-17 3.5107091843121039e-17 50.000000000000021 50.000000000000043 50.000000000000021 2.1316282072803006e-14 4.2632564145606011e-14 1.0000000000000022 1969.8656512472542 8030.1343487487457 0.02721712746215945 0 0 0.99973818827294336 4.6946216058627168e-18 0.99999999999999978 -3.0232294877820249e-14 3.1497025182354063e-14 4.0468584927822706e-17 0.3336583802706406 0.33325386647807881 0.00040451379256178921 4.1786665819699909e-06
7500 0 0 0.010074513497425877 25.029421619940706 2.3753597501981744e-05 4.2768529614708118e-06 2.3753597501972539e-05 4.2768529614708042e-06 2.3753597501981744e-05 -7.4173306385847707e-18 5.5438292845290255e-18 -8.3266726846921972e-21 -4.2684854572775964e-17 3.1591333613566512e-17 50.000000000000021 50.000000000000043 50.000000000000021 2.1316282072803006e-14 4.2632564145606011e-14 1.0000000000000016 1969.8656512471882 8030.1343487485346 0.027217068482474779 0 0 0.99973687480953077 4.6949221844987273e-18 0.99999999999999978 -7.4488114664227741e-14 5.5155630327471516e-14 -7.6315597494031581e-17 0.33365707408456341 0.3332545672408016 0.00040250684376180734 4.2768529614708118e-06
8000 0 0 0.010040462296313545 25.029447458383597 2.3673164356628281e-05 4.1767256215557847e-06 2.3673164356628122e-05 4.1767256215557856e-06 2.3673164356628281e-05 -1.0006231954133884e-17 5.2791104820949746e-18 3.8163916471506783e-21 -1.4562731953461709e-17 1.9735447652441566e-17 50.000000000000021 50.000000000000043 50.000000000000021 2.1316282072803006e-14 4.2632564145606011e-14 1.0000000000000011 1969.8656512471457 8030.13434874835 0.027217028540508149 0 0 0.99973598505223693 4.6950504988688082e-18 0.99999999999999978 -1.0003952589130102e-13 5.2760405799201411e-14 3.8220315080519883e-17 0.33365618737111391 0.33325504138844658 0.00040114598266732804 4.1767256215557847e-06
8500 0 0 0.010029321555059003 25.0294559150813 2.3564405870440094e-05 4.0830730797585131e-06 2.3564405870451139e-05 4.0830730797585174e-06 2.3564405870440094e-05 -1.1267722865865149e-17 4.2476439032788442e-18 4.857225732737386e-21 8.2647500872179014e-18 1.9725198803209445e-17 50.000000000000014 50.00000000000005 50.000000000000014 1.4210854715202004e-14 4.9737991503207013e-14 1.0000000000000009 1969.8656512470927 8030.1343487481518 0.027217015474156857 0 0 0.9997356941890817 4.6950708987086836e-18 0.99999999999999978 -1.123446190464311e-13 4.2978302239059286e-14 3.6572261840100148e-17 0.33365589700406068 0.3332551962621394 0.00040070074192127825 4.0830730797585131e-06
9000 0 0 0.010034802499560555 25.029451757326811 2.3496311441985658e-05 4.0695259332082563e-06 2.3496311441994911e-05 4.0695259332082631e-06 2.3496311441985658e-05 -1.7813181485424515e-17 3.893066424789133e-18 -2.7755575615643051e-21 1.173653188969344e-17 1.8352004140228432e-17 50.000000000000014 50.000000000000043 50.000000000000014 1.4210854715202004e-14 4.2632564145606011e-14 1.0000000000000013 1969.8656512470359 8030.1343487479407 0.027217021891182309 0 0 0.99973583755758988 4.6949811776122255e-18 0.99999999999999978 -1.7799956929085677e-13 3.9175624061116622e-14 -2.0400416029768495e-17 0.33365603964595569 0.33325511985766576 0.00040091978828993291 4.0695259332082563e-06
9500 0 0 0.010046557252537978 25.02944283709504 2.3471801128601178e-05 4.0791177123597869e-06 2.3471801128581899e-05 4.0791177123597937e-06 2.3471801128601178e-05 -1.8134452273175968e-17 8.7124751857505385e-18 -1.7347234759777276e-21 -3.9583748573011855e-18 -4.9599455814498201e-19 49.999999999999993 50.000000000000043 49.999999999999993 -7.1054273576010019e-15 4.2632564145606011e-14 1.0000000000000004 1969.8656512469674 8030.134348747717 0.027217035662694129 0 0 0.99973614473754868 4.694896319079878e-18 0.99999999999999978 -1.8175342281137023e-13 8.71622529673407e-14 -1.2929353894077254e-17 0.3336563458232113 0.3332549562550165 0.00040138956819479876 4.0791177123597869e-06
10000 0 0 0.010056551220458157 25.029435252447239 2.3475208033581631e-05 4.077134353204012e-06 2.3475208033563146e-05 4.0771343532040086e-06 2.3475208033581631e-05 -1.6785878242951543e-17 9.7154922995612433e-18 5.8980598183245051e-21 -1.3537601413480221e-17 -7.982880296483005e-18 49.999999999999986 50.000000000000036 49.999999999999986 -1.4210854715202004e-14 3.5527136788005009e-14 1.0000000000000013 1969.8656512469177 8030.134348747486 0.027217047374787792 0 0 0.99973640584068135 4.6948471227479887e-18 0.99999999999999978 -1.6812463559161168e-13 9.7092649983616592e-14 2.2305329698291385e-17 0.33365660618269832 0.33325481720428041 0.00040178897841791628 4.077134353204012e-06
10500 0 0 0.010061373950206768 25.029431592419716 2.3491727372264639e-05 4.0705558524356062e-06 2.3491727372259232e-05 4.0705558524356053e-06 2.3491727372264639e-05 -1.7373602556613029e-17 1.0848960618765265e-17 0 -4.4921586617305947e-17 -2.5633255938617758e-18 49.999999999999972 50.000000000000043 49.999999999999972 -2.8421709430404007e-14 4.2632564145606011e-14 1.0000000000000007 1969.8656512468519 8030.1343487472359 0.027217053030339333 0 0 0.99973653180948396 4.6948405832246446e-18 0.99999999999999978 -1.7425121132506818e-13 1.0844154173313149e-13 1.2482971890870861e-17 0.33365673181954941 0.33325475010002631 0.00040198171952310346 4.0705558524356062e-06
11000 0 0 0.010061462803722365 25.02943152506548 2.3508950252789846e-05 4.068133894250524e-06 2.350895025278639e-05 4.0681338942505155e-06 2.3508950252789846e-05 -1.911214242423848e-17 1.5374160278201385e-17 5.5511151231291533e-21 -5.1582418308374428e-17 2.1003593292928638e-17 49.999999999999964 50.000000000000043 49.999999999999964 -3.5527136788005009e-14 4.2632564145606011e-14 1.0000000000000007 1969.8656512467985 8030.1343487470604 0.027217053140125021 0 0 0.9997365341176323 4.6948601211439862e-18 0.99999999999999978 -1.9116508370560689e-13 1.5396035835253467e-13 4.3376219194631248e-17 0.33365673411725461 0.33325474884668838 0.00040198527056622968 4.068133894250524e-06
11500 0 0 0.010059061875060114 25.029433347272168 2.3519103780165776e-05 4.0685187053067772e-06 2.3519103780171698e-05 4.0685187053067899e-06 2.3519103780165776e-05 -2.1256607585243052e-17 1.1891182483133453e-17 0 -5.8027165592617847e-17 4.4200633206655515e-17 49.99999999999995 50.000000000000057 49.99999999999995 -4.9737991503207013e-14 5.6843418860808015e-14 1.0000000000000011 1969.8656512467569 8030.1343487468248 0.027217050331512657 0 0 0.99973647140303279 4.694882698236381e-18 0.99999999999999978 -2.1248785066637639e-13 1.1838268080718239e-13 -2.6687155974773342e-18 0.33365667154427836 0.33325478222718935 0.00040188931708901032 4.0685187053067772e-06
12000 0 0 0.010056394667863615 25.029435371731918 2.3520895386329495e-05 4.0687081597369087e-06 2.3520895386311744e-05 4.0687081597369095e-06 2.3520895386329495e-05 -2.6265795094477703e-17 8.540737561629959e-18 3.8163916471515435e-21 -5.1704739856042639e-17 4.5347679670087669e-17 49.999999999999943 50.000000000000064 49.999999999999943 -5.6843418860808015e-14 6.3948846218409017e-14 1.0000000000000002 1969.8656512466898 8030.1343487465983 0.027217047208406307 0 0 0.99973640173692213 4.6948980120713951e-18 0.99999999999999978 -2.6276997614399855e-13 8.5301446096066249e-14 5.4678801630970016e-17 0.33365660203139841 0.33325481930963469 0.00040178272176372154 4.0687081597369087e-06
12500 0 0 0.010054726191406812 25.029436638402057 2.351750819162577e-05 4.0683670371760698e-06 2.3517508191641934e-05 4.0683670371760774e-06 2.351750819162577e-05 -3.0393049188525175e-17 6.4066807414819968e-18 -3.4694469519560254e-21 -3.9278568475331186e-17 9.952267670069717e-18 49.999999999999922 50.000000000000064 49.999999999999922 -7.815970093361102e-14 6.3948846218409017e-14 1.0000000000000013 1969.8656512466337 8030.1343487463009 0.027217045253114198 0 0 0.99973635815286555 4.6949031344252097e-18 0.99999999999999978 -3.038724328591175e-13 6.3981672980279857e-14 -4.7654301007996367e-17 0.33365655854036413 0.33325484249950127 0.00040171604086286505 4.0683670371760698e-06
13000 0 0 0.010054285050281718 25.029436972977631 2.35129432535896e-05 4.0681268145557257e-06 2.3512943253561292e-05 4.0681268145557274e-06 2.35129432535896e-05 -3.4878350208015022e-17 6.0902671794637988e-18 -9.0205620750859507e-21 -2.0940100650797152e-17 -1.6617607077781304e-17 49.999999999999908 50.000000000000064 49.999999999999908 -9.2370555648813024e-14 6.3948846218409017e-14 1.0000000000000022 1969.8656512465807 8030.1343487461218 0.027217044735611522 0 0 0.99973634664423838 4.694901024218052e-18 0.99999999999999978 -3.4873799268047187e-13 6.0839005833249205e-14 -1.0604976780504027e-16 0.33365654705461067 0.33325484864400973 0.00040169841060094802 4.0681268145557257e-06
13500 0 0 0.010054667969136526 25.029436682329866 2.3509732254521807e-05 4.0681120050462746e-06 2.3509732254496169e-05 4.0681120050462915e-06 2.3509732254521807e-05 -3.7852360135232984e-17 2.9212743335471552e-18 -1.3877787807824965e-20 -1.4739999319627061e-17 -1.7764722084832965e-17 49.999999999999886 50.000000000000078 49.999999999999886 -1.1368683772161603e-13 7.815970093361102e-14 1.000000000000002 1969.8656512465211 8030.134348745868 0.027217045183094628 0 0 0.99973635664839278 4.6948952442138963e-18 0.99999999999999978 -3.7846509509642052e-13 2.9512680248134105e-14 -1.4997412623203615e-16 0.3336565570363374 0.33325484332233141 0.00040171371400599121 4.0681120050462746e-06
14000 0 0 0.010055314283906573 25.029436191754566 2.3508569851883979e-05 4.0681391422069276e-06 2.3508569851886777e-05 4.0681391422069462e-06 2.3508569851883979e-05 -4.1665282335434044e-17 2.2721408088362055e-18 -9.3675067702821104e-21 -4.2576126907804282e-17 -1.2690948359318157e-17 49.999999999999865 50.000000000000071 49.999999999999865 -1.3500311979441904e-13 7.1054273576010019e-14 1.0000000000000016 1969.8656512464636 8030.1343487457325 0.027217045939592642 0 0 0.99973637352983713 4.6948900588925779e-18 0.99999999999999978 -4.166407480514902e-13 2.2519642718176383e-14 -9.1938436348320055e-17 0.33365657388204134 0.33325483433797526 0.00040173954406608203 4.0681391422069276e-06
14500 0 0 0.010055821622982594 25.02943580666415 2.3508951306827413e-05 4.0681290428418891e-06 2.3508951306792278e-05 4.0681290428419001e-06 2.3508951306827413e-05 -4.735482839194827e-17 -8.0734030572025714e-19 3.4694469519564121e-21 -7.1693883207366376e-17 -1.7773769675890374e-17 49.999999999999844 50.000000000000071 49.999999999999844 -1.5631940186722204e-13 7.1054273576010019e-14 1.0000000000000009 1969.8656512464099 8030.134348745456 0.027217046533778912 0 0 0.99973638677984378 4.694887929100865e-18 0.99999999999999978 -4.7293264681720045e-13 -8.524966910116349e-15 3.3148606760267168e-17 0.33365658710500151 0.33325482728505762 0.00040175981994389209 4.0681290428418891e-06
15000 0 0 0.010056040842666786 25.029435640265341 2.3509971140714891e-05 4.0681101505527964e-06 2.350997114075482e-05 4.0681101505527871e-06 2.3509971140714891e-05 -5.5568744050706604e-17 -9.3293428538110484e-19 -3.469446951956508e-22 -6.8841344457302911e-17 -1.5027938510617421e-17 49.999999999999829 50.000000000000078 49.999999999999829 -1.7053025658242404e-13 7.815970093361102e-14 1.0000000000000002 1969.8656512463508 8030.1343487452041 0.027217046790754332 0 0 0.99973639250409263 4.6948883591255799e-18 0.99999999999999978 -5.5539232066511905e-13 -9.3006737539682818e-15 1.5903198823630262e-17 0.33365659281838217 0.33325482423729241 0.00040176858108975644 4.0681101505527964e-06
15500 0 0 0.010056017470926382 25.029435658002768 2.3510889359518644e-05 4.0681042091478195e-06 2.3510889359475743e-05 4.0681042091478297e-06 2.3510889359518644e-05 -5.8762716914679848e-17 -2.6020852139674732e-20 1.7347234759783155e-21 -3.1606492675672884e-17 4.8620538090852307e-18 49.999999999999794 50.000000000000064 49.999999999999794 -2.0605739337042905e-13 6.3948846218409017e-14 1.0000000000000049 1969.8656512462976 8030.1343487450304 0.027217046763630647 0 0 0.99973639189254393 4.694889940998599e-18 0.99999999999999978 -5.8815409140382156e-13 -2.2858158443550215e-16 3.3049727788297826e-18 0.33365659220900562 0.33325482456197075 0.00040176764703486745 4.0681042091478195e-06
16000 0 0 0.010055878441836809 25.029435763529555 2.3511363095069787e-05 4.0681051393687822e-06 2.3511363095114389e-05 4.0681051393687755e-06 2.3511363095069787e-05 -6.2477800710836333e-17 -2.5798807534750057e-18 6.938893903913409e-22 -4.494682324916317e-17 -3.2366609814956475e-17 49.999999999999766 50.000000000000064 49.999999999999766 -2.3447910280083306e-13 6.3948846218409017e-14 1.0000000000000004 1969.8656512462408 8030.1343487447721 0.027217046600955339 0 0 0.99973638826083888 4.6948911631810337e-18 0.99999999999999978 -6.2495952966935653e-13 -2.5417053597875005e-14 -2.8039115083174419e-17 0.33365658858529301 0.33325482649457544 0.0004017620907175723 4.0681051393687822e-06
16500 0 0 0.010055738760228635 25.029435869552977 2.3511403785323376e-05 4.0681051953521027e-06 2.3511403785372789e-05 4.0681051953520959e-06 2.3511403785323376e-05 -6.5630834100776656e-17 2.2263441090706874e-18 -3.4694469519568136e-22 -9.3107404158257123e-17 1.1127605555900282e-18 49.99999999999973 50.000000000000071 49.99999999999973 -2.7000623958883807e-13 7.1054273576010019e-14 1 1969.865651246188 8030.1343487446584 0.027217046437401429 0 0 0.9997363846126206 4.694892019561855e-18 0.99999999999999978 -6.5616193306622044e-13 2.1897662196046669e-14 -4.025972708835365e-18 0.33365658494466766 0.33325482843634535 0.00040175650832230403 4.0681051953521027e-06
17000 0 0 0.010055658254560229 25.029435930660608 2.351120275423684e-05 4.0681041925716524e-06 2.3511202754183433e-05 4.0681041925716592e-06 2.351120275423684e-05 -7.0322914158605181e-17 -3.0558888752836543e-18 1.3877787807827678e-21 -6.9544640586282036e-17 3.0946616847922183e-18 49.999999999999702 50.000000000000057 49.999999999999702 -2.9842794901924208e-13 5.6843418860808015e-14 1.0000000000000004 1969.8656512461182 8030.1343487444383 0.027217046343077582 0 0 0.99973638251022812 4.6948922308844988e-18 0.99999999999999978 -7.0342358646911556e-13 -3.0572779668747051e-14 -8.8268357457684135e-18 0.33365658284642319 0.33325482955552133 0.00040175329090186285 4.0681041925716524e-06
17500 0 0 0.010055642691082016 25.029435942474738 2.3510962388934898e-05 4.0681037566161942e-06 2.351096238887688e-05 4.0681037566161798e-06 2.3510962388934898e-05 -7.5839681756913771e-17 -3.9114544936363278e-18 -3.4694469519570059e-22 -5.4877344361014829e-17 -1.4557734588587798e-17 49.999999999999659 50.000000000000064 49.999999999999659 -3.4106051316484809e-13 6.3948846218409017e-14 1.0000000000000029 1969.8656512460655 8030.1343487441263 0.027217046324789572 0 0 0.99973638210402149 4.6948920455546808e-18 0.99999999999999978 -7.5802049099391308e-13 -3.8841467864189027e-14 -3.5020021693811046e-17 0.33365658244081536 0.33325482977191012 0.00040175266890524197 4.0681037566161942e-06
18000 0 0 0.010055667386209428 25.029435923730823 2.3510804097573611e-05 4.0681039064430004e-06 2.3510804097512865e-05 4.0681039064430004e-06 2.3510804097573611e-05 -7.9800402397270304e-17 -3.668246262304253e-18 4.1633363423485323e-21 -7.8049292094015395e-17 -2.3745796743627449e-17 49.999999999999623 50.000000000000064 49.999999999999623 -3.765876499528531e-13 6.3948846218409017e-14 1.0000000000000011 1969.8656512460182 8030.1343487439772 0.027217046353664936 0 0 0.99973638274916754 4.6948917940305312e-18 0.99999999999999978 -7.9819337988463216e-13 -3.6948702443330189e-14 3.3176122333559482e-17 0.33365658308447166 0.33325482942862217 0.00040175365584949052 4.0681039064430004e-06
18500 0 0 0.010055702405371351 25.029435897150137 2.3510755685039291e-05 4.0681040466432416e-06 2.3510755684975787e-05 4.0681040466432357e-06 2.3510755685039291e-05 -8.3149459539996857e-17 -4.1279479834386872e-18 6.9388939039144177e-21 -9.4522368363177875e-17 -1.4426723230270643e-17 49.999999999999588 50.000000000000071 49.999999999999588 -4.1211478674085811e-13 7.1054273576010019e-14 1.0000000000000007 1969.8656512459661 8030.1343487436661 0.027217046394658443 0 0 0.99973638366381912 4.6948915587295757e-18 0.99999999999999978 -8.317598048029725e-13 -4.1470680159045317e-14 8.2065425594260561e-17 0.33365658399719506 0.33325482894179981 0.00040175505539524758 4.0681040466432416e-06
19000 0 0 0.010055727849927511 25.029435877836626 2.3510784768278289e-05 4.0681040125157726e-06 2.3510784768238651e-05 4.0681040125157649e-06 2.3510784768278289e-05 -8.3636569892053522e-17 -4.2497255714524806e-18 1.7347234759786432e-21 -5.8273230410135508e-17 -1.9992927386909843e-17 49.999999999999545 50.000000000000071 49.999999999999545 -4.5474735088646412e-13 7.1054273576010019e-14 1.000000000000002 1969.8656512459122 8030.1343487434078 0.027217046424460399 0 0 0.99973638432830525 4.6948914417539434e-18 0.99999999999999978 -8.3669343967900548e-13 -4.2981805568828395e-14 7.9942638461196547e-18 0.33365658466035486 0.33325482858806432 0.00040175607229053778 4.0681040125157726e-06
19500 0 0 0.010055737495503425 25.029435870515133 2.3510841594937752e-05 4.0681039305203058e-06 2.3510841594871687e-05 4.0681039305203075e-06 2.3510841594937752e-05 -8.523945438386075e-17 -5.644790190834701e-18 -2.0816681711744441e-21 -5.3481907546203371e-17 -1.3124419603268615e-17 49.99999999999951 50.000000000000057 49.99999999999951 -4.9027448767446913e-13 5.6843418860808015e-14 1.0000000000000004 1969.8656512458522 8030.1343487431986 0.027217046435769235 0 0 0.99973638458012548 4.6948914486228319e-18 0.99999999999999978 -8.5309173326806699e-13 -5.6533812649304225e-14 -2.3609178660189107e-17 0.33365658491173439 0.33325482845395704 0.00040175645777734692 4.0681039305203058e-06
20000 0 0 0.010055734850634521 25.029435872522537 2.3510888581156186e-05 4.0681038811191412e-06 2.3510888581089101e-05 4.0681038811191369e-06 2.3510888581156186e-05 -8.6115836683927195e-17 -6.1978200349768566e-18 2.7755575615659903e-21 -8.4243272590532356e-17 -3.0970995769524403e-17 49.999999999999467 50.000000000000057 49.999999999999467 -5.3290705182007514e-13 5.6843418860808015e-14 1.0000000000000009 1969.8656512457935 8030.1343487429685 0.027217046432683599 0 0 0.99973638451096047 4.6948915072968515e-18 0.99999999999999978 -8.6096279032595229e-13 -6.1677328740500094e-14 4.7630658022218378e-17 0.33365658484278304 0.33325482849070825 0.0004017563520747891 4.0681038811191412e-06
20500 0 0 0.010055726968556706 25.029435878505147 2.3510910449769924e-05 4.0681038598374282e-06 2.3510910449724052e-05 4.0681038598374333e-06 2.3510910449769924e-05 -8.7394674830420997e-17 -2.8501506710331504e-18 6.5919492087193984e-21 -1.0629577350009227e-16 -6.889056971239203e-18 49.999999999999417 50.000000000000057 49.999999999999417 -5.8264504332328215e-13 5.6843418860808015e-14 1.0000000000000038 1969.8656512457433 8030.1343487428067 0.027217046423458797 0 0 0.9997363843050453 4.6948915686536554e-18 0.99999999999999978 -8.7388794387955782e-13 -2.8518155993425689e-14 5.1644812498298201e-17 0.33365658463733661 0.33325482860027017 0.00040175603706643637 4.0681038598374282e-06
21000 0 0 0.010055719733054835 25.029435883997156 2.3510909992251359e-05 4.0681038516016167e-06 2.3510909992243848e-05 4.068103851601621e-06 2.3510909992251359e-05 -9.0463747604125779e-17 -2.7925578516307507e-18 7.9797279895027044e-21 -9.8247144430147136e-17 1.4521599786524404e-17 49.999999999999375 50.000000000000057 49.999999999999375 -6.2527760746888816e-13 5.6843418860808015e-14 1.0000000000000011 1969.8656512456851 8030.1343487425429 0.027217046414985159 0 0 0.99973638411604238 4.6948916041037056e-18 0.99999999999999978 -9.0473115110133018e-13 -2.7948918934307068e-14 9.9333784077815205e-17 0.33365658444874441 0.33325482870084583 0.00040175574789858004 4.0681038516016167e-06
21500 0 0 0.010055715915088763 25.029435886895193 2.3510898168873541e-05 4.0681038530407952e-06 2.3510898168812826e-05 4.0681038530408113e-06 2.3510898168873541e-05 -9.1597562868027926e-17 2.3279989047636752e-19 6.5919492087197949e-21 -1.1572287864656696e-16 1.5244314648197617e-17 49.999999999999325 50.000000000000057 49.999999999999325 -6.7501559897209518e-13 5.6843418860808015e-14 1.0000000000000002 1969.8656512456209 8030.1343487423137 0.027217046410510537 0 0 0.99973638401631326 4.6948916153360348e-18 0.99999999999999978 -9.1553545614962393e-13 2.584978965300514e-15 3.718545905270099e-17 0.3336565843492274 0.33325482875391438 0.00040175559531302474 4.0681038530407952e-06
22000 0 0 0.010055715493483327 25.029435887215257 2.3510885498196148e-05 4.0681038608047873e-06 2.3510885498181751e-05 4.0681038608047822e-06 2.3510885498196148e-05 -9.3389532218716062e-17 4.7344073106416945e-18 1.7347234759789294e-21 -1.1456503630603263e-16 2.3928884808534276e-18 49.999999999999268 50.000000000000057 49.999999999999268 -7.3185901783290319e-13 5.6843418860808015e-14 1.0000000000000011 1969.865651245568 8030.1343487421373 0.027217046410012762 0 0 0.99973638400528964 4.6948916057730015e-18 0.99999999999999978 -9.3382101368463606e-13 4.7191454288887808e-14 1.0367244279972203e-17 0.3336565843382317 0.3332548287597682 0.00040175557846350296 4.0681038608047873e-06
22500 0 0 0.010055717010162344 25.029435886064057 2.3510877787606125e-05 4.0681038685833009e-06 2.3510877787537071e-05 4.0681038685833102e-06 2.3510877787606125e-05 -9.6638669289227841e-17 2.1590368382034484e-18 3.1225022567621779e-21 -1.1971022983947959e-16 -2.5230688559013513e-17 49.999999999999218 50.000000000000057 49.999999999999218 -7.815970093361102e-13 5.6843418860808015e-14 1.0000000000000007 1969.8656512455261 8030.1343487418844 0.027217046411786013 0 0 0.99973638404488385 4.694891584875154e-18 0.99999999999999978 -9.6671561272850181e-13 2.1248818014689003e-14 8.6087236472457686e-18 0.3336565843777537 0.3332548287386759 0.00040175563907779432 4.0681038685833009e-06
23000 0 0 0.010055718884292181 25.029435884641529 2.3510875930154154e-05 4.068103872317759e-06 2.351087593010049e-05 4.0681038723177557e-06 2.3510875930154154e-05 -1.0126101346332475e-16 5.3845816694389533e-19 -3.1225022567622798e-21 -1.3343277216749875e-16 -2.3720650908976672e-17 49.999999999999169 50.000000000000057 49.999999999999169 -8.3133500083931722e-13 5.6843418860808015e-14 1.0000000000000011 1969.8656512454711 8030.1343487416516 0.027217046413979318 0 0 0.99973638409380616 4.6948915731457884e-18 0.99999999999999978 -1.0126572364380046e-12 5.3850733720578903e-15 -4.1044233129952863e-17 0.3336565844265908 0.33325482871261314 0.00040175571397765841 4.068103872317759e-06
23500 0 0 0.010055720145041617 25.029435883684631 2.3510877894944403e-05 4.068103872120513e-06 2.3510877894867699e-05 4.0681038721205113e-06 2.3510877894944403e-05 -1.0456288612750616e-16 -5.6933624481633813e-19 3.122502256762366e-21 -1.0331185647585648e-16 -1.6206019794941069e-17 49.999999999999112 50.000000000000057 49.999999999999112 -8.8817841970012523e-13 5.6843418860808015e-14 1.0000000000000007 1969.8656512454145 8030.1343487414606 0.027217046415455325 0 0 0.99973638412670218 4.6948915684316943e-18 0.99999999999999978 -1.0457144454826747e-12 -5.9610676346520761e-15 -2.6684501543641978e-17 0.33365658445943996 0.33325482869507628 0.0004017557643636871 4.068103872120513e-06
24000 0 0 0.010055720550887578 25.029435883376514 2.3510881001762798e-05 4.0681038700840823e-06 2.3510881001771902e-05 4.0681038700840756e-06 2.3510881001762798e-05 -1.0634201852447248e-16 -3.4069969068230067e-19 -7.6327832943081621e-21 -7.1785334750640507e-17 -1.5164969036827023e-17 49.999999999999062 50.000000000000057 49.999999999999062 -9.3791641120333225e-13 5.6843418860808015e-14 1.0000000000000002 1969.865651245362 8030.1343487411441 0.027217046415930674 0 0 0.99973638413727228 4.6948915692173766e-18 0.99999999999999978 -1.0631235881864917e-12 -3.7287986994722887e-15 -9.2342023568907013e-17 0.33365658447000951 0.33325482868942613 0.00040175578058337935 4.0681038700840823e-06
24500 0 0 0.010055720341282158 25.029435883535616 2.3510883376321637e-05 4.0681038680081054e-06 2.3510883376243059e-05 4.0681038680081113e-06 2.3510883376321637e-05 -1.0864711907935639e-16 1.0390993621115247e-18 -1.0408340855875038e-21 -9.1851154211443095e-17 4.9937515389876855e-18 49.999999999999005 50.00000000000005 49.999999999999005 -9.9475983006414026e-13 4.9737991503207013e-14 1.0000000000000009 1969.8656512452944 8030.1343487409713 0.027217046415685033 0 0 0.99973638413176602 4.6948915728433658e-18 0.99999999999999978 -1.0866825831023907e-12 1.0760564681211629e-14 -3.0265757171880982e-17 0.33365658446453611 0.33325482869232964 0.00040175577220646908 4.0681038680081054e-06
25000 0 0 0.010055719902217096 25.029435883868857 2.3510884359807624e-05 4.0681038667689258e-06 2.3510884359726712e-05 4.0681038667689199e-06 2.3510884359807624e-05 -1.1360877516535581e-16 8.517492267058023e-19 4.1633363423501536e-21 -1.0753453429493515e-16 7.6212578572964506e-18 49.999999999998956 50.000000000000057 49.999999999998956 -1.0444978215673473e-12 5.6843418860808015e-14 1.0000000000000011 1969.8656512452499 8030.134348740713 0.027217046415170379 0 0 0.99973638412026888 4.6948915761629649e-18 0.99999999999999978 -1.1357850491717502e-12 8.1886914404770367e-15 3.7013964823024162e-17 0.3336565844530831 0.33325482869842393 0.00040175575465917213 4.0681038667689258e-06
25500 0 0 0.010055719531415319 25.029435884150335 2.3510884204161403e-05 4.0681038664757076e-06 2.3510884204131727e-05 4.0681038664757093e-06 2.3510884204161403e-05 -1.1535772337384191e-16 -1.3003487175940747e-18 3.4694469519585773e-21 -1.2412298588098353e-16 -1.9280668618036355e-17 49.999999999998899 50.00000000000005 49.999999999998899 -1.1013412404281553e-12 4.9737991503207013e-14 1.0000000000000002 1969.8656512451878 8030.1343487405084 0.027217046414735352 0 0 0.99973638411055699 4.6948915779232494e-18 0.99999999999999978 -1.1533787569765683e-12 -1.2880087179398741e-14 1.814049440090236e-17 0.33365658444340984 0.33325482870356982 0.00040175573984002622 4.0681038664757076e-06
26000 0 0 0.010055719353976105 25.029435884285 2.3510883524830897e-05 4.0681038667916348e-06 2.3510883524752153e-05 4.068103866791628e-06 2.3510883524830897e-05 -1.1934932209207251e-16 -7.2927774930170674e-19 -6.5919492087214214e-21 -1.1840953234725661e-16 6.2873502189929965e-18 49.999999999998842 50.000000000000043 49.999999999998842 -1.1581846592889633e-12 4.2632564145606011e-14 1.0000000000000007 1969.8656512451323 8030.1343487402846 0.027217046414526602 0 0 0.9997363841058946 4.6948915781019349e-18 0.99999999999999978 -1.19347807596995e-12 -7.4453522672976921e-15 -5.3350429332901393e-17 0.33365658443877544 0.3332548287060268 0.00040175573274864318 4.0681038667916348e-06
26500 0 0 0.010055719352242627 25.029435884286269 2.3510882863876363e-05 4.0681038673012987e-06 2.3510882863785446e-05 4.0681038673012945e-06 2.3510882863876363e-05 -1.216388101356737e-16 -3.1408903256082546e-18 -3.469446951958748e-22 -1.4757007381131307e-16 5.405286878698141e-17 49.999999999998778 50.000000000000043 49.999999999998778 -1.2221335055073723e-12 4.2632564145606011e-14 1.0000000000000018 1969.8656512450857 8030.1343487400518 0.027217046414523612 0 0 0.99973638410582188 4.6948915774217542e-18 0.99999999999999978 -1.2168356735637493e-12 -3.1671785012742041e-14 2.0325765593358463e-17 0.33365658443872043 0.33325482870604106 0.00040175573267936526 4.0681038673012987e-06
27000 0 0 0.010055719442225516 25.029435884217968 2.351088249391311e-05 4.0681038676907662e-06 2.3510882494007107e-05 4.0681038676907755e-06 2.351088249391311e-05 -1.3474082960505508e-16 -2.5764113065246498e-18 6.9388939039177207e-22 -1.1773254391924528e-16 1.3563543121759611e-17 49.999999999998714 50.00000000000005 49.999999999998714 -1.2860823517257813e-12 4.9737991503207013e-14 1.0000000000000011 1969.8656512450223 8030.1343487398672 0.027217046414628084 0 0 0.99973638410814414 4.6948915765695195e-18 0.99999999999999978 -1.3474823199551486e-12 -2.5256899154425184e-14 4.0027338101215923e-17 0.33365658444105689 0.33325482870478135 0.00040175573627554417 4.0681038676907662e-06
27500 0 0 0.010055719541364612 25.029435884142693 2.3510882432366883e-05 4.0681038678475232e-06 2.3510882432440934e-05 4.0681038678475088e-06 2.3510882432366883e-05 -1.4192709507665056e-16 -2.2540996846877204e-18 -2.0816681711753612e-21 -1.1316823028143029e-16 -6.0418609558599837e-18 49.999999999998643 50.000000000000043 49.999999999998643 -1.3571366253017914e-12 4.2632564145606011e-14 1.0000000000000009 1969.8656512449625 8030.134348739618 0.027217046414743394 0 0 0.99973638411070465 4.6948915759908946e-18 0.99999999999999978 -1.4195670599500139e-12 -2.2534376011328876e-14 -4.3382474308320349e-17 0.33365658444363105 0.3332548287033934 0.00040175574023765259 4.0681038678475232e-06
28000 0 0 0.010055719603028793 25.029435884095896 2.3510882556687708e-05 4.0681038678248041e-06 2.3510882556577712e-05 4.0681038678247905e-06 2.3510882556687708e-05 -1.4597698050367702e-16 -5.0608822688226661e-18 3.1225022567631446e-21 -1.5483550622667372e-16 -1.1941221346142845e-17 49.999999999998572 50.000000000000043 49.999999999998572 -1.4281908988778014e-12 4.2632564145606011e-14 1.0000000000000002 1969.8656512449052 8030.1343487393879 0.027217046414814795 0 0 0.99973638411228616 4.6948915758018684e-18 0.99999999999999978 -1.4601627198951745e-12 -5.0624854904825213e-14 4.903228313369485e-17 0.33365658444522783 0.33325482870252576 0.00040175574270207015 4.0681038678248041e-06
28500 0 0 0.010055719619007737 25.029435884083799 2.3510882724343531e-05 4.0681038677053038e-06 2.3510882724277808e-05 4.0681038677053004e-06 2.3510882724343531e-05 -1.4636174217065433e-16 -5.9036109334537231e-18 -1.7347234759795847e-21 -1.4578406370896228e-16 -4.1147275770639357e-18 49.999999999998501 50.000000000000036 49.999999999998501 -1.4992451724538114e-12 3.5527136788005009e-14 1.0000000000000029 1969.8656512448449 8030.134348739175 0.027217046414832732 0 0 0.99973638411267451 4.6948915758999761e-18 0.99999999999999978 -1.4638889601432618e-12 -5.8920348728846062e-14 -1.002522997685772e-17 0.33365658444563528 0.33325482870229461 0.00040175574334067043 4.0681038677053038e-06
29000 0 0 0.010055719604530305 25.029435884094795 2.3510882842908313e-05 4.0681038675935149e-06 2.351088284283105e-05 4.0681038675935276e-06 2.3510882842908313e-05 -1.506562236077936e-16 -1.8495621700894851e-18 -2.7755575615674137e-21 -1.1897334199433237e-16 -7.7249185395057172e-18 49.99999999999843 50.000000000000036 49.99999999999843 -1.5702994460298214e-12 3.5527136788005009e-14 1.0000000000000009 1969.865651244781 8030.1343487389495 0.027217046414814997 0 0 0.9997363841122674 4.6948915760942138e-18 0.99999999999999978 -1.5067243920567001e-12 -1.831817846275861e-14 -1.170805948930015e-17 0.33365658444524765 0.33325482870248557 0.00040175574276207771 4.0681038675935149e-06
29500 0 0 0.010055719580442435 25.029435884113031 2.351088288557093e-05 4.0681038675356931e-06 2.3510882885588562e-05 4.0681038675356948e-06 2.351088288557093e-05 -1.5796461361209926e-16 5.3880511163928594e-19 -1.7347234759796712e-21 -1.501817569476932e-16 -6.8593062502692641e-18 49.999999999998352 50.000000000000036 49.999999999998352 -1.6484591469634324e-12 3.5527136788005009e-14 1.000000000000002 1969.8656512447251 8030.1343487387603 0.027217046414786016 0 0 0.99973638411161003 4.6948915762773736e-18 0.99999999999999978 -1.5797714427811607e-12 5.503454695887272e-15 -2.9618491470444322e-17 0.3336565844446101 0.3332548287028107 0.00040175574179940332 4.0681038675356931e-06
29999 0 0 0.01005571956091186 25.02943588412786 2.3510882870409653e-05 4.0681038675273523e-06 2.3510882870300318e-05 4.0681038675273507e-06 2.3510882870409653e-05 -1.6327564300616331e-16 3.1356861551809441e-18 4.1633363423513309e-21 -1.6803441769034246e-16 -5.3328438633846727e-17 49.999999999998273 50.000000000000043 49.999999999998273 -1.7266188478970435e-12 4.2632564145606011e-14 1.0000000000000002 1969.8656512446662 8030.1343487385393 0.027217046414762337 0 0 0.99973638411107035 4.694891576359714e-18 0.99999999999999978 -1.6330231437937871e-12 3.1109156510468162e-14 6.8708365906406145e-17 0.33365658444409074 0.33325482870307188 0.00040175574101886102 4.0681038675273523e-06
