# 1:passo  2:raio_area  3:raio_grad  4:raio_linha  5:p_in  6:p_out  7:delta_p  8:sigma  9:|u-v0|max  10:|u-v0|rms  11:Ca  12:massa_R  13:massa_B  14:|q|  15:sd_p_in  16:sd_p_out  17:sigma_2pontos  18:K_perfil  19:r_perfil  20:espessura_10_90  21:residuo_ajuste  22:n_camadas
0 25.04052139 25.08111096 25 0.3333333333 0.3333333333 -2.220446049e-16 -5.560112678e-15 2.501853777e-17 7.616048523e-18 0 1969.865651 8030.134349 1.698204375e-16 2.731879552e-08 0 -1.387778781e-15 1.273345395 25.01411833 3.451105388 0.08159937045 12
500 25.03401192 25.06903767 24.99609054 0.3334890249 0.3333113478 0.0001776770773 0.00444797007 0.0001467605785 9.910294232e-05 0.005499159397 1969.865651 8030.134349 1.518774935e-14 9.293022816e-06 8.395622763e-06 0.004334660108 1.296201451 25.01072344 3.390251686 0.07584070121 12
1000 25.03023739 25.06516487 24.99196333 0.3336253077 0.333261962 0.0003633457213 0.00909462966 0.0001503076314 0.0001050027128 0.002754512589 1969.865651 8030.134349 2.937479179e-14 2.165601046e-06 8.362541445e-06 0.009192831689 1.29638515 25.00634365 3.389771283 0.07374965394 12
1500 25.02820783 25.06305264 24.98986854 0.3336989245 0.3332322262 0.0004666982949 0.01168062192 9.296419102e-05 6.47379003e-05 0.001326473192 1969.865651 8030.134349 1.330289913e-14 1.999346243e-06 1.38722452e-05 0.01234641782 1.296385897 25.00423671 3.38976933 0.07386587041 12
2000 25.02777258 25.06256755 24.98942173 0.3337147071 0.3332263375 0.000488369537 0.01222280171 2.922662409e-05 1.822555159e-05 0.0003985259789 1969.865651 8030.134349 5.440940043e-14 2.865652175e-06 1.400049873e-05 0.01294468234 1.29639531 25.00377187 3.389744719 0.07392013209 12
2500 25.0282745 25.06305507 24.98987303 0.3336975206 0.3332354707 0.0004620498802 0.01156431124 3.368834634e-05 1.570255801e-05 0.0004855217292 1969.865651 8030.134349 8.795865294e-14 2.090197423e-06 8.839470595e-06 0.01202500359 1.296401326 25.00428089 3.389728987 0.07391051893 12
3000 25.02902311 25.06381409 24.99056176 0.3336714244 0.3332484531 0.0004229712872 0.01058655812 4.011326701e-05 2.475428352e-05 0.0006315125676 1969.865651 8030.134349 1.159966978e-13 8.1405787e-07 2.211194173e-06 0.01070265492 1.296419218 25.00554769 3.389682206 0.07324792869 12
3500 25.02957499 25.06438544 24.99107798 0.33365211 0.3332579181 0.0003941919869 0.009866457896 3.422928063e-05 1.936023916e-05 0.0005782095423 1969.865651 8030.134349 1.18529252e-13 1.482648167e-07 2.517837712e-06 0.009736010407 1.296419367 25.00612134 3.389681817 0.07320958915 12
4000 25.02979255 25.06461939 24.99129096 0.3336444307 0.3332615306 0.0003829001784 0.009583912034 2.602819552e-05 9.001968539e-06 0.000452636937 1969.865651 8030.134349 1.265557455e-13 5.411412585e-07 4.1441878e-06 0.009365409393 1.296403147 25.00585587 3.389724227 0.07381123359 12
4500 25.02974841 25.06458339 24.99126202 0.3336458577 0.3332605606 0.0003852970658 0.009643888619 2.323796124e-05 4.217060544e-06 0.0004016008161 1969.865651 8030.134349 9.659109924e-14 4.93170059e-07 3.351751434e-06 0.009461338864 1.296402124 25.00581369 3.389726902 0.07380798863 12
5000 25.02959047 25.064426 24.99112395 0.3336512555 0.3332576217 0.0003936338002 0.009852492815 2.362167817e-05 6.679868327e-06 0.000399588859 1969.865651 8030.134349 8.614898581e-14 2.493582239e-07 1.556128553e-06 0.009757984337 1.296401562 25.00565179 3.389728371 0.07381534189 12
5500 25.02944238 25.06427436 24.99099014 0.3336563411 0.3332549111 0.0004014299725 0.01004756837 2.363768838e-05 6.631547583e-06 0.0003920963347 1969.865651 8030.134349 5.65651677e-14 0 5.223199154e-08 0.01003216857 1.296401495 25.0054984 3.389728545 0.07382505385 12
6000 25.02936305 25.06419086 24.99091625 0.3336590727 0.3332534721 0.000405600663 0.01015192625 2.337488257e-05 5.040122865e-06 0.0003837511883 1969.865651 8030.134349 3.872843395e-14 1.121903378e-07 8.684525668e-07 0.01017790338 1.296401711 25.00541533 3.389727981 0.07383186307 12
6500 25.02935323 25.06417831 24.990905 0.3336594168 0.3332533044 0.0004061124331 0.01016473154 2.345009443e-05 4.103499164e-06 0.0003845009636 1969.865651 8030.134349 3.097451296e-14 1.278976764e-07 9.508954378e-07 0.01019503453 1.296401975 25.00540417 3.389727292 0.07383427768 12
7000 25.02938353 25.06420779 24.9909309 0.3336583803 0.3332538665 0.0004045137926 0.01012473086 2.367868747e-05 4.178666582e-06 0.0003897829944 1969.865651 8030.134349 4.365839995e-14 8.229209706e-08 6.097326517e-07 0.0101382751 1.296402146 25.00543494 3.389726844 0.07383339218 12
7500 25.02942162 25.06424638 24.99096488 0.3336570741 0.3332545672 0.0004025068438 0.0100745135 2.37535975e-05 4.276852961e-06 0.0003929651708 1969.865651 8030.134349 9.268564402e-14 1.82817417e-08 1.924622979e-07 0.01006743783 1.296402194 25.00547423 3.389726719 0.07383117655 12
8000 25.02944746 25.06427319 24.9909885 0.3336561874 0.3332550414 0.0004011459827 0.0100404623 2.367316436e-05 4.176725622e-06 0.0003929627219 1969.865651 8030.134349 1.130998171e-13 1.517495968e-08 9.50050018e-08 0.01001949239 1.296402157 25.00550113 3.389726816 0.07382921641 12
8500 25.02945592 25.06428245 24.99099666 0.333655897 0.3332551963 0.0004007007419 0.01002932156 2.356440587e-05 4.08307308e-06 0.0003915918895 1969.865651 8030.134349 1.20284867e-13 2.883770457e-08 1.818005145e-07 0.01000382851 1.296417183 25.00600479 3.389687526 0.07320572713 12
9000 25.02945176 25.06427866 24.99099331 0.3336560396 0.3332551199 0.0004009197883 0.0100348025 2.349631144e-05 4.069525933e-06 0.0003902470335 1969.865651 8030.134349 1.822596406e-13 2.520129638e-08 1.333223299e-07 0.01001155408 1.296402038 25.00550602 3.389727126 0.07382815429 12
9500 25.02944284 25.06426973 24.99098543 0.3336563458 0.3332549563 0.0004013895682 0.01004655725 2.347180113e-05 4.079117712e-06 0.0003893838214 1969.865651 8030.134349 2.015727293e-13 0 4.165159568e-08 0.01002809918 1.296402015 25.00549686 3.389727187 0.07382859261 12
10000 25.02943525 25.06426195 24.99097857 0.3336566062 0.3332548172 0.0004017889784 0.01005655122 2.347520803e-05 4.077134353e-06 0.0003890533232 1969.865651 8030.134349 1.94146533e-13 0 4.347291972e-08 0.01004216171 1.296198275 25.00598101 3.390259992 0.07604587731 12
10500 25.02943159 25.06425807 24.99097515 0.3336567318 0.3332547501 0.0004019817195 0.01006137395 2.349172737e-05 4.070555852e-06 0.0003891404807 1969.865651 8030.134349 2.052390138e-13 0 8.493318903e-08 0.01004894714 1.296402031 25.00548515 3.389727144 0.07382944142 12
11000 25.02943153 25.06425787 24.99097498 0.3336567341 0.3332547488 0.0004019852706 0.0100614628 2.350895025e-05 4.068133894e-06 0.0003894223387 1969.865651 8030.134349 2.454544419e-13 1.523889742e-08 8.556707146e-08 0.01004907339 1.296402046 25.00548503 3.389727106 0.07382954029 12
11500 25.02943335 25.06425966 24.99097656 0.3336566715 0.3332547822 0.0004018893171 0.01005906188 2.351910378e-05 4.068518705e-06 0.0003896835191 1969.865651 8030.134349 2.43239688e-13 8.685088469e-09 7.179424402e-08 0.01004569771 1.296402054 25.00548689 3.389727084 0.07382947503 12
12000 25.02943537 25.06426172 24.99097838 0.333656602 0.3332548193 0.0004017827218 0.01005639467 2.352089539e-05 4.06870816e-06 0.0003898165655 1969.865651 8030.134349 2.762687099e-13 1.221515116e-08 5.62569317e-08 0.01004194697 1.296402056 25.00548898 3.389727079 0.07382935259 12
12500 25.02943664 25.06426304 24.99097954 0.3336565585 0.3332548425 0.0004017160409 0.01005472619 2.351750819e-05 4.068367037e-06 0.0003898251055 1969.865651 8030.134349 3.105352028e-13 0 2.619437192e-08 0.01003960011 1.296402053 25.0054903 3.389727086 0.07382925271 12
13000 25.02943697 25.06426342 24.99097987 0.3336565471 0.3332548486 0.0004016984106 0.01005428505 2.351294325e-05 4.068126815e-06 0.0003897665379 1969.865651 8030.134349 3.540050613e-13 1.665603538e-08 3.573597045e-08 0.01003898011 1.29640205 25.00549066 3.389727095 0.07382920708 12
13500 25.02943668 25.06426314 24.99097963 0.333656557 0.3332548433 0.000401713714 0.01005466797 2.350973225e-05 4.068112005e-06 0.0003896984685 1969.865651 8030.134349 3.79614079e-13 1.153321341e-08 3.612155553e-08 0.01003951845 1.296402047 25.00549037 3.389727102 0.07382920897 12
14000 25.02943619 25.06426265 24.9909792 0.3336565739 0.3332548343 0.0004017395441 0.01005531428 2.350856985e-05 4.068139142e-06 0.0003896541535 1969.865651 8030.134349 4.172489134e-13 0 4.522836731e-08 0.01004042721 1.296402046 25.00548986 3.389727105 0.07382923467 12
14500 25.02943581 25.06426225 24.99097885 0.3336565871 0.3332548273 0.0004017598199 0.01005582162 2.350895131e-05 4.068129043e-06 0.0003896408168 1969.865651 8030.134349 4.730094762e-13 9.82299426e-09 4.447776145e-08 0.01004114058 1.296402046 25.00548946 3.389727104 0.07382926175 12
15000 25.02943564 25.06426207 24.99097869 0.3336565928 0.3332548242 0.0004017685811 0.01005604084 2.350997114e-05 4.068110151e-06 0.0003896492253 1969.865651 8030.134349 5.554701906e-13 0 3.955250695e-08 0.01004144884 1.296402047 25.00548929 3.389727102 0.073829278 12
15500 25.02943566 25.06426209 24.9909787 0.3336565922 0.3332548246 0.000401767647 0.01005601747 2.351088936e-05 4.068104209e-06 0.0003896653493 1969.865651 8030.134349 5.881541358e-13 9.428949518e-09 4.191209683e-08 0.01004141598 1.296402048 25.0054893 3.3897271 0.07382928172 12
16000 25.02943576 25.06426219 24.99097879 0.3336565886 0.3332548265 0.0004017620907 0.01005587844 2.35113631e-05 4.068105139e-06 0.0003896785884 1969.865651 8030.134349 6.254761715e-13 3.593175383e-09 4.814959127e-08 0.0100412205 1.296402048 25.00548941 3.389727099 0.07382927737 12
16500 25.02943587 25.0642623 24.99097889 0.3336565849 0.3332548284 0.0004017565083 0.01005573876 2.351140379e-05 4.068105195e-06 0.0003896846757 1969.865651 8030.134349 6.565272196e-13 1.480005464e-08 3.332505781e-08 0.01004102409 1.296402048 25.00548952 3.389727099 0.07382927069 12
17000 25.02943593 25.06426236 24.99097894 0.3336565828 0.3332548296 0.0004017532909 0.01005565825 2.351120275e-05 4.068104193e-06 0.0003896844635 1969.865651 8030.134349 7.040876628e-13 1.573066072e-08 5.233234108e-08 0.01004091089 1.296402048 25.00548958 3.389727099 0.07382926566 12
17500 25.02943594 25.06426238 24.99097896 0.3336565824 0.3332548298 0.0004017526689 0.01005564269 2.351096239e-05 4.068103757e-06 0.0003896810827 1969.865651 8030.134349 7.590149706e-13 0 2.350348674e-08 0.01004088901 1.296402048 25.0054896 3.3897271 0.07382926361 12
18000 25.02943592 25.06426236 24.99097894 0.3336565831 0.3332548294 0.0004017536558 0.01005566739 2.35108041e-05 4.068103906e-06 0.0003896775022 1969.865651 8030.134349 7.990481083e-13 1.270595519e-08 5.706586261e-08 0.01004092373 1.296402048 25.00548958 3.3897271 0.07382926399 12
18500 25.0294359 25.06426233 24.99097892 0.333656584 0.3332548289 0.0004017550554 0.01005570241 2.351075569e-05 4.068104047e-06 0.0003896753427 1969.865651 8030.134349 8.327930097e-13 0 3.767092676e-08 0.01004097297 1.296402048 25.00548955 3.3897271 0.07382926546 12
19000 25.02943588 25.06426231 24.9909789 0.3336565847 0.3332548286 0.0004017560723 0.01005572785 2.351078477e-05 4.068104013e-06 0.0003896748387 1969.865651 8030.134349 8.377967222e-13 1.835957476e-08 4.705275925e-08 0.01004100875 1.296402048 25.00548953 3.3897271 0.07382926687 12
19500 25.02943587 25.0642623 24.99097889 0.3336565849 0.3332548285 0.0004017564578 0.0100557375 2.351084159e-05 4.068103931e-06 0.0003896754068 1969.865651 8030.134349 8.549629102e-13 0 4.3911852e-08 0.01004102231 1.296402048 25.00548952 3.3897271 0.07382926765 12
20000 25.02943587 25.06426231 24.99097889 0.3336565848 0.3332548285 0.0004017563521 0.01005573485 2.351088858e-05 4.068103881e-06 0.000389676288 1969.865651 8030.134349 8.631691731e-13 0 4.877222418e-08 0.01004101859 1.296402048 25.00548952 3.3897271 0.07382926777 12
20500 25.02943588 25.06426231 24.9909789 0.3336565846 0.3332548286 0.0004017560371 0.01005572697 2.351091045e-05 4.06810386e-06 0.0003896769559 1969.865651 8030.134349 8.743531474e-13 1.809887898e-08 2.940220789e-08 0.01004100751 1.296402048 25.00548953 3.3897271 0.0738292675 12
21000 25.02943588 25.06426232 24.9909789 0.3336565844 0.3332548287 0.0004017557479 0.01005571973 2.351090999e-05 4.068103852e-06 0.0003896772288 1969.865651 8030.134349 9.051627521e-13 0 4.739241026e-08 0.01004099734 1.296402048 25.00548954 3.3897271 0.07382926714 12
21500 25.02943589 25.06426232 24.99097891 0.3336565843 0.3332548288 0.0004017555953 0.01005571592 2.351089817e-05 4.068103853e-06 0.0003896771807 1969.865651 8030.134349 9.155391062e-13 0 3.893708072e-08 0.01004099197 1.296402048 25.00548954 3.3897271 0.07382926689 12
22000 25.02943589 25.06426232 24.99097891 0.3336565843 0.3332548288 0.0004017555785 0.01005571549 2.35108855e-05 4.068103861e-06 0.0003896769871 1969.865651 8030.134349 9.350126839e-13 0 4.172900407e-08 0.01004099137 1.296402048 25.00548954 3.3897271 0.0738292668 12
22500 25.02943589 25.06426232 24.99097891 0.3336565844 0.3332548287 0.0004017556391 0.01005571701 2.351087779e-05 4.068103869e-06 0.0003896768005 1969.865651 8030.134349 9.669491136e-13 0 4.695087259e-08 0.01004099351 1.296402048 25.00548954 3.3897271 0.07382926683 12
23000 25.02943588 25.06426232 24.9909789 0.3336565844 0.3332548287 0.000401755714 0.01005571888 2.351087593e-05 4.068103872e-06 0.0003896766971 1969.865651 8030.134349 1.012671555e-12 1.050367343e-08 5.206211821e-08 0.01004099614 1.296402048 25.00548954 3.3897271 0.07382926692 12
23500 25.02943588 25.06426232 24.9909789 0.3336565845 0.3332548287 0.0004017557644 0.01005572015 2.351087789e-05 4.068103872e-06 0.0003896766808 1969.865651 8030.134349 1.045731436e-12 0 5.932099259e-08 0.01004099791 1.296402048 25.00548954 3.3897271 0.07382926699 12
24000 25.02943588 25.06426232 24.9909789 0.3336565845 0.3332548287 0.0004017557806 0.01005572055 2.3510881e-05 4.06810387e-06 0.0003896767166 1969.865651 8030.134349 1.063130131e-12 0 3.737287145e-08 0.01004099849 1.296402048 25.00548954 3.3897271 0.07382926702 12
24500 25.02943588 25.06426232 24.9909789 0.3336565845 0.3332548287 0.0004017557722 0.01005572034 2.351088338e-05 4.068103868e-06 0.000389676764 1969.865651 8030.134349 1.086735859e-12 0 4.304195243e-08 0.01004099819 1.296402048 25.00548954 3.3897271 0.07382926703 12
25000 25.02943588 25.06426232 24.9909789 0.3336565845 0.3332548287 0.0004017557547 0.0100557199 2.351088436e-05 4.068103867e-06 0.0003896767974 1969.865651 8030.134349 1.135814568e-12 0 4.271003474e-08 0.01004099757 1.296402048 25.00548954 3.3897271 0.07382926701 12
25500 25.02943588 25.06426232 24.9909789 0.3336565844 0.3332548287 0.0004017557398 0.01005571953 2.35108842e-05 4.068103866e-06 0.0003896768091 1969.865651 8030.134349 1.153450673e-12 0 3.936535326e-08 0.01004099705 1.296402048 25.00548954 3.3897271 0.07382926699 12
26000 25.02943588 25.06426232 24.9909789 0.3336565844 0.3332548287 0.0004017557327 0.01005571935 2.351088352e-05 4.068103867e-06 0.0003896768048 1969.865651 8030.134349 1.1935013e-12 0 3.536611321e-08 0.0100409968 1.296402048 25.00548954 3.3897271 0.07382926698 12
26500 25.02943588 25.06426232 24.9909789 0.3336565844 0.3332548287 0.0004017557327 0.01005571935 2.351088286e-05 4.068103867e-06 0.0003896767939 1969.865651 8030.134349 1.21724778e-12 1.110505208e-08 4.5618453e-08 0.0100409968 1.296402048 25.00548954 3.3897271 0.07382926698 12
27000 25.02943588 25.06426232 24.9909789 0.3336565844 0.3332548287 0.0004017557363 0.01005571944 2.351088249e-05 4.068103868e-06 0.0003896767843 1969.865651 8030.134349 1.347719005e-12 0 4.001343179e-08 0.01004099693 1.296402048 25.00548954 3.3897271 0.07382926698 12
27500 25.02943588 25.06426232 24.9909789 0.3336565844 0.3332548287 0.0004017557402 0.01005571954 2.351088243e-05 4.068103868e-06 0.0003896767794 1969.865651 8030.134349 1.419745906e-12 0 3.441278106e-08 0.01004099707 1.296402048 25.00548954 3.3897271 0.07382926698 12
28000 25.02943588 25.06426232 24.9909789 0.3336565844 0.3332548287 0.0004017557427 0.0100557196 2.351088256e-05 4.068103868e-06 0.0003896767791 1969.865651 8030.134349 1.461040057e-12 1.723441236e-08 5.141942915e-08 0.01004099715 1.296402048 25.00548954 3.3897271 0.07382926699 12
28500 25.02943588 25.06426232 24.9909789 0.3336565844 0.3332548287 0.0004017557433 0.01005571962 2.351088272e-05 4.068103868e-06 0.0003896767812 1969.865651 8030.134349 1.465074229e-12 0 4.954805328e-08 0.01004099718 1.296402048 25.00548954 3.3897271 0.07382926699 12
29000 25.02943588 25.06426232 24.9909789 0.3336565844 0.3332548287 0.0004017557428 0.0100557196 2.351088284e-05 4.068103868e-06 0.0003896767838 1969.865651 8030.134349 1.506835741e-12 0 4.994240356e-08 0.01004099715 1.296402048 25.00548954 3.3897271 0.07382926699 12
29500 25.02943588 25.06426232 24.9909789 0.3336565844 0.3332548287 0.0004017557418 0.01005571958 2.351088289e-05 4.068103868e-06 0.0003896767854 1969.865651 8030.134349 1.579781029e-12 0 5.11791635e-08 0.01004099712 1.296402048 25.00548954 3.3897271 0.07382926699 12
29999 25.02943588 25.06426232 24.9909789 0.3336565844 0.3332548287 0.000401755741 0.01005571956 2.351088287e-05 4.068103868e-06 0.0003896767859 1969.865651 8030.134349 1.633319434e-12 9.405683577e-09 6.569929321e-08 0.01004099709 1.296402048 25.00548954 3.3897271 0.07382926699 12
