# 1:passo  2:R0  3:|a2|/R0  4:|a4|/R0  5:|a8|/R0  6:rmin  7:rmax
0 24.99530979 7.439154633e-17 9.52226216e-05 8.27724819e-05 24.98429581 25.00965244
500 23.68922128 3.613614638e-16 0.01055458072 0.0001337082613 23.44000532 23.94138726
1000 23.15880216 1.477511812e-16 0.002211714136 8.165962643e-05 23.1069515 23.2126549
1500 22.8201676 9.688364093e-17 0.003030520047 7.86739558e-05 22.74333271 22.89575342
2000 22.63190578 1.561375778e-16 0.003441540786 2.409353588e-06 22.54821146 22.71636041
2500 22.54873231 1.711416898e-16 0.002217429193 6.946133945e-05 22.49532906 22.60266673
3000 22.56744005 2.323445067e-16 0.0007296393583 1.21576989e-05 22.54514157 22.58609271
3500 22.65691817 1.262429779e-16 1.062763821e-05 5.05320097e-05 22.64834694 22.66825776
4000 22.76375155 6.471932671e-17 3.640145055e-05 9.484232689e-05 22.75574311 22.77900634
4500 22.84805073 2.207535659e-16 8.782651238e-07 0.0001049790357 22.84140464 22.86200771
5000 22.89275281 1.541372985e-16 7.991634309e-05 9.756791087e-05 22.88402288 22.90633633
5500 22.90024466 1.174333977e-16 0.0001630410501 9.51512391e-05 22.88963273 22.91469874
6000 22.8827119 5.950201952e-17 0.0001476267602 0.0001002387109 22.87256274 22.89766859
6500 22.85392413 1.711709949e-16 5.042917557e-05 0.0001052025245 22.84622076 22.86846255
7000 22.82502119 5.428884532e-17 5.531100011e-05 0.0001056135257 22.81654952 22.83873872
7500 22.80327183 2.308912851e-16 0.0001179944011 0.0001030959895 22.79287826 22.81639173
8000 22.79191693 1.355719867e-16 0.0001296849075 0.0001010320792 22.78106418 22.80487683
8500 22.79055489 1.284840163e-16 0.0001096504524 0.0001009184641 22.78014499 22.80380619
9000 22.79626093 2.179995725e-16 8.021770729e-05 0.0001021934722 22.78662504 22.80994378
9500 22.80512258 1.394622807e-16 5.398113507e-05 0.0001037316074 22.79625622 22.81916457
10000 22.81365404 2.229446734e-17 3.518743712e-05 0.0001048188386 22.80540251 22.82785437
10500 22.81965303 2.396709766e-17 2.450796165e-05 0.000105387793 22.81178559 22.8339041
11000 22.82237325 1.79475179e-16 2.176100114e-05 0.0001055734326 22.81463373 22.83661397
11500 22.82221788 2.123293966e-16 2.554151912e-05 0.0001055540935 22.81438495 22.83640792
12000 22.82021923 1.775699566e-17 3.309543705e-05 0.0001053974278 22.81216142 22.83433842
12500 22.8175414 2.596426693e-16 4.117446481e-05 0.0001051493064 22.80923319 22.83159267
13000 22.81512876 9.917207625e-17 4.725545703e-05 0.0001049043994 22.80662486 22.82913348
13500 22.81353322 1.554322591e-16 5.026672599e-05 0.0001047337796 22.80492449 22.82752036
14000 22.81290248 2.178454927e-17 5.044897825e-05 0.0001046684575 22.80427614 22.8268968
14500 22.81307702 8.466320521e-17 4.877425834e-05 0.0001046946499 22.80449371 22.82709255
15000 22.81373605 3.233022749e-16 4.635974378e-05 0.0001047729949 22.80522347 22.82777576
15500 22.81453798 1.775245253e-16 4.41018888e-05 0.0001048624441 22.80609562 22.82859715
16000 22.81521925 5.601806707e-17 4.253472215e-05 0.0001049346325 22.80682842 22.82928977
16500 22.81563867 1.886406207e-17 4.183245452e-05 0.0001049769198 22.80727345 22.82971235
17000 22.81577347 7.149542061e-17 4.188923987e-05 0.0001049890849 22.80740983 22.82984412
17500 22.81568482 1.037553286e-17 4.243583701e-05 0.0001049784446 22.80730639 22.82974915
18000 22.81547274 7.688867784e-17 4.316139394e-05 0.0001049554752 22.80707263 22.8295302
18500 22.81523604 1.913752264e-16 4.381021721e-05 0.0001049303409 22.80681555 22.82928811
19000 22.81504639 1.00123954e-16 4.423357194e-05 0.0001049104752 22.80661185 22.82909551
19500 22.81493844 1.749704939e-16 4.439458924e-05 0.0001048994716 22.80649778 22.82898701
20000 22.81491317 1.678287615e-16 4.433998903e-05 0.0001048973185 22.80647326 22.82896293
20500 22.81494914 1.147826182e-16 4.415837727e-05 0.0001049015867 22.80651428 22.8290009
21000 22.81501583 1.58641216e-16 4.394181882e-05 0.0001049089271 22.8065875 22.8290696
21500 22.81508493 1.954622787e-16 4.376006427e-05 0.0001049163141 22.80666236 22.82914017
22000 22.81513712 7.257949155e-17 4.364972033e-05 0.0001049217568 22.80671828 22.82919309
22500 22.81516423 1.419671167e-16 4.361588873e-05 0.0001049244708 22.80674677 22.82922024
23000 22.81516757 9.976155158e-17 4.364153602e-05 0.0001049246669 22.80674957 22.82922316
23500 22.81515435 1.648711765e-16 4.369954082e-05 0.0001049231525 22.8067347 22.82920932
24000 22.81513376 2.111666678e-16 4.376335854e-05 0.0001049209147 22.80671216 22.82918816
24500 22.81511382 1.462013307e-16 4.381393066e-05 0.0001049187977 22.80669061 22.82916783
25000 22.81509964 1.332094041e-16 4.384224455e-05 0.0001049173266 22.80667546 22.82915348
25500 22.81509305 2.425588506e-16 4.384832306e-05 0.000104916675 22.80666858 22.8291469
26000 22.81509322 1.778090008e-16 4.383813192e-05 0.000104916738 22.80666899 22.82914721
26500 22.8150978 1.739658053e-16 4.381995118e-05 0.0001049172548 22.8066741 22.82915197
27000 22.81510405 7.901880918e-17 4.380136935e-05 0.0001049179321 22.80668092 22.82915839
27500 22.81510974 1.320180816e-16 4.378749127e-05 0.0001049185341 22.80668706 22.82916419
28000 22.81511354 6.952912125e-17 4.378042211e-05 0.0001049189255 22.80669111 22.82916802
28500 22.81511507 5.898029619e-17 4.37797286e-05 0.0001049190735 22.80669269 22.82916954
29000 22.8151147 7.043719036e-17 4.378342074e-05 0.0001049190217 22.80669223 22.82916913
29500 22.81511318 7.33696281e-17 4.378901478e-05 0.0001049188521 22.80669054 22.82916755
29999 22.8151112 2.017397672e-16 4.379467196e-05 0.000104918639 22.80668839 22.82916552
