# 1:passo  2:R0  3:|a2|/R0  4:|a4|/R0  5:|a8|/R0  6:rmin  7:rmax
0 24.99530979 1.096091932e-16 9.52226216e-05 8.27724819e-05 24.98429581 25.00965244
500 24.93003538 7.440987584e-06 0.0002926678805 8.596362205e-05 24.88924178 24.96459763
1000 24.89296004 2.62704556e-05 0.0003462653803 7.278004404e-05 24.85087751 24.92779666
1500 24.87327933 4.600005325e-05 0.0003010713661 4.637137829e-05 24.83455353 24.9066975
2000 24.8691012 7.018913565e-05 0.0002669818746 2.092484486e-05 24.83204321 24.90254417
2500 24.87404979 8.678569703e-05 0.0002684737118 5.394564266e-06 24.83337362 24.90905868
3000 24.88136828 8.991390984e-05 0.0002996923893 7.263321044e-06 24.84080914 24.91547954
3500 24.88676868 7.265787339e-05 0.000343624273 2.34122382e-05 24.84555117 24.92031359
4000 24.88872849 4.15151075e-05 0.0003887347245 5.276683821e-05 24.84580253 24.92306306
4500 24.88796035 7.432363211e-06 0.0004187130492 8.665445846e-05 24.84497603 24.92288612
5000 24.88625073 6.216395549e-06 0.0004214268276 9.915788261e-05 24.84270945 24.92264296
5500 24.88498279 1.05516575e-05 0.00039721373 8.458454447e-05 24.84081319 24.92069965
6000 24.88466203 4.354153365e-05 0.0003592804314 4.771481808e-05 24.84340019 24.9191026
6500 24.88485517 7.60600102e-05 0.0003272034666 1.895313799e-05 24.84638754 24.91910789
7000 24.88523147 9.076678571e-05 0.0003095942793 5.002716131e-06 24.84355986 24.92043131
7500 24.88553918 8.593120677e-05 0.0003176631329 1.151079166e-05 24.84526316 24.91959572
8000 24.88555744 5.929746366e-05 0.0003482668002 3.4092695e-05 24.84383026 24.91818662
8500 24.88525075 2.248118357e-05 0.0003862142115 6.863549928e-05 24.84235833 24.91981253
9000 24.88479005 3.041018022e-06 0.0004113475797 9.705786056e-05 24.84110576 24.92093156
9500 24.88472349 2.058407341e-06 0.0004082327972 9.549503932e-05 24.84037451 24.9203806
10000 24.8850515 2.713907098e-05 0.0003807719675 6.583415711e-05 24.84188869 24.92037308
10500 24.88548553 6.106509742e-05 0.0003455716166 3.136541664e-05 24.84648721 24.91997086
11000 24.88574069 8.638212033e-05 0.0003185985244 1.028608753e-05 24.8448625 24.92082167
11500 24.88573875 9.131409321e-05 0.0003126048539 6.628940803e-06 24.84440299 24.92020027
12000 24.88561601 7.416390821e-05 0.0003308117388 2.110365937e-05 24.84460702 24.91903975
12500 24.88527548 4.126834315e-05 0.0003674797994 5.100413679e-05 24.84257231 24.91906651
13000 24.88481037 5.917328935e-06 0.0004016756745 8.620902346e-05 24.84201514 24.91944396
13500 24.88459043 7.50505891e-06 0.0004128704251 9.91253213e-05 24.84114181 24.92102032
14000 24.88480461 1.056813192e-05 0.0003961340451 8.428748937e-05 24.84061765 24.92047641
14500 24.88533315 4.455620439e-05 0.0003621211281 4.703888124e-05 24.84403298 24.91980439
15000 24.88568326 7.726143625e-05 0.0003308604274 1.851998938e-05 24.84703578 24.92000589
15500 24.88579006 9.129904178e-05 0.0003123217872 4.971432919e-06 24.84407081 24.92097731
16000 24.88572353 8.553723267e-05 0.0003192196614 1.202554849e-05 24.84540798 24.91975409
16500 24.88545962 5.805382619e-05 0.0003492476943 3.515458316e-05 24.84372756 24.91801113
17000 24.88504213 2.083771042e-05 0.0003866943259 6.998745894e-05 24.84219092 24.9196136
17500 24.88461656 3.749908611e-06 0.0004109020221 9.756656861e-05 24.84091662 24.92082423
18000 24.88464874 1.487137267e-06 0.0004071323324 9.5028068e-05 24.84027405 24.92020911
18500 24.88506813 2.842652781e-05 0.0003793299483 6.435528205e-05 24.84201829 24.92033752
19000 24.8855372 6.238540738e-05 0.0003445680447 3.026206238e-05 24.84673708 24.92003317
19500 24.88578691 8.693526444e-05 0.0003181483584 9.649091443e-06 24.84479116 24.92091383
20000 24.88576414 9.113484362e-05 0.0003130719533 6.892175434e-06 24.84450183 24.92013584
20500 24.8856167 7.294659226e-05 0.000332004816 2.207142342e-05 24.84449484 24.91898489
21000 24.88525521 3.962488958e-05 0.0003690789826 5.246379418e-05 24.84248863 24.91913462
21500 24.88478065 4.905149997e-06 0.0004025849722 8.744765293e-05 24.84186534 24.91954563
22000 24.88458082 7.312829499e-06 0.0004127010615 9.895695222e-05 24.84108735 24.92098421
22500 24.88481746 1.186199793e-05 0.0003949706703 8.29797928e-05 24.84068706 24.92047998
23000 24.88534972 4.600098894e-05 0.0003606014406 4.557111672e-05 24.84422573 24.91974451
23500 24.88569561 7.826470974e-05 0.0003297378517 1.775186186e-05 24.84680331 24.91998383
24000 24.88579237 9.142886821e-05 0.0003120203808 4.884812815e-06 24.84406471 24.92094563
24500 24.88571878 8.484700106e-05 0.0003199571465 1.259076495e-05 24.84538588 24.91970142
25000 24.88544443 5.674520695e-05 0.0003508165736 3.636402371e-05 24.84371712 24.91791586
25500 24.88502188 1.937143884e-05 0.0003882176653 7.145740556e-05 24.84221561 24.9196218
26000 24.88460857 4.292760813e-06 0.0004113091831 9.804990345e-05 24.84089268 24.92087867
26500 24.88465851 7.570488964e-07 0.0004063786713 9.452472624e-05 24.84026102 24.92014492
27000 24.88509205 2.976491357e-05 0.0003778639337 6.283335256e-05 24.84216385 24.92030633
27500 24.88555184 6.376054388e-05 0.0003434416306 2.916959026e-05 24.84696148 24.92005108
28000 24.88578976 8.739876557e-05 0.000317490072 9.019449648e-06 24.84468438 24.92095511
28500 24.88576081 9.087503935e-05 0.0003134215667 7.187020463e-06 24.84457994 24.92003909
29000 24.88560733 7.172948529e-05 0.0003332376564 2.312279642e-05 24.8443825 24.91891671
29500 24.88523857 3.805075052e-05 0.0003706406709 5.385950278e-05 24.8424185 24.91920309
29999 24.8846196 3.505633053e-06 0.0004107052829 9.73373853e-05 24.84092889 24.92079722
