# step v0 Mach sigma R umax_ref urms_ref umax_mean urms_mean umax_lab mean_x mean_y mean_z drop_ux drop_uy x0 y0 x_unwrapped center_dx center_dy axis_ratio mass_R mass_B min_f negative_total negative_color min_rho min_phi max_phi qx qy qz p_in p_out delta_p urms_lab
0 0 0 -5.560112678108922e-15 25.040521385269312 4.1633363423443376e-17 7.6139145669143827e-18 4.1655570832838537e-17 7.6138660559382797e-18 4.1633363423443376e-17 -2.2204460492503132e-20 1.5612511283791263e-20 -1.3877787807814457e-21 -2.0942684024941502e-20 3.598931180607832e-20 50.000000000000007 50.000000000000007 50.000000000000007 7.1054273576010019e-15 7.1054273576010019e-15 1.0000000000000007 1969.8656512480634 8030.1343487520408 0.020451837605900716 0 0 0.99999999999999944 5.1710809399147485e-26 0.99999999999998512 6.8513904567435089e-17 -2.2993996503735037e-17 -3.9920708810932079e-19 0.33333333333333387 0.33333333333333409 -2.2204460492503131e-16 7.6139145669143827e-18
500 0 0 0.66573789483008838 24.872665743985845 0.0087492935856155196 0.0052411772813423891 0.0087492935856155179 0.00524117728134239 0.0087492935856155196 3.3334446314371473e-18 6.553785292240603e-19 -7.9797279894935863e-21 1.104954092926982e-17 -1.4763403776338102e-17 49.999999999999986 50.000000000000014 49.999999999999986 -1.4210854715202004e-14 1.4210854715202004e-14 1.000000000000004 1969.8656512479838 8030.1343487516906 0.015521190281151211 0 0 0.71624535910905984 5.978405745460377e-18 0.99999999999999978 3.2761967238507245e-14 4.0040880496233083e-14 -8.9502842732128564e-17 0.36293251600940041 0.33616667186215365 0.026765844147246753 0.0052411772813423891
1000 0 0 0.53811312626741148 24.878188884509562 0.0055098130012479112 0.0032698574949974932 0.0055098130012479155 0.0032698574949974932 0.0055098130012479112 5.2038234832355957e-18 3.6731034880335524e-18 1.2836953722229285e-20 5.4352891549051193e-17 -2.7920550308933485e-17 50.000000000000007 50.000000000000014 50.000000000000007 7.1054273576010019e-15 1.4210854715202004e-14 1.0000000000000016 1969.8656512479133 8030.1343487513932 0.015753058455394368 0 0 0.72531117734145578 8.8840199532773734e-18 0.99999999999999978 5.2102419600963401e-14 4.2865017091386903e-14 1.4754547531563466e-16 0.35798616143381728 0.33635624581715162 0.021629915616665663 0.0032698574949974932
1500 0 0 0.56917601325066836 24.886307431544449 0.0037564396397017454 0.0019554418774600487 0.0037564396397017398 0.0019554418774600487 0.0037564396397017454 1.8891138653389397e-18 6.255759799068214e-18 -2.4286128663677831e-21 5.1794299155121178e-17 -3.8516478819543377e-17 50.000000000000014 50.000000000000021 50.000000000000014 1.4210854715202004e-14 2.1316282072803006e-14 1.0000000000000036 1969.8656512478426 8030.1343487510894 0.015678914653767438 0 0 0.721406420519489 1.0129527638869804e-17 0.99999999999999978 1.8558125956108507e-14 1.3596589132358616e-13 -2.1483880435495356e-17 0.36048809970841872 0.33761704843589391 0.022871051272524812 0.0019554418774600487
2000 0 0 0.488050083260337 24.928472009064805 0.0029737070163140702 0.0014876503840868065 0.0029737070163140715 0.0014876503840868065 0.0029737070163140702 2.1212198664247303e-18 3.4906105783610096e-18 1.1449174941448495e-20 1.6073172079079358e-17 -5.0493065670820639e-17 50.000000000000014 50.000000000000021 50.000000000000014 1.4210854715202004e-14 2.1316282072803006e-14 1.0000000000000009 1969.865651247778 8030.134348750802 0.015725321089835709 0 0 0.72238519017226688 1.046333104673174e-17 0.99999999999999978 2.0906894108736057e-14 4.0303914719541645e-14 9.6522469417624041e-17 0.35726531821212165 0.33768729982885026 0.019578018383271389 0.0014876503840868065
2500 0 0 0.46330639543190183 24.952017949218156 0.0016925208569920922 0.00087491350805401114 0.0016925208569920944 0.00087491350805401114 0.0016925208569920922 2.1194851429488419e-18 -7.8964612626478375e-19 -4.1633363423450815e-21 2.4976655719219894e-17 -1.8617835191026048e-17 50.000000000000021 50.000000000000028 50.000000000000021 2.1316282072803006e-14 2.8421709430404007e-14 1.0000000000000004 1969.8656512477266 8030.134348750501 0.015728022636873687 0 0 0.72176086812104023 1.0072729593033583e-17 0.99999999999999978 2.1444651610025289e-14 -1.1048670658930781e-14 -7.1877188076626985e-17 0.35641347120393135 0.33784557836356816 0.018567892840363198 0.00087491350805401114
3000 0 0 0.45596175011361156 24.957892356895531 0.001231458817471797 0.000349788367897801 0.0012314588174717907 0.00034978836789780138 0.001231458817471797 5.6812193838252271e-18 -2.3453461395211321e-18 1.1449174941449313e-20 9.993135186455841e-18 1.8829860023475829e-17 50.000000000000028 50.000000000000028 50.000000000000028 2.8421709430404007e-14 2.8421709430404007e-14 1.0000000000000027 1969.8656512476628 8030.1343487503109 0.015727434771375028 0 0 0.72161773303083865 9.8031751079617919e-18 0.99999999999999978 5.7178220491671539e-14 -2.4200256463482658e-14 6.8089043183150722e-17 0.35606153793610607 0.33779229694438284 0.018269240991723223 0.000349788367897801
3500 0 0 0.46966769010570175 24.9486871090695 0.0012631530093660051 0.00045520790978434834 0.0012631530093660079 0.00045520790978434818 0.0012631530093660051 1.2707543350923554e-17 -1.4741680098854447e-18 -3.4694469519544471e-21 -1.0898059418188628e-17 3.0999645570503431e-17 50.000000000000043 50.000000000000021 50.000000000000043 4.2632564145606011e-14 2.1316282072803006e-14 1.0000000000000018 1969.8656512475866 8030.1343487499926 0.015726546136102082 0 0 0.72187057322779546 9.6132561282604441e-18 0.99999999999999978 1.2709798491439273e-13 -1.2960444349674471e-14 -8.1422826100112141e-18 0.35647123516947538 0.33764588824631142 0.018825346923163955 0.00045520790978434834
4000 0 0 0.48853718013981734 24.934305468718332 0.0013766974405528894 0.00063083650005787821 0.0013766974405528811 0.00063083650005787853 0.0013766974405528894 1.4529696890090599e-17 -3.6217556731453888e-18 9.7144514654728325e-21 3.6774180143041409e-17 3.531183191241356e-18 50.000000000000057 50.000000000000014 50.000000000000057 5.6843418860808015e-14 1.4210854715202004e-14 1.0000000000000022 1969.8656512475195 8030.1343487497361 0.015731699386640114 0 0 0.72249627728218258 9.4606736599817811e-18 0.99999999999999978 1.4454756158297985e-13 -4.2565784068044482e-14 8.4655580537619811e-17 0.35702459187311414 0.33743161861974968 0.019592973253364454 0.00063083650005787821
4500 0 0 0.50525844199632908 24.921552884042821 0.0013426965379572356 0.00059880451093649004 0.0013426965379572478 0.00059880451093649004 0.0013426965379572356 1.0666814653784696e-17 -6.1346761004462842e-18 -4.1633363423456291e-21 2.4332836370735075e-17 1.3824158028388122e-17 50.000000000000071 50.000000000000007 50.000000000000071 7.1054273576010019e-14 7.1054273576010019e-15 1.0000000000000033 1969.8656512474486 8030.1343487494532 0.01573756731635018 0 0 0.72309928081597052 9.393379120998691e-18 0.99999999999999978 1.0665773819695801e-13 -5.812712100929443e-14 -6.0877982551882034e-17 0.35750860742305907 0.33723465241121692 0.020273955011842149 0.00059880451093649004
5000 0 0 0.51538302862353358 24.91389084361635 0.0012033987126960515 0.00044033347949242732 0.0012033987126960476 0.00044033347949242781 0.0012033987126960515 1.2621848011211618e-17 -8.2350792851599495e-18 0 6.3168145809511312e-18 3.2717614292608652e-17 50.000000000000085 49.999999999999993 50.000000000000085 8.5265128291212022e-14 -7.1054273576010019e-15 1.0000000000000049 1969.865651247402 8030.1343487491431 0.015740591288238879 0 0 0.7234678833850593 9.3875087524831079e-18 0.99999999999999978 1.2627919543373167e-13 -7.5253493622131837e-14 2.3242476222169955e-17 0.35778856165528716 0.33710198837540184 0.020686573279885323 0.00044033347949242732
5500 0 0 0.51865166743000823 24.91151308847143 0.0011791876868647473 0.00027097400703570866 0.001179187686864759 0.00027097400703570849 0.0011791876868647473 8.783945792959447e-18 -9.0639301619822092e-18 -1.0408340855864737e-21 5.8573427846632404e-17 2.9877735636838348e-17 50.000000000000099 49.999999999999993 50.000000000000099 9.9475983006414026e-14 -7.1054273576010019e-15 1.0000000000000013 1969.865651247336 8030.1343487488384 0.01574072959736373 0 0 0.72357423094515605 9.4279179814330471e-18 0.99999999999999978 8.8156044963927371e-14 -9.270817620532501e-14 -3.9778242161214155e-17 0.35786774815513717 0.33704799041549066 0.020819757739646505 0.00027097400703570866
6000 0 0 0.5169175734341398 24.91288578664237 0.0012344008357092018 0.00020459560216394443 0.0012344008357091914 0.00020459560216394446 0.0012344008357092018 7.9804218788869459e-18 -1.2504580704236298e-17 -3.8163916471505264e-21 4.0649259719937131e-17 -1.1971121412434366e-17 50.000000000000114 49.999999999999972 50.000000000000114 1.1368683772161603e-13 -2.8421709430404007e-14 1.0000000000000002 1969.8656512472605 8030.1343487486383 0.015739345525587346 0 0 0.72349671544554339 9.470699964575651e-18 0.99999999999999978 7.9574370045852475e-14 -1.2471322802590223e-13 -6.8005448596639228e-17 0.35780940032577296 0.33706039606102828 0.020749004264744686 0.00020459560216394443
6500 0 0 0.51262127297430693 24.916093571211242 0.0012865664661637917 0.00024130778590432064 0.0012865664661637808 0.00024130778590432058 0.0012865664661637917 8.0668111079909443e-18 -1.1466175231516612e-17 9.7144514654744515e-21 -1.0271620823805062e-18 -6.4732184409276864e-17 50.000000000000128 49.999999999999972 50.000000000000128 1.2789769243681803e-13 -2.8421709430404007e-14 1.0000000000000029 1969.865651247203 8030.1343487482864 0.01573771744847554 0 0 0.72333427584695387 9.5168393052779964e-18 0.99999999999999978 8.0505480754000658e-14 -1.1398016861938198e-13 6.8629420170227258e-17 0.35768786892740095 0.33711396670194921 0.020573902225451746 0.00024130778590432064
7000 0 0 0.50783105335752843 24.919604010514792 0.0013103909265350109 0.00027043750658167461 0.001310390926535026 0.00027043750658167456 0.0013103909265350109 1.4922785229750006e-17 -8.9372953482367736e-18 7.9797279894971192e-21 -2.9649809791756356e-18 -1.0132558364970435e-16 50.000000000000135 49.999999999999957 50.000000000000135 1.3500311979441904e-13 -4.2632564145606011e-14 1.0000000000000009 1969.865651247135 8030.1343487481072 0.015736394606873792 0 0 0.72316102573640051 9.5664444597349163e-18 0.99999999999999978 1.4868489062571169e-13 -8.5238077447008509e-14 6.3508837126460268e-17 0.35756026458604329 0.33718148757404703 0.020378777011996252 0.00027043750658167461
7500 0 0 0.50387465750044791 24.922478900226199 0.001299377118479497 0.00026158098998832285 0.0012993771184795066 0.00026158098998832301 0.001299377118479497 1.9238777237982917e-17 -8.8800494735297695e-18 5.2041704279330545e-21 1.6872811235492105e-17 -7.0027473912510659e-17 50.000000000000149 49.999999999999943 50.000000000000149 1.4921397450962104e-13 -5.6843418860808015e-14 1.0000000000000064 1969.8656512470623 8030.1343487477452 0.015735483280437088 0 0 0.72302101794008466 9.5941316950771772e-18 0.99999999999999978 1.922533346984754e-13 -8.9011643108344307e-14 4.9385918946923084e-17 0.35745872715346333 0.33724104898759377 0.020217678165869557 0.00026158098998832285
8000 0 0 0.50138165780740285 24.924292188404991 0.0012679200945167619 0.00023135810277052717 0.001267920094516745 0.00023135810277052695 0.0012679200945167619 2.2144786004941551e-17 -1.5334955527643301e-17 -7.285838599106545e-21 2.479500492028e-17 -6.3700605817401012e-17 50.000000000000171 49.999999999999929 50.000000000000171 1.7053025658242404e-13 -7.1054273576010019e-14 1.0000000000000011 1969.8656512469991 8030.1343487474833 0.015734948121020904 0 0 0.72293395253776604 9.5965499062654487e-18 0.99999999999999978 2.2141750577659748e-13 -1.5232156813947467e-13 -8.3084825643992004e-17 0.35739610905989189 0.33727992465564027 0.020116184404251614 0.00023135810277052717
8500 0 0 0.50043925840473058 24.924989177398189 0.0012349326537336705 0.00020608496993200734 0.0012349326537336343 0.00020608496993200726 0.0012349326537336705 3.4780511803964593e-17 -1.4796497360700285e-17 -6.9388939039112197e-22 5.7453361362305641e-17 -7.0954619690977662e-17 50.000000000000185 49.999999999999908 50.000000000000185 1.8474111129762605e-13 -9.2370555648813024e-14 1.0000000000000002 1969.865651246927 8030.1343487471886 0.015734759360870779 0 0 0.72290231499423441 9.5851819022631999e-18 0.99999999999999978 3.4797685566356762e-13 -1.4804292774311945e-13 -2.1444769339541763e-17 0.35737267621427021 0.33729486374891815 0.020077812465352063 0.00020608496993200734
9000 0 0 0.50076931921712808 24.924764652382645 0.0012113012762587758 0.00019907377647725871 0.001211301276258799 0.0001990737764772586 0.0012113012762587758 3.8709660477055742e-17 -1.6546486403267298e-17 4.5102810375424577e-21 5.4567158268187109e-17 -6.6552201986195974e-17 50.000000000000213 49.999999999999893 50.000000000000213 2.1316282072803006e-13 -1.0658141036401503e-13 1.0000000000000002 1969.8656512468635 8030.1343487469221 0.015734873252776501 0 0 0.72291617493352234 9.5651995972164231e-18 0.99999999999999978 3.8718702723150589e-13 -1.6552397337976296e-13 3.224226855577508e-17 0.35738113398664506 0.33728989837414519 0.020091235612499869 0.00019907377647725871
9500 0 0 0.50189169154987856 24.92395750320042 0.0011988540919235318 0.00020298133137558295 0.0011988540919235008 0.00020298133137558333 0.0011988540919235318 4.1022046870535541e-17 -2.2743959493546556e-17 -6.2450045135205242e-21 5.4094592187175063e-17 -5.4233535042844564e-17 50.000000000000242 49.999999999999872 50.000000000000242 2.4158453015843406e-13 -1.2789769243681803e-13 1.0000000000000002 1969.8656512468076 8030.1343487466675 0.015735196620488036 0 0 0.722958163019635 9.5436228825347379e-18 0.99999999999999978 4.1097355553409987e-13 -2.2762115856514551e-13 -8.4943616814587154e-17 0.35740982254462728 0.33727290442135444 0.02013691812327284 0.00020298133137558295
10000 0 0 0.50328177805705443 24.922945227744044 0.0011953614255368133 0.00020623580564708348 0.0011953614255368324 0.00020623580564708348 0.0011953614255368133 3.9808087382048025e-17 -2.8886962266680907e-17 1.491862189341083e-20 5.4395042806540925e-17 -1.4423720083402157e-17 50.000000000000263 49.999999999999844 50.000000000000263 2.6290081223123707e-13 -1.5631940186722204e-13 1.0000000000000004 1969.8656512467485 8030.1343487464019 0.01573559521364206 0 0 0.72300905551557049 9.5279773397339275e-18 0.99999999999999978 3.9738871915329099e-13 -2.8938516079962673e-13 1.2612582604245721e-16 0.35744577919627718 0.33725226781718043 0.020193511379096751 0.00020623580564708348
10500 0 0 0.50450441911757238 24.922047069243629 0.0011981174631282554 0.00020520059771136537 0.0011981174631282155 0.00020520059771136543 0.0011981174631282554 3.9068054347197107e-17 -3.1944585865440799e-17 8.3266726846946934e-21 6.8065017254752376e-17 -3.2327719448363304e-17 50.000000000000291 49.999999999999829 50.000000000000291 2.9132252166164108e-13 -1.7053025658242404e-13 1 1969.865651246673 8030.1343487460217 0.015735939716832736 0 0 0.7230529958855556 9.5200732840804692e-18 0.99999999999999978 3.8989666572449813e-13 -3.1900228444035894e-13 3.824518241175846e-17 0.35747781731990608 0.33723451957972234 0.020243297740183741 0.00020520059771136537
11000 0 0 0.50529814331639467 24.921458850954242 0.001204611918205996 0.00020216419785021205 0.0012046119182059622 0.00020216419785021173 0.001204611918205996 3.7405842312515974e-17 -3.828708183831285e-17 1.3877787807824875e-21 7.1082928046441118e-17 -8.1852148927304041e-17 50.00000000000032 49.999999999999794 50.00000000000032 3.1974423109204508e-13 -2.0605739337042905e-13 1.0000000000000011 1969.8656512466027 8030.1343487458316 0.015736149470901014 0 0 0.72308074797589361 9.5188625086091257e-18 0.99999999999999978 3.7425227804980285e-13 -3.8247685319467775e-13 4.9268229323624394e-17 0.35749888587116291 0.33722326130446356 0.020275624566699346 0.00020216419785021205
11500 0 0 0.50559376256082789 24.921235507484738 0.0012123228240583216 0.0002000759069858152 0.0012123228240583581 0.00020007590698581496 0.0012123228240583216 4.1909878345547387e-17 -4.5277670501811438e-17 -4.5102810375432838e-21 1.0265150494722464e-16 -1.0539805386612843e-16 50.000000000000355 49.999999999999766 50.000000000000355 3.5527136788005009e-13 -2.3447910280083306e-13 1.0000000000000024 1969.8656512465559 8030.1343487455015 0.015736207906009558 0 0 0.72309026572762869 9.5226936184760907e-18 0.99999999999999978 4.1963427175516427e-13 -4.5249863765369804e-13 -3.1423099010235411e-17 0.35750689048912809 0.33721922207040222 0.020287668418725868 0.0002000759069858152
12000 0 0 0.50547528525551155 24.921317822749103 0.0012189682124195201 0.00019973618790988015 0.0012189682124195131 0.00019973618790987982 0.0012189682124195201 4.7587628282425201e-17 -5.0216775182617806e-17 4.5102810375433989e-21 1.0440133741377966e-16 -1.074652095741465e-16 50.000000000000384 49.999999999999737 50.000000000000384 3.836930773104541e-13 -2.6290081223123707e-13 1.0000000000000018 1969.8656512464752 8030.1343487452468 0.015736148653073434 0 0 0.72308502155393961 9.5288588970478404e-18 0.99999999999999978 4.7563163297421719e-13 -5.0206605366198698e-13 7.4645981334516609e-17 0.35750388558752466 0.33722103823367827 0.020282847353846389 0.00019973618790988015
12500 0 0 0.50510931521591684 24.92158414252356 0.0012230721657448746 0.00020020959352769988 0.0012230721657448111 0.0002002095935276998 0.0012230721657448746 5.2343893108864391e-17 -5.5792176434414053e-17 -5.2041704279348969e-21 9.1810273763865556e-17 -5.5582812116301834e-17 50.000000000000426 49.999999999999702 50.000000000000426 4.2632564145606011e-13 -2.9842794901924208e-13 1.0000000000000024 1969.8656512464131 8030.1343487450149 0.015736027832999707 0 0 0.72307126696973767 9.5349766926693803e-18 0.99999999999999978 5.2309168802564269e-13 -5.5773903572589454e-13 -5.2585967495098345e-17 0.35749424886962144 0.33722630312719765 0.020267945742423799 0.00020020959352769988
13000 0 0 0.50467323577719669 24.921903837844216 0.0012242764351384861 0.00020047603924612154 0.0012242764351384626 0.00020047603924612146 0.0012242764351384861 5.1872048323399972e-17 -6.5356747791570112e-17 -2.7755575615653681e-21 8.5697605151804588e-17 -3.8382656709462639e-17 50.000000000000462 49.999999999999666 50.000000000000462 4.6185277824406512e-13 -3.3395508580724709e-13 1.0000000000000007 1969.8656512463413 8030.1343487447393 0.015735898914960328 0 0 0.72305541306404497 9.5394801473946231e-18 0.99999999999999978 5.1873045789352368e-13 -6.539057218878791e-13 2.1645470535268002e-18 0.35748271552649796 0.33723252761706368 0.020250187909434281 0.00020047603924612154
13500 0 0 0.50430387609364469 24.922175730975805 0.0012231729977164451 0.00020027157929752124 0.0012231729977163781 0.00020027157929752151 0.0012231729977164451 5.6600210629528527e-17 -6.7286454186250757e-17 4.5102810375438781e-21 5.6255535153882546e-17 -1.5426371338901803e-17 50.000000000000497 49.999999999999623 50.000000000000497 4.9737991503207013e-13 -3.765876499528531e-13 1.0000000000000016 1969.865651246273 8030.1343487444956 0.015735798408405631 0 0 0.72304226618989176 9.5417766577375384e-18 0.99999999999999978 5.6657684165463699e-13 -6.731334784225272e-13 7.4262821521004026e-17 0.35747294717569722 0.33723780071266812 0.020235146463029097 0.00020027157929752124
14000 0 0 0.50407468550189116 24.922345242059322 0.0012208267794423249 0.00019987496238349278 0.0012208267794422492 0.00019987496238349259 0.0012208267794423249 6.4018235157509712e-17 -7.399324208908115e-17 4.8572257327397355e-21 7.3007132678881791e-17 -9.9587124288050153e-18 50.00000000000054 49.999999999999581 50.00000000000054 5.4001247917767614e-13 -4.1922021409845911e-13 1.0000000000000033 1969.8656512462208 8030.1343487442009 0.015735742389057429 0 0 0.72303431229893422 9.5417770720842591e-18 0.99999999999999978 6.40538566198251e-13 -7.3981917597318314e-13 2.5133660549614537e-17 0.35746689859971664 0.33724108595624169 0.02022581264347495 0.00019987496238349278
14500 0 0 0.5039979600954998 24.92240288405192 0.0012182860999415631 0.00019959247494235214 0.0012182860999414773 0.00019959247494235211 0.0012182860999415631 7.2872263778906169e-17 -8.0732295848564895e-17 4.1633363423484767e-21 9.9588866294147998e-17 -3.3204303091217752e-18 50.00000000000059 49.999999999999524 50.00000000000059 5.8975047068088315e-13 -4.7606363295926712e-13 1.0000000000000016 1969.865651246145 8030.1343487439481 0.015735729950870511 0 0 0.72303186285596999 9.5404297757111734e-18 0.99999999999999978 7.2890706068375603e-13 -8.0785566089350627e-13 8.0181631557035233e-18 0.3574648844678695 0.33724219717562559 0.020222687292243913 0.00019959247494235214
15000 0 0 0.50404248259593398 24.922371275602771 0.0012162802095305159 0.00019950404930586083 0.0012162802095305766 0.00019950404930586045 0.0012162802095305159 7.8111128676364094e-17 -8.9886431631306784e-17 5.5511151231314976e-21 1.1719074144050409e-16 -4.7057958229915664e-17 50.000000000000639 49.999999999999488 50.000000000000639 6.3948846218409017e-13 -5.1159076974727213e-13 1.0000000000000009 1969.865651246078 8030.1343487436734 0.015735749549831913 0 0 0.7230337123434103 9.5385367871813124e-18 0.99999999999999978 7.8143643902083488e-13 -8.9872370884289815e-13 9.8555462718967348e-17 0.35746606665612812 0.33724156726873011 0.020224499387398009 0.00019950404930586083
15500 0 0 0.50415639258028444 24.922288330618759 0.001215137678047125 0.00019952357256071236 0.0012151376780470296 0.00019952357256071263 0.001215137678047125 7.9343823178396676e-17 -9.5408056455349281e-17 -1.3877787807829128e-21 1.335227037170147e-16 -1.4577946626061612e-16 50.000000000000689 49.999999999999439 50.000000000000689 6.8922645368729718e-13 -5.6132876125047915e-13 1.0000000000000024 1969.8656512460141 8030.1343487433633 0.01573578552701195 0 0 0.72303795758478684 9.5365494520256334e-18 0.99999999999999978 7.9328286561181072e-13 -9.5397807356586636e-13 -1.9680687418133371e-17 0.35746907043548332 0.3372399331310692 0.020229137304414113 0.00019952357256071236
16000 0 0 0.50428744018770455 24.922192371062767 0.0012148525182395383 0.00019955348963561918 0.0012148525182394258 0.00019955348963561836 0.0012148525182395383 8.5332782506869083e-17 -9.8363331369030817e-17 -1.2836953722242509e-20 1.1893682349554761e-16 -1.9176816951571919e-16 50.000000000000739 49.999999999999382 50.000000000000739 7.3896444519050419e-13 -6.1817218011128716e-13 1.0000000000000031 1969.8656512459568 8030.1343487430659 0.015735823325948722 0 0 0.72304271644871743 9.5351893538761911e-18 0.99999999999999978 8.5264770504495102e-13 -9.8366031032331991e-13 -1.1302475154740016e-16 0.35747251976882027 0.33723804630519216 0.020234473463628111 0.00019955348963561918
16500 0 0 0.50439641727086615 24.922112248992438 0.001215208354732 0.00019956049024000966 0.0012152083547318888 0.00019956049024000985 0.001215208354732 8.9501669964343692e-17 -9.677085521808512e-17 3.1225022567617807e-21 1.1580459041614132e-16 -2.2543073410885437e-16 50.000000000000796 49.999999999999311 50.000000000000796 7.9580786405131221e-13 -6.8922645368729718e-13 1.0000000000000002 1969.8656512458824 8030.1343487428167 0.015735852725990013 0 0 0.72304660025393286 9.534546378672699e-18 0.99999999999999978 8.9604972763118867e-13 -9.6779860877564957e-13 2.8101031422501276e-17 0.35747538613843544 0.33723647491648401 0.020238911221951428 0.00019956049024000966
17000 0 0 0.50446276285527436 24.922063196408363 0.0012159032438017769 0.00019955794280101391 0.0012159032438017374 0.00019955794280101337 0.0012159032438017769 9.6476646116562456e-17 -1.0132381045314249e-16 8.6736173798941347e-21 1.1242221459210791e-16 -1.7846677506941775e-16 50.000000000000853 49.999999999999247 50.000000000000853 8.5265128291212022e-13 -7.531752999057062e-13 1.0000000000000004 1969.8656512458158 8030.1343487425247 0.015735868988054746 0 0 0.72304890398288413 9.5346289486388394e-18 0.99999999999999978 9.6471235947609424e-13 -1.0131048491746343e-12 1.0238516991583703e-16 0.35747713134185566 0.33723551816241493 0.020241613179440732 0.00019955794280101391
17500 0 0 0.50448359983636526 24.922047483135636 0.0012166497985613659 0.00019956238766604605 0.0012166497985613141 0.00019956238766604596 0.0012166497985613659 1.0268452754770378e-16 -1.0528314331472016e-16 9.3675067702859834e-21 1.8008915776636062e-16 -1.3721699681995934e-16 50.000000000000909 49.999999999999197 50.000000000000909 9.0949470177292824e-13 -8.0291329140891321e-13 1.000000000000002 1969.865651245753 8030.1343487422519 0.015735872274854807 0 0 0.72304955996845766 9.535261343562855e-18 0.99999999999999978 1.0271402868869406e-12 -1.0527862354281697e-12 7.3207719778556737e-17 0.35747768037097705 0.33723521834301801 0.020242462027959041 0.00019956238766604605
18000 0 0 0.50446862737493747 24.922058119369527 0.00121724047026713 0.00019957387774739054 0.0012172404702671933 0.00019957387774738989 0.00121724047026713 1.0848509590668539e-16 -1.1030898416932965e-16 -2.7755575615663047e-21 1.4527427387680595e-16 -6.7934524212081451e-17 50.000000000000973 49.99999999999914 50.000000000000973 9.7344354799133725e-13 -8.5975671026972122e-13 1.0000000000000007 1969.8656512456857 8030.134348741969 0.015735866015627934 0 0 0.72304894468303105 9.535607309948474e-18 0.99999999999999978 1.0851192991032099e-12 -1.1036362321761886e-12 3.9756942604420467e-18 0.35747728765776332 0.33723543504034798 0.020241852617415346 0.00019957387774739054
18500 0 0 0.50443350655279406 24.922083682653135 0.0012175744445832961 0.00019958276482596785 0.0012175744445833791 0.00019958276482596755 0.0012175744445832961 1.2319520403829741e-16 -1.1648078335217301e-16 -3.4694469519580446e-22 1.3055928544778252e-16 -6.244029990894979e-17 50.000000000001037 49.999999999999069 50.000000000001037 1.0373923942097463e-12 -9.3081098384573124e-13 1.0000000000000036 1969.8656512456096 8030.1343487417107 0.015735854961017454 0 0 0.72304763592187149 9.5361261191344496e-18 0.99999999999999978 1.232057858711959e-12 -1.1650158241545069e-12 4.3459054908737766e-18 0.35747636433203622 0.33723594170221005 0.020240422629826171 0.00019958276482596785
19000 0 0 0.50439389651336664 24.922112691642763 0.0012176497907951786 0.00019958253750122714 0.0012176497907950409 0.00019958253750122714 0.0012176497907951786 1.2864674603391177e-16 -1.2064273191574439e-16 -3.4694469519581165e-22 1.0090517171505233e-16 -1.0359195037204525e-16 50.000000000001108 49.999999999999005 50.000000000001108 1.1084466677857563e-12 -9.9475983006414026e-13 1.0000000000000002 1969.8656512455582 8030.1343487414633 0.015735843529613859 0 0 0.72304619848323493 9.5365538680925403e-18 0.99999999999999978 1.2864940232774392e-12 -1.2065406318619e-12 1.8317659784183636e-18 0.35747532205300775 0.33723651233594443 0.020238809717063322 0.00019958253750122714
19500 0 0 0.50436144384737935 24.922136565336615 0.001217532240868088 0.00019957444127088195 0.0012175322408680158 0.00019957444127088184 0.001217532240868088 1.228201568227986e-16 -1.2775232260970245e-16 -1.3877787807833064e-21 9.7132867648000895e-17 -1.4172330500125721e-16 50.00000000000118 49.999999999998941 50.00000000000118 1.1795009413617663e-12 -1.0587086762825493e-12 1.0000000000000018 1969.8656512454879 8030.1343487411496 0.015735834780907974 0 0 0.72304504370632849 9.5367194691234172e-18 0.99999999999999978 1.2276942700430681e-12 -1.2769705065908073e-12 3.3548283823056453e-18 0.3574744674926687 0.33723697932526658 0.020237488167402118 0.00019957444127088195
20000 0 0 0.50434211498323489 24.922150870890274 0.0012173158874662776 0.00019956394063863866 0.001217315887466344 0.0001995639406386391 0.0012173158874662776 1.238734809174168e-16 -1.2559675521845452e-16 5.5511151231333904e-21 8.0200734837049198e-17 -1.3589113977933984e-16 50.000000000001243 49.99999999999887 50.000000000001243 1.2434497875801753e-12 -1.1297629498585593e-12 1.0000000000000029 1969.8656512454295 8030.1343487409222 0.015735830075931927 0 0 0.72304437456713888 9.5367182559118656e-18 0.99999999999999978 1.238350784762976e-12 -1.2556008343505079e-12 6.8079230817513546e-17 0.35747395809766147 0.33723725711643437 0.020236700981227096 0.00019956394063863866
20500 0 0 0.50433653557951963 24.922155096381474 0.0012170891834008635 0.00019955566163008725 0.0012170891834007173 0.00019955566163008679 0.0012170891834008635 1.2772699564696155e-16 -1.254166909216524e-16 0 1.1188122039562519e-16 -1.3502847538865683e-16 50.000000000001307 49.999999999998806 50.000000000001307 1.3073986337985843e-12 -1.1937117960769683e-12 1.0000000000000013 1969.8656512453554 8030.134348740592 0.01573582928712864 0 0 0.72304420231782662 9.5365992890595092e-18 0.99999999999999978 1.2769946776421042e-12 -1.2541728587741816e-12 -2.4061253975819365e-17 0.3574738106894062 0.33723733701250713 0.020236473676899069 0.00019955566163008725
21000 0 0 0.50434159226452924 24.922151489117734 0.0012169138160945704 0.00019955125753494713 0.0012169138160944564 0.00019955125753494727 0.0012169138160945704 1.3509575402823109e-16 -1.3794243525231313e-16 -1.0061396160679996e-20 1.4030556583634495e-16 -1.7949450492339481e-16 50.000000000001371 49.999999999998735 50.000000000001371 1.3713474800169934e-12 -1.2647660696529783e-12 1.0000000000000013 1969.8656512452958 8030.1343487403183 0.015735831322375111 0 0 0.72304440688881855 9.5364274931219056e-18 0.99999999999999978 1.3512319516384598e-12 -1.3791691922896407e-12 -8.6773325687854682e-17 0.35747394348167938 0.33723726397651105 0.020236679505168331 0.00019955125753494713
21500 0 0 0.50435246852419824 24.922143566205854 0.0012168177410923423 0.00019955015362338837 0.0012168177410921777 0.00019955015362338853 0.0012168177410923423 1.3727456671406533e-16 -1.4222963085085279e-16 7.9797279895050697e-21 1.5795751643971808e-16 -1.9163422886436252e-16 50.000000000001442 49.999999999998678 50.000000000001442 1.4424017535930034e-12 -1.3216094885137863e-12 1.0000000000000004 1969.8656512452233 8030.1343487400354 0.015735834724569676 0 0 0.72304481112271235 9.5362682879905963e-18 0.99999999999999978 1.3726132860533702e-12 -1.4220570522350323e-12 5.0042469530686995e-17 0.35747422969136172 0.33723710734334289 0.020237122348018832 0.00019955015362338837
22000 0 0 0.50436444620729692 24.922134790126954 0.0012167992956380849 0.00019955108713271241 0.0012167992956379232 0.0001995510871327123 0.0012167992956380849 1.3856867042715047e-16 -1.4266574033271866e-16 5.2041704279382598e-21 2.1347464863973556e-16 -1.6509927965066194e-16 50.000000000001506 49.9999999999986 50.000000000001506 1.5063505998114124e-12 -1.3997691894473974e-12 1.0000000000000002 1969.8656512451651 8030.1343487398362 0.015735838167259271 0 0 0.72304524517341162 9.5361561399740323e-18 0.99999999999999978 1.3859687052577898e-12 -1.4258073617167549e-12 -8.7900957652109339e-18 0.35747454504451448 0.33723693496597884 0.020237610078535639 0.00019955108713271241
22500 0 0 0.50437408558481323 24.922127696650456 0.0012168374991763924 0.00019955299638555721 0.0012168374991764713 0.00019955299638555745 0.0012168374991763924 1.4500067813139174e-16 -1.422660600438577e-16 -1.2490009027052234e-20 2.6525985171194025e-16 -1.3516822111688777e-16 50.000000000001585 49.999999999998522 50.000000000001585 1.5845103007450234e-12 -1.4779288903810084e-12 1.000000000000002 1969.8656512450996 8030.1343487394779 0.015735840752703876 0 0 0.7230455877329327 9.5361055418552102e-18 0.99999999999999978 1.4500626177996693e-12 -1.4228475981366036e-12 -1.1906621791849877e-16 0.35747479891126999 0.33723679629271341 0.020238002618556572 0.00019955299638555721
23000 0 0 0.50437968583036774 24.922123550060054 0.0012169038190062834 0.00019955514839082103 0.0012169038190064021 0.0001995551483908219 0.0012169038190062834 1.4732277897634309e-16 -1.4627639377563223e-16 0 2.067133944444572e-16 -1.6416045919015893e-16 50.000000000001663 49.999999999998444 50.000000000001663 1.6626700016786344e-12 -1.5560885913146194e-12 1.0000000000000002 1969.8656512450286 8030.1343487391932 0.01573584210076396 0 0 0.72304578113317897 9.5361067866243272e-18 0.99999999999999978 1.4725513560124626e-12 -1.4623556001240417e-12 -2.084441032832705e-17 0.35747494646018946 0.33723671576458919 0.020238230695600268 0.00019955514839082103
23500 0 0 0.50438114604516326 24.922122439515977 0.0012169719516187448 0.00019955701150450048 0.0012169719516188628 0.00019955701150450026 0.0012169719516187448 1.5589821100750591e-16 -1.4815197679786663e-16 5.551115123134722e-21 1.8515457144833659e-16 -1.727930840640356e-16 50.000000000001741 49.999999999998366 50.000000000001741 1.7408297026122455e-12 -1.6342482922482304e-12 1.0000000000000009 1969.8656512449556 8030.1343487389186 0.015735842275038135 0 0 0.72304582508844728 9.5361419546250188e-18 0.99999999999999978 1.5592209596258588e-12 -1.4810231288556175e-12 3.459556515651589e-17 0.35747498500321001 0.33723669481467344 0.020238290188536567 0.00019955701150450048
24000 0 0 0.50437946140559253 24.922123645345778 0.0012170238145346091 0.00019955822181441955 0.0012170238145347329 0.00019955822181441917 0.0012170238145346091 1.5719162083120011e-16 -1.5916504225747456e-16 -2.775557561567428e-21 1.8724883691451419e-16 -2.0758716912720938e-16 50.000000000001819 49.999999999998295 50.000000000001819 1.8189894035458565e-12 -1.7053025658242404e-12 1.0000000000000002 1969.8656512448918 8030.1343487387367 0.015735841619390782 0 0 0.72304575776913094 9.5361928027850638e-18 0.99999999999999978 1.5715973445166783e-12 -1.5918375287496529e-12 -1.0520806764623211e-18 0.35747494072425734 0.33723671911107689 0.020238221613180452 0.00019955822181441955
24500 0 0 0.50437610485450834 24.922126091590449 0.0012170514712962748 0.00019955864377982062 0.0012170514712963858 0.00019955864377982135 0.0012170514712962748 1.6387724510763188e-16 -1.6399520630399852e-16 -6.9388939039188338e-21 1.5019119151042163e-16 -2.1823192955922327e-16 50.000000000001904 49.999999999998202 50.000000000001904 1.9042545318370685e-12 -1.7976731214730535e-12 1.0000000000000004 1969.8656512448251 8030.1343487384092 0.015735840576768408 0 0 0.7230456332716213 9.5362412217950137e-18 0.99999999999999978 1.6392979639708064e-12 -1.6405003779307162e-12 -1.0612669633507553e-16 0.35747485239540006 0.33723676745028369 0.020238084945116364 0.00019955864377982062
25000 0 0 0.50437249096999193 24.922128740054983 0.0012170558236370538 0.00019955838941313787 0.0012170558236370989 0.00019955838941313809 0.0012170558236370538 1.6906302746673354e-16 -1.6778418932024124e-16 6.2450045135272424e-21 1.7745734336781261e-16 -2.0852823897307409e-16 50.00000000000199 49.99999999999811 50.00000000000199 1.9895196601282805e-12 -1.8900436771218665e-12 1.0000000000000013 1969.8656512447683 8030.134348738161 0.015735839542736912 0 0 0.72304550246389865 9.5362821142868001e-18 0.99999999999999978 1.6910777250333623e-12 -1.6774034621565303e-12 4.7196694734257671e-17 0.35747475725964645 0.33723681947227913 0.020237937787367322 0.00019955838941313787
25500 0 0 0.50436963231396081 24.922130844181087 0.001217043461828404 0.00019955773593529952 0.001217043461828531 0.00019955773593529982 0.001217043461828404 1.6478832187722877e-16 -1.6577884898201328e-16 -6.9388939039193544e-21 1.6707712857845881e-16 -1.7840608843718915e-16 50.000000000002075 49.999999999998025 50.000000000002075 2.0747847884194925e-12 -1.9753088054130785e-12 1.000000000000002 1969.8656512446989 8030.1343487378872 0.015735838779741475 0 0 0.72304540100210579 9.5362962673839935e-18 0.99999999999999978 1.6480064925564197e-12 -1.6577471071755646e-12 -1.0566447795170193e-16 0.35747468198223609 0.33723686060703362 0.020237821375202469 0.00019955773593529952
26000 0 0 0.50436801265105802 24.922132044083348 0.0012170230895641979 0.00019955699111846766 0.0012170230895643338 0.00019955699111846802 0.0012170230895641979 1.6911264055815579e-16 -1.6870914387764286e-16 -9.0205620750953982e-21 2.0451652283851565e-16 -1.5419639031005974e-16 50.00000000000216 49.999999999997918 50.00000000000216 2.1600499167107046e-12 -2.0818902157770935e-12 1.0000000000000038 1969.8656512446378 8030.1343487376007 0.015735838393879938 0 0 0.72304534521574482 9.5362934610482255e-18 0.99999999999999978 1.6913023715911524e-12 -1.68661586026343e-12 -6.3750730203101847e-17 0.35747463931057166 0.33723688389867873 0.020237755411892933 0.00019955699111846766
26500 0 0 0.50436763776828697 24.922132330957485 0.0012170025871674022 0.00019955638531067135 0.001217002587167274 0.00019955638531067173 0.0012170025871674022 1.7339601976505215e-16 -1.717914005497707e-16 -9.0205620750957548e-21 2.493942815710279e-16 -1.6554599169879091e-16 50.000000000002245 49.99999999999784 50.000000000002245 2.2453150450019166e-12 -2.1600499167107046e-12 1.0000000000000016 1969.8656512445607 8030.1343487372369 0.015735838359417085 0 0 0.72304533431172224 9.536279877019347e-18 0.99999999999999978 1.7343772904282733e-12 -1.7180957923175998e-12 -6.6585240820267536e-17 0.35747462940873731 0.33723688927196027 0.020237740136777038 0.00019955638531067135
27000 0 0 0.50436819210240857 24.922131933207105 0.0012169872598009927 0.00019955602924227064 0.0012169872598008539 0.00019955602924227032 0.0012169872598009927 1.7103783667181131e-16 -1.7500063898034005e-16 -2.0816681711760198e-21 2.4387492920044412e-16 -2.0340111518410338e-16 50.000000000002338 49.999999999997755 50.000000000002338 2.3376856006507296e-12 -2.2453150450019166e-12 1.0000000000000007 1969.8656512444932 8030.1343487369568 0.015735838568975164 0 0 0.72304535624161725 9.5362617805196561e-18 0.99999999999999978 1.7101961121167548e-12 -1.7502249242972457e-12 -2.0872337948794203e-17 0.35747464397781892 0.33723688127540857 0.020237762702410345 0.00019955602924227064
27500 0 0 0.5043692260089615 24.922131179377228 0.0012169793284178506 0.00019955592775983336 0.0012169793284179174 0.00019955592775983363 0.0012169793284178506 1.6819740045224718e-16 -1.760307177803828e-16 -9.0205620750963838e-21 2.3463683158166038e-16 -2.2436197716735368e-16 50.000000000002423 49.999999999997648 50.000000000002423 2.4229507289419416e-12 -2.3518964553659316e-12 1.0000000000000022 1969.8656512444365 8030.1343487367485 0.015735838888067691 0 0 0.72304539451609351 9.5362519167126043e-18 0.99999999999999978 1.6821577767858863e-12 -1.7601200512818056e-12 -7.8476181052447775e-17 0.35747467118432169 0.33723686638429234 0.020237804800029346 0.00019955592775983336
28000 0 0 0.50437031549944777 24.922130380723011 0.001216978381203778 0.00019955601908319706 0.0012169783812038817 0.00019955601908319706 0.001216978381203778 1.7059166579380048e-16 -1.7636586635594794e-16 4.1633363423523135e-21 2.3675415944357409e-16 -2.5079241691094172e-16 50.000000000002515 49.999999999997556 50.000000000002515 2.5153212845907547e-12 -2.4442670110147446e-12 1.0000000000000027 1969.8656512443752 8030.1343487364884 0.01573583919856986 0 0 0.72304543390532539 9.5362420565771469e-18 0.99999999999999978 1.7062409428574662e-12 -1.7633518953243503e-12 2.9780140651387557e-17 0.35747469986565772 0.33723685070130327 0.020237849164354449 0.00019955601908319706
28500 0 0 0.50437116256707415 24.922129757048143 0.0012169823506763267 0.00019955621506284298 0.0012169823506761274 0.00019955621506284295 0.0012169823506763267 1.7092022242015696e-16 -1.7426338150306597e-16 1.1796119636665292e-20 1.9439828537515373e-16 -2.4334970557383493e-16 50.000000000002601 49.999999999997456 50.000000000002601 2.6005864128819667e-12 -2.5437429940211587e-12 1.0000000000000022 1969.8656512442972 8030.1343487361746 0.015735839423626587 0 0 0.72304546393110081 9.5362382158023316e-18 0.99999999999999978 1.7091327269911812e-12 -1.7423741960403825e-12 1.4206372217234897e-16 0.35747472217288673 0.33723683851350827 0.020237883659378453 0.00019955621506284298
29000 0 0 0.50437163000020824 24.922129410540403 0.0012169885917707036 0.00019955643157229845 0.0012169885917708266 0.00019955643157229834 0.0012169885917707036 1.7127306517517713e-16 -1.7703928600933547e-16 4.8572257327446962e-21 1.225150593993845e-16 -2.3780036313311104e-16 50.000000000002686 49.999999999997357 50.000000000002686 2.6858515411731787e-12 -2.6432189770275727e-12 1.0000000000000027 1969.8656512442467 8030.134348735859 0.015735839533735054 0 0 0.72304547998449498 9.5362393737711666e-18 0.99999999999999978 1.7129616951783902e-12 -1.7708689536190411e-12 -5.3980912787765155e-18 0.35747473448919526 0.33723683179269082 0.02023790269650444 0.00019955643157229845
29500 0 0 0.50437172341263048 24.922129338446762 0.0012169947513924434 0.00019955660704824309 0.0012169947513925815 0.00019955660704824304 0.0012169947513924434 1.7228440896167942e-16 -1.7617539371830325e-16 -3.4694469519606147e-22 1.1693247966749149e-16 -1.7388720095094309e-16 50.000000000002771 49.999999999997272 50.000000000002771 2.7711166694643907e-12 -2.7284841053187847e-12 1.0000000000000022 1969.8656512441771 8030.1343487356653 0.0157358395386578 0 0 0.72304548256739021 9.5362437603486564e-18 0.99999999999999978 1.7230168031120391e-12 -1.7617121615145191e-12 -2.2228119578473498e-18 0.35747473695843557 0.33723683045521602 0.020237906503219549 0.00019955660704824309
29999 0 0 0.50437153413118729 24.922129474513497 0.001216999553356536 0.00019955671673307763 0.0012169995533566685 0.00019955671673307755 0.001216999553356536 1.6665210877987132e-16 -1.7643525529501014e-16 -4.1633363423528566e-21 1.2442452626929572e-16 -1.5324325582443999e-16 50.000000000002849 49.999999999997186 50.000000000002849 2.8492763703980017e-12 -2.8137492336099967e-12 1.0000000000000013 1969.8656512441041 8030.1343487354061 0.015735839468586352 0 0 0.72304547513396833 9.5362493062442676e-18 0.99999999999999978 1.6662612045403484e-12 -1.7642388879144679e-12 -5.7264567154668752e-17 0.3574747319828816 0.33723683318506897 0.020237898797812626 0.00019955671673307763
