# 1:passo  2:R0  3:|a2|/R0  4:|a4|/R0  5:|a8|/R0  6:rmin  7:rmax
0 24.99530979 9.196997287e-17 9.52226216e-05 8.27724819e-05 24.98429581 25.00965244
500 24.8015497 6.334887828e-17 0.0005021856034 0.0003140901873 24.77809159 24.81533676
1000 24.80785895 5.061236187e-17 0.0009036150358 1.095867927e-05 24.78439804 24.83236446
1500 24.81530778 1.759281361e-16 2.402542653e-05 5.220287972e-05 24.8101688 24.82134575
2000 24.85740106 1.791346137e-16 0.0003219813404 3.29835965e-05 24.84579305 24.86869556
2500 24.88069863 8.960369196e-17 0.0004202581708 5.1243632e-05 24.86651084 24.89406944
3000 24.88648398 9.571489067e-17 0.0002866297058 4.841503647e-05 24.87568516 24.89661602
3500 24.87722757 2.306829434e-16 0.0001790469971 4.808828435e-05 24.86892829 24.88467199
4000 24.86285828 2.355427644e-16 0.0001033955278 4.647940955e-05 24.85637112 24.86906144
4500 24.85014488 1.139469046e-16 4.082678509e-05 4.605743558e-05 24.84514497 24.85649644
5000 24.84252777 4.929600085e-17 1.971371065e-05 4.613966798e-05 24.83893907 24.849612
5500 24.8401927 1.582410559e-16 6.392245257e-05 4.626113039e-05 24.83555482 24.84786136
6000 24.84159836 6.90530841e-17 7.799612606e-05 4.630199574e-05 24.8365987 24.84948918
6500 24.84482517 6.497397134e-17 6.19231029e-05 4.633145465e-05 24.84018396 24.85254266
7000 24.84833982 1.502901956e-16 2.809326416e-05 4.637642456e-05 24.84448945 24.85563682
7500 24.85120651 2.898039337e-17 7.529125205e-06 4.644831413e-05 24.84695584 24.8580461
8000 24.85300431 6.843756811e-17 3.334671061e-05 4.654802632e-05 24.84815536 24.85950736
8500 24.85368563 5.218417497e-17 4.512458137e-05 4.657866345e-05 24.84856458 24.86003287
9000 24.85344958 1.072615451e-16 4.452932674e-05 4.655593924e-05 24.84834351 24.85980166
9500 24.85263688 5.271898348e-17 3.623760144e-05 4.650504276e-05 24.84772428 24.85909361
10000 24.85162453 6.609086847e-17 2.526427585e-05 4.64490354e-05 24.84696751 24.85822063
10500 24.85072993 1.566176469e-16 1.540991479e-05 4.640362586e-05 24.84630228 24.85745131
11000 24.85014668 3.523808691e-17 8.763008294e-06 4.637996231e-05 24.84587356 24.8569528
11500 24.84992786 8.015815453e-17 5.865087493e-06 4.638110156e-05 24.84572181 24.85677147
12000 24.85001342 2.101093785e-16 6.178521622e-06 4.638559272e-05 24.84579976 24.85685396
12500 24.8502813 2.006853871e-16 8.557066882e-06 4.639187959e-05 24.84601207 24.85709247
13000 24.8506009 2.275632747e-16 1.171713085e-05 4.640913505e-05 24.84625793 24.85737244
13500 24.8508717 1.08181432e-16 1.46153999e-05 4.642289644e-05 24.84646123 24.85760653
14000 24.85103973 2.421698867e-16 1.660217296e-05 4.643074e-05 24.84658309 24.85774912
14500 24.851096 8.523737924e-17 1.746672526e-05 4.643262626e-05 24.84661937 24.85779405
15000 24.85106345 9.776026855e-17 1.735295572e-05 4.643007998e-05 24.8465896 24.8577626
15500 24.85098008 8.921391041e-17 1.660999227e-05 4.642524253e-05 24.84652362 24.85768844
16000 24.85088417 3.181600252e-16 1.563590234e-05 4.642011101e-05 24.84645042 24.85760479
16500 24.85080439 1.843353372e-16 1.475819153e-05 4.641608752e-05 24.84639107 24.85753616
17000 24.85075579 2.150390432e-16 1.417151616e-05 4.64138304e-05 24.84635609 24.85749509
17500 24.85074049 2.180924854e-16 1.393080437e-05 4.641333479e-05 24.84634636 24.85748294
18000 24.8507514 2.133313871e-16 1.398334871e-05 4.641414912e-05 24.84635601 24.85749329
18500 24.85077708 1.918450148e-16 1.421832031e-05 4.641563393e-05 24.8463762 24.85751605
19000 24.85080607 1.169681066e-16 1.451479281e-05 4.641718673e-05 24.84639828 24.8575413
19500 24.85082984 6.194236202e-17 1.477624959e-05 4.641838548e-05 24.84641596 24.85756175
20000 24.850844 1.185985264e-16 1.494722758e-05 4.641903875e-05 24.84642615 24.85757372
20500 24.85084811 6.203555994e-17 1.501386322e-05 4.641915914e-05 24.84642871 24.85757695
21000 24.85084442 2.145205084e-16 1.499362019e-05 4.641889231e-05 24.84642551 24.85757349
21500 24.85083646 1.734360374e-16 1.492043521e-05 4.64184351e-05 24.84641926 24.85756644
22000 24.85082769 1.387536515e-16 1.483058361e-05 4.641796792e-05 24.84641259 24.8575588
22500 24.85082063 1.281988326e-16 1.475262084e-05 4.641761393e-05 24.84640734 24.85755274
23000 24.85081653 1.344601615e-16 1.470261741e-05 4.641742646e-05 24.8464044 24.85754927
23500 24.85081546 5.199155109e-17 1.468416118e-05 4.641739852e-05 24.84640375 24.85754844
24000 24.85081669 5.602610237e-17 1.469155856e-05 4.641748452e-05 24.84640481 24.85754959
24500 24.85081914 7.709423849e-17 1.471436151e-05 4.64176247e-05 24.84640673 24.85755176
25000 24.85082179 1.743587882e-16 1.474162131e-05 4.641776518e-05 24.84640874 24.85755406
25500 24.85082388 2.440973483e-16 1.47648659e-05 4.641786979e-05 24.84641029 24.85755586
26000 24.85082507 3.100310489e-16 1.477945657e-05 4.641792356e-05 24.84641114 24.85755686
26500 24.85082534 2.689517322e-16 1.4784511e-05 4.64179295e-05 24.8464113 24.85755707
27000 24.85082494 2.271677974e-16 1.478188686e-05 4.64179019e-05 24.84641096 24.85755669
27500 24.85082418 1.530544498e-16 1.477479815e-05 4.641785895e-05 24.84641037 24.85755603
28000 24.85082338 5.308709931e-17 1.476654135e-05 4.641781675e-05 24.84640976 24.85755533
28500 24.85082276 2.519098474e-16 1.475962201e-05 4.641778588e-05 24.8464093 24.8575548
29000 24.85082242 1.232420556e-16 1.47553735e-05 4.641777052e-05 24.84640906 24.85755451
29500 24.85082235 2.867563848e-16 1.47540026e-05 4.641776947e-05 24.84640902 24.85755446
29999 24.85082249 4.028209031e-17 1.47549443e-05 4.641777872e-05 24.84640914 24.85755459
