# 1:passo  2:raio_area  3:raio_grad  4:raio_linha  5:p_in  6:p_out  7:delta_p  8:sigma  9:|u-v0|max  10:|u-v0|rms  11:Ca  12:massa_R  13:massa_B  14:|q|  15:sd_p_in  16:sd_p_out  17:sigma_2pontos  18:K_perfil  19:r_perfil  20:espessura_10_90  21:residuo_ajuste  22:n_camadas
0 25.04052139 25.08111096 25 0.3333333333 0.3333333333 -2.220446049e-16 -5.560112678e-15 2.501853777e-17 7.397492275e-18 0 1969.865651 8030.134349 1.758524058e-16 2.731879552e-08 0 -1.387778781e-15 1.273345395 25.01411833 3.451105388 0.08159937045 12
500 24.84502576 24.86140115 24.76749686 0.3381873852 0.332751533 0.005435852201 0.1350538879 0.008767549193 0.003239362506 0.01081981586 1969.865651 8030.134349 4.021634141e-14 0.0002531637973 0.0002737869458 0.1354047626 1.294117229 24.81844877 3.395711809 0.0612394491 12
1000 24.73622938 24.74983638 24.66688952 0.3421294044 0.3313150089 0.01081439555 0.2675073689 0.009028808437 0.003425205475 0.005625270857 1969.865651 8030.134349 4.160155693e-14 6.770801447e-05 0.0002126117608 0.2675551601 1.291510172 24.71211037 3.402566428 0.07010939497 12
1500 24.67662344 24.68800145 24.60804398 0.3443321189 0.3304177605 0.01391435841 0.343359383 0.009240320899 0.002475583416 0.004485252361 1969.865651 8030.134349 5.663399815e-14 4.93635532e-05 0.0003589605175 0.3607671556 1.290701071 24.65055371 3.404699394 0.07697148048 12
2000 24.66080885 24.67076839 24.59254499 0.3449259244 0.3301962977 0.01472962664 0.363244507 0.00946309318 0.001597786751 0.004341929929 1969.865651 8030.134349 5.210308527e-14 8.201829179e-05 0.0003923521738 0.3831825528 1.290773447 24.63390108 3.404508487 0.07979518329 12
2500 24.67203415 24.68147514 24.60245783 0.3445388487 0.3304093105 0.01412953817 0.3486044484 0.00968997465 0.001485109008 0.004632745745 1969.865651 8030.134349 7.876865315e-14 6.778708527e-05 0.0002782388153 0.3623710186 1.291264606 24.64464819 3.403213513 0.07815632912 12
3000 24.69220755 24.70182818 24.62044819 0.3438071006 0.3307559853 0.01305111528 0.3222608472 0.009790123894 0.001596982368 0.005063250252 1969.865651 8030.134349 7.781981859e-14 3.184584014e-05 0.0001047147109 0.3270495119 1.291491862 24.66532978 3.40261467 0.07623975512 12
3500 24.70872796 24.71883334 24.63522758 0.3432042334 0.3310362569 0.01216797651 0.3006552214 0.009763849709 0.001567645809 0.005412539577 1969.865651 8030.134349 9.663978296e-14 1.845901048e-06 3.61874312e-05 0.2982756381 1.291692447 24.68238921 3.402086283 0.07423699095 12
4000 24.71677706 24.72734124 24.64256435 0.3429115651 0.3311719893 0.01173957573 0.290164476 0.009695918123 0.001487574316 0.005569208113 1969.865651 8030.134349 6.8941568e-14 1.374016938e-05 0.0001014014797 0.2843833861 1.291798449 24.69078257 3.401807114 0.07300443312 12
4500 24.71734634 24.72818128 24.64328337 0.3428899987 0.3311782584 0.01171174034 0.2894831422 0.009627054198 0.001454237253 0.005542668291 1969.865651 8030.134349 7.352335898e-14 1.497995836e-05 9.822578184e-05 0.2837334309 1.291806968 24.69146481 3.401784681 0.07265769827 12
5000 24.71391395 24.72482007 24.6404027 0.3430117257 0.3311142927 0.011897433 0.2940321355 0.009585136533 0.001456634612 0.005433157002 1969.865651 8030.134349 9.106119997e-14 9.524596611e-06 5.853765027e-05 0.2901921789 1.291762002 24.68798479 3.401903098 0.07289998624 12
5500 24.70982377 24.72067142 24.63686544 0.3431569086 0.331039288 0.0121176206 0.2994242695 0.009572403042 0.001459539114 0.005328227099 1969.865651 8030.134349 1.168928043e-13 3.159363753e-06 1.453684047e-05 0.2977525039 1.291709291 24.68378386 3.402041918 0.0733494927 12
6000 24.70703671 24.717782 24.63442052 0.3432559837 0.3309885344 0.01226744922 0.3030923182 0.009583758473 0.00145629396 0.005269988657 1969.865651 8030.134349 1.205186683e-13 2.111012694e-06 1.481901005e-05 0.3028686569 1.291673855 24.6808974 3.402135252 0.07372896685 12
6500 24.70603746 24.716698 24.63351995 0.3432916501 0.3309705989 0.01232105115 0.3044043511 0.009597409306 0.001453347356 0.005254748205 1969.865651 8030.134349 1.270070567e-13 3.566150228e-06 2.484825876e-05 0.3046806835 1.291565263 24.68035846 3.402421295 0.07478401456 12
7000 24.70636139 24.71697982 24.63377569 0.3432802472 0.3309767775 0.01230346965 0.3039739677 0.009607057726 0.001452961066 0.00526747833 1969.865651 8030.134349 1.823914456e-13 3.121502413e-06 2.092182178e-05 0.304060343 1.291664188 24.68015898 3.402160713 0.07394120768 12
7500 24.70723948 24.71785453 24.63452496 0.343249072 0.3309929675 0.0122561045 0.302814509 0.009610601839 0.001453390936 0.005289597841 1969.865651 8030.134349 2.161506773e-13 1.942446026e-06 1.127482513e-05 0.3024282604 1.291674676 24.68105484 3.402133089 0.07386283717 12
8000 24.70805268 24.71868566 24.63522879 0.3432201763 0.3310078908 0.01221228543 0.3017417918 0.009609413787 0.001453421979 0.005307746583 1969.865651 8030.134349 2.263436867e-13 1.33138535e-06 2.614874884e-06 0.3009231799 1.291684708 24.68189255 3.402106665 0.07376517664 12
8500 24.70850709 24.71916184 24.63562738 0.3432040365 0.3310162159 0.0121878206 0.3011428517 0.009606245643 0.00145318018 0.005316549708 1969.865651 8030.134349 2.181397743e-13 1.469852819e-06 2.715285628e-06 0.3000839584 1.291690495 24.68236516 3.402091422 0.07369652957 12
9000 24.70859429 24.71926411 24.63570863 0.3432009497 0.3310178079 0.01218314182 0.3010283083 0.009603351655 0.001453008674 0.005316970414 1969.865651 8030.134349 2.246682886e-13 1.535981616e-06 3.583419773e-06 0.2999240109 1.291691759 24.68246003 3.402088094 0.0736702682 12
9500 24.70845662 24.71913205 24.63559315 0.3432058484 0.3310152791 0.0121905693 0.3012101527 0.009601761107 0.001452956954 0.005312880404 1969.865651 8030.134349 2.436065001e-13 1.437314699e-06 2.193848828e-06 0.3001794204 1.291595918 24.68283922 3.40234054 0.07453992053 12
10000 24.7082575 24.7189314 24.63542193 0.343212925 0.3310116254 0.01220129966 0.3014728538 0.009601471245 0.00145294763 0.005308090555 1969.865651 8030.134349 2.1768294e-13 1.347679462e-06 1.087172012e-06 0.3005479757 1.291687756 24.68211752 3.402098637 0.0736968281 12
10500 24.70810598 24.71877528 24.63529019 0.3432183065 0.3310088462 0.01220946028 0.3016726387 0.009601966237 0.001452944691 0.005304848703 1969.865651 8030.134349 2.334713858e-13 1.328420209e-06 2.155639441e-06 0.3008281505 1.291685872 24.68196096 3.4021036 0.07371652475 12
11000 24.70803954 24.71870448 24.63523143 0.343220664 0.3310076278 0.01221303627 0.301760183 0.00960267122 0.001452949449 0.005303699075 1969.865651 8030.134349 2.40188784e-13 1.33411816e-06 2.802175382e-06 0.300950877 1.291685015 24.6818914 3.402105856 0.07372798777 12
11500 24.70804364 24.71870608 24.63523391 0.3432205156 0.3310077029 0.01221281275 0.3017547103 0.009603204876 0.001452960404 0.005304090015 1969.865651 8030.134349 2.454499323e-13 1.333360297e-06 2.760312796e-06 0.3009431802 1.291685031 24.68189464 3.402105814 0.0737306186 12
12000 24.70808263 24.71874453 24.6352671 0.3432191289 0.3310084175 0.01221071138 0.3017032656 0.009603436821 0.001452969322 0.005305122569 1969.865651 8030.134349 2.595626111e-13 1.329274797e-06 2.37597793e-06 0.3008710464 1.291685493 24.68193426 3.402104598 0.07372762859 12
12500 24.70812412 24.71878672 24.63530295 0.343217654 0.3310091782 0.01220847581 0.3016485356 0.00960341965 0.001452971868 0.005306075623 1969.865651 8030.134349 2.54117035e-13 1.328089373e-06 1.984194097e-06 0.3007943203 1.291686001 24.68197692 3.40210326 0.07372292147 12
13000 24.70815038 24.71881403 24.63532589 0.3432167216 0.3310096595 0.01220706215 0.3016139273 0.009603280272 0.001452969712 0.005306607445 1969.865651 8030.134349 2.666960315e-13 1.329237672e-06 1.751560502e-06 0.3007458078 1.29168633 24.68200414 3.402102392 0.07371920256 12
13500 24.70815827 24.71882274 24.635333 0.3432164418 0.3310098042 0.01220663757 0.301603533 0.009603133274 0.001452966243 0.005306709098 1969.865651 8030.134349 3.192568735e-13 1.329764176e-06 1.684817143e-06 0.3007312404 1.291686436 24.68201252 3.402102114 0.07371747793 12
14000 24.70815352 24.71881836 24.63532908 0.3432166113 0.3310097171 0.01220689421 0.3016098161 0.009603040965 0.001452963573 0.005306547539 1969.865651 8030.134349 3.476120689e-13 1.329615346e-06 1.725251115e-06 0.3007400505 1.291686384 24.68200781 3.402102252 0.0737174731 12
14500 24.70814411 24.71880894 24.63532101 0.3432169458 0.3310095447 0.01220740114 0.3016222265 0.009603013747 0.001452962298 0.005306314158 1969.865651 8030.134349 3.792018367e-13 1.328987431e-06 1.806071664e-06 0.3007574479 1.291686271 24.68199819 3.40210255 0.07371836031 12
15000 24.70813604 24.71880068 24.63531401 0.3432172324 0.3310093969 0.0122078355 0.3016328604 0.009603031058 0.001452962193 0.005306136653 1969.865651 8030.134349 3.788360084e-13 1.328600532e-06 1.877643107e-06 0.3007723537 1.291686171 24.68198988 3.402102812 0.07371935551 12
15500 24.70813189 24.7187963 24.63531036 0.3432173799 0.3310093207 0.01220805913 0.3016383352 0.009603064517 0.001452962734 0.005306058833 1969.865651 8030.134349 3.944001016e-13 1.328472773e-06 1.914620444e-06 0.3007800269 1.291686118 24.68198555 3.402102952 0.07372000981 12
16000 24.70813142 24.71879568 24.63530989 0.3432173966 0.3310093121 0.01220808453 0.3016389568 0.009603092997 0.001452963407 0.005306063634 1969.865651 8030.134349 4.258044117e-13 1.32837558e-06 1.91891981e-06 0.3007808974 1.29168611 24.68198501 3.402102971 0.07372022681 12
16500 24.70813304 24.71879726 24.63531126 0.3432173389 0.3310093417 0.01220799719 0.3016368187 0.009603107546 0.001452963879 0.005306109284 1969.865651 8030.134349 4.014350254e-13 1.328424775e-06 1.904291936e-06 0.3007778997 1.291686129 24.68198665 3.402102922 0.07372013094 12
17000 24.70813509 24.71879934 24.63531304 0.3432172658 0.3310093795 0.01220788633 0.3016341046 0.009603109082 0.001452964055 0.005306157877 1969.865651 8030.134349 3.904858934e-13 1.328346011e-06 1.885983823e-06 0.3007740952 1.291686154 24.68198876 3.402102856 0.07371991136 12
17500 24.70813656 24.71880085 24.63531431 0.3432172138 0.3310094063 0.01220780749 0.3016321745 0.009603103271 0.001452964006 0.00530618862 1969.865651 8030.134349 4.193244539e-13 1.328778857e-06 1.872521465e-06 0.3007713899 1.291686173 24.68199027 3.402102808 0.07371971529 12
18000 24.70813713 24.71880147 24.63531482 0.3432171934 0.3310094168 0.01220777666 0.3016314197 0.009603095973 0.00145296386 0.005306197865 1969.865651 8030.134349 4.144181032e-13 1.328620981e-06 1.867568652e-06 0.3007703321 1.29168618 24.68199088 3.402102788 0.07371960957 12
18500 24.70813701 24.71880137 24.63531473 0.3432171976 0.3310094147 0.01220778297 0.3016315742 0.009603090816 0.001452963723 0.005306192299 1969.865651 8030.134349 4.218087079e-13 1.328607689e-06 1.868761727e-06 0.3007705488 1.291686179 24.68199076 3.402102791 0.07371959276 12
19000 24.70813659 24.71880095 24.63531437 0.3432172128 0.3310094068 0.01220780598 0.3016321377 0.009603088823 0.001452963645 0.005306181284 1969.865651 8030.134349 3.932094683e-13 1.328525516e-06 1.8723835e-06 0.3007713388 1.291686174 24.68199033 3.402102804 0.07371962867 12
19500 24.70813617 24.71880052 24.63531401 0.3432172276 0.3310093992 0.01220782847 0.3016326882 0.009603089262 0.001452963628 0.005306171842 1969.865651 8030.134349 4.291807432e-13 1.328457002e-06 1.87635619e-06 0.3007721105 1.291686169 24.6819899 3.402102818 0.07371967755 12
20000 24.70813592 24.71880027 24.63531379 0.3432172364 0.3310093947 0.01220784172 0.3016330126 0.009603090785 0.00145296365 0.005306166978 1969.865651 8030.134349 4.442823301e-13 1.328476549e-06 1.87861878e-06 0.3007725651 1.291686166 24.68198964 3.402102826 0.07371971366 12
20500 24.70813586 24.7188002 24.63531374 0.3432172385 0.3310093936 0.0122078449 0.3016330905 0.009603092261 0.001452963683 0.005306166423 1969.865651 8030.134349 4.593788345e-13 1.328639366e-06 1.878868135e-06 0.3007726743 1.291686165 24.68198958 3.402102828 0.07371972875 12
21000 24.70813593 24.71880026 24.63531379 0.3432172363 0.3310093947 0.01220784161 0.3016330099 0.009603093125 0.001452963709 0.005306168319 1969.865651 8030.134349 4.21639979e-13 1.328437304e-06 1.878414493e-06 0.3007725612 1.291686166 24.68198964 3.402102826 0.07371972696 12
21500 24.70813602 24.71880036 24.63531387 0.3432172328 0.3310093965 0.01220783628 0.3016328793 0.009603093328 0.00145296372 0.005306170728 1969.865651 8030.134349 4.333702898e-13 1.328418943e-06 1.87760873e-06 0.3007723781 1.291686167 24.68198974 3.402102823 0.07371971714 12
22000 24.7081361 24.71880044 24.63531394 0.34321723 0.331009398 0.01220783201 0.3016327749 0.009603093107 0.00145296372 0.005306172443 1969.865651 8030.134349 4.153919192e-13 1.32842853e-06 1.876973727e-06 0.3007722318 1.291686168 24.68198983 3.402102821 0.07371970707 12
22500 24.70813614 24.71880048 24.63531397 0.3432172286 0.3310093986 0.01220783 0.3016327257 0.009603092755 0.001452963714 0.005306173113 1969.865651 8030.134349 3.665296252e-13 1.328651487e-06 1.876413466e-06 0.3007721629 1.291686168 24.68198986 3.402102819 0.0737197009 12
23000 24.70813614 24.71880048 24.63531397 0.3432172286 0.3310093987 0.01220782996 0.3016327247 0.009603092476 0.001452963707 0.005306172977 1969.865651 8030.134349 3.843513746e-13 1.32845163e-06 1.876681093e-06 0.3007721615 1.291686168 24.68198987 3.402102819 0.0737196992 12
23500 24.70813612 24.71880046 24.63531396 0.3432172293 0.3310093983 0.01220783096 0.301632749 0.009603092346 0.001452963702 0.005306172477 1969.865651 8030.134349 4.028100238e-13 1.328401661e-06 1.876402104e-06 0.3007721956 1.291686168 24.68198985 3.40210282 0.07371970049 12
24000 24.7081361 24.71880044 24.63531394 0.34321723 0.3310093979 0.01220783209 0.3016327768 0.009603092344 0.001452963701 0.005306171988 1969.865651 8030.134349 4.331162264e-13 1.328652107e-06 1.876719266e-06 0.3007722345 1.291686168 24.68198983 3.402102821 0.07371970282 12
24500 24.70813609 24.71880043 24.63531393 0.3432172305 0.3310093977 0.01220783284 0.3016327952 0.00960309241 0.001452963701 0.0053061717 1969.865651 8030.134349 4.453355876e-13 1.328539072e-06 1.877010485e-06 0.3007722603 1.291686168 24.68198981 3.402102821 0.07371970475 12
25000 24.70813608 24.71880042 24.63531392 0.3432172307 0.3310093976 0.0122078331 0.3016328015 0.009603092485 0.001452963703 0.005306171631 1969.865651 8030.134349 4.458802395e-13 1.328588195e-06 1.876698291e-06 0.3007722691 1.291686168 24.68198981 3.402102821 0.07371970571 12
25500 24.70813609 24.71880042 24.63531393 0.3432172306 0.3310093976 0.012207833 0.301632799 0.009603092534 0.001452963704 0.005306171702 1969.865651 8030.134349 4.465135836e-13 1.328425984e-06 1.877105809e-06 0.3007722656 1.291686168 24.68198981 3.402102821 0.07371970579 12
26000 24.70813609 24.71880043 24.63531393 0.3432172305 0.3310093977 0.01220783275 0.3016327929 0.00960309255 0.001452963705 0.005306171818 1969.865651 8030.134349 4.439066038e-13 1.328516392e-06 1.876920868e-06 0.3007722571 1.291686168 24.68198981 3.402102821 0.07371970537 12
26500 24.70813609 24.71880043 24.63531393 0.3432172303 0.3310093978 0.01220783252 0.3016327874 0.009603092543 0.001452963705 0.005306171911 1969.865651 8030.134349 4.435668343e-13 1.328532113e-06 1.877124303e-06 0.3007722494 1.291686168 24.68198982 3.402102821 0.07371970487 12
27000 24.7081361 24.71880043 24.63531394 0.3432172302 0.3310093978 0.0122078324 0.3016327844 0.009603092527 0.001452963705 0.005306171954 1969.865651 8030.134349 4.57810427e-13 1.328565944e-06 1.877155495e-06 0.3007722452 1.291686168 24.68198982 3.402102821 0.07371970452 12
27500 24.7081361 24.71880044 24.63531394 0.3432172302 0.3310093978 0.01220783238 0.3016327839 0.009603092512 0.001452963705 0.005306171955 1969.865651 8030.134349 4.697197104e-13 1.328581408e-06 1.876929327e-06 0.3007722445 1.291686168 24.68198982 3.402102821 0.07371970439 12
28000 24.7081361 24.71880043 24.63531394 0.3432172302 0.3310093978 0.01220783242 0.3016327849 0.009603092504 0.001452963704 0.005306171934 1969.865651 8030.134349 4.621801249e-13 1.328510988e-06 1.876973526e-06 0.3007722458 1.291686168 24.68198982 3.402102821 0.07371970443 12
28500 24.70813609 24.71880043 24.63531393 0.3432172303 0.3310093978 0.01220783248 0.3016327862 0.009603092503 0.001452963704 0.005306171909 1969.865651 8030.134349 4.706860749e-13 1.328449347e-06 1.877018385e-06 0.3007722477 1.291686168 24.68198982 3.402102821 0.07371970454 12
29000 24.70813609 24.71880043 24.63531393 0.3432172303 0.3310093978 0.01220783252 0.3016327872 0.009603092506 0.001452963704 0.005306171893 1969.865651 8030.134349 4.514068183e-13 1.328658584e-06 1.877138169e-06 0.3007722492 1.291686168 24.68198982 3.402102821 0.07371970464 12
29500 24.70813609 24.71880043 24.63531393 0.3432172303 0.3310093978 0.01220783253 0.3016327877 0.009603092509 0.001452963704 0.005306171887 1969.865651 8030.134349 4.418442813e-13 1.3284252e-06 1.876908585e-06 0.3007722498 1.291686168 24.68198982 3.402102821 0.0737197047 12
29999 24.70813609 24.71880043 24.63531393 0.3432172303 0.3310093978 0.01220783253 0.3016327876 0.009603092512 0.001452963704 0.005306171889 1969.865651 8030.134349 3.953987762e-13 1.328662381e-06 1.877077096e-06 0.3007722497 1.291686168 24.68198982 3.402102821 0.07371970471 12
