# 1:passo  2:raio_area  3:raio_grad  4:raio_linha  5:p_in  6:p_out  7:delta_p  8:sigma  9:|u-v0|max  10:|u-v0|rms  11:Ca  12:massa_R  13:massa_B  14:|q|  15:sd_p_in  16:sd_p_out  17:sigma_2pontos  18:K_perfil  19:r_perfil  20:espessura_10_90  21:residuo_ajuste  22:n_camadas
0 25.04052139 25.08111096 25 0.3333333333 0.3333333333 -2.220446049e-16 -5.560112678e-15 2.501853777e-17 7.242589968e-18 0 1969.865651 8030.134349 8.929960822e-17 2.757162267e-08 0 0 1.273345395 25.01411833 3.451105388 0.08159937045 12
500 24.97542261 25.00468091 24.92767403 0.3349091185 0.3331215987 0.001787519788 0.04464406213 0.001485061688 0.0009912042253 0.005544080657 1969.865651 8030.134349 6.568415771e-14 9.012085923e-05 8.635537771e-05 0.04392356981 1.295874233 24.95080954 3.391107749 0.07194107124 12
1000 24.93810054 24.96639273 24.88912799 0.3362576373 0.3326315728 0.003626064468 0.09042716029 0.001485661845 0.001053813645 0.002738229385 1969.865651 8030.134349 8.255691135e-14 2.209579987e-05 8.016892664e-05 0.09113506865 1.295834812 24.91233745 3.391210911 0.07333594792 12
1500 24.91790403 24.9453914 24.8687908 0.3369940554 0.3323332638 0.004660791575 0.1161371572 0.0009296048088 0.0006659632361 0.001334061712 1969.865651 8030.134349 7.538274122e-14 1.898628101e-05 0.0001337962884 0.1225715822 1.295984728 24.89088961 3.390818627 0.07506104987 12
2000 24.91326026 24.94025369 24.86394732 0.3371644909 0.3322698679 0.004894622983 0.1219410162 0.0006576575069 0.0002287086185 0.0008988737986 1969.865651 8030.134349 1.373099904e-13 2.848241408e-05 0.0001379853179 0.1290129522 1.296153358 24.88595408 3.39037748 0.07557078778 12
2500 24.91790621 24.94474544 24.86800111 0.3370048756 0.3323553451 0.004649530417 0.1158565628 0.0007876526539 0.0001862208214 0.001133085939 1969.865651 8030.134349 1.695404922e-13 2.15869061e-05 9.019784209e-05 0.1204696548 1.296206008 24.8906546 3.390239767 0.07551632312 12
3000 24.92518983 24.95212043 24.87462015 0.3367478726 0.3324813141 0.004266558476 0.1063447799 0.0008537185128 0.0002689306016 0.001337972761 1969.865651 8030.134349 1.862043962e-13 8.914621373e-06 2.607852767e-05 0.1076350224 1.296189218 24.8981521 3.390283681 0.07517302475 12
3500 24.93072931 24.95784607 24.87974089 0.3365515973 0.332576037 0.003975560306 0.09911361785 0.0008229412671 0.0002289409193 0.001383834844 1969.865651 8030.134349 2.446142286e-13 9.907691841e-07 2.140010985e-05 0.09794819501 1.296149539 24.90390077 3.390387468 0.07482045719 12
4000 24.93306836 24.96034716 24.88198827 0.3364684017 0.3326151384 0.003853263363 0.09607367883 0.0007647599632 0.0001527220579 0.001326690051 1969.865651 8030.134349 2.723682961e-13 5.226725753e-06 3.943997304e-05 0.09394332556 1.296115362 24.90636084 3.390476869 0.07461140752 12
4500 24.93281254 24.96017635 24.8818634 0.3364765382 0.3326089145 0.003867623727 0.09643073737 0.0007273384992 0.0001250734243 0.001257100034 1969.865651 8030.134349 2.812409937e-13 4.997105317e-06 3.352749439e-05 0.09455608498 1.296097896 24.90613131 3.39052256 0.07456398724 12
5000 24.93134995 24.958725 24.88060057 0.3365270512 0.3325816824 0.003945368727 0.09836336839 0.000713571898 0.0001340915671 0.001209074594 1969.865651 8030.134349 2.945071472e-13 2.714921099e-06 1.683464163e-05 0.09730395216 1.296096629 24.90463592 3.390525872 0.07461978604 12
5500 24.9298886 24.95723253 24.87929609 0.3365777171 0.3325549086 0.004022808529 0.1002881685 0.0007124918502 0.0001353130891 0.001184074288 1969.865651 8030.134349 3.15571521e-13 4.044573667e-07 1.145435758e-06 0.1000083216 1.296104596 24.90312526 3.390505032 0.07470586267 12
6000 24.92904409 24.95634795 24.87852281 0.3366070686 0.3325395677 0.004067500956 0.1013989107 0.0007177154391 0.0001289964669 0.001179689595 1969.865651 8030.134349 3.379017468e-13 9.89537317e-07 7.7779036e-06 0.1015593946 1.296114023 24.90224351 3.390480371 0.07477193401 12
6500 24.92887322 24.956149 24.87834931 0.3366130603 0.3325365609 0.004076499399 0.1016225367 0.0007249818587 0.0001252878026 0.001189010959 1969.865651 8030.134349 3.657433182e-13 1.278676371e-06 9.384783757e-06 0.1018646974 1.296120149 24.90205717 3.390464346 0.07480016749 12
7000 24.92912231 24.95638788 24.87855819 0.3366044574 0.3325411971 0.004063260281 0.1012935125 0.0007303786515 0.0001252597334 0.001201752928 1969.865651 8030.134349 3.903031017e-13 8.941848302e-07 6.558514691e-06 0.101397163 1.296121942 24.90230848 3.390459658 0.07479701589 12
7500 24.92948404 24.95675286 24.87887673 0.3365919237 0.3325478541 0.004044069521 0.1008165666 0.0007321890696 0.0001256594434 0.00121043114 1969.865651 8030.134349 4.291238914e-13 3.365552337e-07 2.603277314e-06 0.1007248412 1.296120732 24.90268065 3.390462821 0.07477891892 12
8000 24.9297523 24.95702994 24.87911812 0.336582623 0.3325527767 0.004029846248 0.1004630688 0.0007312268212 0.000125418236 0.00121309391 1969.865651 8030.134349 4.477640042e-13 1.771651778e-07 4.62913842e-07 0.1002275742 1.296118475 24.90295921 3.390468726 0.07476064906 12
8500 24.92985967 24.95714533 24.87921825 0.3365789004 0.332554744 0.004024156391 0.1003216541 0.0007292666874 0.0001250989575 0.001211547486 1969.865651 8030.134349 4.847035434e-13 3.171026607e-07 1.525103377e-06 0.1000289015 1.296116615 24.9030725 3.390473591 0.07474992965 12
9000 24.92983872 24.95712863 24.8792032 0.3365796279 0.3325543583 0.004025269658 0.1003493234 0.0007276435117 0.0001250179295 0.001208517552 1969.865651 8030.134349 5.141240319e-13 2.870883408e-07 1.300134391e-06 0.1000679509 1.296115736 24.90305273 3.39047589 0.07474759971 12
9500 24.92976005 24.95705047 24.87913477 0.3365823566 0.3325529151 0.004029441517 0.1004530101 0.0007268629296 0.0001250427579 0.001205975027 1969.865651 8030.134349 5.34246637e-13 1.846727979e-07 5.190835728e-07 0.100213792 1.296115734 24.90297228 3.390475897 0.07475058595 12
10000 24.92968439 24.95697318 24.87906731 0.3365849804 0.3325515277 0.004033452726 0.1005527034 0.0007268305297 0.0001250456646 0.001204725656 1969.865651 8030.134349 5.19210458e-13 1.311691128e-07 5.259289724e-07 0.1003539602 1.296116187 24.90289406 3.390474711 0.07475507594 12
10500 24.92964193 24.95692867 24.87902859 0.3365864523 0.3325507493 0.004035702995 0.1006086306 0.0007271976915 0.0001250288038 0.001204664197 1969.865651 8030.134349 5.406476989e-13 1.425855473e-07 9.320080437e-07 0.1004325814 1.296116688 24.90284971 3.390473401 0.07475846751 12
11000 24.92963444 24.95691976 24.87902095 0.3365867116 0.3325506117 0.004036099888 0.1006184948 0.0007276209552 0.0001250203666 0.001205247201 1969.865651 8030.134349 6.252730542e-13 1.49849563e-07 1.008665837e-06 0.1004464525 1.296117003 24.90284146 3.390472575 0.07475987226 12
11500 24.92964819 24.95693302 24.87903262 0.3365862343 0.3325508636 0.004035370668 0.1006003711 0.0007278966131 0.0001250212105 0.001205921021 1969.865651 8030.134349 6.701874979e-13 1.403476539e-07 8.690248152e-07 0.1004209886 1.296117091 24.90285536 3.390472346 0.07475966067 12
12000 24.9296672 24.95695222 24.8790494 0.3365855748 0.3325512118 0.004034363029 0.1005753277 0.0007279795954 0.0001250223092 0.001206358809 1969.865651 8030.134349 7.04653877e-13 1.327346212e-07 6.827687987e-07 0.1003857998 1.296117024 24.90287492 3.390472521 0.07475870044 12
12500 24.92968098 24.95696647 24.87906182 0.3365850968 0.3325514643 0.004033632506 0.1005571716 0.0007279276698 0.0001250212918 0.00120649056 1969.865651 8030.134349 7.546482673e-13 1.305560092e-07 5.574358029e-07 0.100360288 1.296116905 24.90288924 3.390472832 0.07475775404 12
13000 24.9296863 24.95697219 24.87906679 0.3365849127 0.3325515617 0.004033350972 0.1005501744 0.0007278276812 0.0001250200641 0.001206408782 1969.865651 8030.134349 7.96347567e-13 1.313825071e-07 5.108503905e-07 0.1003504554 1.296116809 24.90289485 3.390473084 0.07475721054 12
13500 24.929685 24.95697111 24.87906582 0.3365849577 0.332551538 0.004033419705 0.1005518827 0.0007277446916 0.0001250196163 0.00120625073 1969.865651 8030.134349 8.837784598e-13 1.320114919e-07 5.220324373e-07 0.1003528547 1.296116765 24.90289361 3.3904732 0.07475710298 12
14000 24.92968082 24.95696696 24.87906218 0.3365851026 0.3325514615 0.004033641115 0.1005573856 0.000727705172 0.000125019606 0.001206119219 1969.865651 8030.134349 9.181258107e-13 1.315971489e-07 5.578713587e-07 0.1003605858 1.296116766 24.90288934 3.390473197 0.07475726617 12
14500 24.9296769 24.95696295 24.87905868 0.3365852387 0.3325513897 0.004033849024 0.1005625528 0.0007277046511 0.0001250196499 0.001206056381 1969.865651 8030.134349 9.830962172e-13 1.315575114e-07 5.929067344e-07 0.1003678457 1.29611679 24.90288528 3.390473133 0.07475750134 12
15000 24.92967475 24.95696069 24.87905671 0.3365853133 0.3325513503 0.004033963009 0.1005653858 0.0007277245428 0.0001250196884 0.001206055373 1969.865651 8030.134349 1.067617867e-12 1.323845988e-07 6.127862118e-07 0.1003718259 1.296116816 24.90288303 3.390473065 0.07475767546 12
15500 24.92967442 24.95696028 24.87905636 0.3365853248 0.3325513441 0.004033980689 0.1005658252 0.0007277466967 0.0001250197395 0.001206086818 1969.865651 8030.134349 1.140154943e-12 1.302182858e-07 6.15337849e-07 0.1003724433 1.296116832 24.90288266 3.390473023 0.07475774516 12
16000 24.92967516 24.956961 24.879057 0.3365852989 0.3325513578 0.004033941098 0.1005648412 0.0007277607596 0.0001250197785 0.001206121926 1969.865651 8030.134349 1.193312714e-12 1.311452972e-07 6.08647997e-07 0.1003710609 1.296116836 24.90288342 3.390473012 0.07475773163 12
16500 24.92967616 24.95696201 24.87905788 0.3365852644 0.332551376 0.0040338884 0.1005635315 0.0007277647495 0.0001250197833 0.001206144247 1969.865651 8030.134349 1.221593659e-12 1.312796097e-07 5.993635545e-07 0.1003692208 1.296116833 24.90288444 3.390473022 0.07475768065 12
17000 24.92967686 24.95696274 24.87905851 0.3365852399 0.332551389 0.004033850948 0.1005626006 0.0007277618529 0.0001250197639 0.00120615061 1969.865651 8030.134349 1.293851815e-12 1.312126019e-07 5.933377926e-07 0.100367913 1.296116826 24.90288517 3.390473038 0.07475763159 12
17500 24.92967713 24.95696302 24.87905876 0.3365852308 0.3325513938 0.004033837052 0.1005622553 0.0007277566013 0.0001250197414 0.001206146049 1969.865651 8030.134349 1.360036021e-12 1.305822549e-07 5.906333118e-07 0.1003674278 1.296116822 24.90288545 3.390473051 0.07475760405 12
18000 24.92967705 24.95696296 24.8790587 0.3365852335 0.3325513923 0.004033841167 0.1005623576 0.0007277523261 0.0001250197276 0.001206137737 1969.865651 8030.134349 1.430507304e-12 1.322873607e-07 5.906179468e-07 0.1003675715 1.296116819 24.90288538 3.390473057 0.07475759915 12
18500 24.92967683 24.95696274 24.87905851 0.3365852412 0.3325513883 0.004033852889 0.1005626489 0.000727750344 0.0001250197237 0.001206130958 1969.865651 8030.134349 1.445372295e-12 1.299313589e-07 5.935411507e-07 0.1003679808 1.296116819 24.90288515 3.390473057 0.07475760804 12
19000 24.92967662 24.95696253 24.87905833 0.3365852482 0.3325513846 0.004033863649 0.1005629163 0.0007277503783 0.0001250197261 0.001206127807 1969.865651 8030.134349 1.494479659e-12 1.301587237e-07 5.945540517e-07 0.1003683565 1.296116821 24.90288494 3.390473053 0.07475762035 12
19500 24.92967652 24.95696241 24.87905823 0.336585252 0.3325513826 0.004033869413 0.1005630596 0.0007277514425 0.0001250197307 0.001206127853 1969.865651 8030.134349 1.553791186e-12 1.31672509e-07 5.966063381e-07 0.1003685578 1.296116822 24.90288483 3.39047305 0.07475762929 12
20000 24.9296765 24.9569624 24.87905821 0.3365852525 0.3325513823 0.004033870178 0.1005630786 0.0007277525952 0.0001250197346 0.001206129535 1969.865651 8030.134349 1.580679175e-12 1.320120993e-07 5.961216978e-07 0.1003685845 1.296116823 24.90288481 3.390473048 0.07475763274 12
20500 24.92967654 24.95696244 24.87905825 0.3365852511 0.3325513831 0.004033868035 0.1005630253 0.0007277533117 0.0001250197365 0.001206131361 1969.865651 8030.134349 1.658802404e-12 1.294564852e-07 5.955993386e-07 0.1003685096 1.296116823 24.90288485 3.390473047 0.0747576319 12
21000 24.92967659 24.95696249 24.87905829 0.3365852493 0.332551384 0.004033865281 0.1005629569 0.0007277535027 0.0001250197366 0.001206132499 1969.865651 8030.134349 1.693994908e-12 1.304409022e-07 5.951441626e-07 0.1003684135 1.296116823 24.9028849 3.390473048 0.0747576292 12
21500 24.92967663 24.95696253 24.87905832 0.336585248 0.3325513847 0.004033863363 0.1005629092 0.0007277533417 0.0001250197356 0.001206132804 1969.865651 8030.134349 1.714089772e-12 1.315563998e-07 5.954431957e-07 0.1003683465 1.296116823 24.90288494 3.390473049 0.07475762666 12
22000 24.92967664 24.95696254 24.87905834 0.3365852476 0.3325513849 0.004033862679 0.1005628922 0.0007277530657 0.0001250197346 0.00120613255 1969.865651 8030.134349 1.74374473e-12 1.304122905e-07 5.944501926e-07 0.1003683227 1.296116822 24.90288496 3.390473049 0.07475762527 12
22500 24.92967664 24.95696254 24.87905833 0.3365852477 0.3325513848 0.004033862921 0.1005628982 0.0007277528455 0.0001250197339 0.001206132113 1969.865651 8030.134349 1.831586835e-12 1.306564933e-07 5.947949145e-07 0.1003683311 1.296116822 24.90288495 3.39047305 0.07475762505 12
23000 24.92967663 24.95696252 24.87905832 0.3365852482 0.3325513846 0.004033863541 0.1005629136 0.0007277527464 0.0001250197337 0.001206131764 1969.865651 8030.134349 1.820931646e-12 1.308012695e-07 5.952903272e-07 0.1003683527 1.296116822 24.90288494 3.390473049 0.07475762553 12
23500 24.92967662 24.95696251 24.87905831 0.3365852485 0.3325513844 0.004033864098 0.1005629275 0.0007277527513 0.0001250197338 0.001206131606 1969.865651 8030.134349 1.894934724e-12 1.307894702e-07 5.953687269e-07 0.1003683722 1.296116822 24.90288493 3.390473049 0.07475762617 12
24000 24.92967661 24.95696251 24.87905831 0.3365852487 0.3325513843 0.004033864389 0.1005629347 0.0007277528081 0.0001250197341 0.001206131614 1969.865651 8030.134349 1.96235094e-12 1.309145375e-07 5.952391152e-07 0.1003683823 1.296116822 24.90288492 3.390473049 0.07475762663 12
24500 24.92967661 24.95696251 24.87905831 0.3365852487 0.3325513843 0.00403386442 0.1005629355 0.000727752868 0.0001250197343 0.001206131703 1969.865651 8030.134349 1.989396755e-12 1.315922349e-07 5.950610043e-07 0.1003683834 1.296116822 24.90288492 3.390473049 0.0747576268 12
25000 24.92967661 24.95696251 24.87905831 0.3365852487 0.3325513843 0.004033864305 0.1005629326 0.0007277529045 0.0001250197344 0.001206131798 1969.865651 8030.134349 2.018979201e-12 1.322231653e-07 5.94678413e-07 0.1003683794 1.296116822 24.90288492 3.390473049 0.07475762675 12
25500 24.92967661 24.95696251 24.87905831 0.3365852486 0.3325513844 0.004033864161 0.100562929 0.0007277529136 0.0001250197344 0.001206131856 1969.865651 8030.134349 2.077089112e-12 1.326472008e-07 5.952420451e-07 0.1003683744 1.296116822 24.90288493 3.390473049 0.07475762661 12
26000 24.92967662 24.95696251 24.87905831 0.3365852485 0.3325513844 0.004033864063 0.1005629266 0.0007277529047 0.0001250197343 0.001206131871 1969.865651 8030.134349 2.07925404e-12 1.312677795e-07 5.946340474e-07 0.100368371 1.296116822 24.90288493 3.390473049 0.07475762648 12
26500 24.92967662 24.95696251 24.87905831 0.3365852485 0.3325513844 0.004033864029 0.1005629258 0.0007277528902 0.0001250197343 0.001206131857 1969.865651 8030.134349 2.135503126e-12 1.297374988e-07 5.954405134e-07 0.1003683698 1.296116822 24.90288493 3.390473049 0.07475762641 12
27000 24.92967662 24.95696251 24.87905831 0.3365852485 0.3325513844 0.004033864043 0.1005629261 0.0007277528789 0.0001250197342 0.001206131834 1969.865651 8030.134349 2.132771048e-12 1.326974707e-07 5.944942385e-07 0.1003683703 1.296116822 24.90288493 3.390473049 0.0747576264 12
27500 24.92967662 24.95696251 24.87905831 0.3365852485 0.3325513844 0.004033864076 0.1005629269 0.0007277528739 0.0001250197342 0.001206131816 1969.865651 8030.134349 2.153113453e-12 1.319734366e-07 5.950598302e-07 0.1003683714 1.296116822 24.90288493 3.390473049 0.07475762642 12
28000 24.92967662 24.95696251 24.87905831 0.3365852485 0.3325513844 0.004033864105 0.1005629276 0.0007277528743 0.0001250197342 0.001206131808 1969.865651 8030.134349 2.204774968e-12 1.314427981e-07 5.948195706e-07 0.1003683724 1.296116822 24.90288493 3.390473049 0.07475762646 12
28500 24.92967662 24.95696251 24.87905831 0.3365852485 0.3325513844 0.004033864119 0.100562928 0.0007277528774 0.0001250197342 0.001206131808 1969.865651 8030.134349 2.237210862e-12 1.314196829e-07 5.951055567e-07 0.1003683729 1.296116822 24.90288493 3.390473049 0.07475762648 12
29000 24.92967662 24.95696251 24.87905831 0.3365852485 0.3325513844 0.004033864121 0.100562928 0.0007277528805 0.0001250197342 0.001206131813 1969.865651 8030.134349 2.254265107e-12 1.308445272e-07 5.951724694e-07 0.100368373 1.296116822 24.90288493 3.390473049 0.07475762649 12
29500 24.92967662 24.95696251 24.87905831 0.3365852485 0.3325513844 0.004033864114 0.1005629279 0.0007277528823 0.0001250197343 0.001206131818 1969.865651 8030.134349 2.317184277e-12 1.326858204e-07 5.947138582e-07 0.1003683728 1.296116822 24.90288493 3.390473049 0.07475762649 12
29999 24.92967662 24.95696251 24.87905831 0.3365852485 0.3325513844 0.004033864107 0.1005629277 0.0007277528828 0.0001250197343 0.001206131821 1969.865651 8030.134349 2.324657763e-12 1.316155095e-07 5.960500908e-07 0.1003683725 1.296116822 24.90288493 3.390473049 0.07475762648 12
